 
0.15948104
0.30388881
0.45680089
0.60781370
0.76125265
0.93579452
1.06547719
1.21913557
1.40325134
1.55923055
 
0.09353988
0.18478162
0.29043200
0.37276835
0.46321917
0.54525564
0.63223023
0.73010040
0.81345564
0.93417173
 
0.05410665
0.10845443
0.16103776
0.21535945
0.26700387
0.31797343
0.40288051
0.42016732
0.47193852
0.52433851
 
0.08329380
0.15624642
0.24498765
0.33484649
0.40905230
0.48128788
0.52610418
0.63789343
0.72318963
0.77681525
 
0.93408615
0.89786048
0.88604328
1.57716394
1.29316681
1.23836335
1.55246728
1.42013709
1.95724609
2.06451268
 
0.04710103
0.09489888
0.15239301
0.18224210
0.24139487
0.28292023
0.37276079
0.37875143
0.40706598
0.48238697
 
0.05322382
0.10338856
0.15136633
0.20098494
0.24973461
0.30067248
0.35863912
0.41659649
0.46791177
0.53988867
 
0.03027502
0.05581990
0.08231685
0.10943064
0.13889719
0.17679881
0.21897953
0.26068970
0.24719168
0.30483991
 
