 
1.51315010
3.02618585
4.55038905
6.04024755
7.55440142
9.20634753
10.56881494
12.08074136
13.59334873
15.12088310
 
0.89035090
1.76828850
2.66387375
3.61959603
4.47193096
5.25228900
6.13610753
7.03440783
7.95469877
8.77608674
 
0.51774932
1.01541314
1.50795745
1.99251140
2.47762123
2.97133046
3.48214852
3.96020837
4.51529782
5.01212634
 
0.61672152
1.18475943
1.74939694
2.35724550
2.96796614
3.55130943
4.06161256
4.58823630
5.14537594
5.71804135
 
1.73730424
1.79592087
2.07026975
2.45836298
2.94208212
3.56128147
3.86501229
4.20888290
4.35837873
5.61253628
 
0.44806447
0.92985728
1.43859492
2.04250108
2.37834061
3.17474058
4.01450543
3.65075973
4.15182128
5.62257148
 
0.49219640
1.03230912
1.47986769
1.94250464
2.46984396
2.90978787
3.39356626
3.93628482
4.41327971
4.84802488
 
0.27007904
0.52560607
0.79251071
1.06086431
1.30939256
1.64350592
1.82814905
2.25827087
2.52979423
2.60581568
 
