 
0.33177620
0.62143971
0.96578453
1.26699875
1.56938521
1.86240085
2.15925381
2.51739994
2.73379826
3.05322723
 
0.17898554
0.36484431
0.54225069
0.72245601
0.90723982
1.07724342
1.24603968
1.43913032
1.60312646
1.78240335
 
0.10680116
0.21146752
0.31614218
0.41701487
0.51663730
0.62013387
0.72396738
0.81678973
0.91141676
1.01235869
 
0.15138437
0.27461804
0.41450217
0.57010859
0.70657890
0.85096668
0.95486431
1.11364025
1.24114594
1.41062682
 
1.35176028
1.28581400
1.55951337
1.35397090
1.99245313
1.39604141
1.83652707
1.44418644
1.91240175
2.26683028
 
0.09155357
0.18859455
0.28173897
0.36638079
0.47529334
0.57862607
0.66675387
0.74849631
0.92989994
1.03555228
 
0.09855358
0.19815383
0.30248130
0.39078879
0.49413468
0.59169839
0.68539602
0.77865479
0.88716554
1.00984453
 
0.05867296
0.10668169
0.16380061
0.21475773
0.26906967
0.31572551
0.38815028
0.44307930
0.49888530
0.53015409
 
