 
0.07792390
0.17026131
0.24947520
0.30645709
0.40090078
0.48892179
0.54738629
0.62174082
0.69175749
0.76935736
 
0.04897934
0.09516560
0.13708203
0.18744938
0.23341499
0.27879351
0.32476059
0.37137547
0.42054376
0.46720935
 
0.02764091
0.05484564
0.08274327
0.10815430
0.13553652
0.16139250
0.19081712
0.21660727
0.23996127
0.26849989
 
0.04703447
0.08415127
0.13660782
0.18239741
0.22133424
0.26959581
0.31404346
0.36805747
0.37505163
0.44575852
 
1.10127620
1.00561712
0.94460969
0.86795068
1.17381020
1.29061339
1.44479474
1.38315170
1.55420076
1.04354995
 
0.02387161
0.04580031
0.06925574
0.09400702
0.11076062
0.14176683
0.15727944
0.18711390
0.19900058
0.23282863
 
0.02685121
0.05210254
0.07468440
0.10440037
0.13091122
0.15403580
0.17960189
0.20436536
0.22777666
0.25707010
 
0.01735898
0.03025844
0.04654271
0.05636116
0.06898121
0.08235220
0.09646169
0.11446628
0.12048910
0.13819721
 
