 
0.75803851
1.51578909
2.26774554
3.02186555
3.77408702
4.53299910
5.29294738
6.05837990
6.81463056
7.56394996
 
0.45632814
0.89970660
1.33041624
1.77565861
2.24437325
2.71436252
3.14282374
3.56261340
3.97475111
4.41413475
 
0.26380192
0.51286704
0.76390432
1.01703715
1.25548120
1.50893342
1.76024645
1.99875608
2.24714243
2.48833616
 
0.31826332
0.62937205
0.92867407
1.20223739
1.58614100
1.86700178
2.15559081
2.49882362
2.79374146
3.02600519
 
1.62859942
1.67498511
1.74643831
1.80543943
2.05498875
2.06186808
2.33525707
2.75457520
3.01212464
3.42853023
 
0.23746808
0.46323234
0.71668553
0.88543278
1.15749497
1.36820863
1.61199771
2.05079572
2.28123673
2.39663631
 
0.25069132
0.49681561
0.73368343
0.97272018
1.21485793
1.46470616
1.70743882
1.93719618
2.18438006
2.44268969
 
0.13164435
0.26120292
0.39079781
0.53255976
0.66277051
0.78963230
0.90353221
1.04883891
1.21232305
1.29817319
 
