326 72 398
339 89 354
320 77 325
363 128 323
287 121 378
317 117 367
278 112 351
270 91 365
286 105 337
265 102 322
267 127 381
334 92 401
300 92 343
291 110 392
350 129 339
284 86 307
343 89 390
275 69 324
336 53 326
314 69 367
278 59 329
306 118 327
319 94 400
358 79 339
301 141 321
348 101 394
300 113 344
358 133 309
306 93 337
296 151 319
266 78 357
335 65 314
303 114 386
290 113 313
287 52 310
352 132 328
351 84 307
274 93 323
348 123 313
306 104 382
280 52 380
319 119 339
333 82 399
272 101 377
279 109 351
351 137 374
330 134 317
347 55 358
282 87 308
278 113 394
318 74 337
323 135 350
313 112 309
300 86 302
360 106 367
267 94 316
343 109 314
287 66 390
319 142 329
360 123 352
276 62 371
307 98 377
265 150 364
303 93 374
329 109 388
346 145 367
314 80 395
349 111 375
355 99 325
346 121 396
268 151 369
341 88 321
287 69 345
294 131 382
299 119 308
332 72 377
306 52 324
359 94 337
288 58 366
308 62 313
317 147 358
353 84 338
309 59 364
293 83 324
274 151 382
282 69 313
356 120 354
310 139 364
321 107 359
359 112 393
299 60 360
274 129 344
340 87 326
323 52 341
323 134 328
288 120 311
297 140 342
356 53 305
324 89 334
340 74 391
283 81 350
324 82 346
344 68 353
358 136 393
275 145 345
354 102 339
303 97 386
302 117 372
362 85 338
335 88 331
280 68 377
360 95 379
311 134 398
302 52 338
292 57 400
323 112 385
276 111 365
297 75 367
323 119 301
275 68 328
274 124 397
315 59 332
296 101 381
288 71 354
349 78 388
278 104 399
275 128 333
266 132 338
327 125 354
271 147 361
341 61 359
275 135 327
305 104 312
298 145 325
278 53 355
343 76 375
274 110 386
284 149 353
273 52 386
307 68 336
298 107 360
340 118 401
310 143 348
264 147 386
346 52 388
286 150 325
290 61 316
348 83 396
275 75 322
293 87 302
306 133 329
300 98 310
334 146 320
295 69 354
270 99 350
331 82 305
304 152 376
279 127 359
315 80 314
300 100 370
363 110 376
325 127 313
301 65 344
343 90 364
305 131 360
340 116 315
349 70 306
317 96 306
274 136 322
345 74 366
339 142 330
339 55 328
360 134 338
289 63 364
289 63 372
354 87 333
298 99 361
290 115 399
352 97 401
308 138 363
348 56 350
348 152 347
336 152 356
290 109 312
267 64 313
330 147 395
344 60 386
270 56 303
294 53 397
354 102 343
283 109 327
351 136 304
285 97 336
278 152 302
334 146 401
279 88 306
293 143 339
342 106 399
363 79 346
346 70 377
270 87 328
266 60 395
292 122 309
302 95 349
337 58 377
272 114 378
304 57 331
345 65 311
299 108 311
335 116 369
352 111 373
263 113 311
350 131 312
277 89 350
358 79 383
338 104 368
268 75 324
319 126 330
278 63 301
264 84 330
264 127 388
348 148 342
306 146 334
351 66 396
343 79 399
287 56 387
329 97 367
286 93 355
328 108 316
286 150 386
361 101 380
270 109 360
302 135 304
342 83 400
301 96 336
354 140 324
264 152 366
284 55 301
264 101 348
343 145 324
360 77 392
320 142 376
343 86 391
357 134 323
314 86 332
266 133 316
295 136 397
280 85 348
268 125 338
309 146 398
319 151 362
271 114 395
343 115 353
286 134 362
316 59 386
299 76 367
271 114 370
317 147 335
271 121 306
280 73 388
269 114 328
282 85 357
320 148 336
315 60 311
277 140 378
286 118 398
273 99 312
335 80 327
303 111 335
289 126 328
270 121 351
332 113 359
323 74 366
354 90 306
356 150 353
265 141 327
328 53 305
335 78 334
356 143 340
352 139 316
290 110 394
284 101 364
305 62 332
359 129 328
321 71 364
297 61 314
289 55 305
314 137 345
279 118 375
336 128 382
297 120 338
350 83 375
326 152 370
283 152 335
347 91 330
281 72 317
280 141 343
281 113 322
297 105 400
334 121 359
273 76 307
349 57 393
333 87 364
275 105 343
294 53 391
279 99 371
301 113 364
357 84 335
352 145 315
360 54 376
341 52 382
278 63 329
276 145 399
302 148 335
316 98 357
354 124 347
286 82 324
301 82 325
295 140 392
362 97 364
277 142 302
314 70 383
359 112 337
314 83 322
313 119 306
323 116 349
291 99 386
264 92 344
307 73 362
301 87 401
304 111 369
316 93 351
357 86 320
362 113 303
312 112 313
275 129 373
265 135 314
307 79 370
320 120 367
353 72 369
362 71 374
305 129 337
336 86 374
304 72 346
352 109 378
314 84 380
349 148 388
355 151 371
319 128 323
363 52 344
267 54 376
356 86 306
287 101 364
288 105 337
357 122 338
343 124 306
271 107 333
267 134 333
304 92 398
313 108 319
338 137 356
307 53 392
356 98 390
350 70 398
300 110 382
327 53 378
265 58 336
347 61 374
354 119 325
335 121 339
360 56 325
320 55 327
295 93 352
354 107 324
333 142 364
320 131 320
339 88 400
316 138 370
274 66 305
328 145 355
309 112 334
315 137 353
335 53 315
324 78 385
284 80 358
363 134 376
276 88 333
284 61 394
328 68 358
275 134 365
349 145 350
323 112 312
305 128 380
308 79 344
353 122 376
350 65 361
345 148 310
276 66 369
297 107 345
280 137 312
135 52 486
132 92 527
92 119 461
125 57 525
114 124 476
128 142 443
99 94 495
117 62 497
96 120 464
80 124 523
116 86 502
79 144 536
118 144 507
89 128 449
62 92 461
111 124 491
135 142 493
136 130 523
99 55 504
132 68 441
130 53 445
60 132 510
48 140 458
97 128 450
38 82 491
137 57 518
71 94 511
71 82 523
47 143 442
60 125 445
91 115 465
44 110 441
73 82 475
54 135 460
51 111 488
40 77 530
73 88 465
43 53 462
122 67 442
102 132 508
115 57 522
58 71 504
132 97 489
84 110 508
37 56 490
105 129 502
76 47 460
59 120 525
124 103 474
132 80 456
47 113 512
118 133 523
98 97 485
51 145 525
134 67 506
41 88 530
50 140 480
130 75 512
60 57 457
137 71 463
73 74 450
111 86 456
135 125 449
72 118 529
85 124 452
60 73 489
109 93 440
39 132 539
65 73 439
90 121 520
60 109 449
120 128 446
104 83 528
125 128 478
67 134 514
46 79 480
48 116 529
78 66 533
97 94 448
96 101 526
70 61 461
111 51 523
68 62 452
79 92 485
132 116 524
41 68 503
56 107 444
65 63 452
137 63 489
105 65 474
56 140 531
68 54 532
48 58 497
62 145 456
129 140 508
93 76 472
70 76 467
49 100 489
120 141 461
114 90 470
95 123 447
91 139 490
87 125 539
43 93 526
84 124 502
65 112 514
135 103 516
44 48 457
117 59 503
98 67 510
63 124 446
121 93 483
128 103 488
90 58 514
124 128 473
58 107 475
124 91 472
67 87 441
75 117 475
89 106 523
119 77 452
89 60 534
87 103 522
54 143 526
121 98 476
52 88 525
79 72 454
76 88 533
134 89 501
132 122 447
119 95 505
133 76 502
131 133 508
47 120 501
82 112 486
43 66 539
76 63 534
94 47 446
111 77 486
124 59 472
40 143 498
107 76 531
128 117 515
122 58 526
86 90 446
117 107 526
128 113 526
43 94 472
55 76 500
64 118 451
126 139 512
130 117 451
87 109 534
47 59 483
41 52 446
82 138 522
63 62 442
95 143 453
42 77 528
41 71 528
126 122 520
40 99 449
60 79 536
119 105 440
97 124 530
90 111 447
97 145 444
84 136 464
134 76 440
121 100 483
116 56 478
51 146 443
89 84 511
69 98 526
127 83 491
106 58 519
69 116 450
132 111 506
135 51 448
61 61 491
65 54 448
40 65 480
53 131 469
99 114 456
78 110 447
107 86 535
112 73 527
101 72 511
120 144 483
92 130 532
119 97 444
69 48 445
90 121 447
49 69 486
106 56 456
136 95 459
89 46 451
37 48 532
122 82 500
105 124 529
73 117 496
67 86 447
80 47 470
89 143 515
95 67 461
113 84 474
88 77 520
60 99 529
130 111 464
46 49 535
107 97 442
104 121 503
86 116 531
67 98 482
54 56 521
81 136 510
51 139 447
76 51 448
117 95 460
127 120 516
115 142 486
90 129 538
65 101 452
76 136 454
93 62 479
123 142 471
109 110 439
127 118 454
132 60 450
40 91 477
41 72 537
123 79 512
48 112 462
120 66 489
50 105 509
122 77 523
68 137 505
83 66 537
100 69 536
126 52 488
37 130 451
67 99 533
39 142 502
133 128 527
56 143 488
137 100 459
79 132 450
125 48 497
130 107 477
130 102 519
40 82 508
127 62 523
100 103 521
106 126 460
106 72 446
69 134 493
93 125 530
52 67 476
38 145 469
103 128 492
92 78 520
88 49 526
58 56 460
66 109 452
71 138 504
43 108 505
93 91 521
82 137 511
70 77 494
70 86 512
58 142 502
87 127 457
52 93 442
133 92 448
111 61 494
89 74 492
125 83 440
73 120 448
115 116 527
98 74 534
85 106 487
134 92 518
42 125 480
86 61 455
110 116 442
80 126 467
114 111 443
62 122 492
58 49 484
68 66 482
112 85 466
86 104 524
97 57 464
49 96 489
110 130 446
129 96 500
120 102 465
135 88 521
39 82 457
52 66 456
38 103 495
122 111 443
102 81 479
86 64 461
129 142 463
105 69 485
76 129 442
54 140 477
123 54 450
44 71 450
64 51 528
58 78 439
85 82 532
92 72 535
68 92 515
90 131 493
91 91 462
80 91 490
132 130 444
70 133 533
50 128 448
100 51 502
137 88 484
94 111 484
86 96 531
112 131 453
117 103 475
121 86 536
39 129 494
47 82 524
126 125 457
115 74 527
57 138 476
124 127 449
90 143 486
67 57 461
65 65 516
44 62 508
108 59 537
58 61 505
102 96 537
134 127 479
67 127 507
133 82 516
64 140 446
42 67 440
63 132 474
66 64 518
137 135 485
129 53 526
97 53 494
127 68 511
68 93 444
84 136 513
85 140 454
80 108 520
119 141 462
94 144 518
53 102 520
109 105 532
69 131 509
54 94 524
65 130 514
127 137 501
72 51 441
96 92 511
129 104 468
73 139 506
114 135 523
107 70 445
107 88 448
96 127 479
53 114 440
57 140 484
96 131 505
39 93 532
104 86 457
97 59 448
135 111 466
94 108 470
118 99 524
132 61 481
75 104 530
52 59 520
44 69 444
78 105 462
112 102 490
59 112 479
100 67 506
68 143 539
104 133 469
96 100 530
102 106 449
81 96 471
133 102 471
137 59 466
86 56 478
136 104 530
97 67 520
55 143 519
-3 30 355
22 8 356
9 -10 388
-15 33 445
-10 25 408
30 32 359
-23 -9 424
63 35 390
66 -13 426
40 77 397
18 49 443
16 6 366
1 -7 392
-5 -4 437
58 40 378
58 0 451
31 58 361
-16 6 405
15 78 428
18 81 429
-22 -14 356
-2 -3 402
2 56 374
37 79 444
63 67 387
13 9 433
8 47 369
50 -1 446
32 74 449
46 2 396
58 60 413
60 13 377
33 36 412
-23 37 438
-16 9 359
59 12 425
33 32 443
-22 78 428
51 -16 403
28 53 409
-12 67 421
-3 68 396
63 28 430
-19 -19 435
-21 36 378
42 25 422
32 17 359
17 66 364
65 70 401
39 61 406
-3 -4 406
28 37 419
53 28 360
51 78 425
16 18 378
2 73 410
47 27 389
-1 48 445
26 30 388
38 4 358
53 64 444
15 26 435
-14 49 379
-1 79 376
64 58 371
33 26 359
47 27 390
3 5 384
60 63 439
13 18 390
72 25 397
32 49 421
64 -5 409
67 43 402
16 31 430
11 -1 398
-4 26 413
16 46 437
12 30 376
55 48 360
-6 47 377
-19 34 451
70 52 412
7 31 392
71 -16 408
10 50 372
71 69 352
-20 -3 416
50 21 424
-16 29 431
43 71 358
70 8 363
-9 1 419
47 67 354
48 81 378
48 33 452
23 67 377
-11 32 418
54 32 413
10 61 359
18 58 403
26 21 443
28 35 382
49 75 409
52 42 425
55 5 447
73 -16 405
-20 4 409
62 23 451
41 41 370
-20 8 366
4 36 369
31 -3 392
-17 51 429
16 10 447
64 33 421
60 23 365
43 63 442
45 -3 420
77 2 359
32 65 370
-10 67 374
-14 -15 418
11 -13 414
-5 33 451
13 7 450
25 65 418
77 47 412
14 61 425
31 -18 443
-7 51 436
29 20 428
5 8 364
32 -18 385
-1 17 446
59 40 442
76 11 438
37 -5 379
18 14 449
24 67 390
49 51 428
61 24 377
10 66 378
-20 72 385
41 39 405
-10 47 435
62 51 381
-21 39 452
65 -16 451
72 -12 398
-3 71 419
74 1 361
54 2 401
64 2 369
-19 39 441
73 42 372
65 -13 409
35 1 434
4 77 438
66 72 360
34 38 420
36 32 445
-17 17 377
-14 -10 400
35 28 418
-2 53 445
9 -12 403
-22 12 412
6 39 409
25 66 426
37 38 385
20 60 413
37 16 355
26 78 369
-12 42 386
17 44 399
24 21 398
6 81 371
34 27 366
-21 46 377
41 60 373
11 -1 436
10 -18 441
-16 -5 371
49 40 371
9 28 452
63 70 448
6 5 436
52 29 448
18 81 427
35 40 410
52 9 445
28 46 438
45 59 452
70 71 395
60 55 357
-9 27 435
50 60 410
62 63 407
69 26 445
63 6 435
10 36 435
11 62 421
8 9 428
-17 37 402
21 8 380
68 0 394
50 55 451
51 76 423
52 71 413
6 -11 410
-4 15 366
72 47 357
18 38 385
14 40 392
55 9 435
-21 16 375
6 72 357
56 81 383
30 -6 416
-9 33 413
15 80 408
-13 -4 399
-14 80 412
30 8 403
76 78 376
56 38 451
72 26 394
-4 57 395
-14 4 405
4 70 389
3 -2 371
7 -5 385
42 19 401
14 -5 440
54 34 380
54 -9 422
18 16 435
6 29 434
-13 46 371
19 67 388
1 43 439
-13 38 375
23 35 352
15 -18 379
-7 30 435
11 73 409
47 -13 406
53 10 377
-6 28 451
28 -19 359
76 49 404
-12 51 391
54 57 379
-3 42 428
54 58 428
-19 69 373
23 28 398
-17 4 398
62 80 437
77 74 363
63 -9 352
48 -14 401
-16 15 399
-19 43 420
30 73 397
71 56 353
-15 34 442
-20 9 393
10 14 354
-2 15 411
5 2 358
4 -1 392
-2 2 360
-21 22 417
3 25 414
48 4 443
-22 32 418
-8 60 411
-3 -9 435
-11 25 397
46 35 395
35 48 357
-5 8 403
77 61 441
30 -14 365
25 32 356
30 43 393
58 44 400
12 74 431
-6 -8 352
38 11 389
-9 27 439
64 25 407
-20 65 373
31 26 368
-3 21 425
29 -17 398
18 -16 353
-19 -18 366
63 62 411
26 80 400
67 59 368
7 11 384
68 62 421
13 27 399
42 -16 389
51 75 364
-19 63 357
76 -18 386
16 -10 409
67 -10 435
37 70 432
32 65 431
67 32 385
0 -19 421
-3 -15 433
-1 52 403
40 6 376
56 14 392
29 -10 430
58 -3 445
32 53 393
28 52 428
16 74 415
65 59 367
50 45 379
17 24 451
12 21 355
57 39 389
76 38 369
71 6 356
11 80 417
57 51 391
-22 78 402
-22 16 432
-5 59 421
75 8 432
-17 -5 408
70 32 397
55 9 394
68 16 373
-14 36 420
-22 26 355
75 52 411
52 20 387
5 43 366
33 50 412
41 22 428
0 47 408
5 22 436
60 -15 409
20 44 381
27 16 432
45 39 429
35 78 423
66 66 366
55 37 370
9 2 426
-8 -2 399
5 80 419
75 66 419
5 3 406
28 37 404
13 -2 441
2 46 439
-20 28 435
54 5 441
68 11 409
59 72 404
51 48 409
-12 -13 380
17 37 440
39 23 374
-2 31 376
7 27 441
4 53 446
71 61 428
-19 42 370
73 16 358
-15 40 401
24 28 399
21 51 404
29 34 380
26 73 411
61 10 425
74 21 388
68 67 438
25 12 433
-3 45 366
-11 -7 421
26 19 377
65 20 397
68 26 432
4 6 359
31 37 437
8 60 405
55 -18 402
4 9 442
56 67 434
-7 234 206
-24 215 127
49 219 162
49 207 166
23 218 196
61 210 202
57 201 131
11 206 136
-21 176 156
6 211 155
60 161 209
30 200 197
51 227 152
62 250 155
55 241 164
28 173 158
35 253 182
60 252 175
-20 172 191
28 155 163
-13 182 121
20 227 196
68 166 164
3 157 172
37 250 206
15 228 155
-1 199 188
27 237 171
-25 206 136
17 249 166
58 197 175
63 252 155
55 222 172
-19 220 138
13 201 128
7 200 120
-28 208 196
7 213 149
-2 155 189
-5 217 217
-3 245 188
-7 213 215
43 228 188
46 182 210
2 176 153
-9 233 128
8 173 202
55 164 184
14 175 195
28 205 197
4 186 157
55 208 141
20 222 211
-18 210 163
42 205 128
48 208 181
21 237 119
50 207 176
57 210 135
-10 175 152
11 168 154
6 221 164
49 199 143
-30 252 181
-6 166 189
7 156 217
45 221 197
-17 214 121
-22 198 174
-23 221 182
7 214 155
35 232 150
34 156 216
27 187 211
16 183 216
67 211 203
20 161 143
67 224 167
33 198 178
42 215 147
15 173 175
25 171 173
70 193 158
-16 185 201
40 184 146
64 186 199
-18 187 162
31 191 197
18 244 177
7 200 123
34 223 160
-2 167 202
-11 237 125
-4 248 155
44 208 132
13 239 146
61 185 208
32 155 165
-8 170 191
42 246 199
-12 193 139
57 188 136
58 156 170
-12 174 181
-16 251 198
15 191 180
0 206 206
3 222 196
66 221 181
1 198 129
56 244 185
61 188 127
6 247 215
25 229 193
62 243 140
19 227 169
50 175 186
62 197 119
3 235 200
23 201 215
25 251 122
46 210 161
56 253 153
-29 179 202
49 246 210
19 208 166
5 197 186
47 205 218
13 166 128
51 193 210
27 247 130
40 207 161
41 198 153
57 216 159
64 157 219
16 185 167
48 241 122
-22 202 124
17 175 120
-10 193 152
-21 202 144
39 180 153
45 196 193
31 161 155
4 220 168
60 206 186
57 230 152
-17 240 132
56 234 198
5 196 191
-28 225 209
22 157 181
24 245 135
15 207 198
-26 186 175
57 154 193
59 251 195
53 198 141
-19 232 128
1 192 123
46 239 219
30 190 134
69 221 187
4 237 139
43 237 125
12 224 134
13 202 179
7 196 193
60 242 204
18 213 194
-13 155 215
41 157 149
-13 192 149
41 208 156
-19 246 207
-16 223 210
25 190 123
61 248 166
67 206 178
18 200 177
63 198 195
64 253 154
39 182 186
-16 157 131
16 201 140
6 251 163
29 194 152
1 209 214
-8 219 157
33 185 169
2 214 163
63 230 151
28 216 197
47 225 174
68 225 166
3 167 134
65 238 214
53 153 210
-3 209 131
48 156 151
-29 188 175
-30 207 171
19 236 218
66 209 171
-27 190 196
8 181 149
-1 205 214
-6 245 156
65 189 122
53 204 136
51 176 180
61 234 142
-27 219 168
-7 224 172
49 227 163
37 234 133
2 214 208
-16 242 127
-17 204 204
29 232 127
-14 213 162
-26 252 179
5 159 168
36 208 199
-24 218 152
62 209 160
-11 199 188
-8 179 144
70 191 176
-27 252 158
7 162 189
48 229 191
7 208 145
16 172 131
-28 200 177
22 221 120
11 211 136
-3 234 132
27 241 127
53 155 142
70 194 165
30 168 144
9 189 182
18 246 139
60 156 184
-10 175 187
11 241 172
57 162 183
-21 213 204
52 199 188
15 163 175
15 155 192
-4 195 147
25 252 157
65 235 133
62 216 189
26 181 206
42 230 190
20 182 191
43 157 219
57 251 217
58 165 150
45 173 219
-7 180 176
-24 204 190
31 226 186
14 242 120
20 219 205
-8 167 158
62 205 123
-9 213 209
41 202 177
1 187 212
14 206 213
28 200 126
-8 199 189
-28 161 198
30 236 144
15 188 139
54 195 172
38 198 211
18 223 126
18 206 177
12 187 204
59 215 184
57 183 184
63 183 166
-20 214 193
70 227 182
-8 198 194
5 219 167
34 205 219
65 242 154
33 175 192
-14 191 177
51 172 159
32 161 208
42 178 154
-4 253 210
57 216 179
66 235 156
20 165 177
49 163 175
26 158 156
-15 238 188
-13 198 123
68 210 199
12 167 145
-21 209 198
26 241 156
43 172 146
-14 177 135
-3 245 214
-25 241 141
35 173 212
-21 227 208
45 206 209
-8 250 151
28 236 188
20 162 147
-18 234 215
66 229 169
30 204 209
-20 200 123
2 248 218
39 249 142
69 235 194
52 220 146
33 247 199
54 203 163
68 156 219
-29 216 145
40 249 152
31 197 206
-12 161 208
57 204 123
-14 238 132
63 204 152
10 157 204
-29 211 127
-28 175 190
-21 178 172
-10 202 218
-4 164 138
54 248 219
67 174 216
-12 207 153
20 178 169
6 178 136
46 197 174
-26 251 179
36 203 178
33 232 197
39 213 132
61 173 170
61 242 125
6 227 177
-6 232 190
57 161 188
61 232 207
66 167 158
64 232 198
41 237 210
11 198 125
20 217 216
34 239 206
-14 251 157
62 159 148
8 167 179
36 234 160
32 154 194
48 233 202
6 163 211
70 161 195
51 250 211
37 203 191
33 216 163
-25 188 214
52 228 121
4 224 197
37 153 131
53 214 121
-3 233 175
-9 219 133
65 249 127
7 248 213
-1 194 129
69 154 136
15 242 212
62 157 143
55 218 152
30 186 154
17 178 179
26 154 210
1 208 144
32 177 208
24 227 135
54 193 199
-6 185 214
-15 187 162
102 351 115
174 338 117
113 312 103
157 346 118
93 310 90
166 322 167
123 282 99
163 278 122
128 298 147
113 313 163
175 314 96
140 357 164
97 337 174
101 269 143
132 290 173
191 260 143
177 314 108
180 318 129
148 272 167
173 357 88
154 327 129
126 260 165
132 320 131
156 327 170
156 314 141
169 285 98
152 346 86
102 326 117
167 267 162
170 306 156
176 309 104
184 290 110
124 263 131
100 345 81
164 260 156
184 351 139
118 331 129
102 358 164
128 274 88
172 289 87
156 295 96
160 278 125
125 354 103
167 305 151
96 267 116
110 330 124
112 319 97
141 343 96
146 344 128
163 321 82
103 262 112
178 316 118
168 357 114
169 276 174
143 260 158
161 297 155
162 297 165
160 357 144
92 332 118
184 320 113
99 341 130
139 339 152
158 322 113
150 325 107
174 289 107
111 347 88
138 342 117
166 330 140
122 289 93
116 325 127
161 273 121
103 333 102
177 322 150
129 346 103
182 337 129
104 337 82
97 325 98
158 300 82
115 329 138
157 324 158
153 347 80
100 308 114
136 261 106
189 344 148
187 281 77
165 281 79
147 266 86
157 321 133
126 340 88
186 320 133
118 314 125
187 322 151
117 331 114
140 352 99
135 313 161
120 278 165
178 301 94
135 282 133
178 340 160
150 336 152
170 318 99
122 290 170
174 273 99
94 334 99
187 315 170
115 283 90
159 355 97
188 331 160
172 353 131
103 327 92
113 346 123
173 353 75
136 358 75
181 296 137
104 351 121
122 259 113
112 306 143
156 343 171
156 355 161
152 320 88
104 339 121
109 318 156
171 358 97
106 296 135
96 338 88
175 308 88
184 328 140
162 273 99
107 281 89
137 287 144
181 298 145
162 317 123
93 281 74
147 356 80
96 267 122
164 340 171
101 285 114
161 294 138
188 334 103
128 327 79
109 348 85
125 323 157
150 349 95
97 291 119
171 311 168
166 352 118
163 354 166
149 338 110
94 327 82
119 284 76
108 269 112
167 293 165
128 318 110
99 279 146
120 313 97
162 279 95
161 261 144
98 331 159
151 271 89
170 320 127
155 352 136
95 343 100
164 350 88
149 306 104
129 286 84
150 332 93
177 276 156
176 261 154
106 259 81
187 353 108
173 296 103
102 273 140
94 272 77
149 322 96
190 270 110
131 283 75
175 296 87
109 292 87
185 312 79
157 300 94
164 350 85
113 313 171
191 330 98
99 317 150
103 294 102
173 315 151
125 294 133
98 335 106
103 272 169
105 311 118
147 287 148
124 307 121
122 333 77
114 319 166
94 292 127
156 259 127
130 293 95
131 355 117
132 300 173
166 288 108
126 274 101
101 345 128
105 275 79
161 285 132
134 319 94
92 311 75
144 301 91
120 337 90
91 264 152
122 284 170
156 318 144
116 328 86
93 358 123
154 263 174
118 325 126
175 350 127
127 324 89
161 340 119
98 355 167
113 272 152
178 272 86
182 299 123
161 316 95
179 336 166
97 286 87
169 296 118
145 272 132
108 260 159
178 288 97
102 307 167
94 279 132
121 309 102
153 294 102
129 319 103
96 292 144
158 331 76
128 274 91
119 290 134
119 334 123
153 306 127
117 350 104
96 276 149
130 295 123
170 273 78
138 288 87
127 271 86
183 284 92
169 330 113
165 298 98
112 301 84
175 329 165
93 327 75
140 287 82
165 284 133
115 293 165
144 336 129
106 339 166
164 309 92
170 275 142
136 322 152
152 298 153
106 309 171
182 276 141
182 258 147
104 322 144
124 262 155
148 327 85
130 318 142
99 283 128
152 294 80
142 280 109
172 350 77
132 269 115
182 264 74
99 311 81
143 329 174
145 326 101
158 267 152
157 309 96
180 323 95
176 352 164
190 305 134
141 333 112
111 322 135
98 293 168
167 268 109
157 325 149
159 309 83
165 260 120
111 331 130
191 336 173
103 314 157
94 318 120
108 294 118
141 297 143
126 337 133
149 314 142
98 314 86
121 293 110
118 327 79
178 354 92
107 287 109
103 320 161
137 319 127
184 276 100
132 293 133
183 296 155
135 267 137
153 296 94
93 356 110
112 341 79
163 289 89
148 259 172
178 276 138
126 288 161
164 301 148
141 355 149
177 333 161
159 269 168
152 325 135
150 303 100
162 275 80
101 304 123
169 280 163
102 321 168
135 337 95
183 308 133
185 311 156
142 314 74
148 271 122
190 334 134
123 350 155
113 271 84
147 308 143
160 318 166
180 322 105
169 336 128
101 305 76
133 342 140
132 325 158
164 333 167
141 285 152
144 349 77
179 336 145
142 304 91
123 322 112
131 307 162
100 340 170
93 263 89
92 332 114
109 304 89
118 343 91
186 280 107
155 284 154
139 265 116
121 329 157
91 334 126
169 272 125
96 303 154
177 291 137
124 275 112
126 285 168
169 356 154
141 304 145
119 345 157
140 274 148
170 279 120
137 315 83
131 309 109
180 296 132
173 340 131
159 327 132
177 344 109
130 358 102
125 345 115
187 313 161
155 266 120
155 274 80
162 274 161
151 311 128
146 347 145
94 335 157
102 285 120
180 332 99
121 300 105
157 298 94
159 269 157
97 341 155
147 260 133
135 329 124
185 268 129
166 335 90
166 277 79
178 288 133
137 301 143
108 283 144
117 295 97
99 329 92
126 264 113
185 334 137
527 434 309
482 424 249
484 427 345
465 494 278
445 439 331
448 442 298
531 447 314
521 439 263
506 417 286
466 470 258
447 411 299
497 483 290
447 467 338
468 423 254
497 445 265
512 493 249
467 439 273
476 417 309
458 443 250
440 427 256
463 474 314
461 484 318
531 485 282
444 411 264
527 450 255
447 461 286
447 421 328
530 403 341
467 496 302
485 422 342
459 477 307
439 461 279
506 429 329
445 431 298
476 469 332
443 441 337
477 411 308
504 484 346
505 423 306
474 414 311
447 472 327
490 490 301
502 411 294
467 480 269
451 496 266
535 437 326
518 404 325
443 495 331
467 461 336
520 426 286
506 447 285
477 482 291
489 494 275
441 484 324
504 496 265
462 480 318
513 447 292
468 481 345
505 441 314
523 457 295
442 398 319
489 444 285
525 435 321
493 437 329
503 396 321
499 461 288
539 418 273
509 423 315
511 459 289
539 410 257
523 432 255
454 429 251
466 478 300
489 484 330
459 467 291
467 422 264
523 458 252
511 431 314
492 471 276
507 396 320
533 416 271
517 465 265
511 451 323
498 479 267
476 470 277
483 419 253
477 402 335
484 492 258
498 465 262
510 427 262
444 488 344
501 475 316
482 424 278
491 440 304
461 409 255
539 491 311
460 464 319
450 440 260
477 401 264
511 496 259
464 459 348
444 477 293
477 465 268
442 486 313
452 423 337
469 479 295
527 470 276
487 442 322
472 442 313
523 492 274
482 496 314
479 404 285
505 429 334
450 413 337
519 401 317
458 397 271
442 462 258
534 474 330
457 429 263
532 450 252
485 441 344
498 408 336
455 447 278
497 464 294
514 470 283
476 474 282
440 475 291
458 444 320
514 483 276
510 445 326
489 424 264
533 463 271
499 495 338
480 469 320
448 481 274
505 470 334
484 410 265
509 427 270
447 468 288
478 455 342
525 487 325
496 442 345
535 415 257
480 470 280
470 440 329
526 487 256
441 430 274
475 487 256
524 486 255
537 473 338
476 479 318
471 472 263
537 481 289
509 468 343
487 428 322
468 486 255
528 448 306
518 421 261
474 479 311
478 439 319
441 405 267
482 442 276
442 448 264
452 441 256
513 439 315
525 401 329
471 444 256
474 396 327
513 435 269
519 400 320
450 411 289
492 479 317
467 413 284
457 469 338
471 480 313
498 468 311
498 493 317
442 466 324
515 446 327
507 408 260
450 476 274
490 488 249
460 491 263
482 445 295
490 464 278
514 463 330
464 463 276
516 484 282
529 420 319
465 400 271
454 474 277
504 464 282
480 468 318
445 496 314
481 400 269
464 455 348
536 421 258
488 492 346
493 474 338
468 473 273
493 410 249
453 436 259
520 474 322
509 430 271
529 440 324
478 399 338
487 495 327
492 440 309
532 496 262
506 486 332
472 489 307
538 437 296
498 404 279
454 407 320
516 460 330
500 429 256
514 442 262
457 423 296
504 430 250
504 484 307
537 423 252
512 396 315
523 475 309
516 480 314
448 445 296
491 449 285
476 433 346
449 474 299
459 449 285
519 460 338
476 441 323
463 477 264
493 437 322
506 405 345
474 493 281
473 418 307
476 487 278
514 423 303
459 424 315
482 465 342
441 438 282
442 426 301
493 476 262
536 411 278
537 462 295
465 462 294
453 426 260
481 491 293
452 453 291
460 478 346
510 474 292
445 424 335
497 481 348
449 397 322
458 482 301
485 496 303
515 433 318
502 426 300
512 428 271
486 466 273
523 416 331
487 445 307
451 494 336
470 481 306
468 445 348
469 431 328
531 415 340
463 488 318
491 400 328
451 458 314
467 455 320
518 437 330
481 406 327
442 437 273
517 488 306
474 484 271
517 466 348
509 410 262
516 473 280
496 412 297
504 461 318
484 423 271
516 461 291
483 461 282
485 450 331
533 433 314
509 408 255
516 449 335
463 482 298
476 453 270
471 476 340
514 406 331
506 445 296
446 428 312
522 485 253
495 490 263
492 399 275
502 429 335
460 493 307
521 429 335
479 471 276
517 474 279
530 396 325
495 414 319
493 408 253
501 397 333
526 475 262
502 484 299
458 451 302
483 414 299
522 403 346
479 489 279
519 412 321
537 409 296
473 474 301
451 464 342
499 491 270
512 470 272
452 447 292
499 430 255
488 482 328
518 458 258
491 399 284
454 424 321
492 486 299
490 399 310
470 399 313
485 435 343
477 489 329
490 492 301
492 433 343
440 424 258
519 442 307
469 489 324
514 424 319
473 489 280
449 490 290
466 410 292
532 468 306
456 406 337
463 443 287
488 460 296
486 444 262
499 471 274
481 484 319
515 483 316
439 487 316
461 403 286
474 469 251
450 479 321
457 427 314
459 496 297
516 483 257
534 486 334
502 476 259
467 406 329
530 432 315
499 419 329
488 431 343
479 402 266
526 480 298
477 479 335
484 412 343
534 421 287
457 477 301
471 396 274
487 447 346
503 471 347
508 412 279
494 434 302
453 448 343
502 460 280
516 432 341
501 467 306
440 427 279
533 460 258
503 462 310
487 464 255
471 472 268
444 438 273
467 426 323
516 481 327
469 428 333
520 416 294
510 416 249
444 482 281
524 439 296
504 479 313
535 426 299
483 487 326
523 435 331
456 447 347
442 477 284
474 468 273
539 405 340
463 404 276
465 414 274
440 493 288
462 428 255
467 490 251
-23 354 414
49 362 331
24 298 347
-14 312 409
27 352 377
-15 284 319
-4 315 410
19 326 380
-5 359 327
-2 351 352
-25 286 340
12 341 377
31 286 347
26 366 391
-34 287 343
16 337 381
9 358 327
3 274 394
27 348 351
48 303 328
46 366 405
14 324 335
14 270 365
-46 299 372
22 347 365
4 345 346
-22 363 365
-1 341 328
-21 334 409
-6 277 377
-45 319 371
-4 332 322
-43 310 415
-33 364 333
-31 366 400
7 318 347
-7 331 327
21 297 409
47 351 373
-23 287 343
19 311 386
18 309 415
-45 342 386
-4 283 416
16 344 373
-6 369 355
-16 348 408
25 347 372
-29 346 373
38 274 419
-25 343 347
25 326 344
-20 300 388
10 307 337
38 339 408
35 282 397
-29 285 414
26 293 371
0 297 349
-10 331 348
-29 289 404
29 302 346
-6 359 378
-48 299 353
-38 338 393
-32 369 335
-16 344 345
46 285 373
-12 361 418
-50 283 381
-29 364 385
38 352 353
42 285 373
-35 276 321
20 359 391
-5 273 367
-25 283 375
23 364 371
1 355 380
-28 284 336
-31 332 339
-29 343 416
14 335 376
47 307 371
-19 294 331
1 329 417
6 288 364
14 301 338
-46 343 356
-9 294 399
-7 358 350
48 300 344
20 358 344
-14 313 404
-22 306 399
27 329 332
22 299 402
-28 337 359
-1 341 321
23 351 389
-22 369 402
-2 295 389
4 277 389
30 328 333
-19 308 333
-46 284 355
-12 313 337
45 285 413
-21 346 336
-14 275 341
-32 330 419
45 360 401
23 335 412
-19 328 366
46 269 324
-31 328 320
-24 362 328
25 304 326
21 317 371
38 314 325
39 298 389
29 282 327
-50 324 407
-36 322 407
35 326 394
16 353 331
35 318 409
4 273 418
7 348 416
10 352 340
-28 301 378
14 316 388
-33 291 325
-19 287 418
38 269 411
44 356 384
-29 347 374
-20 348 399
43 351 328
13 283 332
-42 307 403
49 344 406
-26 270 377
25 277 358
28 338 377
-14 279 417
35 314 348
-20 356 382
38 295 335
38 325 399
49 337 411
48 341 414
39 296 418
-29 326 406
49 305 397
-16 274 365
27 302 417
7 319 363
-20 353 347
3 337 380
3 369 406
-7 362 418
-11 344 375
43 353 354
33 276 335
-2 304 349
32 358 322
25 274 386
43 361 345
1 303 404
25 364 395
-3 325 328
48 311 368
50 301 392
-19 366 380
-1 281 331
-42 346 417
-32 310 325
-5 308 401
4 328 321
-10 332 401
31 362 395
1 319 324
-28 291 383
-21 310 416
-3 352 376
-41 328 328
18 343 385
9 304 355
26 300 378
-49 308 389
-20 340 389
-49 341 375
-5 275 321
21 349 338
-10 314 409
44 277 336
-19 341 324
32 285 395
-20 287 402
-48 296 364
19 361 331
-39 368 345
-29 288 356
39 336 393
-4 365 322
-4 274 359
-9 349 377
47 346 364
-28 326 340
26 334 350
-41 328 341
-8 364 376
14 328 363
43 324 407
-16 350 353
-23 339 360
-5 306 386
47 298 401
6 332 320
-41 355 337
-19 292 380
30 351 409
36 347 400
-43 326 403
7 288 417
39 273 353
-6 301 399
20 334 374
12 308 389
-42 297 353
17 357 389
12 312 400
8 321 358
-3 323 392
16 354 418
-32 369 419
33 305 367
-12 303 375
-4 303 382
26 323 389
-4 368 369
-4 280 354
-42 320 361
7 334 355
-17 282 368
-50 366 345
-6 328 406
45 308 378
33 290 380
36 326 338
-4 275 384
22 300 391
36 270 364
-25 272 412
-16 311 340
24 269 372
43 346 404
9 354 376
50 355 329
29 297 348
-50 334 398
45 354 363
-39 347 327
17 323 322
-13 296 382
5 337 331
-28 302 392
10 332 407
9 281 399
-14 320 397
40 368 397
-48 317 338
22 357 363
39 338 363
26 293 321
0 332 326
-38 278 400
31 287 416
-1 355 366
20 354 408
31 350 414
30 323 319
25 338 331
17 285 334
-37 302 351
-21 364 403
1 335 371
14 276 334
-6 318 381
-47 286 362
-33 366 348
-7 312 378
-10 274 353
-49 305 380
37 280 329
14 325 371
-49 349 333
7 368 368
-18 308 382
4 276 407
4 298 368
46 358 351
-14 358 352
41 323 347
44 289 404
-44 350 321
-31 330 386
14 330 398
-18 294 366
19 274 402
-9 339 377
41 326 325
2 283 389
-50 331 383
2 306 391
29 357 377
-36 292 372
-38 278 376
-10 276 394
-13 360 335
46 287 338
15 290 330
-49 355 340
39 298 358
17 309 336
-43 366 389
39 326 321
-43 348 371
-19 280 411
21 328 353
-43 300 360
14 271 372
4 346 391
28 311 376
-22 282 361
-31 344 376
45 299 356
8 339 343
-2 336 358
-15 310 400
-47 272 358
44 345 329
25 305 338
-48 277 406
40 354 400
-13 344 337
-15 324 375
-28 310 374
19 279 322
14 297 373
-1 337 411
-20 320 375
29 285 330
-42 340 331
-32 303 414
-30 348 399
-47 274 379
15 321 391
-19 289 373
-39 356 357
38 308 419
12 320 384
49 348 354
10 366 323
13 281 410
-50 332 398
-44 320 391
-40 277 373
18 314 381
-36 328 393
17 330 375
50 302 384
-49 277 374
17 305 395
-14 328 419
-50 343 392
-20 303 374
-27 300 417
-13 306 362
29 328 342
35 326 398
3 351 397
-37 334 327
-42 271 384
-31 282 417
36 350 361
18 316 359
-15 332 384
-10 364 397
4 364 343
-37 345 387
24 325 395
45 367 381
26 340 324
-40 353 413
-24 293 364
-41 367 352
-15 307 403
-2 283 319
75 99 160
90 78 138
31 128 212
13 84 200
2 68 223
36 78 203
48 148 188
27 116 147
48 150 157
42 135 201
41 110 158
85 79 213
38 79 147
74 108 234
25 131 185
57 103 140
20 142 176
41 60 214
7 150 198
70 80 192
28 134 210
45 115 231
87 122 225
41 155 145
57 72 188
14 102 151
3 91 170
84 85 170
4 146 226
0 67 168
0 102 185
89 124 208
36 131 231
90 87 179
30 92 140
26 77 228
62 99 186
9 66 211
-5 97 223
85 129 134
70 131 191
73 91 149
21 91 221
55 69 145
18 88 187
78 77 175
-6 150 175
47 103 170
79 107 183
18 148 215
45 128 193
52 64 181
20 97 233
40 149 230
90 84 194
19 62 186
42 60 182
64 65 187
83 138 153
-7 89 208
-3 148 215
2 135 177
6 56 229
88 110 223
64 55 204
89 112 177
44 155 211
39 134 196
15 109 220
41 121 223
40 93 190
3 93 143
13 115 151
52 107 158
60 150 152
12 107 154
33 136 222
37 140 208
10 155 145
73 132 160
30 102 233
2 142 227
55 88 152
23 96 184
79 115 232
20 112 185
89 147 191
56 145 140
26 117 181
84 108 220
66 85 164
45 55 160
20 128 234
83 150 154
91 153 141
67 152 169
47 88 202
28 116 149
73 69 192
68 81 231
38 116 206
32 149 188
76 154 215
31 138 138
82 98 212
22 146 154
66 81 144
0 70 203
21 63 174
4 60 232
35 96 179
25 94 152
27 90 182
87 86 166
30 150 186
27 151 134
53 96 159
84 57 158
-8 67 214
52 129 229
31 124 204
1 155 196
3 82 177
73 72 207
41 117 166
35 115 202
33 144 222
72 128 175
-8 68 145
66 102 233
88 92 190
61 71 211
-1 127 199
22 86 208
46 135 214
13 97 206
-3 67 171
84 92 164
61 121 149
69 136 183
6 76 179
81 57 190
54 104 146
77 120 209
11 72 159
24 92 182
8 137 208
51 94 222
7 90 162
88 56 154
68 106 186
-7 148 141
6 130 155
2 122 143
50 60 156
69 72 186
60 80 147
-3 124 175
58 148 154
84 55 176
82 119 180
13 112 200
13 117 181
46 134 222
78 115 135
92 143 149
87 135 191
86 150 223
41 118 195
34 154 198
46 139 196
33 79 178
66 92 191
5 64 200
88 131 220
66 91 190
27 87 232
81 108 222
-6 96 187
13 139 198
52 146 203
20 105 148
16 70 164
56 138 214
45 74 182
19 85 139
64 80 144
50 90 212
82 152 210
53 130 146
-4 116 157
91 84 161
-7 66 164
59 65 210
44 154 185
76 67 225
83 109 178
79 101 189
48 118 197
0 146 137
12 119 145
68 133 190
34 89 208
-5 57 190
81 133 146
73 79 147
68 134 234
86 112 185
39 94 170
1 118 170
33 109 160
87 100 190
70 79 172
32 108 149
17 107 152
25 125 229
30 72 146
33 69 167
47 107 145
11 147 171
57 133 218
42 137 159
79 149 195
70 126 219
80 120 175
-8 148 136
21 102 207
87 118 201
92 137 153
32 143 166
76 104 173
25 154 157
5 121 138
71 125 138
0 147 191
36 151 157
25 86 152
6 110 175
58 137 203
63 122 148
32 149 189
29 113 163
53 122 204
45 128 194
88 76 182
29 138 156
-7 61 222
49 92 143
78 93 229
52 69 224
65 141 141
0 126 145
8 95 158
0 59 164
9 75 173
-5 102 213
30 114 202
6 119 182
1 153 233
36 58 170
23 147 148
42 62 201
74 153 158
-2 91 137
6 99 194
25 114 229
13 58 218
82 130 153
90 62 203
40 135 159
19 88 205
88 108 141
79 101 209
51 79 149
50 141 138
17 106 178
61 67 190
53 155 195
78 132 210
51 112 218
88 152 176
30 62 143
4 139 224
89 58 172
13 112 155
75 110 170
49 77 194
29 61 215
62 122 220
13 130 184
44 69 149
3 89 135
58 74 142
46 62 186
3 132 188
22 72 221
5 152 168
-3 150 143
38 119 173
24 152 161
52 107 193
36 110 145
48 99 200
24 123 139
-2 98 180
15 109 229
-2 155 138
57 132 140
49 82 183
2 131 188
59 138 146
60 110 225
17 58 150
1 106 151
47 109 167
86 152 139
73 112 229
21 125 167
9 84 188
6 102 231
47 127 232
54 142 146
33 110 201
30 86 163
20 70 190
-5 152 213
57 97 142
-5 115 171
21 59 138
62 113 147
60 55 205
59 128 213
34 140 216
87 114 135
75 89 139
69 106 196
5 112 208
-8 147 148
52 97 193
26 155 190
17 144 141
52 113 171
12 106 228
19 73 141
16 81 226
0 104 220
88 146 183
21 88 150
81 123 214
-3 78 157
35 82 150
75 66 158
23 91 227
-7 59 147
42 85 221
25 81 211
5 82 219
62 64 224
18 88 221
10 118 231
51 107 194
47 155 211
1 119 189
61 101 155
57 97 160
90 81 137
21 92 200
24 95 200
64 89 140
21 141 234
68 142 150
75 96 229
13 58 215
5 117 198
80 101 177
92 69 162
74 102 185
27 74 178
14 57 148
-2 120 173
82 95 150
83 126 223
9 64 162
9 82 183
70 85 189
63 124 157
21 109 201
65 61 141
13 97 197
79 132 150
25 120 215
49 118 231
0 142 192
64 70 185
19 126 182
4 149 178
86 92 230
19 141 180
16 69 192
68 72 155
364 394 469
338 489 506
363 489 536
339 434 457
338 491 531
346 440 534
366 487 476
342 487 534
355 466 482
340 399 465
288 477 521
296 397 502
336 404 456
352 433 451
361 479 490
362 476 492
278 492 483
312 398 492
284 481 475
314 416 449
361 423 484
280 477 462
339 432 456
335 450 450
363 460 511
368 474 490
298 422 468
299 438 475
346 490 480
362 434 462
333 396 535
358 454 452
319 482 509
343 414 448
282 468 459
346 422 436
276 397 529
364 397 515
301 421 535
300 401 459
355 408 453
341 464 531
371 399 518
313 486 496
335 446 517
352 473 534
311 489 519
290 469 439
347 396 479
294 490 508
351 474 442
308 405 503
371 399 520
372 478 472
293 443 486
348 393 511
359 395 480
285 477 523
350 402 438
288 470 438
336 406 440
281 397 518
283 419 529
326 417 520
290 442 505
373 447 488
363 456 457
302 397 492
347 398 448
375 416 499
332 456 471
329 427 500
344 464 532
365 479 461
361 491 499
302 428 488
326 484 492
305 449 469
324 466 489
316 395 499
283 400 496
348 439 482
332 483 505
352 450 485
275 435 462
293 405 464
352 433 507
288 402 447
306 418 495
353 476 462
320 407 449
354 432 496
317 471 486
350 428 534
328 408 506
333 431 478
288 418 495
336 405 437
314 413 445
367 466 506
287 415 439
333 461 495
356 478 508
330 393 496
322 396 531
371 489 470
313 415 446
282 467 519
329 456 516
315 400 452
328 467 487
342 448 513
332 440 445
292 408 444
317 477 463
340 414 513
288 464 482
362 471 463
352 466 458
323 403 495
295 401 462
310 424 484
275 448 445
277 471 515
365 476 457
310 468 443
278 460 521
278 452 515
288 463 533
282 431 466
308 431 477
331 480 523
369 425 493
304 471 460
317 424 452
342 456 520
317 406 485
339 442 475
301 464 517
298 405 493
320 422 446
328 440 534
356 488 452
374 449 465
373 479 484
298 462 520
282 437 463
304 491 470
320 410 520
306 414 445
342 406 494
311 400 506
370 462 476
323 440 495
374 435 533
345 418 460
287 400 535
347 395 504
374 459 516
277 438 536
303 395 518
345 486 482
329 477 510
335 410 533
325 476 471
332 484 512
329 465 491
284 447 492
297 485 507
352 431 438
303 449 448
279 420 520
354 456 437
327 454 518
292 438 521
354 461 525
275 396 531
275 459 505
286 426 504
304 465 482
346 430 529
275 423 511
327 450 504
371 395 478
296 471 531
302 402 439
295 392 436
297 453 493
352 396 442
361 399 460
333 475 498
317 492 515
306 479 452
283 485 471
323 483 506
309 482 532
309 397 499
284 424 474
318 468 438
339 401 474
319 470 505
287 472 480
375 454 445
287 456 492
340 433 468
296 406 478
353 465 468
313 393 487
306 476 482
284 413 521
373 480 533
308 453 497
290 484 484
326 473 500
365 409 453
275 444 529
324 419 534
346 447 474
368 468 460
312 485 452
359 445 525
315 443 487
319 488 508
373 412 442
360 411 454
280 429 535
359 426 437
322 413 459
336 485 493
322 424 535
335 454 470
354 426 453
316 481 470
322 482 536
337 474 469
339 403 494
365 464 495
352 417 522
346 445 476
374 414 481
289 453 504
279 458 503
354 457 449
297 423 533
372 468 487
318 445 438
292 395 469
275 420 499
355 476 523
284 490 455
329 441 456
357 402 470
347 451 455
306 421 452
308 405 444
372 492 476
326 406 504
359 441 442
308 394 452
370 469 479
286 414 456
361 439 506
336 486 533
314 466 451
295 413 533
330 435 451
369 463 507
358 464 492
328 436 464
360 410 436
321 473 439
370 399 450
338 484 505
298 484 513
294 427 508
357 449 529
276 452 496
332 471 452
324 403 436
346 466 475
281 392 520
296 439 492
336 436 460
322 430 451
277 393 472
327 399 508
339 450 437
342 443 493
294 454 493
317 416 535
299 470 523
304 479 516
353 484 535
288 482 505
345 450 493
290 439 515
293 414 506
318 438 536
332 467 482
343 395 464
327 392 530
289 467 500
286 395 469
283 459 447
296 427 515
287 441 454
286 473 483
342 478 529
374 396 523
333 407 451
316 439 509
301 492 521
293 423 485
293 422 475
288 401 500
358 465 495
291 467 449
347 439 510
332 459 490
298 423 481
328 489 510
313 438 530
352 401 530
287 445 458
287 428 523
361 445 491
355 492 509
364 486 496
359 482 483
358 477 449
333 433 472
303 435 442
331 455 444
312 401 531
276 455 483
333 408 441
289 479 465
297 431 473
306 453 485
300 403 530
309 460 469
304 429 470
365 458 443
309 483 453
275 447 471
321 471 496
275 435 476
336 420 442
350 393 526
300 397 484
359 412 458
276 395 466
306 423 451
329 430 470
372 443 519
306 457 440
309 474 520
367 399 494
369 420 515
279 483 495
284 401 475
335 422 462
327 476 462
280 429 526
323 472 440
295 400 484
335 485 491
359 457 461
286 476 520
337 425 453
297 480 475
335 402 465
290 449 500
284 419 444
334 400 437
309 418 487
312 438 496
330 405 450
344 403 451
360 489 532
373 415 470
331 487 498
280 428 487
286 458 502
352 410 494
375 432 491
313 393 495
310 440 476
356 421 486
277 474 470
332 489 510
285 480 454
371 455 497
312 443 450
362 422 484
372 412 529
318 433 470
292 411 496
362 474 461
347 422 510
201 375 67
194 397 77
140 369 135
129 363 42
170 456 98
140 459 42
145 382 94
191 458 121
179 443 130
154 413 118
158 407 46
170 448 45
208 400 92
183 416 141
198 431 76
221 431 121
141 362 102
178 374 129
176 362 113
138 419 77
177 454 45
206 362 71
132 392 85
204 431 77
212 397 42
225 452 88
159 458 107
146 459 96
164 362 62
164 362 114
147 414 83
159 370 79
191 422 56
158 364 137
130 374 123
197 365 109
206 446 82
172 444 65
147 373 90
134 459 64
174 396 73
151 412 62
185 360 105
148 435 140
213 375 48
132 415 55
168 426 120
171 381 131
207 417 120
221 455 43
144 403 70
173 396 140
162 410 70
204 376 84
164 406 111
199 374 133
182 453 62
188 456 71
217 429 66
134 457 98
182 383 51
228 395 98
148 442 133
184 367 63
195 437 67
172 362 125
167 389 50
148 410 55
137 443 141
175 392 107
186 370 92
197 381 127
180 451 139
196 363 94
147 371 125
154 422 119
154 397 140
141 451 46
172 408 107
182 399 108
210 440 101
198 435 46
180 430 60
162 417 44
135 369 63
169 414 131
146 424 104
199 443 90
188 450 127
170 397 119
191 452 82
178 371 92
165 374 101
146 389 52
200 435 140
207 373 103
156 404 81
199 370 96
215 456 62
228 458 63
169 439 50
137 448 81
145 373 76
200 411 50
132 410 138
220 430 136
195 457 113
222 452 82
196 369 70
168 453 78
205 459 60
214 389 58
203 367 51
154 381 124
216 404 98
194 374 137
148 424 130
193 433 53
207 377 71
171 406 102
175 436 62
204 441 69
161 406 136
188 428 63
190 388 73
219 365 102
133 366 83
161 415 133
207 380 72
204 395 77
162 381 72
207 388 102
210 385 83
229 407 64
165 406 75
206 375 57
162 382 124
198 459 51
203 438 85
210 446 58
192 455 108
135 414 117
203 433 138
197 454 133
200 441 95
133 410 67
131 430 76
196 423 75
162 363 67
142 455 79
227 369 46
152 436 65
133 413 117
210 429 119
204 387 142
160 415 96
223 398 69
225 437 79
227 409 131
204 412 138
155 393 65
137 365 114
148 405 131
190 404 71
196 401 65
206 431 64
219 426 42
150 458 126
149 393 50
173 367 105
222 390 54
190 435 70
160 369 44
204 402 106
184 359 76
154 457 103
176 439 48
156 447 43
215 386 45
164 418 120
139 404 44
206 385 69
166 392 54
165 362 109
171 439 124
202 415 97
202 427 115
129 364 117
153 387 112
144 368 117
130 362 76
159 440 128
154 387 45
177 372 119
224 366 73
218 384 67
184 380 97
175 381 132
149 442 82
217 417 111
196 459 53
135 395 122
182 371 135
183 390 88
179 458 73
198 384 126
154 442 82
163 364 113
147 449 90
188 439 126
229 392 111
169 413 116
181 382 57
196 412 63
188 410 61
137 375 135
133 446 74
143 406 125
130 433 67
157 398 75
153 385 77
208 451 107
157 399 78
170 456 120
165 406 81
181 411 54
147 360 135
148 378 105
146 443 94
217 439 99
229 373 106
140 377 139
170 411 126
153 451 104
174 443 104
154 459 88
198 392 78
148 377 42
166 377 123
133 453 56
136 388 128
138 430 49
219 450 81
213 366 69
169 399 61
136 435 61
189 419 42
167 444 42
138 370 117
134 388 65
142 439 124
170 360 64
208 369 121
165 373 106
186 367 131
180 386 72
197 451 56
134 381 83
225 372 105
197 366 93
176 403 48
225 424 131
225 414 63
215 410 95
196 456 86
145 412 86
156 453 46
221 407 101
138 441 140
212 398 128
178 369 78
162 397 80
150 457 49
196 438 75
210 437 102
225 383 76
130 447 98
211 430 57
138 423 126
203 383 61
214 426 106
176 433 132
171 442 76
182 421 90
202 443 99
189 399 104
219 415 138
216 384 130
156 435 50
158 431 138
206 407 104
179 437 49
162 408 141
189 386 103
133 405 95
198 403 142
133 457 61
197 380 92
137 459 113
204 406 141
169 379 67
165 400 80
151 399 72
210 380 89
136 420 130
218 359 117
197 422 56
141 359 50
132 447 72
181 388 133
206 415 121
173 416 82
164 420 90
222 386 118
201 381 66
227 456 55
209 437 119
207 376 71
177 451 109
172 444 134
147 375 127
189 446 64
227 450 124
149 458 138
142 443 142
204 396 113
191 404 85
177 412 77
135 384 52
130 428 82
141 424 77
193 430 44
152 382 111
130 407 127
220 386 99
192 389 79
183 400 107
208 457 80
187 377 62
138 430 77
211 426 68
129 393 42
227 457 124
226 454 141
188 412 111
226 426 79
172 422 135
220 410 57
190 440 63
158 438 83
219 399 134
200 382 44
149 430 51
163 450 67
137 459 53
212 398 57
160 435 116
182 363 44
203 377 56
141 440 54
138 453 94
195 434 126
191 382 46
133 442 52
182 359 106
173 387 61
132 410 98
139 361 51
208 361 86
208 428 77
180 442 114
198 375 46
212 397 69
205 429 103
145 440 55
136 381 48
154 393 107
159 387 113
156 386 62
219 382 130
191 398 50
217 450 117
165 417 101
196 415 89
156 458 53
212 365 47
160 432 59
196 416 127
189 435 105
199 428 137
134 440 138
193 426 115
209 419 141
208 417 106
172 446 57
131 423 116
186 421 137
132 448 102
151 370 123
191 418 56
