422 74 204
385 -10 171
421 -3 200
352 16 180
417 11 233
401 64 214
369 30 190
394 4 163
357 -4 180
410 67 186
373 2 162
414 57 164
406 30 166
382 4 214
421 7 212
392 28 199
421 8 216
447 74 241
405 79 214
383 -7 209
364 83 160
391 71 210
371 -7 151
431 22 213
364 78 145
424 3 211
402 48 162
362 12 217
396 71 157
428 72 190
361 51 181
415 -3 191
447 19 157
393 4 190
413 75 183
402 49 170
449 74 218
449 9 207
439 -5 168
356 43 234
364 15 238
384 36 225
430 59 200
350 -9 170
393 70 231
433 50 179
385 71 175
372 51 160
408 58 211
379 48 147
387 13 169
351 44 237
394 64 195
407 28 201
373 3 171
438 83 177
358 85 195
376 23 204
403 1 168
429 51 225
445 79 169
439 34 180
359 27 149
417 44 209
427 33 147
432 18 156
369 9 238
429 63 194
450 90 200
406 62 204
422 64 225
412 5 177
385 25 145
405 0 199
374 52 217
358 78 187
443 39 229
398 29 224
416 37 221
415 87 149
351 81 185
360 82 145
364 4 231
420 59 190
419 80 170
446 2 235
362 1 224
449 13 174
417 90 196
375 66 148
355 58 170
435 44 181
367 35 227
389 7 194
363 42 194
375 85 185
450 69 149
414 76 172
352 35 217
445 74 216
389 64 189
363 69 187
435 54 233
353 3 220
433 78 228
409 61 192
427 89 152
439 59 164
398 76 196
384 -8 180
371 16 226
430 30 238
357 78 234
410 19 195
374 58 242
445 46 197
436 80 188
411 63 157
385 80 211
375 17 160
441 58 193
369 21 204
412 61 215
375 51 227
384 62 170
415 55 184
404 19 188
439 5 146
424 54 184
390 -5 198
450 27 144
368 46 222
440 17 212
387 47 165
414 62 188
361 83 153
370 82 204
362 28 147
401 66 191
384 0 197
428 68 212
350 13 160
372 76 180
350 85 225
392 3 185
438 -9 202
427 52 181
446 59 164
397 -7 210
437 8 173
375 38 144
371 36 211
360 47 198
447 53 148
450 75 231
394 52 171
419 18 143
426 71 234
377 22 199
412 64 183
391 14 221
423 -2 206
379 1 217
392 42 192
360 31 230
431 77 176
432 8 240
361 -10 181
378 26 177
438 12 146
411 57 145
426 -1 240
426 45 148
359 74 242
444 7 218
417 23 164
450 29 215
353 3 187
437 36 223
379 7 146
363 12 145
362 -8 228
401 89 148
420 17 147
380 51 238
376 84 151
446 41 212
380 49 240
358 -5 175
413 76 211
414 63 223
400 41 214
439 60 189
411 31 204
446 37 148
390 -3 217
440 18 188
430 86 189
365 -8 209
399 -8 154
418 13 225
402 81 220
393 90 166
441 14 154
350 87 199
400 34 150
426 6 152
446 42 151
387 26 212
422 15 203
417 86 180
434 -4 148
417 -6 218
411 59 226
422 29 205
402 36 194
379 -3 210
350 51 173
351 -6 160
440 8 212
391 77 180
363 38 169
390 1 163
413 67 205
421 20 214
377 35 159
441 6 143
448 69 165
374 35 149
400 71 214
424 76 229
352 -5 173
379 68 151
410 16 229
428 27 159
359 77 173
406 -3 242
397 39 211
429 87 157
395 33 208
448 63 211
374 38 155
357 37 164
390 74 209
357 9 166
401 44 149
406 75 207
386 70 149
355 47 166
440 15 198
433 1 186
372 74 166
437 26 155
415 57 162
424 28 189
425 22 180
433 37 190
394 19 229
428 79 184
420 80 232
407 48 205
351 86 189
401 -3 233
369 56 212
357 43 162
379 3 228
378 42 190
429 37 212
351 -1 147
403 20 217
444 3 199
447 41 243
404 31 221
365 86 155
420 53 194
389 11 150
409 52 192
388 76 165
369 -9 150
375 2 214
432 48 179
448 18 200
397 74 181
415 67 160
387 12 222
392 77 212
404 23 239
437 90 224
388 15 183
373 23 164
410 55 173
378 30 205
437 -10 201
352 32 171
405 80 211
393 -9 220
408 33 241
423 35 165
392 74 200
363 9 170
413 -4 241
393 -1 182
354 -2 150
439 81 223
373 21 220
431 30 147
420 2 224
419 68 224
423 67 158
391 51 238
377 42 212
383 60 216
356 -1 232
437 -2 171
431 3 235
425 88 183
356 22 223
447 7 173
441 28 236
354 90 190
422 42 196
407 62 171
395 4 221
357 39 234
402 37 187
395 33 200
351 5 177
402 -6 177
371 60 150
411 68 171
439 58 187
361 35 240
366 73 192
367 70 154
361 55 217
399 9 235
382 40 236
437 29 227
441 68 200
432 28 211
437 -6 213
372 -9 158
364 71 153
425 26 169
410 67 181
444 18 201
380 52 169
442 52 230
360 13 173
444 76 166
377 -4 199
372 -7 210
383 -4 148
383 -9 208
353 28 204
361 15 203
374 52 191
387 37 187
383 19 220
449 32 170
363 77 199
399 83 161
400 27 151
442 31 147
351 73 167
380 52 146
366 8 217
448 33 169
430 25 190
423 40 218
387 -9 216
352 60 228
414 14 177
396 77 235
384 48 175
445 33 199
376 24 191
442 64 219
430 29 173
391 31 209
424 48 169
351 -8 209
364 -8 185
394 78 165
361 46 187
374 75 166
429 66 238
363 1 201
382 90 180
413 -10 146
449 67 234
357 11 194
427 27 235
449 8 188
435 10 188
358 60 170
364 33 232
405 59 182
354 56 226
436 41 202
428 73 173
448 70 241
376 66 156
388 66 146
383 -6 166
434 61 167
447 72 209
358 18 208
422 46 180
363 -5 226
410 40 174
402 29 187
360 63 143
351 29 152
362 4 145
418 -9 187
433 83 185
390 58 143
354 81 152
420 42 243
444 60 242
396 0 222
428 83 183
395 28 175
371 77 176
369 43 182
371 38 182
418 61 235
380 59 211
359 71 213
439 17 204
412 12 164
401 4 160
440 7 217
372 80 163
373 -9 165
390 31 214
423 -8 228
371 -3 196
396 -9 185
393 63 185
398 80 240
372 34 179
415 12 166
447 73 224
367 21 212
427 13 207
407 49 235
358 26 179
385 25 162
445 40 155
396 54 238
448 68 151
389 54 226
422 77 229
443 13 232
361 58 217
393 48 144
361 83 182
378 44 173
393 -6 203
450 16 150
440 30 223
390 11 166
410 24 171
418 85 217
440 24 243
441 49 243
370 11 180
394 57 189
427 35 236
431 46 233
362 33 155
374 51 226
426 31 184
422 59 201
441 16 188
397 -6 231
412 83 227
372 4 162
351 84 187
423 26 213
425 79 162
369 25 177
437 0 157
393 32 206
393 7 233
442 31 146
437 14 235
433 -8 206
363 -1 155
427 47 186
436 34 173
394 17 179
388 51 241
450 71 209
370 47 219
410 90 159
411 56 216
433 58 211
448 12 182
368 33 153
394 13 187
441 45 159
438 14 179
401 41 182
373 29 145
367 84 152
352 25 154
390 32 242
423 33 208
450 15 172
419 52 198
360 33 226
391 46 232
378 65 162
356 51 167
354 14 208
444 69 224
418 14 231
423 62 148
448 87 222
450 52 213
433 20 173
360 40 220
390 3 187
406 51 226
425 90 223
420 38 189
425 85 178
437 55 151
350 30 168
384 53 211
426 23 197
364 37 154
432 76 173
423 54 165
413 55 147
445 80 218
384 28 146
409 21 197
416 72 200
352 60 150
434 37 181
414 82 169
425 59 222
446 -8 217
379 46 180
432 -8 231
353 66 225
385 65 144
378 58 155
410 30 213
446 -1 175
417 79 151
418 73 209
397 37 198
422 30 162
402 57 153
382 7 175
425 2 146
384 64 199
449 84 161
412 51 235
385 65 213
396 -3 242
426 30 217
426 69 204
386 16 196
403 29 221
367 20 212
405 23 169
428 87 214
414 63 179
362 66 175
358 43 210
407 28 217
359 77 191
417 1 181
416 24 171
386 76 205
410 69 243
355 20 168
423 78 179
413 -6 174
427 71 192
418 58 147
443 38 171
373 51 197
370 23 201
427 21 144
398 -10 194
450 78 228
379 66 243
350 79 187
411 37 210
391 45 168
366 51 191
393 23 166
381 -9 197
352 24 194
427 32 146
442 89 172
356 72 214
384 43 199
444 56 176
390 80 189
411 -5 194
370 71 214
408 31 227
402 46 201
408 50 209
436 -1 162
409 59 197
356 86 154
351 83 145
381 58 231
399 -7 176
388 3 204
450 13 165
385 39 201
357 45 157
387 20 144
431 3 190
442 87 165
391 55 193
435 52 221
406 19 154
370 89 192
437 4 176
369 62 224
396 0 228
404 -3 180
382 16 188
401 72 220
360 34 156
400 -4 207
369 55 200
371 67 171
413 39 207
429 -1 160
366 46 175
404 34 163
416 1 170
379 57 217
397 53 160
420 -2 164
429 64 234
441 27 206
410 12 218
352 -3 188
384 16 204
433 12 190
446 34 227
424 74 185
385 49 213
410 22 143
373 9 231
437 28 206
407 63 176
381 14 216
408 -8 189
380 36 229
431 11 150
358 39 156
388 8 147
418 3 150
421 55 197
406 30 202
445 85 185
381 7 210
401 68 188
368 35 159
379 90 219
389 35 230
402 -8 164
385 89 200
351 59 203
437 34 170
362 50 200
357 2 174
428 15 178
354 41 206
359 70 228
450 76 183
353 88 217
388 42 162
368 31 203
392 89 174
391 70 186
356 20 174
355 8 235
403 81 143
436 50 157
449 32 194
403 31 144
414 45 188
417 -8 221
450 85 172
365 45 238
488 339 191
492 358 262
435 282 261
492 280 221
464 289 228
498 320 222
478 278 265
517 275 224
427 310 189
487 347 186
500 328 264
442 332 264
491 335 187
438 352 226
452 297 184
506 311 244
514 323 251
499 338 213
434 339 215
494 346 209
492 316 190
452 316 243
465 302 263
514 326 198
459 274 169
507 329 207
471 292 249
511 268 186
489 292 240
499 355 218
461 262 238
452 300 266
460 338 173
525 299 217
478 346 255
501 332 259
461 273 252
476 349 170
461 284 186
496 301 260
456 357 187
453 306 168
466 271 262
478 301 167
474 326 252
440 336 178
448 305 188
483 358 231
489 263 249
483 352 171
496 332 266
489 321 212
496 313 215
508 301 188
479 323 248
462 309 264
443 320 195
480 313 182
484 341 205
464 316 215
489 278 180
513 329 221
430 268 228
446 278 194
492 279 170
495 261 202
454 273 247
485 305 262
462 263 195
465 329 188
448 350 260
519 326 252
447 355 194
460 311 206
432 299 206
512 260 245
457 341 247
472 324 255
503 313 256
517 352 225
510 301 233
455 346 227
463 258 211
487 310 231
477 342 236
513 314 184
523 291 176
523 349 192
507 280 251
449 284 248
476 310 251
523 298 189
511 325 182
515 305 192
429 317 229
518 324 252
480 295 224
450 289 225
433 260 192
444 292 222
498 286 214
466 275 178
434 290 181
461 280 202
452 341 167
517 290 193
510 279 225
480 297 206
454 268 243
460 263 245
491 272 241
443 354 250
440 263 194
466 343 169
476 356 171
485 301 241
440 302 247
466 264 239
508 299 183
487 271 207
523 261 245
509 275 207
474 292 232
432 268 230
490 311 265
494 270 248
428 282 174
525 291 175
489 354 249
440 292 178
511 261 188
455 351 266
444 335 169
494 274 192
442 258 258
492 291 265
436 297 265
440 273 253
510 343 194
493 274 221
447 291 196
491 264 184
477 283 185
459 262 233
515 316 266
469 286 254
472 292 237
503 327 203
518 292 240
519 289 187
514 276 186
446 317 185
457 293 201
436 305 240
519 308 200
480 277 260
490 280 168
523 277 265
477 343 211
526 345 197
443 319 189
477 350 239
486 297 252
500 305 243
487 305 188
475 310 223
496 346 169
526 305 189
523 263 254
475 272 249
445 322 203
493 326 244
445 286 185
433 263 191
481 332 200
521 325 189
429 336 221
446 282 198
484 348 263
506 277 259
486 319 208
472 323 182
438 272 252
426 358 241
481 268 243
460 299 205
463 310 224
483 323 203
524 349 172
498 349 189
433 348 217
441 265 226
433 317 223
455 329 211
481 312 237
467 330 215
519 327 207
493 352 251
491 284 178
518 303 170
502 351 266
473 298 239
485 277 182
509 274 253
426 329 213
451 326 232
434 353 191
427 296 166
426 325 245
502 280 215
466 271 173
457 336 259
483 327 213
484 332 198
430 287 167
466 327 225
513 330 234
502 327 221
494 322 251
488 345 212
488 313 183
468 278 234
433 293 219
434 291 259
509 329 191
434 269 193
504 263 250
442 349 192
510 289 245
452 345 181
426 327 179
428 319 206
492 335 223
475 288 194
448 324 206
520 352 207
478 279 207
467 308 258
500 317 166
454 258 251
459 357 223
506 346 180
520 334 217
437 306 184
441 323 258
516 339 256
440 337 177
434 282 240
429 305 166
481 267 171
498 353 266
516 303 218
469 268 259
490 272 211
460 258 166
503 306 190
455 326 232
426 290 227
458 319 190
493 283 219
477 356 243
515 273 182
491 305 189
515 261 209
479 302 211
464 341 182
507 337 209
437 323 190
483 356 181
473 273 231
492 289 263
448 329 212
481 265 258
477 329 185
475 310 243
474 327 246
444 314 195
455 266 231
440 288 196
465 336 244
518 277 266
455 310 223
473 299 248
461 260 169
497 351 240
507 332 256
485 317 259
515 343 172
454 339 196
473 346 261
451 307 195
447 268 262
508 352 207
460 347 200
427 278 240
430 336 174
453 344 190
440 292 173
440 278 264
505 279 187
506 300 224
486 332 171
462 297 265
476 276 222
454 274 213
466 327 206
484 335 256
472 328 253
444 295 206
483 287 262
493 283 238
468 299 223
487 282 185
521 302 197
520 298 216
453 290 252
451 323 194
505 342 197
449 346 254
480 298 187
481 346 224
517 259 191
494 279 257
495 300 203
509 327 262
449 270 168
514 357 265
481 349 200
491 262 230
508 272 213
454 355 257
443 356 262
429 306 241
509 294 228
517 281 223
442 281 238
482 345 170
497 339 192
518 279 181
426 286 241
526 280 187
477 325 213
469 305 198
441 329 181
519 310 247
436 335 216
489 335 188
520 347 214
442 282 201
449 324 228
525 341 257
428 316 237
506 353 196
465 286 171
507 325 170
496 344 202
449 339 223
470 274 191
447 305 247
449 261 230
491 304 182
520 345 192
478 328 175
428 315 262
491 324 259
491 268 214
468 357 235
440 321 265
459 304 253
443 273 201
463 286 181
487 346 220
445 333 244
448 320 250
467 333 233
498 281 178
525 357 240
433 285 247
524 303 174
457 258 186
510 285 211
444 302 198
431 355 210
518 298 243
478 298 244
462 281 232
445 341 170
460 304 254
490 305 178
471 342 200
517 313 242
518 283 228
448 282 227
475 323 170
466 304 186
485 341 198
517 328 216
503 329 219
513 280 175
473 266 171
473 345 182
500 347 219
427 354 246
522 323 175
452 333 192
448 323 252
460 357 213
463 311 228
495 356 240
462 298 198
462 308 206
435 317 167
426 348 250
477 282 174
454 345 260
493 315 211
439 258 259
477 294 226
457 285 170
477 307 241
470 261 258
428 337 258
468 292 191
483 316 263
517 275 219
507 300 206
494 264 208
493 268 259
508 279 208
509 275 168
495 281 231
438 299 176
509 316 211
477 265 214
469 302 179
498 274 200
502 264 168
446 291 203
500 344 251
488 269 253
486 291 265
517 258 223
467 340 181
440 274 251
462 358 188
479 280 209
443 316 230
463 354 220
454 279 241
505 278 229
431 336 212
480 344 198
447 355 192
489 338 262
451 314 191
525 294 223
437 357 168
481 263 243
451 275 199
450 344 176
431 353 224
483 327 257
446 312 197
505 333 198
520 351 252
524 288 249
524 345 223
493 268 202
463 308 198
455 317 242
482 356 166
505 337 209
482 299 180
449 347 214
463 278 236
468 316 178
443 349 203
491 320 252
508 277 247
507 312 231
509 293 232
473 282 250
513 262 195
496 317 189
495 324 196
498 334 243
428 358 213
444 288 194
504 347 192
445 307 264
479 286 256
523 296 243
453 329 203
435 307 192
491 325 201
505 343 230
494 322 228
490 351 257
516 333 259
469 354 176
457 278 263
508 323 201
482 327 225
449 329 263
457 287 189
519 259 189
465 259 219
458 262 254
472 277 222
522 314 219
440 334 260
483 351 189
516 263 234
469 279 214
512 265 215
484 329 198
471 296 167
443 284 171
466 284 181
514 283 191
479 328 255
508 308 218
444 350 168
489 339 193
470 316 259
427 329 263
477 357 255
498 301 209
434 259 242
442 323 237
429 264 193
507 281 253
519 322 211
461 290 176
456 309 225
431 295 234
501 340 197
428 343 256
473 330 232
493 349 259
436 301 208
512 267 196
501 329 168
524 310 206
470 336 216
508 288 257
498 259 187
487 262 234
491 275 184
505 352 198
462 290 228
438 348 254
521 310 210
486 286 225
466 306 227
477 269 226
521 323 230
499 306 212
487 326 171
454 353 218
463 330 224
460 269 205
467 341 245
456 334 199
508 275 231
502 313 245
439 337 254
482 273 187
515 312 189
479 270 174
499 280 192
483 282 249
430 339 243
479 301 253
434 299 186
453 342 201
508 342 216
426 349 213
524 264 220
510 349 194
487 279 193
463 330 213
508 266 222
453 273 195
433 277 179
490 261 235
429 275 244
513 329 258
505 269 242
490 327 166
489 285 243
449 358 246
499 262 245
492 357 190
443 267 240
515 289 249
508 316 191
434 285 255
433 310 217
461 283 243
518 310 248
506 351 181
525 261 232
439 327 177
469 280 171
426 318 258
509 289 251
468 282 233
464 268 224
520 321 231
450 274 202
463 268 191
447 328 256
511 352 201
449 321 236
497 349 191
441 316 218
509 318 256
472 276 201
513 326 258
479 326 211
496 259 228
517 302 209
470 344 223
484 265 197
457 318 188
493 292 201
450 279 207
468 352 214
501 321 214
440 295 175
449 347 243
483 347 225
474 316 203
471 305 252
506 308 196
476 324 200
450 325 238
493 290 200
458 296 180
456 286 204
488 317 250
513 271 255
483 276 259
440 324 257
478 323 196
433 259 237
453 268 254
438 351 185
458 259 187
473 353 238
461 319 191
523 319 197
506 287 210
450 276 223
435 328 191
435 330 190
446 340 222
526 333 198
435 259 242
441 291 172
477 271 180
445 315 258
449 269 186
457 350 173
444 322 239
511 307 182
437 335 227
459 355 199
476 290 218
503 358 219
516 348 238
429 298 259
495 263 228
463 300 244
432 351 196
506 332 252
480 319 263
514 345 240
487 260 167
488 345 228
476 267 237
455 272 249
481 325 233
501 352 174
519 308 221
453 307 175
455 311 257
437 294 227
487 319 201
433 261 179
448 341 176
511 279 240
445 330 226
456 277 239
502 305 193
433 301 230
478 312 254
505 341 226
511 268 182
417 229 387
354 264 346
409 234 325
358 285 312
349 252 319
435 263 359
393 297 336
424 239 309
350 282 336
347 286 381
409 218 309
406 283 359
424 281 306
350 280 377
389 213 336
383 280 387
421 277 354
447 209 350
405 209 387
445 282 324
369 277 350
372 305 365
402 299 387
425 247 381
360 263 336
438 220 352
424 213 387
412 243 318
443 306 308
383 248 312
351 297 303
437 267 346
391 286 319
399 280 380
422 274 294
394 281 391
407 208 352
365 262 385
423 258 362
362 298 302
429 293 332
399 304 336
416 244 366
434 229 302
382 212 326
444 293 294
402 253 385
398 304 311
417 307 344
442 234 335
394 291 380
432 207 352
400 255 322
409 221 366
373 209 296
411 219 330
391 224 332
424 299 308
402 237 341
387 296 390
408 257 365
394 243 306
395 307 385
372 248 379
362 216 382
442 225 308
387 260 320
391 295 300
415 286 392
427 221 328
446 221 340
409 302 349
395 216 384
387 260 339
364 259 377
354 252 344
446 219 339
383 249 322
385 228 347
375 294 330
369 211 379
357 227 388
427 291 389
406 270 318
388 279 390
363 287 339
377 259 338
417 294 337
436 300 323
397 247 351
400 262 325
405 245 369
379 210 362
352 306 344
444 293 315
426 218 319
362 260 294
438 225 319
348 285 325
366 239 322
379 285 354
378 303 305
360 270 346
414 290 339
407 229 350
380 269 303
411 299 379
413 286 322
359 253 320
414 260 388
434 230 308
379 239 331
357 243 321
376 218 312
440 211 333
421 294 302
422 265 303
356 268 378
369 233 391
424 258 384
369 235 378
361 277 324
382 210 371
347 211 307
362 298 297
347 250 351
439 213 334
392 233 348
391 263 321
392 243 295
416 263 361
378 246 314
395 213 337
437 230 324
361 229 371
394 232 327
409 215 374
360 217 333
390 282 357
366 304 302
446 249 320
429 297 391
415 298 384
390 294 368
445 255 386
381 209 297
350 295 355
357 215 307
444 260 390
379 207 363
381 258 325
355 215 370
447 274 379
424 212 386
383 209 309
422 254 298
405 243 372
374 295 336
351 223 340
416 303 299
437 285 374
364 228 318
355 214 379
407 218 340
447 243 354
445 307 325
358 272 310
359 244 307
381 275 315
364 262 302
358 301 370
409 273 394
360 259 326
385 267 315
418 286 312
397 209 312
375 295 294
392 247 307
350 269 326
405 300 334
359 224 349
354 229 334
370 217 355
347 275 330
428 223 368
442 294 321
399 231 373
362 294 350
402 221 382
421 248 350
393 278 376
358 255 297
442 245 331
437 261 296
374 252 352
390 250 377
366 226 316
355 211 304
444 299 362
420 277 366
382 262 302
350 241 359
439 298 319
440 305 299
435 304 342
400 305 391
396 227 332
413 284 341
443 210 362
355 261 372
437 222 326
353 249 318
381 216 322
412 233 352
373 295 315
368 254 301
420 226 294
359 240 336
384 225 383
418 250 372
388 252 317
442 228 321
432 273 385
365 243 345
442 224 302
395 260 296
383 217 294
444 228 310
440 250 306
391 257 302
402 242 369
401 278 332
415 254 318
363 300 376
439 251 354
349 275 365
410 214 370
396 294 295
400 263 307
394 227 301
418 296 335
440 294 350
447 282 371
426 302 360
403 287 326
446 230 339
350 244 315
392 292 297
375 247 382
350 236 359
446 260 342
364 216 310
355 240 361
392 211 314
442 238 372
375 246 299
436 256 367
398 224 342
375 289 296
418 247 301
366 228 345
439 209 333
362 245 297
447 236 363
406 285 324
353 219 359
399 273 369
400 251 333
439 244 346
433 221 389
367 207 371
431 260 322
445 304 387
436 222 370
422 290 296
356 226 390
352 285 309
398 236 333
357 291 348
434 232 388
353 211 381
380 307 298
359 283 309
408 250 324
442 216 358
438 259 316
355 263 297
381 225 324
369 267 377
381 298 327
440 222 306
348 260 377
413 257 346
431 277 315
418 269 300
392 299 340
393 269 377
353 282 335
422 238 334
438 304 350
379 234 306
425 255 391
363 221 366
380 233 348
416 270 358
386 300 391
389 226 314
409 287 379
364 266 333
389 266 313
357 241 336
395 248 392
360 292 347
424 220 370
447 292 313
384 235 316
427 237 335
444 296 356
430 287 380
372 257 376
412 227 373
361 258 379
376 241 375
430 301 378
347 277 324
440 295 329
423 216 374
441 236 338
351 283 375
386 287 340
383 254 381
439 241 295
387 273 297
378 303 355
354 226 301
413 213 341
399 232 386
363 305 297
352 275 317
428 271 297
350 271 317
369 268 337
445 299 344
430 261 357
370 246 296
359 208 300
404 272 384
364 246 320
411 283 361
432 246 381
380 278 368
404 296 302
425 212 348
381 215 377
426 277 351
349 304 379
390 237 370
444 268 357
364 241 366
420 268 326
356 245 316
440 229 303
422 253 296
418 275 334
420 294 389
382 210 373
382 213 348
363 246 365
403 274 354
378 244 337
355 234 336
408 252 334
441 253 383
360 300 331
360 281 348
417 218 394
409 279 375
362 224 346
432 231 336
429 254 382
433 210 372
354 217 326
432 240 387
361 220 368
435 274 320
400 262 318
410 281 347
402 215 320
396 259 302
442 208 305
379 207 315
358 275 309
410 305 341
384 279 350
443 282 362
368 279 382
388 301 366
407 271 331
402 229 391
444 258 391
382 212 298
446 261 299
425 267 314
351 216 371
399 265 390
394 301 380
424 301 353
417 301 364
402 268 306
400 246 344
389 242 303
375 307 375
395 286 328
367 213 310
360 255 333
436 287 300
350 293 330
376 282 330
351 219 321
369 255 302
432 248 325
393 275 355
419 268 342
379 296 352
435 225 373
420 280 381
409 264 298
348 251 362
387 290 382
434 255 372
352 211 334
409 272 375
445 279 336
447 294 324
348 274 380
392 257 349
428 229 367
425 233 388
433 286 356
401 265 348
413 273 371
433 304 328
428 305 350
384 296 358
363 219 389
437 287 299
390 259 334
439 209 330
369 218 357
370 248 359
372 277 303
422 272 326
349 254 382
403 239 315
432 263 362
441 239 353
418 306 350
409 288 314
427 283 381
425 255 384
399 242 349
433 243 353
431 235 349
445 241 309
413 305 316
362 208 359
391 288 359
408 290 383
410 260 306
436 302 304
348 249 334
411 260 304
368 298 349
413 222 294
401 216 372
439 277 339
437 264 302
369 269 352
445 223 307
444 289 343
415 210 348
373 294 388
349 265 351
429 265 355
440 243 314
410 287 305
362 215 348
414 221 392
410 261 310
420 280 321
381 217 362
355 228 377
378 214 339
440 306 323
437 264 369
420 229 348
379 231 332
419 272 380
379 213 328
440 305 306
368 210 347
430 253 301
394 241 384
388 211 317
427 233 297
365 266 359
441 248 387
422 225 350
372 288 314
402 297 339
350 229 372
371 274 352
360 287 303
377 235 369
445 305 345
447 252 342
356 214 295
434 247 332
377 225 384
410 243 345
442 261 328
437 236 346
435 213 367
414 250 361
380 279 314
388 272 341
439 266 388
372 258 307
447 251 344
354 268 357
447 211 296
362 241 306
355 230 309
367 304 315
394 211 330
391 301 294
391 210 359
348 283 378
362 284 390
399 253 387
419 264 377
353 267 376
446 286 302
447 218 360
381 210 296
354 267 361
423 230 337
373 257 318
378 253 386
380 288 327
372 292 366
388 249 350
427 273 312
377 258 334
385 259 352
410 257 341
407 245 377
432 245 351
423 255 354
355 250 321
434 239 351
376 217 340
422 217 343
392 298 389
371 227 364
390 262 359
409 281 363
365 253 316
430 305 371
348 285 324
434 301 335
350 232 340
381 270 362
369 249 316
432 262 328
396 221 373
425 212 302
436 219 356
434 261 358
405 275 361
385 291 358
375 238 355
403 229 363
415 245 355
417 258 354
357 217 360
390 242 354
421 219 344
379 265 341
355 217 389
423 282 331
401 285 387
362 292 377
421 283 300
428 251 365
422 292 391
380 256 344
397 289 343
376 303 352
378 238 323
369 217 352
381 213 310
372 275 318
348 305 327
379 219 341
401 218 394
426 208 330
443 223 302
362 273 338
379 288 312
385 295 370
392 243 367
391 246 386
438 306 332
374 208 345
380 230 300
387 298 326
411 256 327
363 215 382
371 208 367
410 279 392
426 272 309
387 278 376
371 302 374
443 273 336
371 259 325
372 274 313
368 243 301
426 288 302
386 288 300
361 243 351
411 266 337
374 211 303
370 253 375
354 230 376
392 276 354
348 257 344
407 236 365
405 270 364
378 295 386
386 279 325
420 307 343
359 290 392
387 301 360
404 242 321
367 282 367
370 298 329
441 303 314
352 214 334
388 283 328
353 295 377
365 238 322
384 207 342
355 278 370
394 284 362
422 245 360
371 227 339
381 239 301
363 238 340
403 292 307
441 259 346
384 271 373
409 267 356
403 265 294
439 287 387
405 229 311
379 302 367
387 237 381
439 245 342
353 264 337
379 213 311
398 222 326
439 212 319
428 249 359
425 280 300
351 209 332
387 224 357
445 293 380
416 273 294
408 280 311
380 216 334
348 251 307
392 273 392
446 296 344
419 277 299
367 245 377
396 212 357
392 264 317
424 285 373
348 307 352
349 220 391
438 291 300
402 245 380
379 248 341
436 283 309
367 261 338
353 245 361
443 225 322
356 246 317
409 272 317
54 243 241
85 184 227
97 208 233
33 171 188
77 254 237
98 260 240
92 174 254
110 232 188
96 233 259
97 166 191
39 251 208
19 208 212
79 169 199
97 240 265
37 242 275
70 247 214
67 243 241
95 173 255
109 212 250
56 247 219
80 229 249
65 191 271
90 228 224
73 262 245
21 243 247
19 213 257
83 251 223
74 216 177
37 201 201
73 245 233
97 168 260
95 250 227
85 258 271
77 181 268
83 263 258
24 255 237
41 231 190
106 255 261
24 243 243
111 248 234
36 219 197
85 241 237
40 230 264
102 172 203
109 248 229
67 230 245
77 226 227
16 253 270
55 245 262
79 247 243
101 179 187
83 216 240
104 189 252
68 211 258
90 219 183
53 250 270
51 227 210
107 247 248
98 199 216
33 242 215
29 237 189
77 261 246
76 242 192
69 222 235
25 236 260
100 242 222
66 241 272
113 264 237
94 212 253
106 226 189
39 208 265
28 230 176
59 266 224
63 248 212
56 225 185
70 208 265
105 222 270
111 264 232
38 240 262
39 183 183
50 210 274
43 196 238
114 251 261
18 183 225
64 213 232
68 173 178
88 224 215
63 218 237
98 260 191
55 232 236
54 222 218
34 258 185
67 170 230
75 260 180
71 189 266
51 236 212
113 262 259
54 189 202
81 213 252
89 166 221
112 218 219
86 223 227
74 240 244
58 219 228
97 249 207
55 207 202
36 168 187
17 238 211
78 261 203
45 217 198
43 179 270
97 238 188
94 245 231
104 220 207
100 257 260
100 248 274
110 210 191
57 252 233
102 184 266
80 192 245
19 260 241
92 185 205
24 255 196
17 222 240
28 217 275
92 189 243
64 173 208
17 224 220
35 212 254
109 204 250
65 262 225
57 228 202
44 185 275
108 228 266
54 221 270
95 199 252
16 227 224
48 192 275
39 224 227
66 227 248
113 246 275
49 204 261
17 174 177
40 256 183
75 261 236
51 216 242
40 197 273
71 211 182
65 167 207
104 211 235
100 236 254
52 182 194
114 223 266
102 256 244
93 241 223
40 207 219
81 248 214
60 191 240
110 258 194
28 195 221
75 203 256
97 213 254
19 171 210
85 255 200
111 226 262
48 249 187
95 242 209
50 184 206
108 246 275
19 263 236
15 225 236
18 259 267
71 190 218
63 255 219
21 248 196
39 259 253
60 206 196
77 185 176
39 256 180
24 180 198
38 263 183
69 178 210
34 193 190
97 194 202
58 253 260
36 230 210
14 173 199
90 255 205
71 255 213
18 200 221
44 226 207
94 195 224
73 216 186
21 182 198
107 221 236
58 211 206
28 183 213
100 176 222
105 218 197
67 250 230
74 188 274
38 210 214
56 206 219
110 225 223
52 190 221
108 190 275
107 215 190
41 264 250
37 217 213
88 172 236
66 228 236
50 207 223
57 200 212
93 222 212
75 252 252
21 168 254
113 266 268
37 198 226
32 224 236
40 228 205
78 191 187
14 252 230
54 214 270
99 184 220
69 195 192
75 211 198
97 226 180
114 167 254
94 264 225
66 201 184
103 198 261
43 250 262
40 169 227
38 183 204
60 187 246
77 264 217
68 180 222
45 186 197
27 227 229
33 210 263
44 185 254
24 221 197
22 186 255
85 230 222
82 216 222
30 255 246
16 264 213
77 266 253
70 175 245
26 204 189
44 203 192
107 231 222
64 243 212
33 261 236
111 209 237
100 224 216
73 184 239
63 228 246
46 215 224
77 169 190
43 222 253
65 217 274
75 174 270
20 236 238
114 259 275
65 177 177
110 217 175
81 206 224
111 233 237
96 180 254
51 233 263
54 218 189
85 195 190
69 183 203
58 186 271
29 263 202
53 178 254
70 169 247
78 209 254
103 195 237
23 257 230
58 172 266
106 204 273
101 250 186
94 202 197
108 246 182
16 201 211
82 255 212
102 174 259
37 218 181
48 222 264
82 218 213
102 247 188
19 219 210
29 266 184
19 257 253
63 188 211
64 254 227
100 192 256
91 231 205
49 238 271
60 174 178
32 210 181
57 196 252
40 199 274
80 261 241
47 249 215
39 263 258
51 217 191
14 168 226
66 201 212
102 191 182
32 246 259
91 197 250
45 244 271
100 210 187
50 190 260
68 196 244
72 209 219
98 254 255
87 189 207
102 204 190
99 265 198
110 198 271
87 167 186
101 209 273
68 253 260
91 191 237
92 261 274
18 202 250
65 193 272
69 166 264
111 215 224
26 251 254
61 250 252
83 178 212
44 231 237
62 183 262
55 227 228
70 223 221
51 242 217
84 233 247
34 266 215
62 264 198
92 200 213
29 167 188
101 229 237
85 235 194
18 229 178
42 253 212
19 251 275
50 204 267
74 175 231
99 206 226
90 251 203
48 220 239
20 171 271
26 189 190
92 229 261
113 265 215
102 210 231
73 216 185
31 228 254
84 167 226
31 181 183
49 228 272
37 250 240
86 184 214
109 252 206
50 186 211
109 171 227
94 208 261
84 239 210
93 261 195
17 239 261
89 260 190
104 220 247
111 215 186
89 241 237
69 238 203
53 204 225
80 191 203
72 217 176
41 220 241
56 246 240
31 182 193
20 167 265
55 181 210
94 231 207
26 262 185
15 176 188
82 218 217
86 266 273
92 190 177
111 225 248
43 179 184
30 235 264
99 183 228
31 197 228
17 247 201
83 262 235
31 187 207
101 259 257
37 181 176
58 250 264
50 223 197
108 188 229
22 246 202
90 189 196
80 210 240
81 224 223
58 191 199
48 226 220
93 170 209
61 233 204
19 257 230
103 175 237
78 172 230
44 203 220
49 246 224
69 166 244
73 229 252
45 167 223
29 259 258
54 260 216
67 224 180
76 166 196
48 250 247
101 225 249
66 260 199
72 198 232
83 227 221
69 201 177
101 239 195
50 183 204
72 171 216
17 168 180
57 216 177
111 264 234
41 174 186
50 240 219
21 221 237
19 182 247
58 241 242
20 234 192
102 210 177
16 224 273
74 201 260
97 172 178
102 228 219
35 213 261
27 191 240
101 188 183
58 266 234
91 183 195
80 222 251
87 248 244
28 209 269
91 266 194
77 258 253
83 195 249
61 192 217
66 193 225
50 245 229
23 190 232
34 177 253
52 223 195
33 172 191
45 216 256
62 238 189
20 253 256
63 238 249
26 171 197
73 181 202
94 173 218
103 172 218
100 255 193
98 216 197
98 195 269
107 205 273
61 234 269
29 190 237
84 220 248
99 251 257
62 209 198
75 216 183
109 189 230
82 210 260
57 251 189
53 212 204
107 207 200
105 225 247
71 205 199
112 241 205
98 166 259
57 169 215
66 188 214
16 236 230
92 266 183
65 237 268
112 174 222
50 184 207
100 203 202
107 194 259
18 260 182
90 177 186
76 250 263
69 218 243
35 219 241
58 229 255
33 214 198
16 263 216
111 183 180
58 232 188
28 172 268
78 203 272
67 242 222
78 174 180
104 264 268
103 177 196
43 260 232
104 201 215
60 184 246
99 212 191
16 257 265
44 265 272
108 166 206
19 220 208
31 225 252
96 238 180
59 245 228
23 257 189
109 184 193
51 211 230
109 218 231
19 175 275
48 255 221
32 203 252
48 221 248
77 230 226
25 244 183
40 256 240
76 174 182
38 255 200
108 264 270
19 209 213
50 200 206
49 228 226
51 219 203
59 194 214
108 242 188
27 217 214
82 214 268
72 194 214
68 199 187
108 250 228
26 239 247
71 208 199
39 223 212
24 214 237
82 257 248
96 258 193
20 257 239
26 184 251
78 256 268
110 203 211
79 247 251
51 241 225
68 244 238
94 211 204
38 254 269
93 237 235
101 227 249
23 253 254
95 201 185
74 225 243
49 195 238
59 243 199
48 217 205
26 247 248
96 181 211
31 196 180
41 238 177
97 198 256
114 260 191
107 168 246
105 256 222
26 258 244
85 246 201
39 218 193
105 174 216
87 190 223
70 207 268
88 247 257
76 219 224
65 198 213
79 244 177
82 208 239
22 250 208
43 232 243
67 188 272
34 254 228
55 217 240
23 212 254
55 216 218
60 251 230
96 183 221
23 240 245
53 252 231
19 255 223
108 199 220
96 189 215
32 193 227
36 172 263
80 193 220
81 251 241
34 231 264
111 217 189
27 169 264
70 187 250
62 219 272
114 202 252
86 182 275
105 256 223
112 230 245
57 228 259
91 215 179
34 246 214
72 215 265
57 263 241
16 225 255
89 193 198
51 236 228
34 231 258
63 166 199
86 247 226
41 215 206
34 228 184
27 211 224
111 248 246
38 243 221
28 217 175
93 174 249
70 222 200
52 266 244
18 196 241
20 197 207
34 189 231
108 186 273
60 244 207
96 229 208
35 254 259
17 237 250
98 189 220
76 217 267
14 206 179
110 259 261
67 236 204
97 221 224
29 224 243
76 179 193
106 180 182
112 217 220
110 175 178
44 222 272
73 167 275
52 206 237
84 217 255
58 258 183
92 174 273
110 216 201
51 177 240
19 186 201
76 168 206
34 230 215
45 183 229
103 225 184
69 234 231
77 247 239
87 234 177
86 258 216
59 234 268
50 166 213
107 260 248
62 180 208
95 223 275
62 177 195
18 199 215
104 256 193
68 175 225
89 196 247
21 167 186
56 237 198
23 218 182
19 171 196
78 244 198
109 242 183
17 212 259
108 208 264
62 176 198
217 253 349
262 219 441
202 199 371
215 244 420
228 239 387
265 259 367
234 272 432
225 213 378
222 291 367
275 196 399
214 222 405
208 217 427
180 264 388
192 266 353
217 222 388
227 291 374
195 197 385
231 294 397
273 261 376
202 210 381
232 282 376
209 287 359
207 266 401
247 283 392
207 278 428
222 257 392
198 267 383
199 286 435
268 203 414
199 243 395
194 264 349
209 198 435
240 282 449
208 218 440
193 244 448
187 255 420
214 284 442
259 235 352
191 259 429
251 233 386
215 254 376
193 292 398
269 271 421
258 213 418
279 264 446
267 243 416
276 214 361
247 214 357
242 233 393
210 287 355
263 216 428
267 257 402
232 207 371
203 239 425
268 207 446
245 265 417
195 202 390
188 265 440
228 278 406
269 214 361
257 277 353
274 212 380
200 222 386
206 242 385
224 282 419
251 248 368
249 242 360
273 248 394
262 253 371
258 267 362
183 205 351
261 289 363
183 265 374
202 236 355
217 215 412
225 229 392
257 207 398
229 218 434
183 281 380
255 247 433
228 223 400
243 259 428
217 266 390
214 246 390
236 221 421
204 260 388
202 270 426
183 203 395
223 260 423
227 279 377
258 271 350
233 221 446
181 270 381
220 274 420
255 241 418
201 225 394
204 229 357
221 206 407
192 234 394
272 240 377
191 270 355
232 234 388
228 247 417
191 196 439
204 238 359
244 268 382
203 230 412
211 196 419
249 254 383
221 291 446
240 269 399
273 210 385
192 203 374
203 202 397
275 209 368
277 213 357
268 202 365
262 218 413
198 269 388
274 256 424
277 266 387
257 203 425
215 261 398
230 194 385
270 270 397
201 236 410
201 280 365
199 266 405
202 273 357
264 211 396
191 249 442
238 253 380
197 270 422
267 240 383
275 269 447
229 199 392
208 282 395
222 215 434
207 259 386
263 241 373
278 283 371
193 205 410
231 211 404
197 255 359
187 286 443
192 247 415
275 213 385
261 248 441
217 233 350
191 216 370
261 264 425
218 264 428
183 227 377
270 292 351
193 261 443
223 194 412
192 268 447
276 261 362
254 234 381
237 241 385
255 265 399
206 275 352
243 242 430
280 213 372
255 268 447
275 248 398
253 291 422
207 291 418
227 202 409
205 225 359
275 251 446
277 279 368
195 244 350
238 211 356
249 204 350
199 221 411
215 228 429
280 241 351
239 268 373
194 244 356
228 287 427
254 253 375
208 213 425
258 207 388
231 238 358
201 264 362
182 228 405
271 253 357
262 272 445
225 256 410
188 242 371
226 199 431
248 205 390
257 244 428
195 231 428
244 199 370
183 201 361
244 253 392
239 227 417
227 288 372
252 220 393
206 208 433
195 272 392
182 266 394
218 211 435
206 293 428
192 261 441
260 194 446
189 270 387
270 292 442
212 261 353
265 222 360
200 259 362
234 221 436
201 279 375
201 216 375
261 272 395
247 283 383
249 205 386
269 207 361
252 290 426
215 270 381
268 288 435
265 244 365
269 263 366
182 196 449
212 210 433
182 206 374
240 264 432
252 216 449
255 292 377
260 277 360
233 234 425
225 268 441
216 266 431
203 225 358
219 198 421
192 291 395
203 289 433
254 248 431
195 277 411
242 273 352
259 279 427
257 257 419
194 264 444
214 261 380
196 249 392
265 230 429
228 288 419
261 294 414
184 240 411
251 221 362
222 253 352
273 292 418
251 278 361
254 293 383
186 263 407
255 249 366
230 230 383
241 292 447
207 249 387
185 221 437
180 200 387
197 214 441
239 219 384
212 261 367
220 263 366
231 287 383
208 236 436
257 220 430
234 211 402
206 240 376
242 237 383
237 289 440
213 205 372
197 247 407
198 235 402
247 247 378
266 204 407
238 206 361
231 212 398
244 232 394
222 248 435
198 281 368
269 213 369
195 251 396
267 200 351
229 251 377
199 221 375
252 262 424
269 222 429
190 274 412
272 288 428
277 221 419
253 236 366
252 261 416
226 263 431
186 223 426
237 268 356
267 194 449
221 267 400
241 238 382
205 259 351
184 224 372
196 205 404
258 207 375
213 287 377
243 269 447
233 225 351
227 274 406
235 248 412
214 239 399
185 250 379
195 211 424
206 202 370
246 215 358
193 255 394
213 240 381
261 258 353
263 246 439
185 210 389
205 292 407
221 274 381
218 254 351
230 224 409
268 246 400
250 275 412
264 254 365
230 226 409
240 223 367
274 227 397
267 245 404
253 271 353
242 290 372
189 232 359
232 221 385
227 263 382
212 271 382
182 201 428
257 250 379
229 219 359
203 241 435
252 223 423
272 217 351
200 263 362
255 216 371
232 277 402
232 278 350
279 256 351
195 257 372
270 278 386
240 294 433
242 237 446
239 257 440
232 249 413
224 240 448
274 270 430
217 273 443
181 223 399
211 221 417
211 237 393
250 268 436
277 225 372
257 252 415
273 281 357
233 241 449
233 213 367
221 269 397
190 281 394
207 232 443
231 207 358
237 210 419
250 293 424
205 256 414
229 194 411
201 270 375
203 270 385
268 273 435
229 236 447
271 272 354
217 285 444
254 261 387
258 255 395
245 245 397
193 272 369
264 291 420
220 248 371
212 238 431
190 264 444
280 215 411
246 229 435
225 248 442
225 249 357
234 227 366
260 235 366
265 213 419
182 288 363
227 281 425
185 215 434
198 284 439
274 291 376
212 287 437
231 258 382
183 294 371
220 264 446
248 239 426
190 242 394
240 219 368
223 231 416
200 208 383
240 280 445
188 226 416
254 207 411
182 285 376
276 243 423
200 200 411
192 233 449
186 258 363
209 202 387
191 273 373
226 248 353
247 234 380
229 227 384
224 267 382
268 264 389
227 218 399
246 197 445
246 277 439
230 225 379
212 291 434
207 252 352
248 257 445
250 232 390
242 206 406
268 285 409
186 234 391
209 241 434
268 270 415
210 217 449
238 198 386
188 237 352
240 294 387
272 264 367
225 263 419
234 197 422
220 260 373
211 197 444
273 271 366
218 194 375
261 290 392
262 261 416
207 280 444
256 210 386
229 292 418
280 215 396
203 240 354
193 235 395
270 274 427
209 248 433
187 290 376
236 260 436
239 280 412
231 199 397
204 199 414
236 220 363
224 294 408
246 273 386
249 230 376
263 275 417
278 221 349
211 237 388
201 264 432
204 209 438
188 287 400
186 207 356
243 249 421
190 235 399
242 243 374
196 237 433
180 263 413
208 293 385
184 245 407
279 261 418
194 287 387
255 214 423
265 236 397
276 271 362
222 206 357
246 291 425
224 259 426
276 281 357
273 266 393
182 217 426
246 220 372
216 216 422
234 215 429
262 265 372
257 217 422
262 279 363
257 274 421
210 201 401
210 210 368
241 241 366
224 260 420
198 208 360
180 290 430
259 194 425
212 222 432
274 214 402
268 203 435
192 269 370
269 225 449
235 210 383
231 260 440
212 285 367
203 264 406
211 283 397
208 207 439
271 204 374
239 273 395
186 263 359
217 220 434
271 257 427
196 208 374
246 266 404
264 216 427
277 220 386
212 236 380
193 278 388
239 261 445
221 285 431
184 235 433
229 218 397
204 234 365
228 208 384
237 291 422
203 222 448
273 265 402
227 240 421
183 231 430
275 263 389
217 247 414
249 225 420
182 208 396
262 220 382
226 283 384
274 266 408
216 194 438
240 286 375
250 258 350
270 237 415
248 259 430
209 222 405
191 291 399
263 276 407
182 259 446
244 224 424
254 240 420
186 268 353
262 242 449
235 228 351
182 256 400
230 242 379
184 224 449
226 245 449
183 206 399
233 238 367
181 284 419
234 273 368
250 292 439
219 200 365
256 221 374
195 290 355
272 218 439
226 284 374
196 211 360
257 215 395
232 292 446
260 194 385
268 290 445
215 194 415
222 217 423
256 202 363
268 275 413
258 257 349
254 288 354
240 229 419
181 198 349
266 217 367
224 243 389
246 202 435
276 212 385
251 241 442
193 254 363
206 293 395
273 200 429
273 253 398
202 208 373
279 229 427
238 280 399
270 287 399
270 221 401
255 292 361
222 214 376
275 196 396
280 256 414
233 276 417
273 210 414
185 289 432
250 271 419
251 286 386
225 206 353
271 291 420
181 223 373
235 292 364
268 227 414
217 212 431
245 288 444
275 291 387
279 267 401
217 227 442
257 199 389
236 286 415
259 286 380
275 290 433
255 272 420
262 245 399
212 246 355
195 208 384
239 207 361
257 258 396
202 204 355
216 287 412
184 272 426
186 215 439
213 294 435
213 294 408
191 222 441
205 202 395
198 202 349
243 291 367
209 220 383
235 236 419
272 223 351
219 224 372
218 261 357
198 252 449
208 198 405
248 226 396
190 197 351
248 203 393
275 271 352
230 272 403
227 237 353
182 288 402
197 287 403
183 209 407
257 216 409
200 289 357
228 199 448
209 227 406
267 211 349
206 223 383
250 221 400
255 194 421
273 245 370
243 219 355
261 280 442
265 268 414
203 283 365
243 283 394
206 242 432
256 283 398
241 251 410
184 224 410
259 222 409
183 278 399
234 254 402
237 289 360
200 233 354
180 261 370
224 268 391
211 274 419
258 270 364
247 218 431
274 212 430
230 201 443
215 267 387
188 238 396
185 276 357
251 197 391
195 282 358
244 265 436
261 199 425
220 276 411
182 211 415
207 250 415
215 224 444
209 201 390
181 269 436
488 141 334
440 188 302
490 226 331
442 228 330
448 233 302
460 139 274
504 185 348
440 186 282
491 188 315
467 195 338
469 201 299
472 158 254
444 195 325
521 161 255
438 168 342
486 227 254
515 181 301
473 133 331
528 152 299
490 137 307
443 194 326
438 232 283
473 169 292
502 143 272
476 218 256
430 209 292
477 156 301
440 141 252
487 222 290
443 180 279
467 216 258
483 188 299
441 163 287
475 201 313
479 207 271
478 223 332
467 177 348
519 219 308
451 152 306
473 156 280
462 150 274
441 169 344
490 207 310
486 158 272
492 177 339
433 201 345
473 193 255
526 232 254
463 152 321
488 135 259
445 180 285
465 180 308
476 183 269
496 207 335
446 227 350
473 227 313
509 135 331
496 155 319
486 176 298
495 178 301
521 136 328
503 182 286
463 198 298
469 221 285
496 180 259
437 197 260
446 216 264
500 195 315
451 215 328
479 217 322
526 192 308
497 149 310
501 213 298
435 156 322
436 228 261
437 137 289
507 164 316
517 210 261
470 137 279
458 227 314
443 216 297
472 229 322
478 150 261
502 219 266
465 161 331
522 144 349
474 178 340
491 191 265
468 199 304
447 181 320
508 208 254
443 191 256
523 171 341
459 197 311
429 204 256
469 141 339
487 173 271
521 230 323
522 138 278
521 140 337
525 188 268
480 226 330
429 191 299
448 232 343
520 134 262
512 221 304
446 209 316
432 172 329
525 195 312
449 179 339
447 207 337
492 204 319
508 165 314
474 210 284
450 203 260
443 152 264
511 152 343
500 150 351
512 176 287
429 231 280
521 163 283
469 184 340
490 140 280
512 174 299
475 192 322
496 225 278
506 189 295
499 144 257
446 200 279
527 151 301
451 182 274
469 203 334
469 226 276
503 205 332
499 145 289
522 135 255
460 196 295
452 212 300
498 189 270
522 191 282
503 233 296
497 170 334
452 187 295
495 205 335
452 232 299
495 230 292
465 222 326
523 215 329
486 211 295
447 170 339
428 170 308
490 219 295
459 154 303
451 216 328
472 201 331
493 164 267
429 134 286
448 178 257
434 157 261
478 230 285
506 162 314
431 173 337
499 166 302
467 139 332
505 196 260
463 232 316
460 194 304
475 181 283
493 169 256
480 209 330
454 226 285
488 135 309
442 136 341
453 167 267
515 176 292
448 187 341
482 226 300
435 224 320
472 178 253
474 208 339
514 172 266
477 213 335
489 215 306
486 154 331
491 174 279
447 220 279
462 146 263
449 157 331
453 212 257
457 166 296
493 144 272
483 189 270
481 168 301
522 230 295
445 232 283
459 226 302
432 179 349
502 146 314
497 156 261
458 180 273
460 170 287
431 139 287
492 143 310
511 181 271
460 194 291
503 188 268
505 158 328
442 178 351
429 164 342
485 204 277
472 167 275
525 172 346
457 140 319
430 161 262
481 170 304
495 149 330
429 165 325
442 149 328
483 220 348
498 195 280
527 143 287
498 135 340
505 177 334
478 205 329
507 190 301
449 178 315
468 183 316
474 140 266
487 150 309
444 201 260
458 154 318
433 164 261
428 223 263
435 142 317
441 177 343
482 151 276
434 152 347
472 156 296
431 183 303
430 191 275
448 205 258
443 222 270
508 164 332
485 164 272
508 182 348
499 176 255
479 189 318
461 149 314
438 197 288
486 171 330
434 205 295
502 201 310
520 178 323
499 166 292
446 211 283
522 198 280
452 202 332
433 220 351
459 211 325
479 136 295
485 204 322
467 210 330
502 221 345
490 216 348
488 157 317
511 182 317
509 181 342
443 169 300
441 222 326
500 139 289
516 219 277
453 228 343
515 182 313
443 147 270
479 184 287
445 146 270
466 204 264
469 186 312
518 221 256
436 210 263
500 202 351
500 202 306
499 212 253
459 187 258
469 206 257
486 197 346
447 223 321
450 171 263
431 202 329
437 141 304
451 170 269
506 141 287
513 173 309
464 174 332
485 133 293
461 232 330
490 141 253
503 175 256
450 210 253
454 231 311
485 169 261
465 154 335
501 147 335
506 207 298
447 141 286
447 201 274
510 193 277
436 147 302
452 164 262
478 191 286
471 230 261
461 231 265
517 145 287
484 216 292
510 156 289
459 220 255
448 158 287
488 154 337
445 178 343
466 136 319
441 165 297
528 171 308
495 204 349
522 148 276
449 233 339
479 231 288
505 219 325
501 214 319
515 202 258
448 208 308
491 191 346
429 136 306
485 181 284
503 164 350
483 222 294
429 233 255
523 218 283
471 225 280
467 186 295
502 216 325
451 212 343
508 137 315
435 206 297
447 152 312
491 189 281
522 212 271
431 192 315
453 137 328
470 156 274
454 198 306
504 146 299
510 166 348
474 194 330
435 198 307
510 209 253
495 168 348
494 227 318
520 189 258
433 162 338
470 206 330
494 149 342
461 207 254
506 144 256
460 147 309
447 147 254
519 232 279
520 186 316
527 149 352
447 160 317
517 146 302
458 198 308
450 212 349
488 212 338
490 147 329
521 147 338
495 145 301
457 144 291
442 152 301
477 215 325
448 174 324
477 186 284
507 144 256
514 169 259
477 142 331
464 211 321
491 181 317
459 165 302
480 155 327
442 154 253
439 188 279
523 205 273
485 200 257
438 214 252
504 231 347
523 133 262
521 202 290
447 158 350
479 218 336
434 170 342
431 177 263
460 192 266
524 186 260
513 171 326
477 137 278
459 167 337
523 139 341
510 202 318
515 133 323
484 220 335
445 146 290
448 168 319
498 174 274
470 223 281
469 179 347
487 180 274
514 174 266
500 137 262
506 178 273
504 146 284
528 153 348
434 184 327
431 187 277
454 173 303
435 228 295
497 153 323
470 137 283
519 196 327
434 205 317
448 180 311
493 189 307
456 144 274
441 231 333
483 178 265
510 160 312
514 187 330
461 170 335
522 185 258
522 217 336
440 204 272
504 227 276
527 162 301
513 137 306
431 226 300
445 160 310
498 219 314
500 190 257
498 233 273
439 174 297
475 140 336
461 199 314
454 178 277
481 232 335
434 208 301
488 155 279
466 177 277
462 189 261
471 195 256
484 204 310
514 143 336
466 147 333
455 165 289
464 144 254
496 169 293
525 145 329
443 171 283
441 226 340
445 144 324
444 152 325
525 225 256
463 215 348
516 149 317
519 185 315
444 207 322
442 192 280
469 174 324
507 184 300
463 135 260
428 188 287
458 184 341
481 165 310
504 175 322
513 166 287
479 164 319
468 142 346
505 215 312
488 203 294
433 144 310
501 231 310
506 215 293
505 225 268
469 149 328
495 134 320
439 152 264
524 146 300
475 196 347
521 186 279
487 232 330
442 233 336
483 145 273
498 184 261
528 145 289
445 190 288
496 140 316
433 198 276
486 155 267
497 212 307
511 172 295
430 209 321
477 161 269
479 140 284
456 206 318
481 168 315
448 190 307
466 169 260
528 150 332
520 211 282
429 161 253
502 136 308
450 231 304
432 183 260
462 144 332
493 195 332
468 134 291
505 174 264
510 204 258
479 164 318
428 210 341
476 232 329
452 151 289
446 222 320
499 232 338
485 212 312
430 226 339
483 191 265
435 134 319
436 153 325
518 143 309
436 218 350
471 149 289
506 133 269
480 227 276
512 221 321
433 219 274
512 185 268
429 168 314
474 172 259
499 143 269
526 172 335
523 149 333
514 172 324
511 226 329
528 165 340
449 133 284
449 191 304
505 231 315
459 145 334
468 137 322
443 168 347
443 163 275
455 146 283
460 232 290
432 228 332
469 171 352
495 149 344
475 144 254
528 225 343
510 168 321
492 190 333
522 145 274
450 165 342
485 211 303
492 190 305
488 162 257
525 199 305
452 173 349
459 213 289
470 199 253
477 162 303
459 223 258
435 190 341
437 139 288
457 224 295
434 179 352
519 178 339
439 192 299
518 136 290
454 161 262
470 177 289
451 185 308
509 171 333
459 134 294
430 178 300
522 147 292
489 198 278
499 177 306
446 139 297
480 153 257
478 148 260
456 212 296
490 223 330
461 206 295
515 166 303
438 160 277
486 227 269
451 175 274
429 189 256
487 135 280
433 157 285
465 222 304
501 230 299
524 142 268
449 201 257
499 179 316
445 159 264
511 176 265
468 205 315
449 218 273
517 222 326
458 193 287
488 144 307
431 155 257
448 141 308
468 153 269
481 230 349
509 159 348
476 137 288
458 215 290
512 138 313
450 152 294
497 183 345
462 227 303
438 182 253
495 180 262
456 215 254
500 142 261
438 155 305
450 157 297
433 174 271
450 219 279
500 133 340
482 166 337
430 176 327
490 173 326
487 137 289
512 221 282
467 204 330
493 176 269
517 178 303
451 139 336
479 207 276
494 173 324
500 215 254
466 164 322
519 157 285
460 153 309
493 178 352
508 191 333
503 178 347
453 145 265
444 213 313
488 211 301
432 233 253
467 169 296
454 207 315
482 160 347
454 198 344
482 222 272
463 158 343
522 217 313
525 225 299
492 178 285
519 224 314
487 183 307
522 138 348
488 171 329
507 180 308
519 178 304
495 149 279
509 146 351
514 197 303
509 231 263
503 231 340
451 200 314
507 214 291
450 190 276
438 145 325
440 155 321
433 145 268
505 170 254
505 170 278
513 170 287
524 207 323
514 186 279
527 166 310
484 219 321
520 223 337
496 169 271
497 140 335
511 154 295
490 176 259
502 489 202
415 487 221
463 461 147
418 410 171
452 474 196
461 420 218
491 395 246
487 393 213
448 429 246
492 469 209
446 401 241
491 493 224
413 481 179
496 426 152
409 443 229
426 445 234
504 425 209
417 472 208
432 411 171
427 400 235
493 432 229
486 477 225
478 397 198
408 432 204
426 439 151
425 471 210
436 452 191
433 434 154
474 444 246
467 461 172
453 482 209
505 393 163
455 437 176
460 394 190
451 445 187
412 458 225
493 460 243
409 395 238
487 441 219
433 453 230
478 444 154
443 433 229
482 407 189
420 432 168
451 398 246
454 412 209
493 444 204
451 423 202
409 483 235
470 455 191
491 470 159
448 438 180
429 458 233
480 430 201
457 407 226
459 468 206
416 395 234
490 425 158
487 482 171
478 396 194
493 471 154
496 445 162
496 433 150
423 407 212
424 423 224
420 413 185
412 479 190
479 442 177
466 468 153
419 465 160
485 480 161
480 483 244
420 400 246
500 491 209
463 444 157
505 486 175
504 413 199
449 487 150
459 419 172
429 458 161
505 395 155
444 433 215
412 486 209
447 430 160
422 484 207
462 436 214
461 487 159
448 458 202
416 487 247
483 415 149
425 484 193
437 397 231
422 460 171
425 445 182
475 465 219
495 476 238
429 424 149
488 449 235
405 432 245
418 435 229
458 438 166
416 482 188
426 401 179
499 475 211
420 428 198
444 443 222
489 490 221
464 446 208
453 492 210
409 487 176
469 403 215
488 407 160
442 394 245
438 452 169
455 443 236
440 412 206
451 493 191
463 445 220
436 427 243
422 467 195
470 429 211
419 421 166
434 426 212
407 407 179
493 454 164
493 417 233
505 485 235
477 395 208
485 412 213
435 438 226
476 403 153
488 466 176
471 425 173
441 453 190
439 488 173
443 413 151
492 430 223
412 410 211
454 424 181
453 438 193
467 433 202
457 416 190
436 474 193
469 470 155
474 491 179
500 438 174
428 491 156
418 416 166
426 442 225
444 457 197
498 433 184
428 464 180
432 430 186
465 421 233
436 488 195
462 445 207
423 436 220
492 423 147
413 467 195
491 493 150
499 445 154
430 422 241
469 490 219
423 471 188
465 483 231
476 414 230
464 434 178
496 466 232
410 479 194
458 414 245
465 453 147
472 477 210
416 428 242
493 407 213
491 474 177
464 393 158
421 395 239
446 416 162
452 464 153
450 425 184
409 415 181
415 484 169
487 426 175
429 458 221
486 438 222
449 393 229
426 424 156
449 406 180
475 493 218
446 437 211
415 423 149
489 428 160
505 463 179
448 425 243
408 406 242
443 447 151
417 458 238
442 395 151
464 464 236
452 490 168
443 485 244
435 463 231
502 479 207
459 486 191
435 459 216
458 486 197
505 447 147
501 421 200
410 493 182
458 400 181
500 464 156
475 455 197
462 454 215
449 436 196
412 398 176
496 470 187
496 482 184
424 403 239
464 444 228
413 476 227
503 481 228
487 455 207
470 471 182
459 411 181
505 442 185
475 439 245
463 493 190
466 413 186
500 393 214
464 398 188
482 488 209
455 468 153
439 489 154
463 418 201
473 491 184
442 454 181
481 489 233
460 415 217
458 489 158
444 459 178
430 439 177
478 463 215
469 456 192
428 467 161
460 393 236
482 441 225
488 442 164
488 397 206
489 460 206
491 424 233
479 436 155
461 400 178
439 414 203
454 483 219
505 473 188
451 478 201
497 453 167
458 447 239
438 463 167
432 440 155
437 439 183
408 488 215
437 474 229
441 468 153
450 486 230
491 445 173
430 474 163
451 400 161
482 436 173
411 442 217
456 428 229
495 491 166
471 400 221
431 449 187
474 418 167
481 469 191
409 486 152
460 402 189
473 442 210
484 411 173
446 438 170
416 485 194
479 459 197
488 394 233
499 425 152
488 428 164
495 408 194
486 403 183
467 469 160
428 468 210
471 492 238
433 418 202
456 472 235
505 459 242
405 486 161
488 493 162
411 430 192
439 457 191
415 425 242
495 469 181
417 456 186
413 462 238
469 403 212
411 421 216
464 475 238
416 470 214
458 458 147
410 396 216
424 465 215
496 471 213
486 451 186
449 462 193
461 401 172
464 397 155
503 433 199
490 403 190
448 462 223
497 420 228
426 421 215
426 492 240
480 419 189
423 437 197
464 483 147
450 492 152
447 439 209
423 433 230
445 493 224
409 416 159
500 460 231
431 464 174
504 482 230
501 436 233
492 452 198
446 435 183
466 393 172
498 475 178
451 486 195
446 437 208
455 431 184
486 402 149
459 446 159
443 441 152
442 444 202
416 398 208
477 455 214
446 422 239
482 468 223
464 489 157
448 484 236
439 430 216
420 393 156
459 417 247
487 472 199
408 477 209
464 493 182
461 476 207
488 482 223
412 401 169
464 438 175
494 410 224
425 461 201
469 419 196
481 454 159
457 462 231
408 474 216
487 471 170
495 410 245
489 472 222
460 410 207
471 410 235
414 403 221
485 480 232
415 437 239
433 399 236
426 443 163
419 463 228
468 486 178
496 459 218
467 401 217
443 456 191
477 448 244
409 423 224
467 449 189
487 474 162
451 406 189
411 407 226
415 493 147
422 453 247
496 429 224
437 485 241
470 465 182
496 409 217
504 443 224
421 471 232
485 418 229
425 404 238
484 435 219
438 456 236
498 401 233
405 460 193
448 421 228
434 456 215
492 465 171
439 488 194
422 398 179
420 453 188
492 452 185
436 461 166
415 418 166
463 453 236
426 489 228
441 405 231
442 433 214
421 455 181
486 415 227
500 404 244
474 424 179
504 393 147
503 431 195
444 403 186
425 462 208
505 454 216
452 424 166
471 459 175
448 451 196
474 393 192
460 433 148
422 467 192
436 481 187
454 430 214
460 433 210
456 475 207
413 478 196
497 465 223
461 487 190
466 409 197
480 416 206
488 463 214
466 437 202
452 396 241
451 434 147
409 438 204
473 416 220
433 424 185
407 488 212
445 447 197
434 453 164
405 403 236
406 473 209
454 403 160
460 456 159
464 426 206
493 486 211
501 456 186
442 412 247
441 442 204
482 461 154
478 395 191
424 475 161
434 404 161
455 484 158
465 416 179
448 444 228
425 414 242
490 400 201
422 434 206
478 406 203
453 443 189
414 463 181
460 425 160
458 401 202
491 483 157
491 420 154
458 454 245
479 456 164
475 424 221
418 479 214
443 485 152
467 407 204
455 429 192
449 408 195
429 428 202
497 446 208
442 441 191
422 403 204
456 442 177
414 406 173
477 485 169
463 437 181
486 417 151
475 440 228
411 440 205
446 395 162
423 476 149
487 407 154
425 403 148
495 430 246
433 451 214
419 395 214
449 473 237
477 477 206
466 429 198
430 458 225
487 404 230
490 472 199
438 447 192
441 471 202
436 404 148
489 422 241
459 420 177
455 430 174
452 474 234
441 466 238
500 460 178
445 492 182
423 471 216
485 406 189
480 458 209
444 402 194
459 427 155
435 491 218
419 471 182
422 427 153
419 459 152
457 451 199
440 472 203
494 449 228
476 459 245
457 424 191
444 435 218
483 455 147
473 476 207
421 401 154
457 435 243
472 397 242
470 487 240
448 429 236
453 483 196
417 440 207
433 400 192
493 441 237
441 430 174
470 405 186
427 449 195
481 478 167
475 416 192
422 464 229
460 478 182
409 462 229
488 477 241
478 424 231
505 412 246
476 451 206
410 475 209
504 493 171
467 408 219
433 413 174
447 482 216
485 478 216
478 445 240
426 485 186
451 440 184
449 437 173
437 426 161
491 432 227
482 429 231
476 471 228
474 483 205
481 405 152
414 398 197
470 429 206
434 493 150
464 439 176
415 462 156
440 397 162
432 395 247
407 398 223
458 488 172
412 452 237
501 482 244
478 416 218
463 415 157
491 415 230
438 410 187
462 406 228
453 478 165
418 432 164
475 475 247
406 404 195
481 406 149
486 410 199
502 401 244
455 415 159
410 423 181
478 419 240
461 414 234
445 473 245
429 432 160
453 406 174
499 435 160
405 435 175
433 446 242
499 431 210
499 486 220
483 426 227
423 431 200
468 481 233
484 440 147
480 425 211
501 427 201
445 398 161
432 440 231
429 467 225
494 445 177
459 461 245
498 465 202
413 425 190
431 441 237
423 416 171
479 438 150
487 431 179
432 452 220
410 407 152
476 452 207
458 438 228
433 405 245
476 473 245
472 454 189
432 463 203
482 491 202
448 480 175
470 468 157
444 470 233
443 402 235
430 467 226
441 444 208
475 403 181
437 487 195
430 427 241
476 485 199
467 477 179
495 403 226
502 431 181
477 485 147
459 447 244
466 451 207
428 426 158
503 476 162
436 394 169
423 452 208
481 454 178
447 483 182
472 403 246
444 453 169
453 420 208
423 478 164
478 451 180
469 417 169
427 465 148
430 409 238
427 475 228
504 428 203
439 393 187
494 418 164
475 436 194
484 424 160
460 471 169
454 447 197
477 422 245
463 480 180
449 416 240
460 467 237
451 429 203
474 478 213
459 471 189
497 447 220
490 435 196
411 457 196
478 418 222
439 479 194
426 405 211
478 469 157
443 488 218
461 473 220
411 396 163
499 460 215
465 435 170
455 434 226
409 473 216
464 400 212
434 406 236
450 415 191
430 465 171
492 442 243
417 422 162
418 483 195
405 428 177
489 455 218
435 430 179
429 450 161
401 466 45
442 461 98
413 483 58
431 427 15
412 476 83
424 441 34
423 493 31
486 471 18
395 503 74
470 498 52
464 420 105
445 466 33
388 491 103
450 438 26
411 434 103
479 454 65
417 491 59
447 493 61
417 461 26
422 505 113
453 467 52
414 480 87
392 465 112
407 466 24
471 469 20
436 430 37
478 506 54
438 488 52
443 443 103
467 458 89
443 453 97
417 471 31
469 431 15
409 485 24
458 505 51
479 411 68
440 455 77
419 489 86
437 425 109
428 459 33
395 410 101
448 462 27
482 501 67
485 450 53
433 474 65
458 506 91
389 469 39
439 445 56
483 461 54
474 475 52
404 451 30
419 451 73
470 474 56
456 457 74
467 500 83
419 463 95
465 410 21
471 491 107
477 444 77
430 442 103
441 441 34
416 411 77
424 443 46
484 494 38
421 486 55
417 436 81
415 422 47
433 497 89
404 507 95
426 478 61
476 462 28
435 452 102
399 488 113
468 488 29
457 445 43
436 483 17
395 415 38
409 425 22
407 497 44
431 487 49
408 416 64
408 411 82
462 419 90
454 471 115
425 465 44
442 420 73
487 415 33
441 458 54
393 446 84
470 426 82
422 458 56
414 497 79
486 466 31
480 429 24
466 413 59
429 434 97
413 463 25
430 425 22
454 451 44
394 455 44
452 423 46
463 441 113
412 481 15
420 430 114
477 441 65
430 425 66
450 431 22
459 498 112
449 480 16
388 432 93
395 507 89
469 439 54
426 450 25
431 439 80
481 445 77
458 484 110
424 483 74
457 446 38
481 489 30
436 415 19
451 490 106
398 487 84
430 445 59
430 424 52
458 462 72
454 431 43
416 423 73
455 459 28
476 417 44
442 422 112
408 458 70
404 461 54
388 464 69
448 460 99
390 467 60
391 432 68
389 430 31
450 463 55
452 458 94
389 452 34
456 417 99
481 452 112
442 475 39
396 430 60
486 498 29
461 422 105
432 424 76
473 492 69
412 509 33
432 474 52
405 500 45
428 429 73
447 478 79
446 465 27
428 449 33
434 462 70
422 450 48
434 494 78
425 488 40
413 478 18
412 478 88
414 442 34
449 429 88
438 506 105
479 434 33
402 502 45
400 496 44
470 448 82
424 502 77
453 470 21
421 507 105
425 416 61
412 451 70
407 473 28
462 500 56
462 430 97
451 466 81
467 473 19
450 424 86
487 477 81
393 475 82
485 499 60
479 503 55
402 487 26
488 415 31
406 479 110
426 431 49
478 504 25
397 491 38
419 454 81
470 484 31
426 423 35
467 419 55
442 447 106
415 458 45
405 460 70
470 448 16
475 419 21
439 418 58
392 445 44
484 471 43
443 474 50
393 427 49
419 418 78
457 495 50
394 460 39
488 409 34
411 422 15
482 410 25
450 455 58
448 422 91
398 481 73
446 489 48
448 464 58
424 416 114
407 481 57
436 499 72
393 499 107
473 475 32
445 434 68
398 469 53
431 489 90
415 497 18
451 432 52
400 450 38
401 441 111
488 472 62
396 441 101
398 459 77
423 425 71
388 448 51
429 427 27
452 448 33
435 446 44
400 477 27
466 481 20
431 508 84
473 501 33
466 433 16
486 433 104
403 497 29
473 432 59
471 422 89
487 491 76
483 433 37
435 425 44
457 460 102
396 463 56
405 451 99
391 508 39
464 446 67
395 509 77
461 479 56
474 495 64
403 415 76
465 426 71
458 438 25
454 447 60
440 478 23
408 500 45
452 465 41
444 476 71
448 424 84
481 502 17
438 436 33
396 447 50
485 409 42
425 481 28
433 480 46
457 469 90
445 474 78
441 492 32
398 413 104
442 433 90
465 448 74
405 476 80
402 432 34
466 507 55
409 462 96
392 420 53
404 491 42
411 482 84
401 456 34
392 456 41
457 462 30
476 476 40
464 415 99
454 413 37
470 494 114
447 506 64
446 491 113
476 426 34
448 432 58
392 488 61
456 487 28
444 456 84
445 459 68
432 484 105
428 467 114
462 454 22
418 410 15
474 504 106
455 490 115
443 448 42
408 504 27
447 501 20
438 491 52
478 500 55
428 500 111
459 492 59
417 419 42
423 433 59
405 430 86
474 482 47
474 497 98
480 466 94
424 507 34
483 502 22
480 479 27
417 448 94
454 431 96
423 506 56
412 410 112
470 471 109
400 418 32
478 446 66
433 464 41
434 456 15
440 417 73
446 457 25
455 416 98
451 409 85
472 446 94
452 460 48
419 426 92
421 419 83
425 446 36
485 463 47
420 494 37
447 444 15
397 432 97
419 464 19
467 489 40
415 491 66
440 445 111
432 481 76
441 442 54
449 417 63
483 466 32
455 419 112
430 460 107
441 450 41
425 456 20
483 487 72
474 485 24
464 449 90
420 489 61
391 483 74
438 470 27
405 454 26
453 494 19
441 433 75
418 473 113
483 474 81
429 412 62
487 412 65
461 500 111
389 508 39
456 441 25
460 461 24
440 418 26
465 459 52
471 430 79
467 422 69
447 472 68
394 493 27
468 442 67
459 448 100
457 486 62
411 423 97
458 498 58
485 484 26
445 477 61
482 468 54
396 432 97
402 506 104
474 420 24
487 468 66
456 450 26
464 419 34
476 467 99
413 445 108
452 411 74
485 429 85
447 416 30
445 471 114
466 484 79
430 483 100
446 485 96
465 479 94
410 467 72
418 424 38
457 504 25
485 432 106
441 478 60
428 495 73
453 414 65
477 468 108
448 452 81
431 509 81
447 448 25
460 436 103
400 483 24
471 454 16
447 487 109
454 478 78
434 491 45
466 494 40
388 492 73
476 445 60
403 469 83
433 453 24
469 455 45
399 417 81
395 449 56
422 491 32
391 470 113
483 432 90
478 444 107
440 497 44
435 457 23
404 426 107
421 483 95
476 472 70
478 426 53
464 487 21
429 501 58
456 474 21
455 504 75
406 423 22
461 453 99
431 417 88
422 420 77
405 416 99
435 445 85
452 473 59
474 497 63
472 446 55
485 494 85
444 434 79
420 415 46
449 412 68
458 451 65
412 450 59
406 504 105
435 443 75
462 502 77
405 508 71
484 501 26
406 468 40
428 444 69
475 424 95
474 471 76
468 436 64
435 480 21
410 452 71
474 491 76
471 416 70
449 496 51
462 432 22
466 501 75
395 460 55
428 430 47
443 414 17
435 468 20
441 451 66
433 459 89
405 506 111
409 483 58
475 490 69
466 494 18
402 497 81
412 490 100
418 458 59
435 439 75
431 439 36
443 473 26
425 445 98
422 482 32
398 449 62
441 458 60
392 482 87
441 434 98
484 420 17
460 450 15
474 451 23
401 440 39
450 431 104
486 505 21
405 421 51
478 508 114
439 507 81
445 428 113
429 446 78
420 494 71
415 455 43
443 429 37
458 434 100
486 497 96
394 484 103
433 475 21
480 427 37
417 478 113
405 454 21
480 439 109
484 476 71
429 417 20
464 457 26
408 446 31
412 498 66
417 489 20
471 432 68
418 500 58
399 454 16
416 452 72
460 507 92
430 409 73
413 426 66
441 482 103
427 412 44
484 506 85
465 485 15
486 469 75
395 500 110
443 492 61
464 457 28
472 509 72
418 470 45
403 482 37
468 482 29
463 461 43
415 440 32
462 447 86
390 462 42
397 497 31
461 456 77
413 422 94
391 484 113
476 498 74
434 499 95
461 479 18
480 428 113
458 485 110
445 470 49
416 489 43
416 445 51
423 501 47
446 458 51
488 418 16
429 463 103
389 469 30
429 412 110
442 457 77
480 489 102
486 477 110
395 425 32
454 487 62
412 508 70
482 459 64
410 504 97
455 418 98
441 450 54
478 496 26
411 481 36
488 413 114
437 436 112
482 478 26
402 492 34
486 415 57
475 499 22
470 480 73
424 419 38
458 415 78
440 491 30
478 497 16
407 420 24
452 494 55
389 442 64
411 509 94
417 444 46
433 414 80
397 487 80
486 451 61
414 444 36
402 444 96
454 422 69
477 433 89
479 455 70
464 475 77
448 425 96
475 440 106
442 465 91
480 502 100
464 415 60
443 505 76
419 428 72
439 429 86
451 500 111
482 413 73
396 457 101
440 412 80
474 451 93
421 476 37
487 457 49
483 498 43
405 474 112
465 451 53
415 414 15
448 412 41
410 492 113
446 427 50
435 500 16
487 462 44
449 469 77
469 418 70
415 421 79
467 453 90
394 418 74
433 420 37
404 417 45
395 502 55
411 414 24
392 474 105
475 488 93
404 501 113
389 463 51
460 444 38
427 443 77
408 481 63
428 440 29
411 441 90
422 446 52
483 483 49
467 463 114
475 426 60
474 437 71
476 448 113
431 425 35
391 476 19
428 486 107
451 476 115
424 456 80
471 422 51
485 479 69
467 423 35
481 415 22
456 424 59
393 443 90
458 453 91
441 447 76
417 446 69
452 412 94
421 428 35
476 493 56
474 459 92
452 430 24
477 456 36
466 437 99
405 432 40
396 483 44
453 460 109
488 410 109
451 494 81
421 491 54
457 411 45
454 421 97
404 492 62
450 508 34
438 426 26
408 495 107
445 430 50
463 422 29
461 420 45
464 479 40
397 426 40
451 464 90
467 425 68
459 467 47
396 433 82
442 507 23
473 504 85
445 415 111
408 495 40
448 457 68
459 509 54
406 460 45
409 415 24
458 481 29
403 425 54
482 504 86
172 277 275
247 231 315
224 326 318
224 235 254
253 233 330
265 319 332
190 264 267
252 293 272
179 271 256
184 300 288
173 293 328
236 233 274
263 280 286
207 264 347
234 312 302
234 272 255
227 229 337
205 233 285
216 263 313
261 282 338
192 277 258
177 251 308
204 328 321
251 230 270
225 235 314
225 232 275
216 234 336
215 246 282
218 253 309
211 325 258
263 254 348
227 296 320
225 291 268
224 240 277
258 281 268
188 317 273
192 327 313
230 291 318
174 321 269
250 316 302
207 234 293
217 275 344
170 254 303
186 287 321
260 239 345
208 292 288
216 255 299
191 277 337
261 288 337
256 259 272
201 303 304
182 300 341
266 270 297
239 232 340
195 303 275
223 242 290
197 311 256
201 312 259
222 273 279
171 292 314
173 276 345
203 265 280
188 317 340
190 327 260
215 236 308
244 309 326
257 305 278
222 298 307
183 291 347
218 302 285
204 293 296
236 273 254
182 283 343
240 318 331
179 297 342
179 273 291
174 231 319
182 288 273
221 258 323
210 280 253
191 237 329
212 307 266
265 253 313
195 255 279
238 264 327
173 279 315
215 275 300
173 294 283
261 241 327
193 249 277
203 256 315
208 242 347
176 286 291
182 238 342
259 251 284
199 321 349
220 299 261
252 291 259
212 296 276
254 278 260
167 311 322
168 327 333
205 272 341
247 293 346
219 309 341
256 320 338
230 235 349
204 250 310
186 246 284
183 309 272
201 231 318
245 312 271
192 232 277
171 265 290
199 242 258
179 279 287
180 248 319
246 281 347
247 249 288
217 289 316
175 259 347
248 262 293
195 297 334
256 258 292
194 250 324
190 315 313
204 314 260
194 236 268
166 298 259
204 309 260
178 277 272
260 321 290
224 319 286
187 303 252
173 229 312
176 291 258
264 249 269
228 256 258
240 291 334
257 327 332
259 297 291
258 325 296
258 308 287
188 323 299
186 249 329
261 289 317
232 324 253
216 310 341
189 327 341
250 234 315
247 307 349
251 256 258
207 248 308
201 271 307
261 318 287
208 254 266
226 284 268
257 304 287
183 309 338
188 298 345
239 253 319
242 297 351
176 293 311
228 287 324
203 318 352
251 319 264
240 274 297
211 269 331
247 328 352
198 263 273
203 287 282
257 251 280
256 252 295
173 262 338
221 326 252
203 243 256
260 275 337
186 310 266
242 325 260
171 308 341
253 250 305
201 254 261
189 269 318
196 252 257
237 305 311
206 297 258
255 262 335
266 315 297
231 305 296
217 285 287
238 290 278
199 280 257
265 281 320
204 325 263
244 259 348
260 291 321
168 275 339
192 306 277
186 275 342
228 260 252
218 230 348
211 321 344
203 254 301
197 303 322
225 308 338
248 242 260
238 327 293
205 309 342
181 305 270
232 310 322
200 326 254
228 304 333
175 314 272
202 235 253
192 280 252
181 297 279
213 248 319
231 245 336
246 291 254
244 325 257
185 294 329
210 231 331
227 297 326
262 239 291
166 321 303
228 291 315
244 274 300
237 308 308
182 259 295
178 240 283
176 254 307
221 324 338
213 250 265
171 237 259
231 253 299
217 252 320
188 304 348
170 255 270
167 272 336
183 315 256
167 246 329
202 300 271
210 254 295
193 284 306
232 318 318
171 303 262
171 240 277
262 262 300
253 270 323
200 256 264
226 303 301
253 260 259
213 318 252
264 271 265
211 317 297
225 232 293
194 316 285
228 323 296
264 228 272
207 246 335
235 301 255
200 310 276
242 266 258
186 326 297
202 240 350
205 283 320
241 253 290
170 288 268
175 292 314
259 274 270
180 282 328
166 286 327
188 252 267
222 242 319
254 271 289
180 321 270
216 323 282
264 293 329
212 252 295
186 316 262
221 290 264
215 311 301
177 312 338
264 269 309
174 327 311
169 254 288
187 323 314
181 280 272
218 271 255
211 289 260
182 321 282
167 244 305
217 300 315
256 243 351
243 312 324
222 248 256
248 326 266
216 240 279
263 242 286
234 326 337
220 244 289
240 319 347
228 289 302
205 269 310
233 301 290
233 289 298
196 257 349
166 324 298
212 282 325
179 280 333
253 318 301
168 278 275
253 245 255
259 276 348
200 321 280
220 321 269
192 293 319
222 316 289
195 309 346
260 247 270
182 248 348
186 325 312
244 283 313
182 259 337
212 320 310
184 254 313
232 257 304
253 290 283
239 326 325
252 310 260
232 254 322
263 247 291
206 255 347
252 253 343
199 315 261
238 268 350
171 246 349
203 326 339
236 255 292
184 266 273
255 231 309
265 315 303
248 270 324
251 279 297
232 235 272
210 254 308
191 292 296
252 295 316
256 318 336
195 253 307
211 272 330
185 250 339
256 231 256
239 237 334
247 260 314
184 259 298
216 265 322
260 248 261
249 266 261
204 297 301
202 232 307
182 281 334
218 273 330
200 325 305
185 240 340
166 259 298
253 291 275
221 270 336
228 280 298
208 273 338
183 323 303
167 253 309
225 247 321
251 252 321
198 286 328
228 326 284
172 245 329
257 321 267
200 309 345
203 253 351
237 321 311
183 263 278
187 245 342
191 228 271
261 289 316
211 318 309
233 305 342
177 303 346
265 255 254
196 252 317
218 298 276
260 250 350
185 254 349
232 325 314
171 267 259
237 262 334
205 238 261
245 278 329
220 268 263
232 326 296
222 300 252
231 318 322
213 317 296
239 307 282
198 288 310
204 303 266
264 253 351
192 252 283
256 250 257
256 231 311
264 229 273
189 228 334
200 265 265
206 304 265
167 247 337
218 328 289
231 294 266
172 297 323
184 244 342
181 317 281
253 247 261
207 300 299
202 271 336
242 228 306
207 284 352
228 328 305
172 309 259
192 231 275
196 323 283
219 301 350
186 296 265
223 324 348
206 298 317
176 312 329
167 297 307
183 314 270
200 326 308
265 285 327
251 309 299
182 267 328
235 326 287
178 269 293
261 255 257
184 291 337
251 288 306
251 262 254
266 322 255
209 253 280
228 313 329
186 241 314
169 284 340
190 233 315
241 301 327
226 229 330
175 284 254
249 308 271
216 233 313
201 319 344
177 321 347
229 296 289
225 305 255
197 264 268
187 253 299
195 254 259
223 273 292
204 292 279
211 287 321
189 242 270
227 294 260
175 235 280
237 321 277
219 289 264
246 239 293
167 291 265
223 253 345
170 265 323
259 317 349
167 240 255
176 275 262
218 279 270
173 256 307
225 264 260
252 314 300
219 284 281
193 287 321
259 276 294
263 273 272
265 257 265
194 245 290
233 248 299
177 234 326
198 320 293
195 267 283
180 320 295
223 280 274
222 240 261
192 240 279
185 248 289
225 267 275
235 254 317
233 258 268
222 323 306
213 251 338
212 251 312
194 241 276
220 255 268
179 289 270
171 327 321
228 263 323
216 286 335
245 260 254
265 260 341
262 296 341
188 241 260
223 267 287
202 292 286
203 301 335
202 273 261
190 325 337
174 297 320
200 240 344
239 231 271
186 247 311
194 249 272
182 249 289
170 259 341
195 234 333
196 271 292
239 302 255
178 303 270
216 308 315
243 295 312
202 308 348
188 266 296
194 279 312
229 293 270
183 293 294
246 228 345
260 240 345
188 271 327
182 312 345
266 306 312
183 312 298
258 319 294
239 312 266
235 277 303
238 310 336
244 259 271
213 246 307
192 228 317
178 261 253
217 297 318
207 265 291
260 255 255
172 229 261
242 255 349
224 304 336
186 286 267
194 321 292
253 280 288
253 291 318
169 263 329
257 316 352
212 307 261
265 304 285
254 304 262
249 269 268
195 325 286
187 228 278
266 283 258
235 279 289
202 305 293
256 277 312
232 311 311
178 286 294
172 293 346
185 303 351
177 305 349
177 251 326
261 282 315
210 255 337
194 277 261
232 272 344
238 254 344
194 246 306
220 298 336
209 328 273
243 253 312
186 237 268
246 261 342
257 290 341
226 248 343
173 309 340
192 253 318
209 249 327
174 265 322
238 271 320
249 326 350
262 249 317
168 263 302
249 276 338
210 253 329
178 317 252
248 238 296
243 306 257
187 235 282
182 289 344
167 260 284
174 248 275
238 292 334
258 326 279
243 264 259
212 312 320
215 266 313
222 292 310
208 241 320
256 302 259
175 287 327
232 237 264
168 295 301
253 327 279
182 256 346
187 232 339
187 323 348
262 291 273
190 301 310
252 314 334
183 317 285
225 253 325
223 301 253
261 250 266
177 282 267
187 233 303
166 274 266
201 291 309
252 231 263
186 244 312
187 292 325
222 278 254
255 285 292
237 262 323
216 234 290
213 276 322
167 320 319
230 259 339
257 250 316
201 231 255
226 284 335
219 279 254
257 302 348
180 229 310
181 274 283
263 282 315
221 270 349
247 314 287
199 289 254
217 229 252
257 287 259
170 252 349
262 279 335
190 294 352
184 228 308
248 243 304
241 288 338
265 292 328
225 319 350
239 229 267
254 248 310
232 240 338
253 293 258
229 298 329
244 270 263
240 284 350
192 292 341
221 327 330
250 263 273
264 292 282
232 252 277
252 302 255
242 300 335
247 313 301
166 263 286
225 285 311
264 300 255
203 262 273
251 240 298
186 301 255
207 244 297
190 248 313
256 245 271
262 328 270
216 257 294
200 229 258
170 262 312
202 248 335
225 275 293
258 300 261
210 229 345
266 279 264
220 263 266
263 108 139
333 133 140
354 92 193
313 109 185
282 66 180
283 115 157
350 123 168
280 135 117
261 62 168
291 108 112
313 75 200
352 44 168
261 93 148
324 65 174
294 94 112
284 83 176
310 97 128
271 45 147
266 129 197
329 103 138
278 119 205
308 72 167
293 119 166
334 55 208
279 132 152
325 131 164
259 116 192
258 83 165
325 108 141
347 115 194
354 39 180
316 91 162
293 40 115
292 51 193
296 106 145
274 74 148
273 101 138
346 36 125
265 74 124
261 99 131
330 43 137
269 84 135
290 43 188
282 77 198
353 40 115
312 40 133
328 72 208
267 108 185
315 131 183
339 125 183
336 122 174
351 136 134
321 37 155
343 36 132
292 77 129
280 38 175
263 76 182
275 74 182
315 40 128
285 73 192
345 123 197
285 58 207
310 67 135
306 49 173
308 73 177
282 133 117
309 101 136
271 49 117
297 132 166
325 106 159
310 120 201
351 136 208
260 71 207
272 130 158
321 109 196
275 39 205
280 101 189
309 113 200
337 72 147
322 69 134
323 82 195
307 107 126
352 122 189
314 36 158
356 136 167
330 79 193
319 75 164
307 84 182
336 90 124
280 55 113
338 129 205
298 113 125
278 98 198
346 106 184
341 97 190
272 88 151
335 61 117
280 66 130
348 45 123
354 75 156
345 58 157
353 120 136
280 63 181
321 85 160
301 127 200
283 129 203
334 48 202
262 87 161
322 102 197
332 111 147
297 120 112
348 67 148
264 124 203
336 64 141
316 116 118
288 51 145
308 53 190
303 82 205
302 94 205
321 94 121
265 109 134
264 81 153
270 98 132
330 71 154
300 104 144
284 134 119
350 106 197
285 70 111
348 42 120
307 84 109
326 84 134
261 107 196
342 136 115
263 106 182
304 83 166
288 52 131
323 97 206
306 94 114
302 51 121
320 70 170
343 62 160
277 116 192
337 86 149
286 132 131
266 134 138
291 108 116
323 102 193
263 129 123
299 125 140
353 60 116
284 134 162
319 79 124
291 56 170
292 110 136
298 122 205
347 134 122
287 103 178
321 64 192
298 65 120
308 70 118
288 87 126
348 111 205
318 99 203
321 113 181
290 41 150
356 39 145
329 97 118
339 89 195
340 112 122
352 98 178
263 38 120
283 57 129
291 134 177
334 47 205
299 111 150
308 106 161
316 110 170
344 113 153
323 38 191
337 47 156
282 136 120
316 110 123
282 133 187
338 107 117
270 40 196
331 116 146
332 115 142
328 62 189
343 93 203
345 46 155
288 114 115
302 82 110
327 70 110
298 76 179
339 40 157
275 131 178
338 49 131
279 79 162
332 87 146
263 45 188
294 125 126
314 135 205
282 100 196
299 105 197
326 70 179
346 87 158
326 84 151
350 109 161
284 37 205
286 131 120
264 109 192
345 51 135
348 109 184
328 49 174
354 54 142
257 121 189
330 105 148
351 63 133
316 114 137
334 88 143
284 77 162
352 93 136
309 135 149
320 118 110
301 68 194
275 45 138
347 38 110
353 136 191
306 75 169
344 91 144
282 127 191
280 93 161
331 60 142
277 87 190
263 123 178
325 82 140
261 92 123
355 123 178
268 122 182
261 130 172
279 61 184
292 97 183
282 67 177
256 124 188
336 56 112
261 98 188
287 70 121
313 73 113
312 133 183
277 118 159
331 117 125
260 70 111
352 94 191
305 86 123
355 79 152
264 77 188
304 127 137
308 124 117
355 79 141
327 43 179
278 50 133
269 85 136
282 100 207
288 99 150
332 120 194
313 93 123
344 131 122
257 98 171
346 116 137
272 54 169
340 69 111
319 126 115
354 48 152
320 78 196
320 84 203
316 126 195
345 92 199
302 74 190
296 83 136
309 115 179
340 48 202
344 67 120
305 84 179
264 88 190
304 81 109
315 89 189
257 106 127
285 62 193
338 52 203
343 63 203
328 51 115
260 125 157
346 38 157
265 38 128
292 66 206
281 68 161
289 91 164
338 135 187
271 48 161
327 41 207
294 46 139
348 110 166
275 73 204
303 97 127
284 65 141
349 123 196
343 44 122
304 63 122
323 38 144
336 111 113
344 79 141
341 113 119
327 69 191
307 85 152
310 56 156
350 105 115
353 125 123
354 112 114
329 110 113
279 57 126
285 126 115
346 126 113
322 91 149
272 57 167
314 116 177
321 81 135
277 117 181
284 43 120
316 133 171
289 71 139
307 49 116
257 101 183
337 41 130
296 41 189
300 89 120
344 78 196
297 39 154
355 53 110
302 77 183
315 51 158
292 64 196
311 110 116
293 135 143
349 86 189
315 107 132
341 64 118
256 125 167
329 60 180
297 70 169
276 100 189
327 38 194
280 134 111
305 134 174
347 50 175
270 107 180
289 90 149
275 130 157
325 85 130
280 72 146
311 132 125
354 68 162
308 57 198
303 109 194
272 79 131
319 101 162
348 125 119
281 99 157
257 121 206
331 113 190
289 51 159
339 99 157
311 127 173
345 134 164
335 100 149
266 62 153
279 117 112
316 36 149
275 99 178
279 99 115
346 88 112
287 79 137
349 84 110
259 47 162
301 82 114
275 48 131
277 118 172
305 74 133
309 95 200
353 79 158
266 124 148
305 73 204
341 72 168
325 119 207
324 103 174
263 130 172
340 56 167
267 82 166
352 97 208
301 48 180
295 56 132
316 39 139
312 59 199
297 63 130
263 125 154
285 71 114
313 53 122
315 102 152
305 49 160
338 93 183
269 50 152
323 59 143
270 72 165
269 105 152
268 41 131
347 97 149
285 46 188
271 36 205
298 108 179
278 104 160
348 84 118
326 56 156
334 116 132
313 94 179
319 41 112
340 70 187
312 118 126
326 91 132
299 51 141
288 40 131
276 40 123
337 66 125
283 37 208
259 97 195
326 69 125
264 46 206
303 78 114
301 99 180
355 110 195
315 128 177
268 128 180
333 72 164
267 71 111
273 116 199
284 80 201
307 48 136
304 100 201
287 59 109
278 51 130
273 63 208
298 107 132
325 130 189
306 59 170
327 112 138
272 53 204
295 59 188
281 92 190
290 132 194
351 118 169
264 104 116
284 68 168
316 131 160
324 129 112
344 100 169
303 136 144
295 56 183
265 43 200
313 127 128
278 117 144
349 72 167
348 113 201
305 130 141
344 85 198
342 38 207
339 85 203
258 57 208
328 133 208
278 58 156
281 99 116
330 37 162
260 115 120
292 103 169
292 55 193
353 99 160
290 70 151
308 66 201
279 127 167
299 68 193
318 79 166
273 128 208
296 41 153
261 40 136
301 122 181
348 135 134
338 92 144
298 120 166
293 54 117
259 69 142
272 97 202
350 83 162
324 81 167
320 44 203
285 87 140
267 51 176
284 60 166
308 103 149
327 56 157
354 106 185
356 38 197
313 119 196
259 37 167
299 94 112
341 133 186
288 87 205
278 39 208
271 126 122
269 77 124
296 48 124
348 115 126
307 103 116
354 82 151
299 101 204
335 115 176
325 60 132
308 120 201
343 135 190
327 90 208
297 64 129
284 127 205
286 112 201
314 85 202
283 38 155
286 83 130
303 111 203
257 87 156
265 99 170
347 39 135
337 44 165
301 116 120
314 110 160
288 82 156
320 84 112
284 110 164
332 66 133
290 117 143
290 74 134
330 121 121
342 88 157
337 87 119
270 70 206
263 110 132
293 129 197
320 119 153
277 42 143
339 89 120
320 44 143
353 123 181
306 92 121
265 54 169
286 65 117
317 63 172
327 108 189
347 136 175
319 73 144
304 70 109
340 63 113
283 105 124
325 56 167
263 118 121
351 132 112
304 82 140
342 56 152
328 69 131
314 114 127
297 136 166
335 112 197
294 59 180
292 121 206
286 116 115
269 69 157
316 68 132
303 95 139
351 66 170
343 39 143
339 44 165
316 53 141
312 109 170
277 65 208
329 123 129
354 122 143
338 44 137
354 93 120
289 75 149
307 112 127
337 67 204
279 53 208
283 62 201
303 123 116
315 109 116
272 36 152
259 37 117
352 80 155
310 102 121
265 64 167
265 67 189
264 59 174
326 76 124
284 64 206
301 114 138
331 93 171
266 97 115
339 89 142
262 94 109
334 105 134
308 52 208
302 90 161
272 39 177
278 73 177
303 88 200
297 49 142
257 98 175
343 112 115
316 114 162
279 37 152
296 102 121
265 119 113
283 72 194
306 112 193
289 46 164
352 117 160
273 111 160
264 126 170
340 79 138
269 38 161
304 134 196
306 82 163
281 73 142
319 60 172
334 55 118
327 135 148
333 128 161
268 106 147
314 98 113
306 112 148
265 94 130
347 126 136
322 122 182
349 54 201
289 70 153
327 54 177
325 89 138
347 132 155
292 53 163
274 121 162
340 107 190
315 59 148
356 70 191
270 66 204
305 74 156
310 44 204
353 122 166
296 65 158
307 111 114
267 70 188
347 37 191
295 128 193
353 78 140
324 90 165
269 94 131
287 44 178
323 94 119
274 106 201
256 46 151
341 109 140
343 84 147
337 135 182
308 101 133
290 99 176
291 75 155
304 77 112
282 71 187
260 131 167
262 126 123
265 117 144
332 46 145
355 132 138
312 55 181
309 100 127
304 136 155
294 125 155
330 49 200
301 38 116
328 83 123
302 132 187
272 39 133
325 99 138
285 39 158
281 73 178
305 77 203
274 109 164
286 127 132
