98 119 164
95 79 219
98 127 186
22 123 214
58 166 152
33 68 175
44 83 171
24 103 250
48 158 152
85 138 217
46 145 188
39 100 196
56 143 188
13 86 187
51 90 200
41 136 225
14 108 155
12 134 230
81 79 243
6 149 154
79 98 232
48 122 212
26 154 242
21 142 180
10 145 237
15 149 187
46 129 232
105 104 247
49 162 190
79 137 249
18 116 190
21 150 190
103 131 251
16 125 191
36 103 240
36 71 244
90 121 226
35 98 223
35 113 242
76 165 162
72 158 208
66 75 203
93 74 156
12 71 229
9 109 228
51 100 177
84 93 164
60 132 247
55 100 212
22 135 226
43 70 173
73 90 193
19 123 221
101 142 251
84 71 185
104 69 234
11 74 225
65 102 215
19 81 217
8 131 215
419 446 214
411 450 249
423 416 240
477 484 189
434 491 213
448 482 264
413 491 271
465 451 258
414 505 276
503 453 246
466 493 266
492 503 255
484 466 183
411 484 270
446 456 237
474 474 194
502 444 243
408 480 257
484 472 204
445 511 253
502 422 192
494 491 183
424 444 267
464 431 259
473 411 206
415 503 271
492 482 277
422 415 207
427 422 279
477 445 258
458 487 277
501 469 267
496 473 230
440 445 270
473 509 229
423 511 277
440 478 183
471 478 218
488 475 209
440 422 219
426 436 220
453 506 212
480 436 191
437 511 247
493 479 211
451 447 235
481 425 270
452 473 279
465 503 240
438 432 277
461 509 205
460 427 230
469 462 221
421 420 182
428 508 256
427 427 277
475 423 248
425 433 184
494 479 263
477 418 241
433 411 208
511 457 192
447 390 142
495 425 188
464 396 190
464 456 145
476 408 144
436 388 231
495 391 221
485 392 150
508 390 161
513 383 220
485 453 200
501 398 153
426 411 211
505 448 162
508 388 222
437 411 199
450 459 220
487 430 197
512 455 198
476 453 169
497 466 224
447 471 142
462 406 183
446 430 190
439 445 190
505 408 196
523 451 202
442 425 240
503 375 147
520 407 215
463 458 213
470 427 175
469 412 200
484 415 215
481 469 238
491 388 229
461 423 182
472 462 140
487 384 145
513 395 172
481 456 162
463 404 207
437 435 176
523 451 195
523 437 229
521 387 211
466 451 152
490 448 187
470 436 205
478 425 202
434 406 178
424 387 149
461 467 188
435 417 156
458 472 181
433 459 231
500 471 224
489 461 221
338 108 360
308 104 433
311 112 431
333 61 412
317 91 436
356 95 372
278 51 392
271 76 429
313 70 397
327 75 377
275 63 440
344 114 424
307 54 419
322 142 388
293 84 404
361 88 405
330 134 422
298 56 416
325 81 438
331 93 365
328 138 423
267 62 407
281 67 426
343 119 378
276 77 374
340 132 392
342 44 402
294 51 363
329 103 410
309 101 384
279 86 367
330 63 430
313 113 430
312 112 365
313 74 365
281 97 402
325 108 410
314 43 438
360 140 362
346 90 430
303 123 432
303 55 383
347 79 425
345 79 426
347 62 404
349 115 409
298 115 360
262 60 384
270 69 424
305 93 358
303 66 367
303 51 415
310 138 392
279 137 390
315 89 443
321 134 371
284 121 362
352 131 420
303 117 412
275 136 426
113 434 132
165 407 118
111 438 119
156 419 75
165 372 102
168 373 98
92 367 159
121 428 106
90 354 104
145 386 134
135 440 156
121 373 107
139 422 79
134 360 137
122 398 116
115 375 150
98 403 148
173 407 94
147 360 99
98 395 82
109 425 143
172 375 118
177 388 147
78 344 77
164 348 161
171 399 122
91 377 146
151 375 150
109 374 99
135 349 119
84 373 161
96 348 125
112 438 104
160 349 143
160 370 148
140 376 66
159 352 91
90 350 140
115 343 84
87 439 133
134 380 82
132 383 143
159 433 146
121 411 150
140 393 116
172 368 72
156 378 123
117 423 96
104 405 122
166 346 71
138 427 78
79 433 139
108 397 99
124 420 105
109 343 80
93 406 128
86 438 148
144 392 104
85 374 92
102 433 142
484 267 255
417 282 240
463 327 234
466 275 231
418 287 260
394 257 218
454 266 227
401 290 198
418 260 257
471 315 175
411 256 228
387 277 196
458 265 236
452 322 248
462 292 195
445 260 225
431 257 175
429 331 262
474 305 266
438 279 190
403 256 193
448 272 179
409 257 183
460 268 230
482 327 174
456 276 199
388 282 190
458 292 184
414 300 170
397 262 175
399 260 186
468 293 215
412 328 170
421 335 204
468 286 224
424 264 186
467 324 248
439 256 239
395 260 256
482 297 234
428 277 173
443 306 227
440 322 171
411 294 197
406 271 199
420 296 193
410 324 222
467 287 239
440 320 206
452 325 254
448 328 227
433 336 172
484 326 174
439 341 216
409 285 184
484 310 218
419 294 171
416 310 194
458 254 175
470 312 261
404 491 435
397 465 409
396 469 392
355 484 391
345 437 387
399 460 395
397 421 418
346 511 394
368 505 460
396 494 449
369 512 436
338 423 462
320 457 420
347 464 403
383 438 453
336 480 457
367 465 384
382 468 460
338 432 454
353 501 437
323 422 388
350 520 418
314 438 399
312 495 385
320 451 437
401 454 460
323 511 397
367 501 410
348 495 441
404 521 449
357 507 376
322 421 448
323 450 442
360 505 422
358 475 422
316 472 380
323 521 381
326 467 391
313 506 388
378 429 459
376 496 413
345 458 470
318 510 381
346 504 442
323 461 451
405 449 382
407 496 386
319 508 464
407 455 380
343 460 450
383 471 415
326 472 402
331 453 429
402 480 437
316 440 412
411 441 388
385 479 404
314 480 376
390 488 458
364 468 458
229 41 152
245 14 202
285 18 198
263 -2 195
230 76 186
296 60 180
289 47 209
236 67 179
260 34 183
249 73 143
250 68 234
239 29 148
248 27 193
220 36 210
306 18 213
268 43 219
277 18 184
217 51 219
235 -9 183
267 62 155
292 55 176
270 3 183
246 7 207
304 76 189
231 69 204
312 0 171
279 5 192
301 77 159
262 10 149
296 5 178
250 -17 228
217 28 168
312 25 179
219 45 224
217 1 185
261 -11 199
266 4 173
269 58 134
313 1 185
308 76 228
292 35 161
251 -15 221
290 19 172
268 60 178
251 25 157
227 -3 184
254 -11 183
251 7 199
253 -18 198
281 -5 203
251 52 192
255 76 207
225 78 216
233 45 158
269 7 219
279 22 179
220 -10 134
317 34 202
269 18 222
307 -17 178
218 143 300
237 136 311
242 186 314
271 169 329
259 162 301
293 153 265
267 184 268
260 122 317
268 153 339
276 123 301
246 177 271
278 181 255
303 151 276
313 194 334
299 124 269
305 132 251
267 146 339
280 209 312
272 174 335
258 190 311
236 206 298
267 213 246
216 192 311
237 204 330
260 215 334
230 208 274
216 155 339
216 179 272
242 121 322
294 202 297
308 174 270
281 183 318
256 157 243
239 138 248
303 142 324
302 212 259
273 173 337
217 176 304
260 201 297
277 161 280
290 218 304
222 209 275
245 150 320
240 221 255
295 180 304
285 151 288
289 159 276
307 162 261
272 131 257
217 136 248
296 186 320
275 166 314
284 189 311
258 172 273
276 186 326
218 191 304
239 135 270
297 144 313
244 201 277
263 166 246
394 284 48
394 300 35
409 269 41
371 341 107
360 334 38
428 344 24
408 339 56
366 347 17
397 298 20
352 326 101
339 316 35
387 315 54
421 307 82
428 337 111
343 322 19
366 312 81
427 333 106
430 264 115
353 342 83
348 302 57
380 262 93
342 336 71
411 274 66
364 264 55
334 271 18
420 310 16
375 250 31
362 248 102
421 276 104
336 321 40
383 326 75
403 256 20
386 342 91
415 324 87
402 286 99
383 311 43
361 306 43
432 347 54
393 339 96
336 317 59
369 344 105
378 342 102
384 341 79
423 327 36
378 306 91
378 289 78
366 260 42
389 333 68
360 279 104
353 249 59
418 330 71
401 296 103
419 318 57
337 326 94
387 288 59
376 326 102
345 346 34
343 347 103
406 257 17
430 270 41
342 103 62
394 27 77
344 35 45
298 114 -2
371 115 12
317 30 11
364 59 88
300 69 65
378 112 46
349 97 27
312 58 20
317 36 -7
318 79 52
357 24 58
348 118 54
396 58 66
360 87 -9
302 60 69
351 113 70
342 124 48
325 122 48
314 26 1
325 54 -7
388 80 9
310 58 10
336 99 46
348 40 43
296 53 15
315 88 17
349 28 69
315 27 36
392 34 33
320 45 -11
355 60 14
327 79 34
316 76 76
320 43 -5
381 33 64
355 82 47
381 35 -2
370 92 88
326 110 89
364 109 82
348 41 57
324 57 50
343 45 18
374 82 21
389 34 47
339 33 83
323 117 24
327 51 55
326 85 48
374 96 81
361 63 56
384 25 83
323 44 19
325 58 66
323 105 81
384 120 22
329 53 38
224 455 104
267 487 128
197 468 97
272 444 76
293 503 155
285 476 125
236 499 74
225 514 126
211 516 147
210 501 115
226 447 71
231 473 71
222 507 157
208 433 142
203 447 129
290 458 146
260 431 72
214 483 164
292 427 115
278 435 109
283 514 129
220 488 148
228 422 99
209 451 87
234 428 82
212 431 116
263 452 146
278 505 129
296 455 137
197 497 143
265 477 162
278 461 127
240 417 128
286 478 98
297 495 139
202 467 118
286 468 107
220 449 98
255 428 157
260 507 155
240 424 90
209 434 95
218 510 138
270 449 122
286 502 141
273 464 123
234 509 101
272 423 141
267 513 145
204 458 109
245 442 132
281 469 134
239 468 117
280 486 131
288 507 91
254 516 135
243 449 88
209 461 103
219 487 119
242 497 116
196 418 60
159 405 -33
108 379 17
160 390 -16
165 439 40
140 446 -19
182 367 29
137 383 19
114 378 33
172 419 -4
207 348 30
182 424 18
197 380 22
119 348 2
186 370 4
156 374 2
184 370 5
196 391 -21
123 438 2
165 346 31
174 382 19
169 372 18
155 363 -15
174 377 50
183 398 -38
114 443 59
128 364 49
179 381 37
184 366 56
206 396 26
152 400 -7
128 422 -14
206 437 20
140 352 46
160 426 17
131 365 -35
153 423 -32
151 441 45
199 346 43
200 391 -36
182 356 5
172 395 -30
159 373 7
140 353 50
114 402 4
192 362 -12
110 392 19
179 366 58
111 387 -28
150 393 -13
198 446 14
200 395 -35
147 396 3
116 355 -15
184 394 -21
156 414 23
187 417 43
134 362 -37
195 355 42
200 346 -35
308 240 167
261 199 243
294 201 164
258 170 162
257 267 208
306 247 214
259 169 253
276 220 186
260 198 175
311 265 194
249 202 191
291 249 245
243 220 256
240 235 210
328 183 168
247 248 210
277 258 223
334 259 229
323 267 242
255 228 176
331 181 234
326 243 236
318 246 191
263 255 255
245 220 190
280 265 164
309 202 166
265 188 237
314 186 184
296 213 238
258 256 159
251 246 193
236 185 259
333 211 221
273 266 178
333 226 220
292 249 238
269 172 215
243 249 173
334 176 180
245 254 255
237 268 221
308 257 248
314 202 207
235 218 240
249 240 221
299 245 246
327 254 207
289 234 258
245 181 251
272 232 212
289 190 179
262 245 208
255 202 252
277 187 242
258 221 234
274 258 198
311 191 253
300 203 237
235 210 191
265 3 -7
306 66 46
266 5 11
288 74 1
307 94 56
337 0 82
310 40 81
354 77 85
348 13 65
355 89 20
347 58 27
349 44 81
329 44 61
297 48 43
321 6 33
297 92 -11
315 59 60
296 12 7
265 84 25
298 18 7
269 79 -13
275 35 7
355 18 11
309 40 45
296 4 13
325 74 29
357 6 26
287 49 4
299 35 28
322 86 15
334 33 -13
263 8 24
277 74 49
271 4 -7
337 31 -4
350 56 17
326 57 13
341 -5 73
277 77 72
314 66 85
266 22 -14
352 79 -11
315 50 61
271 59 2
289 28 22
307 19 77
300 -6 67
328 36 30
288 21 77
333 88 -15
260 33 -15
286 31 9
282 30 49
307 77 82
359 90 17
304 84 50
294 74 47
265 55 74
295 67 7
327 50 19
405 65 367
369 81 337
413 105 333
398 59 410
438 113 325
442 97 370
413 130 324
404 77 416
391 111 423
413 91 376
458 129 406
407 88 402
420 110 347
370 54 372
361 141 391
449 139 418
384 99 415
387 69 378
455 90 400
371 67 364
409 116 371
450 135 324
426 132 350
418 142 406
361 65 329
366 110 372
374 55 416
414 119 337
417 76 330
414 132 337
393 74 407
449 94 326
452 74 424
360 126 422
382 133 396
397 142 424
376 58 405
419 118 423
417 95 380
375 85 342
409 63 371
416 110 332
401 61 421
394 61 391
406 114 326
440 106 366
430 86 399
404 42 357
412 111 349
398 71 396
397 122 347
364 108 395
418 134 398
368 123 348
420 125 375
434 118 402
445 141 423
389 103 415
373 141 395
414 52 328
69 76 198
79 80 179
4 120 184
-2 79 221
64 134 230
23 130 250
79 84 252
51 61 248
63 141 174
43 61 208
10 55 203
72 55 248
21 71 252
47 57 231
1 87 259
46 126 203
36 86 225
-15 85 208
-17 63 239
0 60 194
35 79 185
49 108 201
4 70 238
57 77 227
66 77 223
38 62 189
-11 83 222
16 103 220
-7 74 208
33 51 182
9 104 178
-6 78 251
-3 115 235
24 76 243
32 87 178
43 77 230
42 101 269
-6 137 213
58 89 263
75 124 266
25 94 269
60 72 257
-4 101 192
0 97 174
33 119 252
51 137 215
-12 84 234
55 133 200
50 134 253
14 128 228
-5 53 194
72 73 232
82 105 259
66 89 210
51 126 266
66 142 227
48 137 201
4 142 190
5 77 236
50 134 178
230 298 332
292 230 335
235 248 264
309 266 357
306 298 312
281 215 312
314 276 327
233 267 333
258 261 345
250 267 314
245 248 334
253 238 330
228 300 336
311 246 292
290 241 335
268 265 318
247 225 350
271 227 313
232 296 349
237 239 351
229 221 281
308 225 351
235 235 338
230 303 337
300 233 266
271 243 338
308 262 277
275 270 304
297 241 333
310 277 311
271 231 338
310 273 351
286 268 352
240 276 310
272 239 319
310 308 350
259 228 312
308 307 308
296 292 301
271 243 271
232 304 341
274 292 320
290 215 307
299 263 267
324 235 270
248 218 299
244 255 363
234 269 333
293 294 283
246 282 348
293 260 309
279 287 279
315 218 309
313 209 332
226 258 301
264 286 310
231 220 295
271 270 268
249 264 352
272 227 360
180 355 373
183 420 392
195 381 400
151 375 356
113 387 336
168 429 342
181 411 406
159 419 362
172 435 354
124 403 325
127 408 389
162 344 333
184 417 310
137 339 389
113 416 354
211 353 339
148 383 327
154 358 370
156 348 343
149 341 400
134 407 397
173 400 330
116 375 403
126 392 327
208 411 385
179 349 352
177 352 324
163 425 335
150 404 315
196 385 349
119 367 390
178 394 372
121 420 337
196 352 404
175 432 372
129 395 369
179 393 382
152 390 371
137 385 321
129 422 355
130 341 377
148 416 407
115 378 348
172 356 390
128 432 367
186 369 312
205 372 310
177 342 345
168 365 314
118 403 313
169 422 392
121 420 356
192 345 310
126 434 347
204 415 343
206 398 400
187 430 357
181 433 381
171 369 311
170 358 381
499 213 94
473 233 106
516 263 91
496 225 79
456 241 137
507 292 158
452 305 85
467 265 67
522 252 130
460 298 135
490 291 80
452 207 150
459 283 63
461 208 148
425 247 162
477 207 123
490 284 105
431 303 76
451 267 138
441 245 101
471 206 157
489 301 108
447 221 118
488 241 82
517 292 108
442 225 162
483 241 81
438 217 88
512 283 71
485 246 79
482 233 98
508 252 78
439 284 108
500 224 151
494 294 141
477 239 74
510 224 128
475 286 102
477 255 93
488 229 70
436 226 133
488 224 124
442 303 79
496 296 80
485 207 78
442 215 144
490 280 68
457 303 103
494 247 73
519 279 115
444 274 93
478 230 99
444 302 64
496 237 114
451 295 125
447 252 134
488 260 65
518 277 66
512 264 97
508 282 139
67 73 91
80 22 92
39 -18 77
3 55 111
23 59 83
93 71 42
58 12 100
28 70 46
20 -14 31
92 -14 37
22 33 36
92 74 74
3 51 69
39 21 68
24 24 99
9 49 45
84 -20 125
-1 15 82
9 49 43
67 -1 84
43 15 57
76 44 58
93 33 40
41 5 69
19 -24 46
86 -2 38
93 14 38
1 5 115
25 36 126
60 57 125
20 74 78
84 -18 83
11 -16 34
51 -14 100
2 20 71
84 1 122
75 -5 80
93 4 40
22 58 51
43 -9 124
60 58 122
50 29 93
8 -4 87
66 13 72
-6 47 126
12 63 31
67 38 105
7 2 87
36 -16 34
55 25 93
42 3 62
25 67 68
8 -6 103
11 -24 116
47 4 51
30 58 121
76 34 34
55 55 103
86 60 98
34 5 97
255 430 360
171 487 415
220 425 364
193 473 419
253 394 444
237 394 439
170 394 369
230 424 397
232 478 375
205 402 394
163 486 439
193 420 366
164 483 437
207 475 402
232 419 405
172 396 422
204 393 408
181 431 438
212 476 445
188 466 426
263 444 373
254 404 390
232 452 376
236 432 402
258 475 405
224 449 448
204 405 445
219 480 352
253 456 369
223 463 419
211 402 443
262 435 356
174 457 371
194 403 425
170 410 361
176 429 354
238 424 356
230 431 411
240 452 372
249 478 358
243 418 358
181 434 370
165 392 391
226 413 349
252 480 404
215 395 396
263 465 429
214 392 443
210 486 390
198 405 367
232 449 402
174 402 441
245 431 415
262 455 447
235 482 410
219 414 382
197 397 370
259 417 367
219 444 371
165 469 409
351 493 324
414 517 311
368 429 257
382 473 288
346 430 265
395 462 300
383 514 264
364 486 331
341 452 315
318 507 314
339 473 348
376 478 258
333 501 265
345 430 313
326 502 302
324 514 322
415 494 259
387 485 323
407 436 302
345 524 285
365 518 259
317 468 287
386 444 265
344 473 319
382 474 286
331 433 284
364 521 345
377 510 344
343 477 260
342 502 275
365 519 281
328 511 292
412 463 308
382 458 323
342 450 252
322 520 333
371 461 255
367 484 336
393 458 249
364 448 263
383 482 276
344 518 319
324 516 314
361 512 334
385 517 253
341 449 256
370 521 316
348 505 314
346 522 318
353 491 326
335 425 314
334 507 336
323 511 305
357 489 304
394 440 324
344 496 287
354 458 252
370 439 304
383 488 300
332 475 314
396 253 113
432 281 181
407 250 202
487 238 143
466 221 160
466 205 189
446 226 196
440 189 203
427 263 147
469 215 136
409 219 202
427 217 151
485 189 206
436 219 109
468 207 191
486 191 107
488 206 192
491 282 162
481 233 116
406 197 149
452 276 108
490 221 107
474 229 200
474 267 132
414 268 145
464 252 145
465 259 193
448 234 114
452 245 150
464 277 163
494 190 172
428 196 150
431 214 180
449 234 167
400 243 202
479 260 138
489 195 113
494 212 108
486 221 151
407 191 167
443 277 193
461 263 151
467 233 193
442 221 154
472 278 167
453 222 155
436 221 195
418 222 156
492 274 132
483 186 156
421 202 147
419 257 202
429 256 126
481 199 196
484 253 135
435 228 121
464 218 131
489 222 162
402 234 206
467 207 206
185 366 304
170 380 253
132 406 319
157 412 281
119 435 288
105 446 302
129 404 335
131 405 268
161 358 304
142 399 296
127 383 279
130 412 248
145 446 327
182 378 337
155 369 282
148 391 269
92 398 322
150 361 302
124 393 256
94 385 255
92 403 325
180 377 322
177 443 331
150 443 255
98 434 330
169 437 304
107 417 275
134 446 285
156 439 249
90 387 254
160 376 263
113 453 284
137 408 327
157 375 337
181 380 336
129 403 324
127 440 276
136 443 340
110 387 279
144 441 301
172 360 343
129 393 285
101 413 289
188 417 300
134 372 267
101 428 312
100 380 331
128 415 310
147 418 324
162 386 294
116 379 266
112 384 290
184 431 257
116 443 273
102 414 268
148 445 332
165 365 342
109 369 253
125 363 247
148 453 320
415 180 69
480 182 16
419 162 38
394 186 31
468 135 85
444 213 32
400 133 81
490 171 19
458 182 26
452 170 105
447 138 110
429 153 28
410 202 80
434 187 110
491 158 101
493 153 51
428 225 64
491 165 65
455 169 42
440 202 19
425 185 77
416 206 63
451 146 89
486 159 25
486 148 16
489 187 108
402 156 103
400 203 61
481 157 16
434 169 82
439 219 107
460 221 79
493 220 87
401 164 71
430 126 79
490 145 15
393 131 47
402 129 45
399 206 40
404 155 69
484 211 82
466 221 23
474 186 31
487 143 108
415 216 58
468 159 76
393 159 19
461 166 62
431 209 21
441 172 26
418 204 40
492 171 57
481 174 78
485 180 100
408 136 24
449 136 46
393 172 53
484 147 113
443 132 56
430 180 26
77 402 251
74 416 202
70 396 217
1 415 192
27 358 181
11 426 230
76 410 224
2 396 254
-3 440 238
2 374 272
50 375 247
11 411 188
47 399 261
23 431 243
-4 387 253
23 439 275
85 395 222
-7 388 266
-7 436 259
23 362 199
9 381 268
68 435 195
65 385 233
19 449 229
12 401 271
13 424 177
66 443 177
84 371 207
0 396 271
59 425 247
89 414 185
61 385 227
10 374 262
42 406 244
61 397 257
75 448 268
47 457 261
65 376 230
4 405 220
27 434 225
34 376 268
42 396 272
60 403 248
27 443 180
87 370 234
65 435 232
9 376 216
61 448 256
41 399 250
13 363 275
90 432 268
1 381 240
5 407 239
22 457 246
78 444 185
67 423 257
19 452 187
32 405 219
73 381 232
26 428 211
149 272 98
151 301 46
138 283 83
161 236 27
124 261 53
164 249 13
114 238 52
86 208 76
80 226 40
158 271 76
152 235 68
134 295 61
101 257 38
151 261 78
164 232 79
162 232 25
119 221 93
84 229 8
154 260 24
151 287 78
139 261 86
125 259 57
119 274 22
107 256 38
169 223 93
161 295 73
163 233 96
114 251 23
98 239 88
115 272 59
99 272 99
139 274 67
135 254 22
108 251 53
132 202 95
130 273 30
113 218 81
126 206 80
145 248 60
74 206 40
84 285 23
96 286 98
167 260 65
107 258 71
95 268 48
149 210 108
136 264 28
105 230 22
149 298 37
144 204 77
147 259 97
137 220 91
129 300 81
158 238 61
169 239 33
166 261 60
103 285 79
113 290 105
72 288 11
160 291 17
237 342 146
215 330 186
246 379 169
252 322 185
251 400 137
239 333 176
266 405 140
193 390 151
211 345 187
231 387 137
187 362 153
188 387 191
254 369 196
211 355 138
182 404 147
185 339 127
228 332 166
270 346 128
173 380 133
266 381 155
200 346 158
246 334 214
273 376 178
269 419 141
185 413 196
228 341 155
216 335 192
236 394 214
206 323 182
216 381 174
246 354 117
174 370 161
225 401 162
239 330 119
272 402 127
262 349 208
198 401 147
263 327 158
258 357 197
257 385 207
242 356 185
188 358 206
193 340 204
246 405 201
174 340 173
184 344 212
198 333 164
174 320 148
195 347 120
204 393 116
253 322 177
220 339 131
207 354 154
206 379 188
213 361 138
181 397 169
253 352 129
251 354 185
257 367 151
187 335 175
347 360 239
343 350 330
379 384 335
404 408 280
423 426 290
402 377 243
399 391 268
357 371 311
361 347 247
430 395 279
402 390 304
392 422 323
391 403 276
347 422 298
413 359 279
332 411 288
422 343 330
363 422 321
382 402 287
424 373 307
360 397 331
424 363 255
391 388 328
372 380 257
415 395 322
400 372 254
399 396 312
406 429 312
345 404 261
401 381 330
385 384 313
346 419 328
370 374 260
395 405 315
373 425 242
384 357 253
354 416 322
362 355 332
331 390 248
400 361 275
393 367 270
351 370 283
336 350 310
341 366 310
398 397 334
402 399 276
374 356 250
359 361 300
385 365 338
421 353 325
342 393 325
372 385 289
428 368 270
416 407 302
367 379 272
424 417 241
423 348 277
361 392 302
361 365 314
408 346 325
413 480 -31
332 467 19
323 502 -26
348 487 14
396 521 46
396 454 38
345 457 -2
321 435 7
393 484 -33
386 507 35
394 471 -40
395 435 49
363 523 -4
408 471 39
397 481 40
360 446 24
339 503 48
367 485 -43
390 463 -15
336 485 13
357 480 -3
335 502 5
368 488 13
335 491 15
321 457 40
324 480 9
378 464 49
340 438 37
330 499 47
400 513 -9
415 496 -43
330 463 41
336 441 40
351 499 -17
359 437 36
336 523 43
415 497 -44
380 447 54
361 438 1
381 489 -4
402 489 -7
322 449 41
328 521 -11
341 457 -2
327 460 51
321 514 -44
364 457 38
350 469 -38
342 518 -7
360 432 15
364 486 -22
344 490 18
347 497 31
388 495 -25
350 480 -42
411 520 29
416 463 -33
371 473 19
342 425 23
413 502 -36
176 429 420
118 452 489
113 483 427
125 464 447
123 457 488
175 445 493
119 419 459
131 436 457
162 487 501
94 414 434
144 504 440
169 417 469
162 431 455
171 413 479
193 462 408
121 462 430
178 465 493
117 423 410
103 477 458
97 447 469
150 493 492
118 449 427
143 503 439
180 438 483
110 459 446
173 413 459
140 452 421
104 426 501
143 508 484
176 442 426
190 481 414
157 445 494
179 464 435
164 429 408
193 483 457
161 461 463
142 421 457
125 437 417
158 440 410
109 459 484
135 414 451
158 472 465
162 415 452
132 444 413
142 426 439
155 424 466
126 507 487
134 483 463
182 446 463
123 425 434
115 448 496
136 504 500
179 457 427
138 468 433
193 494 420
173 483 454
126 417 438
94 470 506
183 493 449
164 422 435
187 222 509
151 267 536
124 209 448
154 231 516
131 270 459
107 262 501
163 180 452
174 204 501
180 251 463
104 217 528
175 190 497
126 203 457
109 253 490
109 181 502
164 191 533
92 224 512
177 224 480
109 201 517
87 234 448
118 178 479
89 210 532
173 204 495
181 263 491
114 194 477
117 211 519
175 273 520
185 201 485
112 263 472
127 192 469
179 265 532
102 267 502
159 252 471
87 230 513
120 176 531
162 257 504
127 246 523
166 241 513
101 183 471
171 203 479
187 259 539
142 230 543
184 250 471
152 186 499
175 214 460
110 219 509
112 252 544
105 269 518
174 200 466
146 193 490
128 253 537
128 248 479
88 269 535
158 247 544
182 214 505
175 235 536
100 274 471
124 249 498
160 215 488
184 192 495
179 265 518
126 275 238
134 286 189
139 323 235
202 285 190
142 238 223
200 248 212
185 275 232
139 289 252
185 286 180
133 313 235
176 231 216
131 270 237
128 277 205
119 323 238
128 298 244
124 271 231
201 262 189
195 259 155
190 302 194
140 238 177
212 273 161
138 267 247
126 303 207
115 234 226
213 304 197
170 255 178
120 280 163
212 274 236
137 274 201
117 276 169
166 276 244
184 294 178
183 322 234
166 318 233
129 312 185
125 230 158
195 282 165
196 238 235
164 235 247
160 245 249
156 252 171
208 272 228
156 297 167
120 298 155
158 232 233
139 229 183
144 236 182
152 304 229
207 320 205
206 287 209
135 263 177
213 321 169
175 262 222
153 296 209
127 317 196
159 280 155
132 296 173
171 302 164
187 319 229
121 243 216
8 323 311
8 280 328
15 262 302
-11 264 321
46 302 334
4 333 237
-17 295 248
32 274 272
-10 316 238
14 331 253
78 280 259
-13 251 330
4 333 258
-3 296 274
34 249 323
69 289 296
65 237 247
69 282 316
-17 269 239
9 335 251
1 260 319
0 257 272
27 275 261
-11 236 271
63 331 274
46 279 265
34 280 288
-4 286 283
-6 329 239
75 256 294
39 295 249
11 258 313
33 286 265
-19 296 277
-12 305 255
71 290 313
11 312 334
45 267 306
-7 314 270
59 332 314
-6 267 258
-2 298 268
76 237 308
48 248 256
-4 275 313
-2 312 322
-5 326 246
31 261 309
66 268 307
2 268 321
2 246 327
22 313 255
43 239 290
72 260 251
-12 290 257
16 262 300
69 320 288
19 310 333
-20 303 329
-21 245 302
183 375 261
212 285 312
228 297 296
139 376 264
224 366 323
135 318 324
180 295 317
218 354 252
194 311 290
163 350 261
226 326 279
215 368 283
207 376 254
176 376 282
185 377 242
176 318 322
170 292 317
184 327 267
130 361 318
203 290 329
217 334 262
179 290 236
198 367 315
163 311 260
140 297 280
169 362 267
219 303 232
142 370 317
142 365 292
138 377 230
179 360 311
212 342 306
192 312 310
135 322 248
189 319 317
228 315 243
148 290 329
146 300 321
207 290 278
221 324 280
150 372 326
188 351 251
170 293 297
206 365 292
150 328 282
135 347 242
164 298 289
228 340 276
144 348 319
161 338 252
153 319 269
229 367 328
138 346 245
153 360 240
181 328 249
203 328 324
227 357 294
201 348 306
209 284 318
179 364 237
385 308 348
414 366 344
440 374 274
458 362 268
402 405 301
412 390 310
411 391 309
428 329 308
444 337 283
465 362 326
447 383 294
408 376 344
412 387 355
456 347 269
439 348 331
439 326 315
436 351 355
410 381 360
404 337 283
401 363 267
451 395 304
445 305 345
377 395 349
451 367 321
434 333 301
447 319 291
421 398 323
455 347 296
418 401 271
465 338 280
394 380 279
414 391 342
417 367 300
437 378 364
417 405 289
448 341 363
409 374 356
396 374 294
396 385 361
371 316 311
446 356 353
432 375 329
454 385 280
460 316 326
434 314 273
431 384 364
431 347 349
414 380 282
373 375 292
431 345 350
401 308 317
419 373 273
383 359 294
376 386 311
441 359 358
377 335 322
373 362 272
418 334 345
367 383 288
406 345 358
459 370 150
472 330 157
487 297 163
497 339 128
482 310 168
475 333 161
518 348 201
488 315 124
467 293 162
457 287 159
466 341 165
449 314 199
482 362 151
445 296 149
459 310 191
476 329 206
500 350 170
501 339 182
495 302 147
425 377 186
498 322 170
460 370 152
456 302 186
465 309 183
451 300 167
519 299 113
485 283 123
462 288 182
447 286 144
473 374 199
463 336 189
490 288 184
483 356 108
448 291 111
473 282 178
426 326 153
462 370 123
451 343 124
500 293 200
455 333 122
443 315 143
429 294 150
457 311 142
515 278 195
438 352 163
432 372 149
464 333 182
485 348 113
499 295 133
425 296 123
436 354 120
504 370 187
510 299 127
435 281 171
504 360 175
498 343 187
489 366 126
421 312 137
454 312 198
451 298 139
457 108 494
516 168 516
441 161 445
444 138 476
486 135 483
513 125 522
463 190 498
443 111 439
481 129 447
516 130 459
480 179 518
499 176 526
515 155 487
448 144 455
510 188 475
469 96 516
459 169 514
471 156 469
478 126 489
489 157 535
509 170 481
511 114 445
498 181 476
439 94 526
519 108 523
439 100 462
504 98 517
427 179 519
430 101 495
425 136 441
507 164 441
462 94 491
516 164 482
492 159 532
482 130 535
420 184 523
432 120 489
437 165 520
495 140 466
508 95 438
487 110 462
490 101 534
473 112 497
497 139 535
469 160 492
517 149 474
505 132 452
440 117 482
451 184 521
468 108 493
443 146 504
473 130 468
484 132 451
459 163 475
477 130 514
477 128 482
496 138 511
484 181 477
519 189 531
442 143 479
174 345 10
245 361 68
204 301 27
181 310 78
174 356 16
225 342 46
169 348 10
187 334 57
213 388 20
189 301 10
192 355 21
216 376 12
173 328 27
221 322 14
208 363 47
268 394 54
207 308 76
265 314 30
225 340 31
175 374 -4
220 382 29
268 319 0
256 393 50
234 323 32
262 374 2
243 374 50
263 300 56
224 373 15
194 391 82
214 394 12
172 364 49
222 367 7
234 326 59
242 371 58
241 365 60
214 364 88
261 389 66
215 339 27
220 392 67
217 378 33
262 325 1
259 348 0
249 345 45
234 390 49
213 380 15
259 307 -4
224 398 81
267 374 14
224 311 8
179 387 69
237 335 42
214 319 37
229 331 82
215 307 52
213 347 68
203 357 65
227 366 -2
212 312 8
240 306 1
178 356 68
516 75 407
495 77 327
461 55 407
536 22 337
495 54 348
467 57 404
443 21 415
502 31 391
466 38 392
474 5 327
512 80 339
539 2 322
505 64 389
530 47 353
463 51 362
446 80 369
501 81 364
502 38 381
504 -7 392
492 38 358
531 11 363
464 -6 341
519 57 351
526 64 336
477 60 413
506 21 400
523 41 351
504 57 385
491 65 361
506 12 378
505 50 419
503 29 406
516 68 359
468 61 372
477 17 406
508 2 350
472 22 338
531 34 327
526 84 349
457 1 366
520 -1 336
459 84 381
531 63 357
491 8 344
476 -10 336
476 -4 398
449 73 331
539 82 344
533 74 386
494 35 398
493 77 387
489 35 408
454 7 373
500 64 384
479 39 340
449 -4 341
524 17 346
532 25 338
492 53 330
482 1 347
329 430 64
358 363 92
373 367 81
314 400 49
397 414 119
334 438 122
401 378 117
380 347 98
334 378 103
398 374 111
373 414 55
406 402 103
352 415 72
348 433 137
395 372 48
391 382 92
387 387 138
315 354 101
320 343 102
350 367 130
328 362 136
411 374 77
326 341 100
367 402 107
365 398 48
314 427 111
323 402 55
335 386 55
362 416 81
332 340 98
367 349 118
330 366 101
351 410 101
327 422 52
401 375 112
388 384 46
372 432 129
315 422 42
371 369 66
388 380 45
376 437 61
361 425 83
333 430 122
341 386 82
376 375 59
387 385 118
343 394 101
358 368 120
348 350 85
343 378 90
396 434 127
360 430 122
327 383 99
397 368 65
321 350 108
403 380 98
335 350 40
375 392 122
401 342 112
344 376 75
221 456 411
220 474 402
189 406 478
263 463 396
229 444 394
182 436 415
176 384 409
214 383 474
221 467 473
217 417 428
213 418 479
183 416 466
178 387 470
233 410 450
179 417 476
188 391 435
267 460 400
213 389 401
173 427 451
257 462 469
182 409 409
210 437 413
189 387 419
250 388 417
173 411 453
205 473 487
202 422 458
211 387 411
255 419 469
229 378 409
198 386 426
189 380 430
206 438 481
216 475 480
257 381 474
270 386 469
265 441 394
237 419 481
197 411 448
222 475 490
253 457 473
179 387 440
192 434 490
253 444 484
217 383 435
221 466 475
256 453 406
228 429 476
250 408 475
170 394 396
238 384 444
197 421 426
214 458 479
253 432 409
270 400 417
229 437 432
233 451 434
231 410 425
207 381 422
212 390 402
434 367 360
360 395 334
365 392 385
408 401 312
389 351 350
401 313 333
367 362 347
431 359 360
401 317 320
413 379 336
428 378 367
427 313 373
397 333 408
398 309 329
390 388 322
402 400 327
440 317 311
353 396 364
434 367 381
408 325 378
433 322 337
406 381 367
395 321 382
413 340 346
445 325 363
402 401 344
430 366 336
446 341 367
395 316 350
405 380 345
434 374 370
399 392 383
430 394 396
413 378 335
355 374 392
386 368 375
395 363 311
414 362 379
424 373 321
422 358 367
349 338 335
431 352 357
360 368 382
389 348 399
377 341 362
409 314 388
407 373 309
374 401 402
412 369 401
414 382 338
362 336 362
439 384 390
430 319 357
364 372 346
358 361 384
419 323 363
355 363 371
431 394 332
432 358 332
349 334 369
156 305 62
187 308 9
229 291 37
222 301 21
249 350 35
201 266 -1
201 305 32
194 357 31
224 307 55
234 278 4
152 324 34
215 308 69
180 358 17
244 331 25
164 337 17
236 316 82
249 275 88
232 328 18
204 327 7
153 264 1
158 264 14
224 295 40
246 299 90
186 346 53
231 276 35
233 331 23
232 303 25
153 284 12
234 334 11
202 328 57
176 331 -1
227 287 34
195 321 37
163 356 -6
246 316 72
199 311 35
168 348 42
184 269 41
195 315 79
164 320 2
227 296 25
205 280 21
198 341 30
228 360 28
201 338 15
244 343 -10
224 326 -1
235 310 62
224 357 42
245 321 36
222 331 6
199 270 33
194 318 12
239 349 26
224 322 36
244 351 79
227 273 69
155 296 75
165 336 54
217 285 24
424 154 459
343 112 448
404 172 474
403 81 469
414 105 461
350 168 413
420 128 437
381 92 427
362 172 388
373 150 445
356 126 451
356 173 440
397 88 456
384 170 405
405 158 437
345 148 480
364 164 428
422 100 411
372 163 486
371 156 457
421 169 420
436 176 461
360 110 392
343 166 441
428 125 468
370 122 477
368 164 482
437 92 391
372 112 443
365 93 485
352 158 462
405 122 450
370 113 420
398 167 421
413 133 399
379 146 412
394 129 482
413 173 472
396 109 404
409 148 441
441 100 452
395 92 465
377 93 434
407 81 461
420 178 449
360 159 470
388 159 454
433 153 397
372 140 434
381 150 402
394 123 436
388 106 389
439 178 407
370 147 450
441 138 467
363 99 403
432 168 434
385 99 401
381 83 443
416 147 459
197 438 159
251 377 181
184 443 215
197 431 224
284 371 226
195 449 191
210 380 197
258 447 208
266 388 202
270 413 220
207 437 166
217 378 258
255 436 183
277 423 218
231 374 196
196 385 191
223 416 188
231 450 178
234 444 192
230 429 184
201 445 236
210 427 190
270 434 233
265 408 227
250 385 231
204 417 200
270 406 201
247 414 194
217 429 226
224 415 230
249 421 193
237 364 201
263 435 247
248 431 166
203 429 218
253 371 257
207 376 252
190 415 230
228 439 185
267 427 179
204 457 233
201 378 191
230 434 171
199 376 201
284 370 249
216 405 258
257 383 246
234 439 232
236 449 234
276 432 161
221 429 252
188 412 187
238 421 189
268 389 218
201 437 231
234 444 241
245 383 197
241 392 239
219 406 165
249 438 252
142 212 126
149 288 83
158 248 73
150 259 116
205 210 93
169 302 149
118 270 146
116 266 109
159 251 105
162 246 98
197 222 152
132 231 117
203 234 120
164 213 134
122 291 93
178 264 138
120 279 162
162 310 107
210 289 108
118 265 122
149 255 138
176 265 84
141 267 113
202 240 169
154 299 100
178 241 137
132 257 164
207 307 93
192 265 155
189 289 129
180 251 146
159 255 139
193 255 71
178 300 94
198 289 94
169 212 122
188 249 169
209 249 102
158 283 144
145 251 116
136 300 81
193 285 74
135 218 98
208 283 96
208 290 158
130 293 139
149 266 135
136 254 135
153 248 69
116 248 133
150 284 115
180 243 73
127 271 153
184 299 112
131 236 94
192 262 135
127 261 146
130 250 90
183 254 112
121 227 139
323 365 -1
389 373 34
338 418 19
329 432 60
369 408 4
393 435 57
315 422 -4
321 364 54
348 359 40
375 434 82
380 361 25
372 402 41
336 360 14
366 386 -6
365 408 69
328 377 -3
362 346 28
397 341 -11
315 419 9
370 395 67
322 394 21
384 439 32
353 395 49
316 411 29
317 393 52
359 409 21
399 374 -5
373 438 4
359 377 52
385 428 51
320 386 73
338 392 10
355 416 -3
363 436 73
404 426 24
399 364 -8
319 344 86
364 376 -11
373 347 35
385 361 -3
385 434 24
343 405 77
319 344 2
406 403 49
329 354 -7
352 414 42
365 355 5
361 346 18
346 379 50
367 384 1
384 391 87
336 402 70
323 395 -2
352 395 30
351 415 37
410 395 88
324 373 53
394 391 26
359 419 17
378 350 51
101 171 277
7 243 223
45 240 222
72 231 224
57 235 264
2 231 266
64 178 238
28 255 185
12 182 271
90 258 221
33 170 248
40 200 248
50 235 200
41 219 224
90 249 200
33 175 210
18 201 258
39 180 275
36 160 187
84 257 206
15 168 246
78 176 272
24 252 224
87 252 188
25 228 242
44 223 268
62 189 236
17 196 254
2 167 206
61 216 217
29 205 258
66 181 221
45 247 256
19 216 215
33 201 250
63 221 278
23 222 263
48 247 216
98 246 216
79 163 179
4 201 254
66 240 239
51 166 237
42 218 190
3 228 251
88 245 279
93 215 247
34 246 233
71 201 226
34 188 209
73 163 263
25 201 227
101 186 187
4 220 209
1 218 216
51 204 188
6 234 183
42 233 279
17 166 191
5 249 265
299 43 257
329 39 224
292 48 250
354 58 216
345 67 218
374 -6 314
378 -5 244
337 35 274
384 -21 294
314 -6 283
329 5 216
332 34 267
286 41 231
295 -22 257
385 3 309
352 12 278
352 -1 241
291 42 282
305 27 283
330 15 289
297 35 242
290 62 279
380 -24 247
309 -1 230
307 29 314
362 -2 291
341 -9 295
327 10 303
348 45 220
290 13 277
314 45 256
321 2 254
343 -25 307
379 62 284
285 -11 250
363 29 308
353 55 228
295 46 293
385 15 304
381 63 304
345 -16 274
356 31 284
292 -1 239
299 15 286
326 -26 215
375 25 260
327 9 256
290 -25 231
374 -10 273
334 51 214
285 -11 228
352 22 265
305 11 289
344 -7 260
313 67 238
375 -5 223
378 1 304
375 47 219
322 54 265
316 53 218
192 359 384
182 367 361
229 360 326
171 311 375
183 309 395
223 346 361
192 369 324
180 313 376
201 337 327
195 307 366
181 309 407
234 352 386
218 294 370
226 364 388
222 311 394
177 319 323
183 298 382
150 320 321
199 357 338
204 303 325
183 315 420
230 350 397
224 301 384
137 344 342
207 333 378
179 375 343
201 283 410
226 369 389
199 303 403
163 356 338
165 308 344
186 309 391
189 289 333
139 371 326
147 359 387
215 308 364
193 316 368
217 342 322
195 334 351
215 338 376
200 350 366
186 370 360
185 362 328
156 298 339
175 308 371
233 360 329
201 293 404
150 301 409
203 372 345
172 317 358
198 325 363
187 364 326
158 304 367
190 334 382
175 342 384
179 340 351
208 298 357
226 301 366
192 297 367
197 279 411
367 463 104
384 463 43
442 418 71
380 447 54
425 475 60
461 407 122
409 418 58
428 440 48
462 420 39
380 451 121
440 480 125
416 416 84
380 462 110
406 427 44
410 451 79
452 387 62
402 394 48
377 453 62
429 400 100
394 464 54
389 461 83
386 472 47
373 422 29
418 409 62
411 416 29
444 387 64
437 448 89
388 430 108
429 409 57
380 443 80
453 456 100
455 446 112
372 427 112
386 413 118
448 476 92
401 475 35
418 466 110
376 393 72
391 468 41
396 386 116
450 461 36
366 408 111
432 412 97
446 479 107
380 454 118
422 483 54
379 384 124
444 399 121
440 467 90
456 480 35
462 472 92
448 432 50
460 406 33
437 449 88
424 386 94
399 388 110
434 424 60
445 465 28
436 452 122
456 481 121
427 442 81
421 366 -1
410 361 32
392 387 60
397 439 46
369 440 5
378 410 1
382 442 65
345 429 26
341 442 89
347 425 24
385 439 70
387 371 44
333 357 9
358 424 88
396 410 14
338 360 -7
346 371 35
415 394 38
426 390 47
369 424 41
383 372 -3
360 442 84
401 381 67
344 358 36
371 349 22
419 413 42
353 415 89
419 349 19
388 401 54
398 404 45
419 420 16
340 403 90
341 411 26
353 393 58
420 427 25
335 416 59
395 373 85
336 410 33
429 352 75
426 397 50
416 358 84
335 383 52
338 435 30
359 399 45
367 439 1
412 410 83
362 447 0
389 432 38
365 372 13
368 447 55
387 358 1
381 348 77
387 378 33
371 372 50
355 431 5
344 378 50
418 419 67
387 437 31
380 412 63
338 190 457
402 181 468
339 202 490
411 187 490
427 224 515
336 196 540
411 166 443
400 163 504
379 151 447
360 172 453
336 157 482
397 137 484
400 164 455
394 185 485
349 202 497
396 147 524
366 153 482
370 192 532
383 154 469
337 197 487
392 202 510
413 211 521
369 228 527
336 175 441
400 233 524
349 160 475
402 148 468
401 138 541
420 168 482
384 210 499
363 217 452
343 202 441
357 159 491
379 223 511
378 186 482
408 228 464
424 147 515
364 148 526
413 209 518
371 204 539
337 153 470
341 152 521
370 215 504
403 162 481
422 194 455
406 146 471
403 193 495
405 212 488
371 200 514
402 145 524
355 157 529
419 190 487
397 186 473
423 174 502
432 221 476
349 229 458
414 167 472
408 231 448
424 153 467
377 135 527
133 -5 164
166 -4 164
171 52 201
168 11 168
132 52 237
164 17 146
140 30 148
185 15 207
164 70 191
112 -7 141
210 66 176
192 79 235
202 18 194
187 54 147
144 87 229
200 22 221
198 90 191
133 20 204
148 4 210
143 -4 186
184 27 204
138 36 235
148 -2 194
133 51 185
117 37 201
161 83 141
181 61 157
153 72 217
112 71 137
197 20 198
157 74 209
153 86 148
156 87 219
141 -5 154
121 66 157
208 80 205
182 37 161
205 33 188
204 52 184
121 34 146
132 69 173
206 76 173
199 5 202
183 -2 192
205 9 195
127 9 140
178 65 205
114 19 191
172 46 211
149 87 147
202 74 189
200 0 172
175 48 212
174 10 216
201 36 187
209 26 161
135 50 222
209 54 173
130 56 166
137 90 155
428 -3 313
431 -4 348
435 -24 336
401 67 326
485 -15 374
470 -15 374
416 -9 386
494 33 336
491 43 336
409 13 404
439 71 368
463 -13 328
495 53 333
431 23 355
467 43 411
410 -10 316
491 45 409
425 66 356
456 50 320
410 -9 407
490 -23 328
396 75 323
462 75 351
479 18 409
447 -6 345
440 19 400
423 30 349
496 5 399
463 -15 314
493 14 342
477 2 407
475 12 331
425 75 413
414 44 357
459 63 409
420 2 348
407 31 332
484 21 358
474 52 382
430 44 408
435 -4 323
437 65 327
404 -2 375
472 68 320
492 -17 393
480 -7 369
477 -11 396
492 75 354
457 -5 408
480 -16 377
418 22 362
452 54 318
457 74 361
470 26 373
492 -2 324
472 -4 391
475 -12 390
419 70 314
400 56 368
403 9 340
223 391 212
243 364 192
197 393 215
182 382 128
216 440 213
181 459 194
205 394 197
161 375 189
239 386 156
184 407 188
203 459 130
246 371 136
260 369 202
221 417 142
256 453 161
239 388 139
246 394 178
232 372 190
235 386 157
256 394 161
177 437 202
246 402 153
243 436 207
216 396 195
245 425 159
189 371 208
203 404 179
165 402 153
195 457 159
183 422 158
168 437 216
180 419 190
235 422 159
199 406 132
178 440 136
210 401 187
177 372 210
205 366 150
217 447 171
231 384 170
167 446 179
207 448 168
252 405 199
213 461 121
233 388 178
160 378 153
240 370 166
244 457 187
232 378 193
245 382 210
205 393 158
254 383 153
249 431 164
191 394 206
183 459 179
164 436 133
246 425 150
216 449 214
225 423 141
188 447 208
322 335 66
362 340 46
302 328 116
320 301 71
350 309 76
317 287 79
356 351 71
368 297 44
326 327 89
351 313 120
378 362 67
330 287 68
298 319 49
344 335 90
367 309 127
294 300 63
305 317 50
371 279 128
367 321 52
297 329 74
311 316 80
349 289 113
386 358 69
350 305 39
305 315 37
352 361 128
349 290 98
318 278 53
339 351 128
348 297 112
309 350 53
299 312 94
389 351 80
306 285 28
305 306 61
329 294 116
349 305 102
370 295 119
299 354 112
354 275 98
353 277 60
292 302 46
358 333 99
353 286 128
330 315 69
319 289 39
330 271 90
377 364 50
387 309 94
342 336 47
388 279 75
341 356 95
295 291 127
367 301 116
304 332 75
368 297 49
333 314 56
379 275 60
307 333 117
369 267 30
239 196 217
282 196 194
269 248 156
188 196 219
243 221 188
286 276 226
256 205 208
189 221 179
243 266 203
263 221 209
260 269 205
253 240 197
228 254 199
271 232 190
236 191 217
286 260 155
276 265 219
201 192 209
198 257 178
207 275 231
232 209 140
274 258 183
212 229 207
192 271 203
257 197 240
274 230 190
253 267 229
240 182 164
209 211 165
197 213 194
248 197 202
281 207 190
198 202 150
244 184 144
206 198 158
229 183 220
250 192 224
280 182 196
248 248 200
239 237 202
220 211 191
235 248 205
231 241 164
252 215 237
260 248 146
214 237 203
262 254 173
224 270 209
241 196 171
261 241 152
216 245 171
208 262 183
261 246 162
245 221 141
193 223 232
235 277 240
239 254 168
237 270 170
210 215 154
243 232 156
59 251 386
31 275 372
-8 197 396
58 290 405
88 252 374
38 227 366
15 279 438
70 277 394
27 264 371
24 281 394
-10 276 446
-4 231 392
13 271 404
29 271 360
7 252 425
80 294 413
68 256 398
13 196 385
36 228 445
87 283 435
87 233 367
42 257 348
62 243 403
50 278 391
16 248 385
47 201 360
13 255 380
20 211 354
59 197 355
-6 268 350
45 244 410
17 286 440
38 200 372
54 211 360
71 226 376
57 261 382
-2 207 431
12 240 372
78 257 380
67 221 424
64 264 387
8 243 443
55 264 415
40 208 427
19 271 366
49 257 406
37 234 411
74 206 381
26 293 431
14 260 396
15 208 408
41 268 435
-6 204 388
68 264 399
79 271 410
29 247 392
26 271 430
78 230 359
85 200 424
66 256 439
410 398 187
484 394 130
448 329 166
444 372 144
468 364 206
433 341 151
438 381 218
409 355 209
495 385 214
470 321 219
425 334 201
429 369 130
451 342 126
438 364 148
447 375 214
461 343 174
469 336 159
469 403 165
482 329 190
424 348 219
451 364 219
424 404 172
440 372 187
433 399 151
421 365 136
431 347 156
476 413 216
482 414 204
460 375 215
451 378 132
462 339 195
482 331 147
442 342 127
414 374 159
492 368 168
467 401 147
449 335 156
430 360 172
438 375 198
482 415 173
407 319 200
397 380 211
472 331 193
407 358 163
445 407 188
417 372 157
409 384 184
460 389 135
430 400 215
397 354 170
403 373 210
483 417 186
419 395 150
441 395 155
476 320 221
477 402 160
417 330 171
477 358 148
406 347 216
473 378 177
228 430 -6
156 470 -11
146 455 21
180 480 9
168 405 -41
239 474 32
197 483 22
168 459 -20
237 432 31
239 396 40
176 475 30
233 419 22
190 479 41
161 462 8
227 465 -4
223 454 -17
171 439 15
200 420 18
148 451 50
198 479 -33
208 447 -16
213 485 3
234 419 12
195 415 -44
152 470 -43
224 485 11
206 453 -47
232 404 2
236 435 40
230 421 -4
170 472 23
235 465 -29
168 442 -7
171 407 47
157 459 -43
227 451 5
174 406 40
218 462 -40
229 479 25
201 430 53
182 398 -10
150 433 46
177 412 25
182 458 16
189 420 15
226 443 38
195 460 6
234 480 -45
173 425 -42
204 420 32
172 466 44
159 491 -43
238 460 -8
207 458 -9
161 475 35
231 394 0
223 485 23
172 449 -21
221 445 11
194 416 53
217 434 97
267 423 88
216 363 28
222 360 99
295 359 49
279 413 63
209 360 88
280 414 29
255 416 28
246 358 103
256 443 103
239 429 90
218 395 17
263 453 38
267 366 93
267 413 55
215 443 29
206 384 103
204 381 15
234 444 82
237 447 41
231 396 80
259 388 30
234 452 80
199 445 65
237 425 27
241 455 39
267 372 62
254 447 98
239 422 71
210 418 37
249 356 20
212 370 89
253 427 43
253 382 107
271 364 49
221 450 14
223 405 30
214 442 32
241 439 39
260 439 103
229 387 105
210 390 107
200 394 66
252 363 44
203 410 30
201 449 100
229 411 59
240 396 29
278 383 56
203 391 98
295 455 96
271 429 38
240 455 95
251 390 52
213 377 26
275 397 86
287 369 62
267 422 67
239 433 110
98 508 395
94 446 342
126 521 394
140 504 327
143 432 335
82 438 316
53 430 364
68 481 326
76 528 389
93 496 387
67 469 311
55 467 365
100 522 377
52 477 312
118 439 366
141 522 331
118 472 390
112 436 350
74 487 327
111 447 400
82 467 362
69 473 347
83 520 390
85 448 386
142 473 335
133 483 369
63 519 319
108 515 388
85 498 310
139 503 334
113 494 326
121 528 380
102 463 345
134 503 376
149 449 350
108 479 327
137 517 357
135 507 312
68 455 390
102 503 300
122 441 369
97 438 305
65 463 322
67 514 312
72 451 388
59 506 357
106 495 314
63 446 392
83 433 351
90 479 356
82 516 389
134 447 325
102 522 390
126 430 344
67 475 383
107 461 375
137 474 312
100 448 355
69 468 374
109 446 395
316 119 240
276 176 234
266 155 191
253 178 222
217 216 236
300 162 190
313 184 248
266 186 180
274 142 249
250 180 201
228 142 214
256 185 172
311 134 213
228 168 213
218 212 192
254 200 253
216 149 169
288 138 222
232 136 230
287 191 227
239 201 169
299 174 234
296 155 254
266 142 206
280 187 184
303 173 188
310 198 220
288 176 257
292 153 248
312 189 236
232 140 210
289 131 240
276 142 225
267 122 212
308 136 247
234 192 161
216 122 218
288 170 170
236 127 229
253 197 164
278 196 240
262 140 242
236 171 191
217 164 211
315 155 204
255 127 182
264 178 232
228 122 202
291 216 221
277 143 207
227 209 249
279 142 235
258 130 173
311 152 164
270 216 230
229 214 212
239 120 158
305 215 246
299 193 248
295 200 251
247 333 222
272 339 200
244 270 178
202 338 233
216 337 226
256 261 254
260 266 186
222 331 253
220 291 246
249 278 197
277 251 183
278 298 232
263 263 185
256 316 219
217 249 178
231 270 223
257 291 190
205 276 269
252 307 227
205 261 203
227 247 178
235 271 227
244 327 240
208 284 177
235 279 219
264 256 181
292 333 200
230 333 250
225 248 207
287 345 195
203 311 245
203 279 179
217 319 186
251 295 225
284 298 239
294 310 242
222 337 190
212 263 215
204 318 258
245 280 226
233 299 202
236 306 246
200 343 269
250 314 205
217 330 178
238 276 234
240 328 275
225 334 204
209 299 225
255 264 247
214 318 254
246 320 213
288 282 205
265 318 221
217 320 189
265 292 177
234 252 183
247 286 218
226 336 229
224 267 188
133 36 232
123 67 250
130 81 246
193 86 234
168 34 258
178 93 226
194 79 203
128 -2 231
190 3 234
197 0 297
112 51 286
172 25 212
131 85 273
129 61 259
129 14 265
126 62 227
127 37 201
192 2 292
139 22 208
163 0 287
169 5 278
154 73 275
173 1 252
129 32 224
185 17 230
124 41 233
200 39 283
129 79 259
142 32 292
127 74 207
138 33 286
188 83 207
118 75 209
155 3 267
114 28 241
208 60 273
152 75 245
190 9 278
175 46 225
122 52 278
182 52 283
212 92 293
167 14 294
196 21 263
199 54 202
142 56 247
203 1 215
170 28 245
154 8 209
143 3 294
148 13 219
193 73 220
176 35 273
192 61 209
193 20 237
149 24 233
114 91 258
139 80 247
186 42 229
131 85 281
19 214 294
-37 210 233
-21 238 232
47 262 296
19 183 313
32 190 263
-6 219 253
36 172 220
13 212 284
-44 193 300
-43 262 315
-41 259 280
-16 256 222
-16 180 220
23 215 245
25 205 294
23 269 225
22 233 231
5 192 225
-50 214 249
-46 199 248
33 204 222
-9 189 292
19 191 268
-3 208 250
5 195 259
-50 249 261
5 189 294
9 183 238
11 212 222
36 235 220
-21 200 250
-26 236 247
-45 182 253
-16 184 265
20 233 306
-29 239 288
-18 200 257
8 183 249
30 199 233
-2 215 243
-22 177 233
-48 189 305
-9 190 228
-25 263 249
25 173 248
24 233 290
-13 250 314
-25 209 301
-30 191 224
31 206 234
-35 181 299
26 226 287
20 220 311
-15 267 232
33 178 264
-15 238 265
-1 259 219
13 234 220
15 185 219
73 62 436
67 67 407
90 39 397
22 131 413
22 90 412
89 50 419
70 77 386
90 98 386
65 61 405
96 73 385
89 117 403
33 70 420
37 50 357
37 108 412
74 106 416
90 129 413
36 49 449
85 78 419
88 109 439
30 66 430
65 49 378
77 96 452
51 69 393
82 110 364
46 99 442
8 128 435
80 40 376
57 92 422
45 92 371
10 32 408
23 61 362
51 123 367
44 116 399
52 80 367
45 97 359
65 90 369
106 58 363
30 87 399
86 110 423
88 77 374
80 80 425
61 69 378
72 85 445
11 48 412
82 74 421
21 72 426
63 41 392
75 81 360
53 58 398
59 98 367
15 64 355
99 33 384
54 64 389
20 93 363
9 103 401
92 88 420
76 111 412
38 47 367
16 71 405
69 56 369
432 400 223
405 377 219
417 343 295
441 425 249
445 419 279
470 387 284
439 403 262
454 388 307
475 381 300
464 351 275
389 357 233
406 375 224
442 405 263
413 352 237
454 377 245
478 334 271
393 358 289
405 342 255
425 392 288
443 368 220
403 350 286
428 376 253
464 358 260
381 334 250
476 431 210
411 388 306
479 382 299
417 336 267
424 393 225
383 336 218
399 418 286
420 342 308
431 364 223
389 344 218
408 417 260
406 373 275
478 341 272
393 384 214
422 413 277
471 356 265
417 397 211
451 371 263
424 395 231
461 434 231
469 394 288
466 418 242
461 359 305
450 398 295
444 430 284
437 396 275
463 368 292
394 363 307
465 413 264
470 368 252
472 353 220
385 409 307
406 401 253
433 401 296
473 388 255
426 371 277
40 335 174
80 351 212
91 347 263
115 289 219
54 262 235
90 263 219
47 273 233
46 293 244
91 340 206
36 281 259
101 339 236
106 279 175
105 293 194
89 252 179
88 301 260
65 278 185
106 274 184
91 276 253
86 346 222
123 261 233
40 336 263
103 310 182
71 278 248
65 275 200
100 306 263
124 342 247
66 351 254
91 341 220
60 305 210
40 326 173
110 316 184
83 268 233
65 308 172
56 267 192
41 317 216
48 254 205
117 277 230
132 339 185
87 266 204
95 306 245
116 260 240
64 313 247
85 304 206
106 285 220
50 315 246
72 324 203
129 307 173
45 332 168
81 290 213
97 297 265
108 349 241
101 262 223
65 264 179
36 346 189
57 255 229
55 327 193
78 282 174
69 339 263
112 344 256
105 316 207
366 273 142
306 307 183
369 355 136
356 303 181
390 277 170
393 365 170
368 295 136
370 314 159
308 343 121
391 305 192
300 320 150
317 290 188
299 298 171
357 356 133
310 353 129
375 352 120
307 358 179
384 328 184
385 321 175
322 274 107
320 350 105
346 295 152
315 291 178
352 273 153
357 301 123
313 272 169
361 285 127
353 278 130
378 300 142
359 304 131
299 314 180
327 282 188
326 287 153
383 292 157
323 347 170
333 365 118
302 323 163
320 300 142
304 356 171
312 318 109
330 301 172
358 369 120
301 336 147
332 340 182
389 301 126
347 342 175
304 272 127
301 329 194
361 294 148
348 354 197
345 368 152
357 310 192
326 362 191
380 328 104
345 355 167
340 320 200
306 298 124
363 310 111
327 362 198
381 286 137
406 397 494
435 332 485
408 325 448
395 399 517
405 328 494
403 332 458
348 389 490
365 399 508
429 318 468
409 395 496
439 353 462
352 342 473
433 369 485
373 363 529
406 318 483
374 353 468
344 322 467
434 396 516
354 363 471
433 384 459
351 381 472
353 395 520
355 388 490
368 353 461
357 326 446
381 398 536
409 370 509
384 385 497
345 330 451
374 337 471
351 417 510
347 356 496
419 406 452
407 347 514
344 372 472
418 381 502
366 362 484
435 342 458
347 336 444
406 374 450
370 394 474
434 332 485
430 391 506
362 326 449
357 325 504
424 333 479
398 390 519
430 359 525
403 372 519
383 408 528
379 377 472
384 359 521
438 373 439
411 393 482
416 373 488
432 403 511
424 374 477
359 323 490
420 370 504
390 328 476
418 385 279
412 390 228
378 371 272
408 331 300
407 380 254
409 383 313
406 359 273
382 400 294
418 407 260
399 349 279
423 398 251
347 338 255
417 380 218
364 372 257
415 348 218
340 363 299
413 427 291
437 414 280
379 413 273
343 357 286
376 382 294
421 422 227
420 412 290
343 375 259
403 431 267
411 421 312
375 332 292
368 364 312
344 422 269
435 422 288
436 351 296
361 426 263
394 412 288
361 340 233
437 412 270
409 343 226
373 391 244
401 410 239
383 379 217
347 368 255
367 421 219
438 379 245
381 350 304
348 423 216
435 390 264
393 427 315
395 413 263
340 417 272
342 407 250
370 403 271
366 334 247
373 339 304
352 346 266
393 414 221
369 399 250
356 372 314
345 383 216
417 418 218
424 356 295
410 384 224
461 89 511
483 47 473
542 57 472
542 52 511
480 22 501
482 33 443
458 9 446
487 74 445
528 3 434
459 88 528
512 1 478
517 38 528
540 57 478
457 32 498
530 75 521
455 96 482
550 34 457
499 47 430
537 1 481
527 75 527
524 0 466
453 92 483
512 58 435
507 90 458
542 10 476
508 21 428
479 42 487
520 16 430
451 55 440
530 16 486
546 58 521
483 -3 487
472 83 436
510 25 442
503 1 465
510 89 495
482 72 521
537 86 449
492 65 519
452 91 462
535 45 500
472 23 471
534 78 441
532 76 496
487 12 482
509 90 517
512 43 449
502 38 509
525 4 472
492 15 493
499 31 505
534 26 505
498 64 491
472 10 519
470 41 429
473 86 454
478 85 430
450 1 496
527 50 447
490 63 452
124 360 500
88 311 475
151 278 445
85 312 471
118 293 431
164 353 441
141 309 429
95 335 502
108 284 464
170 301 405
137 358 425
120 290 404
159 276 475
158 269 482
91 322 474
116 360 436
82 324 459
74 352 504
94 342 432
119 303 502
140 348 455
94 273 498
167 330 449
156 273 413
75 333 473
84 360 476
132 348 501
93 351 481
124 307 439
104 328 499
138 292 459
101 309 405
83 276 480
106 266 458
73 306 465
144 280 470
138 327 462
102 355 419
155 359 452
135 352 457
132 319 503
149 338 478
88 297 408
168 267 480
76 340 409
146 269 427
133 295 502
75 339 419
131 358 423
161 318 447
76 298 434
128 365 446
133 299 484
74 276 496
93 289 460
87 269 419
119 341 466
83 332 490
142 269 452
161 356 484
312 489 468
314 473 473
290 441 472
254 470 535
268 425 522
305 465 483
297 491 457
311 422 508
330 411 467
318 467 461
259 452 444
327 472 477
299 476 509
248 414 538
315 477 445
269 475 540
289 413 520
281 458 481
267 434 511
334 481 442
320 450 461
315 439 460
317 426 527
311 451 535
287 404 514
285 444 529
247 456 534
341 472 512
337 425 441
243 456 514
293 405 538
277 493 476
262 421 456
317 408 467
308 451 527
280 411 518
265 488 463
255 491 459
319 499 488
341 414 454
249 429 501
287 500 455
315 427 443
320 447 461
324 475 491
329 460 454
255 433 540
262 480 517
244 425 531
311 423 495
246 409 531
335 482 513
317 402 535
266 478 496
296 460 478
272 428 517
331 480 505
276 404 526
278 462 539
248 467 466
236 115 442
217 157 422
295 133 399
231 114 453
233 107 417
245 139 465
289 164 467
292 120 411
290 105 450
255 158 438
273 108 469
292 111 442
295 116 441
271 141 419
243 173 382
301 138 443
296 170 378
230 132 402
290 163 472
268 90 450
213 90 383
212 90 453
266 119 429
263 139 448
233 151 448
221 137 378
300 150 420
293 98 427
279 167 386
249 143 463
280 87 412
243 124 380
266 109 375
257 166 393
231 169 414
287 111 472
276 123 376
303 148 378
303 112 471
205 162 402
216 129 430
278 144 469
289 144 432
270 152 405
249 159 420
234 160 388
284 103 440
288 165 466
229 101 457
297 147 374
237 187 444
226 178 396
203 127 444
228 89 412
259 171 437
291 132 438
208 158 395
210 176 415
253 91 417
274 134 390
90 80 386
53 60 444
110 125 385
45 65 420
33 72 392
46 92 470
54 140 393
57 122 452
92 102 471
66 133 473
55 132 388
23 140 415
71 130 442
88 106 466
104 122 406
69 130 477
65 47 425
68 60 467
75 122 383
39 63 402
70 82 388
14 139 398
95 106 383
97 116 398
91 115 452
105 129 448
77 99 459
66 68 454
99 133 441
33 88 441
81 123 423
63 119 390
41 75 457
16 130 472
80 116 405
15 126 465
57 68 396
63 58 465
29 90 411
25 118 412
37 144 427
29 113 406
59 54 443
105 106 417
105 147 470
106 65 420
90 140 418
67 102 395
51 122 454
52 119 443
92 111 440
96 100 395
92 80 475
42 92 445
84 58 421
36 100 475
103 113 401
85 109 421
24 133 393
79 97 471
548 215 136
524 230 86
494 233 78
466 232 158
523 156 133
488 175 146
485 180 109
464 182 125
496 162 59
476 199 76
521 230 87
456 229 143
511 225 77
465 155 119
501 196 61
548 205 61
502 217 106
537 211 129
459 155 120
495 190 119
470 225 115
478 224 107
482 180 105
471 165 155
456 200 88
495 239 60
539 249 148
515 236 106
534 165 137
537 172 64
528 151 141
515 225 159
527 250 152
497 230 85
533 241 151
464 214 122
495 224 86
544 233 85
478 235 125
524 213 121
510 168 82
542 250 117
498 231 121
472 207 134
504 176 104
477 182 74
534 196 136
455 197 84
546 224 82
539 231 154
508 237 82
508 237 153
457 248 150
486 251 78
517 188 91
546 174 92
488 234 103
529 246 116
503 156 129
465 172 93
405 400 447
369 396 463
401 420 458
375 421 490
419 397 476
399 406 431
380 353 404
374 372 448
375 388 455
364 431 420
330 367 453
386 435 467
379 393 440
375 371 407
341 394 416
356 439 497
405 383 497
339 372 442
330 395 467
330 415 480
356 447 481
339 354 499
354 382 500
340 419 493
406 442 471
425 412 500
369 373 444
340 432 406
381 404 417
351 366 404
333 362 459
398 378 409
396 375 489
392 394 503
363 428 448
335 389 502
336 414 406
401 428 450
367 404 456
397 438 463
420 423 452
413 348 415
349 434 492
382 408 438
378 402 478
406 380 463
347 435 479
332 444 488
379 376 417
325 396 491
336 365 442
386 387 462
412 385 487
390 423 406
343 360 440
414 414 493
332 431 463
416 415 467
376 423 403
377 430 457
378 17 84
391 10 76
442 65 158
440 3 120
398 46 128
421 32 151
402 38 126
452 4 169
418 -27 167
474 54 142
381 59 131
440 -3 93
466 -33 138
473 56 151
427 51 98
377 57 74
415 16 104
400 30 97
417 32 154
469 33 84
437 -29 126
416 29 96
407 -27 99
387 51 79
436 -5 138
448 -4 75
414 25 118
449 -10 130
377 -19 103
433 54 118
469 35 120
460 -1 154
469 20 120
464 63 160
465 51 146
397 -1 113
390 41 121
434 3 168
399 56 81
454 38 123
381 36 172
386 33 80
402 -28 80
398 44 98
404 9 133
474 52 85
450 6 82
381 41 172
451 53 153
444 -4 126
395 -3 77
401 1 113
375 -15 114
384 17 95
380 46 80
437 -17 79
405 -20 80
468 26 129
434 -34 134
415 48 133
250 456 280
318 503 353
244 475 275
252 463 319
252 440 267
237 535 307
257 489 280
244 470 350
276 467 268
278 467 309
286 491 259
319 498 310
227 509 335
252 524 298
287 466 332
276 506 349
299 522 290
248 479 335
255 525 269
255 453 283
306 479 308
277 534 341
318 452 324
305 455 350
316 473 299
269 540 342
317 451 309
288 452 310
248 503 312
251 497 300
276 499 261
237 462 284
285 496 347
313 490 302
299 511 340
313 450 289
290 530 357
316 475 306
241 518 302
320 525 331
254 443 315
241 470 343
315 526 304
279 446 259
235 500 271
299 493 260
318 522 271
303 481 325
252 458 282
265 513 283
250 489 350
293 454 304
254 478 300
256 537 295
280 530 305
289 481 293
305 524 312
230 540 313
245 480 332
236 469 334
197 413 160
136 407 165
166 387 211
204 411 159
147 398 225
120 361 206
135 385 224
174 352 223
188 338 140
134 393 165
137 423 229
197 375 211
151 369 145
167 361 189
178 349 148
172 409 232
114 427 160
132 420 158
157 370 171
123 342 187
120 406 234
168 378 220
200 388 142
154 433 142
134 363 152
119 414 137
183 352 144
161 352 215
202 366 179
116 391 196
170 389 210
120 418 229
180 428 204
171 382 218
178 424 184
176 427 170
130 361 214
199 412 183
199 428 216
121 432 224
142 394 215
166 370 184
118 339 233
164 369 225
136 375 148
124 363 212
158 415 170
116 415 182
203 346 151
138 353 178
153 415 150
122 402 215
190 434 159
200 395 218
181 346 137
167 417 189
114 343 139
210 393 172
172 406 164
167 420 145
126 398 426
193 333 395
131 351 430
194 374 376
176 345 382
181 355 399
162 331 372
140 347 376
140 352 404
177 330 378
151 380 437
127 374 356
147 364 425
179 370 388
143 355 414
151 349 439
126 337 443
129 407 387
109 322 451
111 415 372
201 406 401
189 337 448
160 390 392
191 322 408
127 407 389
146 327 385
158 337 384
129 319 367
152 318 402
109 322 387
190 403 449
136 385 400
202 342 393
195 407 363
133 364 356
184 319 394
122 359 425
188 357 385
107 404 451
119 321 429
143 331 438
197 394 406
164 394 398
179 365 356
118 332 450
149 388 421
148 395 390
178 400 439
181 351 400
176 399 446
148 406 419
192 412 357
201 402 405
185 332 363
148 364 364
112 336 428
142 323 435
126 325 388
138 386 397
178 390 397
250 500 147
231 499 141
222 536 122
196 540 123
216 458 94
226 490 105
247 538 115
208 479 54
275 500 58
256 456 121
209 523 119
239 531 150
252 466 104
242 529 146
202 510 147
244 451 57
274 470 147
204 513 90
282 547 87
227 486 112
274 499 57
242 532 126
263 479 143
261 468 110
216 507 67
213 487 99
209 530 86
262 462 114
197 499 52
185 497 132
253 482 150
222 486 97
260 484 144
269 517 67
276 471 83
282 489 151
219 470 79
278 480 107
208 512 131
201 546 89
252 532 102
214 469 113
229 505 102
229 548 83
249 542 144
227 495 87
280 505 96
244 517 70
200 536 85
281 498 134
227 465 91
193 470 127
195 456 99
189 529 108
284 533 91
282 508 128
239 465 83
240 525 85
264 464 109
212 515 63
241 96 333
234 59 320
310 54 346
284 23 341
250 17 314
287 92 333
264 53 311
229 112 284
281 79 310
263 44 336
305 72 259
290 66 324
271 81 294
230 25 308
231 43 261
267 51 250
313 110 309
237 20 316
275 68 274
308 107 340
293 73 295
300 24 300
302 80 310
278 26 250
243 61 312
244 113 271
279 69 319
286 30 254
287 93 326
237 85 291
248 102 290
258 71 267
287 74 251
296 100 255
323 83 276
293 21 295
251 41 344
239 31 305
271 48 328
224 53 331
304 59 335
271 34 313
298 57 306
288 74 305
323 95 294
295 21 276
290 33 261
268 44 346
246 88 303
266 70 256
275 41 337
297 100 258
235 86 302
240 34 309
310 22 287
265 80 254
245 64 339
311 60 348
235 48 289
240 49 311
193 142 168
172 183 100
201 130 171
170 132 105
206 151 154
207 98 172
238 129 103
213 136 116
154 192 169
215 114 157
226 103 180
216 135 151
248 129 134
237 102 112
154 100 108
181 191 142
170 164 162
250 133 143
159 185 113
214 186 96
209 122 125
178 96 93
216 96 89
218 185 138
198 144 139
211 149 155
241 122 147
156 140 99
212 186 178
150 108 184
190 105 106
223 151 177
215 125 117
181 158 184
219 165 153
202 93 129
236 108 121
213 116 143
163 192 114
162 103 85
160 130 93
171 160 182
246 122 104
204 145 100
214 152 152
150 127 155
221 137 89
152 171 128
203 159 91
241 93 116
200 179 143
173 116 117
220 137 128
190 178 113
214 127 165
216 171 142
179 176 166
221 138 150
182 107 125
238 169 157
34 302 238
-10 252 210
-11 290 249
-47 320 284
19 310 243
-24 336 241
-32 242 244
14 333 282
-16 323 269
46 244 300
-42 319 242
-29 281 254
33 270 218
38 313 259
45 328 229
49 297 207
5 286 270
32 259 300
29 244 227
12 249 278
-47 295 217
35 329 246
-34 252 239
-2 244 235
6 270 204
-26 333 211
-6 302 222
16 242 243
28 241 288
45 242 251
37 249 263
-37 247 259
-46 330 297
-41 252 225
34 292 286
-28 315 292
20 301 271
50 268 303
-30 317 236
8 280 290
-8 238 221
-41 274 255
-1 296 280
23 294 280
51 280 242
-23 319 232
28 252 265
11 277 286
-2 264 236
24 281 246
37 272 245
-26 285 283
-9 286 297
45 308 294
42 244 267
44 312 245
0 273 231
10 303 289
41 254 276
36 267 237
127 122 442
172 82 524
219 97 519
124 100 491
133 82 519
147 67 454
158 58 426
131 142 499
187 109 504
150 125 485
168 87 493
197 95 453
127 85 500
160 132 442
200 118 470
151 66 473
192 69 469
135 120 481
210 51 435
136 78 483
133 75 460
121 93 434
164 133 462
146 128 476
191 90 453
170 120 514
181 106 504
199 60 457
213 131 505
160 68 474
170 51 498
123 123 495
203 70 514
132 81 502
156 92 492
153 58 434
203 48 476
169 73 504
135 68 480
123 67 457
182 125 456
202 144 519
180 75 451
141 87 518
147 48 449
161 123 458
198 107 521
145 59 449
149 107 473
210 47 475
147 77 476
146 49 425
220 87 524
193 78 515
175 134 473
148 140 521
217 114 515
207 109 458
151 144 437
175 142 426
146 -39 135
134 8 63
119 37 149
116 10 63
112 43 69
186 55 128
163 22 79
143 8 105
142 58 116
130 11 129
147 11 80
186 -38 117
174 46 65
176 5 100
141 22 97
170 -15 95
167 55 110
127 -35 61
102 32 137
175 -3 117
184 56 123
112 39 58
164 23 107
137 40 135
95 -27 69
148 8 149
131 40 144
123 -15 98
178 7 83
119 12 133
145 -13 60
174 2 138
166 -5 137
129 3 99
160 41 87
143 33 101
148 12 87
96 20 122
151 -11 147
127 -9 146
181 -22 130
159 -39 148
151 13 88
118 -30 82
194 49 67
192 -40 63
109 3 117
131 52 121
164 44 125
167 -21 143
170 48 79
184 -17 84
171 -1 141
99 40 150
119 25 105
147 20 129
183 -7 61
179 38 71
148 39 67
161 -37 59
235 178 159
223 140 194
191 216 210
255 130 218
265 176 187
266 184 197
267 193 126
260 201 203
247 203 172
271 183 139
243 205 194
239 209 125
235 152 133
260 200 169
192 206 191
253 134 217
248 226 212
212 218 215
222 163 191
190 158 200
190 187 131
207 139 169
186 199 211
230 158 130
277 153 127
245 194 205
187 171 124
271 165 189
200 158 207
265 215 163
227 184 168
247 133 193
243 199 144
240 143 208
185 139 156
209 223 174
247 179 155
186 200 172
225 215 175
253 182 206
179 139 153
217 181 165
250 154 182
239 188 184
181 145 136
253 208 185
274 218 192
272 142 134
248 189 182
209 135 151
263 145 194
210 137 209
274 192 202
194 170 207
178 225 203
184 131 161
192 221 186
258 188 171
180 161 179
222 216 216
397 307 309
339 322 280
420 346 278
324 294 335
403 308 353
416 353 276
423 303 288
413 335 344
423 328 315
393 292 276
369 348 338
335 361 311
394 319 325
416 302 343
418 344 335
325 300 351
324 343 348
332 374 269
413 298 333
389 291 330
389 342 333
421 354 310
367 325 338
391 327 313
342 373 334
357 366 313
361 294 308
378 298 331
392 349 297
374 332 304
351 366 336
412 358 306
397 296 314
415 386 308
342 319 288
347 388 300
360 358 354
330 382 278
420 343 307
422 364 320
405 373 284
334 372 297
370 311 283
352 388 320
373 376 289
346 328 296
328 296 285
357 345 288
419 302 330
331 329 338
346 296 347
349 317 351
366 355 306
395 334 283
327 390 276
327 299 307
384 371 296
409 305 309
349 343 300
353 338 346
26 307 129
67 266 111
80 234 149
88 279 125
73 283 105
68 232 116
14 255 111
54 292 117
26 287 83
37 312 115
44 292 86
58 244 144
81 310 163
49 285 71
71 277 76
85 239 80
50 249 97
78 228 146
53 302 103
72 299 94
44 284 108
7 264 76
87 252 117
11 227 151
56 280 88
17 280 88
95 300 66
67 318 156
12 221 108
39 287 130
58 289 85
28 230 106
84 262 130
13 246 133
40 241 78
65 228 94
15 246 97
10 263 79
13 300 113
87 236 154
93 238 89
65 241 91
11 271 152
30 234 150
21 248 120
36 287 117
11 267 110
82 266 146
23 269 87
39 260 82
73 311 103
40 285 138
-4 275 160
45 244 104
66 239 125
17 268 69
52 253 155
6 254 123
8 303 82
42 222 108
235 46 328
230 111 353
224 41 320
166 41 372
230 81 307
217 113 395
231 60 342
221 80 309
150 58 373
163 52 315
222 93 361
247 109 373
224 45 321
222 53 302
174 83 333
166 126 339
228 114 373
224 118 318
212 125 355
216 58 358
161 126 363
244 37 394
151 73 365
236 77 352
196 93 332
151 125 312
155 39 307
217 43 344
169 43 301
206 64 365
215 57 375
225 57 367
151 125 381
221 40 373
232 42 399
193 102 377
231 118 391
173 60 365
192 48 386
165 76 374
200 33 316
161 59 367
171 34 350
166 105 347
247 124 371
194 98 392
199 105 351
196 51 330
227 98 323
158 110 368
205 108 350
221 129 352
198 121 370
218 99 375
173 75 347
160 98 378
157 98 337
170 125 314
170 69 321
166 86 331
393 210 384
454 209 383
375 210 364
365 264 424
389 273 437
363 289 441
435 279 439
453 262 374
380 274 400
376 210 390
437 279 396
390 257 365
417 244 351
402 286 363
375 205 370
414 228 374
431 280 377
392 236 360
425 220 388
433 280 415
436 216 365
460 251 407
416 199 365
433 261 380
461 290 446
460 201 364
444 290 352
458 235 422
417 286 372
394 261 435
390 200 389
458 191 389
410 195 354
420 197 439
399 197 429
440 225 429
365 290 356
404 214 351
378 227 373
384 272 396
394 219 433
394 216 420
428 222 354
407 252 364
446 214 352
407 192 411
375 220 426
374 230 360
377 230 422
401 197 433
378 222 362
457 286 446
457 216 402
414 287 433
432 202 433
441 203 441
438 258 434
365 199 350
416 208 356
427 251 383
269 -10 463
331 20 467
249 42 470
312 31 473
301 42 476
285 -26 480
258 1 512
254 -13 473
322 12 483
275 19 437
274 45 476
292 29 475
265 27 457
267 59 510
335 -30 433
262 43 501
315 7 448
261 33 520
255 49 430
252 60 501
339 25 479
339 55 488
257 56 527
304 -18 462
286 40 488
280 8 504
341 8 436
320 -32 490
264 39 445
310 50 496
261 25 499
330 -29 473
293 5 523
331 40 529
262 -1 498
311 65 505
300 -19 476
339 61 527
256 59 476
318 33 501
332 48 442
298 65 449
260 47 449
308 5 476
252 35 446
341 17 492
342 28 512
325 57 516
261 56 505
301 20 517
317 -31 478
315 -13 519
258 54 436
318 -12 449
296 -25 522
310 29 435
290 56 490
272 4 470
285 41 526
323 60 520
252 445 421
300 438 470
232 454 453
226 451 393
221 441 388
270 393 385
233 445 414
291 416 446
289 395 438
314 459 428
237 426 454
302 403 438
271 382 388
227 379 373
242 443 395
290 387 472
239 452 387
259 378 384
287 369 385
312 449 422
279 434 460
244 428 379
266 451 383
286 453 408
252 416 449
224 411 465
278 385 404
290 396 414
308 452 415
311 439 414
231 437 393
265 443 409
303 443 417
228 403 401
263 380 422
241 423 448
222 436 423
284 435 450
293 444 461
262 436 461
228 421 405
227 418 390
238 412 444
272 399 405
315 428 455
296 373 461
291 425 380
223 459 401
279 435 382
254 403 463
286 456 374
231 429 458
311 410 400
306 445 453
276 406 380
306 459 391
277 362 395
224 446 383
222 392 463
223 434 401
448 101 113
482 77 143
482 90 59
482 57 96
519 117 151
473 64 116
485 117 128
544 110 119
466 131 108
447 89 69
518 53 89
517 47 96
480 90 116
481 131 86
497 64 150
487 112 71
504 73 111
462 47 122
517 90 64
481 103 60
451 77 92
460 97 59
508 106 109
459 125 103
465 77 143
469 64 78
517 130 146
472 118 87
491 110 94
474 52 66
459 82 98
475 92 111
470 62 113
525 87 60
520 35 117
512 92 93
494 107 145
486 78 117
504 119 73
501 121 89
467 104 96
499 96 110
482 63 151
482 56 108
458 48 81
515 53 107
496 59 66
492 123 83
462 57 88
514 72 69
500 63 108
453 133 155
544 92 113
529 46 143
488 40 110
520 70 152
509 53 100
500 38 61
521 78 123
526 108 61
