129 141 261
70 64 196
96 146 265
94 90 181
109 49 194
60 146 186
152 77 219
116 107 173
61 126 229
144 105 270
119 144 239
66 93 243
100 128 271
126 131 245
111 86 263
72 71 197
120 81 226
105 123 175
80 148 186
88 80 267
267 461 194
281 466 159
270 499 235
239 543 221
233 528 226
215 490 182
209 518 243
275 544 151
293 506 166
199 467 192
282 543 177
248 456 184
281 516 163
234 522 171
252 536 195
276 510 243
272 467 172
222 493 247
258 487 188
249 451 218
84 109 269
95 61 287
33 138 311
128 85 324
119 62 323
91 136 336
37 103 274
66 51 280
59 68 335
52 68 268
51 69 328
76 94 250
90 59 325
121 74 329
121 59 249
76 84 299
123 92 258
62 100 254
50 85 287
35 51 314
27 349 81
83 319 111
50 373 94
81 322 134
70 377 137
50 389 73
50 412 99
30 411 61
68 316 130
89 384 148
0 364 87
30 323 91
27 384 63
51 329 81
96 409 126
50 342 138
64 331 67
48 338 152
27 348 98
46 318 159
225 381 47
303 330 69
310 381 27
312 342 38
268 381 90
248 340 21
317 372 41
314 296 112
221 349 57
233 344 97
243 362 55
236 331 87
303 384 105
277 342 91
242 367 17
261 319 101
299 310 86
305 298 103
231 361 79
232 323 84
449 -5 274
391 -2 297
433 13 302
453 -13 341
426 37 308
469 45 365
377 -22 289
392 -12 356
405 10 300
382 30 338
470 -25 325
461 2 315
435 9 352
409 -36 359
464 48 367
380 11 348
402 -12 284
411 6 315
405 51 287
442 -31 304
467 88 56
469 104 107
527 28 72
467 30 75
453 73 91
460 13 31
467 83 128
497 74 113
489 77 126
514 56 117
522 54 38
440 14 81
431 51 67
475 89 39
438 87 39
454 28 51
498 95 119
454 89 125
479 90 93
465 9 49
71 158 171
92 218 178
95 159 205
35 245 162
86 195 167
110 248 180
37 191 187
134 179 210
54 248 225
45 207 199
81 229 137
101 184 147
38 165 194
61 151 212
83 192 229
76 153 202
59 167 152
86 154 189
74 225 217
61 211 226
129 279 344
140 316 314
151 308 371
97 296 315
131 299 383
112 339 319
146 270 321
169 337 323
132 351 347
102 359 384
156 284 329
108 357 336
105 262 308
93 284 379
174 266 354
151 320 296
166 329 320
122 277 340
142 323 353
161 344 313
244 29 -12
191 13 48
220 74 -5
287 46 -10
231 106 51
256 44 2
218 70 43
286 59 -3
210 96 -12
239 15 74
225 76 16
242 79 39
262 66 38
259 43 40
202 21 12
221 55 -19
290 34 67
228 75 61
213 98 -3
263 107 55
301 150 526
281 69 472
338 151 533
292 152 449
331 138 456
313 111 474
337 114 474
325 124 494
366 147 471
288 86 528
297 102 451
333 144 454
315 149 449
298 68 518
336 142 467
360 154 527
356 148 526
336 110 469
315 151 506
366 63 477
350 140 204
262 133 172
290 128 140
272 149 220
354 74 186
330 121 137
306 61 226
346 140 184
274 120 225
318 149 201
353 117 151
313 76 214
308 93 181
342 129 208
314 121 204
359 97 222
322 116 198
334 118 164
311 88 201
309 67 208
159 270 303
194 268 303
242 346 355
164 276 333
239 342 351
193 277 311
163 283 371
227 262 284
241 273 319
205 311 319
161 279 357
162 336 326
235 271 344
192 283 367
251 349 293
180 324 333
232 275 367
163 258 319
173 274 339
196 276 371
184 483 295
131 481 297
188 514 291
187 461 294
180 483 262
156 467 241
164 497 307
155 454 312
156 477 267
207 446 248
130 492 232
158 520 316
164 438 238
179 523 273
202 460 284
222 443 251
152 438 256
150 465 274
132 505 296
176 526 315
339 162 362
374 186 383
395 159 374
363 213 361
415 158 307
331 210 362
332 203 361
404 225 355
420 156 358
389 227 356
340 211 403
350 134 344
344 193 370
376 212 366
361 203 338
355 209 323
348 183 397
416 154 376
401 197 391
386 138 343
78 366 96
13 435 57
88 437 64
15 407 67
30 428 56
41 419 34
76 385 66
35 416 38
92 386 68
6 387 107
80 357 68
55 361 117
50 381 70
17 448 73
27 368 92
78 406 97
55 429 134
90 407 124
46 389 62
69 367 69
448 79 355
479 126 370
420 166 297
428 81 333
457 140 389
422 111 329
446 107 349
420 162 391
472 71 347
489 87 383
516 93 326
495 69 298
434 119 295
459 99 305
448 164 344
514 159 353
448 79 355
423 157 325
449 88 346
519 98 327
431 282 397
352 331 410
367 356 398
436 349 325
343 359 382
390 307 342
379 363 334
374 301 327
400 355 370
368 365 383
380 331 375
400 300 341
400 336 401
377 361 407
364 353 350
369 339 408
369 312 361
408 342 385
392 320 360
418 376 365
215 118 37
163 138 124
139 113 123
142 141 103
185 92 120
165 146 84
163 168 94
215 177 113
165 100 90
199 163 113
149 165 78
198 119 123
182 98 121
145 163 94
195 143 122
160 101 33
170 143 31
126 97 70
195 93 130
198 172 86
96 327 115
101 344 195
133 341 104
129 337 125
51 351 106
73 367 194
92 326 144
72 284 202
122 325 177
55 330 163
64 360 191
112 346 110
66 368 199
77 371 108
93 323 168
113 359 197
96 375 123
73 325 123
41 286 176
36 337 196
294 465 452
250 486 456
225 449 421
308 433 432
267 501 490
224 424 440
297 420 473
298 432 479
295 433 509
315 464 449
237 442 480
273 481 467
307 451 512
308 502 441
306 444 513
240 491 511
285 437 457
239 450 497
304 502 461
254 440 495
430 398 12
406 399 -9
477 473 -7
397 405 33
439 401 82
446 449 7
479 436 12
454 476 38
406 468 66
419 425 49
435 416 22
488 474 46
463 420 47
409 487 66
430 488 70
469 453 46
453 431 3
420 417 67
463 400 38
468 413 66
170 110 407
213 109 441
200 122 437
166 72 367
206 78 448
223 117 374
159 124 366
149 130 396
242 154 442
184 125 420
193 151 449
198 101 405
147 150 385
205 109 436
238 67 364
156 86 396
234 106 362
193 141 437
202 149 371
214 69 425
464 202 90
470 138 111
426 127 85
499 210 62
444 210 122
441 140 113
476 188 71
438 206 132
458 126 107
441 132 135
493 163 69
466 174 121
450 201 135
420 161 88
509 201 102
436 178 61
472 164 102
422 142 64
416 209 120
474 130 116
349 253 498
363 218 480
320 170 498
360 201 428
336 224 523
333 229 484
318 237 519
351 227 469
354 229 492
313 211 462
321 165 473
370 244 480
311 228 450
379 248 442
390 198 528
336 231 492
337 196 436
308 263 470
357 241 450
383 259 448
469 169 440
453 207 482
414 149 425
429 182 503
404 220 429
480 159 453
419 194 451
449 188 458
416 127 468
400 207 455
429 172 428
423 120 422
473 141 454
390 127 475
470 162 430
408 201 445
448 159 469
478 131 480
470 170 520
481 127 430
188 -14 308
131 19 328
182 0 345
207 -10 397
155 -31 340
159 5 323
138 33 395
166 -11 327
155 2 391
154 39 398
203 16 352
159 -22 391
212 3 391
200 -14 323
180 12 330
122 -45 404
176 -47 386
167 -12 324
174 -25 381
119 37 308
329 145 490
304 156 439
297 167 455
275 166 458
282 177 414
344 203 455
355 160 404
369 229 429
356 213 463
298 202 464
285 179 403
365 142 413
302 171 475
321 226 433
336 178 413
334 145 423
282 239 466
341 241 405
276 218 392
324 215 461
280 373 82
301 409 20
291 353 55
253 353 34
350 360 85
333 395 -4
265 337 91
301 400 9
350 380 7
321 421 18
253 406 94
347 430 49
269 430 92
307 359 79
332 404 1
351 391 51
285 346 68
333 348 34
317 374 30
307 357 77
-39 276 75
37 230 31
-43 217 41
48 239 96
-11 247 109
-31 301 103
6 275 81
6 299 84
-24 232 92
-20 301 49
26 246 78
15 248 78
4 286 12
5 289 42
-10 297 79
36 224 41
-13 231 91
32 210 12
40 282 81
34 257 71
62 209 79
26 196 71
77 168 33
53 126 102
121 127 65
34 125 22
45 204 9
62 185 92
40 122 56
70 127 53
99 178 77
100 200 28
64 133 54
75 180 23
38 155 78
40 192 30
39 180 65
58 212 13
72 210 42
101 175 15
479 317 365
493 328 365
455 284 313
521 289 287
458 337 302
488 275 305
439 341 295
496 324 366
473 299 317
525 314 379
441 307 352
502 291 291
527 309 351
504 296 291
505 338 329
446 268 294
516 355 300
495 272 321
500 353 345
447 277 338
355 236 352
351 245 415
376 204 412
352 275 415
335 275 382
430 209 425
403 195 413
371 263 369
428 177 403
363 232 350
398 197 362
428 177 426
360 200 415
426 276 359
355 268 413
369 203 359
375 192 358
383 224 371
333 275 365
379 215 442
355 159 144
338 203 57
397 184 147
355 164 72
329 134 127
348 174 131
309 223 59
309 179 131
338 192 87
345 223 138
390 184 116
383 225 134
396 182 66
373 152 122
401 223 119
305 191 90
308 226 64
308 204 84
325 162 79
396 164 146
376 172 50
455 191 31
439 136 18
435 205 78
464 169 13
400 125 46
371 195 56
452 134 57
373 117 23
436 187 -7
396 162 77
434 192 47
401 154 70
423 138 88
396 138 77
403 173 -9
368 185 3
408 120 35
428 171 85
421 133 34
405 212 246
487 229 203
442 222 283
500 231 241
435 162 230
496 200 274
491 201 284
431 241 240
435 158 255
441 215 223
402 220 196
465 169 279
500 248 228
486 159 231
499 240 248
485 150 267
441 240 235
422 198 228
430 186 241
402 171 245
209 83 123
237 90 35
222 31 102
191 87 86
171 81 88
180 30 50
251 30 111
181 93 56
217 102 79
156 52 110
252 54 118
238 14 120
218 42 86
252 97 132
186 86 81
187 97 56
178 93 77
215 4 129
230 30 79
155 95 51
50 247 258
37 251 212
78 319 203
66 335 248
71 247 252
81 276 184
86 245 204
105 327 268
107 256 266
105 254 247
73 322 243
77 316 234
92 248 198
100 257 214
87 311 226
76 245 220
114 260 181
89 317 212
37 331 227
41 253 234
96 262 100
113 323 81
88 274 114
47 314 101
55 324 158
125 327 174
93 245 152
112 326 109
105 276 101
65 272 175
133 241 156
60 297 130
59 320 117
105 275 114
128 277 162
81 277 86
68 301 155
125 299 85
78 247 132
73 302 160
329 299 270
298 232 214
371 313 270
339 264 234
345 233 189
342 250 264
344 274 193
336 251 263
367 322 225
282 252 249
348 272 248
377 278 272
302 284 213
283 324 239
303 256 198
292 232 226
377 321 184
307 240 225
284 254 270
337 281 201
117 188 194
69 154 239
84 164 176
139 162 139
66 216 220
109 219 211
86 202 239
113 231 156
113 205 192
73 195 238
62 183 235
100 223 204
91 209 235
53 204 139
132 198 206
106 237 227
96 236 232
92 221 211
77 211 200
112 138 200
310 238 11
219 230 12
246 279 11
283 233 15
311 220 40
291 224 31
237 228 34
218 229 30
282 189 31
299 261 67
306 238 53
292 243 1
310 239 -18
262 254 -18
249 200 9
264 224 -9
293 191 -19
282 189 48
213 207 17
289 272 46
369 404 207
435 391 221
454 401 210
376 379 238
372 389 196
460 400 157
388 366 197
399 368 174
436 344 241
433 351 209
387 358 240
437 396 181
430 361 221
394 365 234
423 362 191
384 384 179
394 346 235
394 409 155
447 413 207
384 385 213
297 208 236
358 195 165
315 215 200
334 269 173
361 198 230
327 242 210
315 180 174
339 266 201
283 224 225
293 201 195
357 174 203
335 256 167
308 218 214
368 239 186
367 269 202
373 242 200
352 235 219
307 254 220
369 246 211
296 213 167
269 494 345
240 519 279
187 516 314
242 514 275
231 430 263
210 499 255
213 517 271
235 516 255
276 453 251
259 492 348
220 428 299
216 464 286
202 525 287
245 440 323
265 504 299
226 482 344
236 511 294
223 474 324
261 472 285
231 499 263
188 409 256
158 393 185
225 412 191
195 358 203
187 379 224
196 429 258
178 394 206
217 392 207
160 445 241
230 389 181
150 408 174
161 411 231
239 449 218
221 401 252
166 365 202
242 418 199
220 408 262
174 392 248
227 369 238
180 423 190
414 41 128
348 39 197
408 67 134
359 38 138
401 100 156
443 60 157
344 69 181
440 29 150
356 50 152
350 108 121
401 111 177
389 111 180
362 99 127
416 111 195
385 78 117
431 88 202
360 113 134
346 29 202
377 42 171
371 46 189
183 262 239
160 333 255
169 344 249
173 352 194
148 264 221
150 270 228
180 295 233
239 266 238
177 317 185
212 327 198
189 320 192
176 271 186
149 257 201
176 269 258
152 350 232
198 345 191
182 306 240
225 267 181
158 312 210
220 322 169
71 -25 479
78 4 450
93 -35 443
71 53 452
9 -7 507
8 -26 445
77 -17 471
83 25 503
95 1 515
96 33 464
3 14 528
29 2 471
37 -33 527
46 -13 445
32 9 473
48 29 499
11 7 470
-2 51 528
23 7 494
24 -12 518
-20 495 332
40 492 409
13 501 314
32 453 353
21 474 314
-4 457 380
-21 461 321
7 519 332
36 429 333
45 480 350
6 516 319
-21 508 360
74 448 330
17 518 379
60 502 370
2 479 405
73 498 339
26 461 341
5 476 399
-23 488 332
97 461 203
128 506 211
76 474 153
142 455 202
89 522 226
151 464 147
112 481 184
74 472 223
107 491 166
61 449 186
75 503 217
94 513 216
102 429 140
105 447 224
103 511 181
65 433 171
54 448 178
142 513 137
81 429 172
81 436 138
407 522 462
379 470 494
381 450 475
413 477 486
316 500 463
372 454 461
412 525 435
382 511 477
329 439 436
390 485 489
342 536 526
349 437 498
366 483 495
333 473 487
380 532 447
352 492 495
403 478 473
388 515 531
384 477 488
314 509 510
251 66 438
244 52 446
239 131 461
254 117 469
227 104 437
210 87 460
256 66 499
191 129 499
194 79 433
244 82 437
208 83 454
192 73 449
236 116 495
243 46 475
203 120 485
240 50 482
160 103 488
177 89 470
166 52 422
175 130 435
256 368 365
215 325 400
237 304 342
183 317 399
193 284 379
177 370 385
188 317 416
184 295 426
238 371 431
240 340 377
264 356 393
213 331 371
271 305 366
204 322 382
237 298 417
265 313 392
176 286 394
260 363 362
193 365 404
224 308 384
198 443 152
174 425 150
185 502 143
128 456 192
142 480 208
143 412 204
143 455 197
170 414 138
130 489 186
171 455 207
175 488 200
154 461 199
129 474 225
156 492 187
158 451 225
190 472 141
211 477 182
155 450 222
167 427 197
213 415 143
325 129 97
330 145 81
289 184 140
261 145 111
302 215 127
261 139 46
321 203 101
237 215 78
322 176 94
254 150 142
251 165 112
240 118 93
260 137 71
267 175 57
262 139 48
250 156 135
234 118 77
255 182 85
272 209 59
328 143 69
227 28 146
242 39 155
257 55 113
288 22 130
287 6 146
308 4 86
251 47 136
317 67 172
317 80 127
229 42 152
261 26 142
276 73 121
272 23 142
283 74 163
295 7 184
246 -4 112
271 46 168
275 31 161
241 64 91
257 57 92
508 363 282
507 322 268
491 322 325
449 313 331
467 354 309
523 361 338
455 344 329
520 360 357
529 303 341
435 281 299
490 309 290
442 285 342
454 317 302
440 288 332
462 360 308
434 328 355
471 325 365
506 314 338
455 353 331
521 355 273
160 39 433
206 44 444
144 103 391
203 131 386
149 89 447
193 54 453
169 76 424
109 101 477
182 64 447
169 102 404
171 90 386
151 85 437
182 67 432
184 70 469
143 105 449
179 64 399
130 41 461
130 130 382
133 35 422
203 87 460
118 283 112
39 269 109
92 264 96
32 269 180
59 284 186
73 261 185
101 265 103
121 219 170
76 264 90
71 276 136
39 275 184
113 283 174
99 265 179
123 303 158
69 224 160
75 223 111
24 244 107
35 305 93
41 223 180
122 225 165
271 109 252
292 102 245
341 142 212
257 88 227
326 70 213
320 50 276
315 82 286
342 96 278
303 149 247
299 54 275
296 95 283
255 54 195
306 135 220
262 133 259
316 68 211
247 135 228
268 53 233
276 73 227
340 133 262
280 73 236
490 374 392
518 413 418
477 403 435
426 367 349
462 361 378
475 334 436
454 408 356
506 398 370
426 346 359
492 425 357
423 408 401
480 397 354
508 373 396
438 341 412
446 405 380
430 334 396
475 361 392
516 358 381
493 328 414
502 376 396
85 59 356
72 84 321
92 13 388
159 24 363
78 57 328
79 58 314
145 68 346
97 78 330
107 49 318
90 60 392
157 88 325
111 94 345
73 81 340
148 92 374
93 64 318
110 56 398
82 14 360
140 4 366
82 -2 395
150 29 314
113 240 -31
199 228 59
185 218 -3
143 232 26
147 292 34
168 236 -39
188 238 34
195 231 -8
163 269 13
166 270 -32
197 207 17
112 270 9
100 257 24
171 279 19
198 232 -40
120 286 -4
198 283 -27
140 235 55
117 247 48
175 253 53
446 391 216
429 403 222
471 368 209
482 383 177
458 440 196
462 354 210
489 421 179
440 355 225
470 444 183
479 357 167
464 349 224
433 448 216
433 416 238
415 387 212
406 358 209
437 367 148
409 399 236
472 447 153
424 405 242
412 433 185
442 128 319
497 99 292
454 137 335
408 154 278
446 101 253
417 166 273
437 94 254
495 155 269
441 97 293
407 131 246
465 144 310
453 120 257
488 175 310
415 123 340
496 170 321
494 132 316
440 129 289
417 133 266
442 148 316
407 109 266
136 58 359
165 42 390
151 56 364
165 27 370
123 58 416
98 25 426
79 95 371
166 100 360
143 79 355
124 30 421
142 101 440
122 3 438
107 49 404
107 69 442
124 57 373
164 26 382
97 90 432
124 35 449
86 38 421
123 37 450
32 175 218
-10 244 245
59 170 241
31 218 282
-27 178 272
52 168 202
-20 185 276
42 220 243
-27 166 250
35 226 251
-25 201 220
-5 246 238
0 255 295
-20 201 259
45 200 295
-28 175 231
-36 173 217
29 243 238
34 206 270
46 174 239
263 495 390
282 507 446
294 535 435
264 476 380
283 500 419
287 546 427
325 522 360
260 519 384
264 480 403
307 485 416
354 491 424
289 469 394
304 510 384
306 512 381
336 467 359
283 490 367
306 506 383
349 521 380
318 538 368
292 455 452
224 153 497
192 179 489
233 157 403
190 181 475
200 240 434
242 170 447
271 182 413
228 233 447
208 228 478
267 169 499
275 248 444
235 164 458
253 163 500
206 157 485
278 246 497
265 165 486
202 187 457
261 225 441
274 197 494
241 245 481
321 439 115
359 383 170
336 384 210
302 418 200
342 352 115
366 347 122
327 426 157
345 403 208
360 370 154
337 427 204
308 377 199
298 432 115
353 432 165
373 397 172
341 439 121
392 407 138
344 378 134
384 361 154
337 370 151
344 370 199
74 386 300
-2 436 332
85 451 332
49 463 343
8 467 303
-13 402 326
1 389 316
52 410 334
-4 439 273
77 405 321
1 458 259
68 400 296
-1 382 281
6 431 335
40 402 307
6 421 337
51 466 297
11 389 346
17 471 276
34 469 296
282 83 128
227 27 107
223 60 138
265 42 109
290 112 128
229 75 119
291 77 125
214 56 154
208 105 115
227 61 94
222 100 151
256 23 94
288 69 109
224 33 120
231 19 98
238 18 113
259 23 184
252 54 110
257 97 120
200 33 143
367 49 407
325 16 383
391 82 391
318 95 390
396 95 384
340 110 379
370 16 377
313 57 380
305 14 444
361 53 352
315 22 366
312 27 376
311 31 434
352 20 439
347 16 367
348 94 397
368 94 391
389 38 407
364 30 367
336 96 414
88 363 417
58 328 442
42 363 427
36 346 426
70 329 429
69 295 415
111 274 432
126 305 465
108 264 390
72 276 428
99 279 473
72 269 479
45 273 440
51 320 389
128 357 481
62 317 404
77 316 468
121 313 386
31 305 470
118 342 406
178 471 160
171 496 80
188 436 91
96 482 85
115 426 134
116 469 96
110 468 62
170 478 74
98 483 88
111 420 109
164 490 88
124 475 142
185 473 73
140 484 77
162 482 99
149 405 153
158 422 153
114 431 77
173 490 80
176 417 118
158 287 305
110 358 378
123 286 295
112 351 320
163 347 344
114 342 375
172 362 280
102 336 349
124 327 284
93 332 364
145 281 371
142 378 322
107 340 356
173 329 325
100 376 310
159 355 288
152 303 342
103 335 372
114 341 361
139 292 347
337 274 436
345 232 410
389 251 386
352 273 426
424 271 434
398 279 428
415 275 409
359 233 454
374 199 379
373 263 419
420 235 430
339 224 472
416 269 413
413 226 455
346 220 395
356 202 413
433 199 435
337 231 447
421 263 388
421 277 446
446 385 171
471 313 111
471 345 141
515 321 114
505 317 106
518 347 110
431 392 125
525 305 122
509 374 154
499 370 133
455 368 150
444 381 183
453 329 190
435 367 162
454 355 153
479 365 125
472 345 122
521 370 127
438 359 144
432 384 184
347 368 417
314 399 337
389 362 344
388 337 345
309 325 408
364 349 331
351 345 415
353 342 406
310 345 397
358 375 373
388 404 370
381 331 365
315 322 363
315 378 395
396 391 395
312 340 399
361 398 341
354 356 377
330 329 334
398 376 394
108 94 357
147 89 378
81 54 450
132 51 389
154 56 383
89 30 388
127 46 417
142 74 446
105 90 378
76 53 433
144 104 443
132 32 378
109 44 381
159 21 401
157 64 369
123 64 392
110 100 369
126 23 429
142 97 379
153 45 361
384 473 295
340 484 287
309 456 283
382 468 287
331 523 356
294 493 266
324 451 330
315 521 273
376 467 266
303 455 343
366 521 307
339 489 282
370 484 313
340 527 312
312 475 321
347 443 307
367 488 333
341 454 319
346 514 284
301 501 266
180 211 -23
142 182 -13
163 206 -24
204 231 -13
183 198 -37
167 172 -4
227 247 30
179 215 39
177 195 -46
193 170 -43
214 228 -25
182 196 -12
212 152 3
157 216 53
201 219 15
209 184 -33
163 173 22
164 219 25
227 173 7
186 185 35
238 24 247
162 46 333
221 32 277
166 26 249
236 -31 316
253 20 327
201 23 296
197 9 282
176 28 244
177 32 267
159 55 298
158 67 319
232 67 277
244 21 314
238 53 333
167 6 287
179 11 254
184 -32 272
218 22 284
206 15 304
356 368 72
428 347 65
385 368 7
345 390 13
338 327 48
337 321 61
406 300 71
433 322 41
419 305 34
415 391 26
392 306 90
389 361 88
336 376 13
435 384 20
354 343 14
402 312 107
378 356 96
425 347 61
350 336 91
419 322 24
-9 186 462
-22 227 392
59 215 425
-11 277 383
34 233 432
32 217 390
-3 221 378
58 227 472
-22 252 418
-1 276 374
-27 187 423
65 195 469
61 227 384
-23 274 383
21 182 381
53 248 450
31 272 412
57 189 438
58 224 397
61 268 452
266 90 330
310 123 316
255 89 263
321 111 255
298 154 252
272 117 299
316 119 286
275 154 326
266 149 273
286 102 257
284 96 316
268 67 266
320 143 283
331 79 289
234 144 314
253 60 270
294 55 264
284 139 258
299 125 318
232 126 284
347 166 359
387 82 286
412 91 334
411 132 288
353 93 373
441 77 329
370 162 345
355 77 295
426 139 291
356 72 326
357 138 285
425 116 313
411 70 279
418 153 276
343 135 368
439 82 283
355 124 371
407 132 315
359 83 355
390 146 290
63 423 230
-28 502 297
23 448 264
5 424 295
25 423 245
-29 417 240
-37 469 208
-31 409 209
-31 431 207
-16 487 307
14 494 292
-27 439 249
5 474 263
-18 478 267
30 484 299
41 499 296
-37 445 231
41 455 234
37 445 271
-28 494 279
165 477 159
113 470 141
98 421 111
137 446 148
136 442 105
90 467 170
102 475 192
147 469 175
114 475 135
122 479 147
103 437 175
76 469 138
107 502 186
95 441 198
94 506 149
163 507 151
146 476 197
116 467 184
106 428 182
132 460 116
337 245 304
421 174 293
332 157 340
358 179 301
331 226 283
335 220 319
341 180 307
374 184 343
406 178 290
394 182 358
346 205 299
345 151 354
338 152 341
375 231 296
395 249 292
422 174 346
398 157 315
381 232 353
421 164 266
406 194 328
225 397 267
160 398 281
164 411 310
239 349 231
166 380 299
166 360 282
199 379 257
186 348 237
236 333 245
200 321 262
238 411 235
207 409 239
183 408 266
251 351 295
244 406 288
249 364 253
227 357 256
240 327 291
158 356 278
192 323 304
355 103 436
340 9 371
288 98 379
299 30 400
346 41 420
362 29 377
335 97 415
297 95 419
296 14 403
318 18 375
290 10 429
333 73 450
316 69 369
331 70 384
343 25 436
270 82 406
331 55 443
348 66 367
336 81 393
337 68 460
441 81 91
479 68 152
473 55 141
460 75 97
496 65 152
423 55 164
479 41 105
464 120 153
429 115 156
436 130 117
436 132 150
465 79 166
496 69 84
460 101 153
458 54 159
465 112 144
428 65 126
469 53 142
500 41 124
449 106 166
160 362 71
146 327 1
104 389 22
142 315 77
140 343 81
135 332 80
178 331 50
88 337 71
150 365 70
108 355 42
142 377 11
124 331 75
174 376 9
117 330 4
166 369 13
131 343 19
167 407 2
148 339 19
174 333 36
119 382 34
326 321 54
364 285 50
322 277 130
351 354 51
360 355 133
391 298 81
381 328 74
338 315 63
354 284 48
350 362 83
349 300 79
386 338 46
332 315 76
350 349 62
351 275 51
334 321 126
366 320 65
358 347 145
375 359 103
363 311 46
217 157 358
207 120 389
248 123 425
207 137 367
267 117 331
251 115 425
234 184 366
262 172 420
202 151 337
230 116 379
285 128 412
192 194 430
252 147 346
247 160 391
225 152 420
198 187 400
259 135 420
189 139 353
222 132 413
285 142 378
340 196 395
313 201 428
309 232 425
340 288 395
311 264 415
297 188 445
291 207 446
338 274 394
278 226 440
335 196 376
334 232 390
278 194 356
292 249 402
344 255 389
314 272 429
344 278 397
283 251 358
272 222 371
325 271 422
252 243 374
147 482 449
221 479 499
166 541 441
170 490 448
142 448 463
165 523 464
202 469 497
207 494 476
187 535 466
131 514 448
212 542 429
215 504 495
216 506 497
174 535 461
206 536 514
145 446 506
221 458 420
136 457 465
172 511 419
143 476 423
287 328 30
267 338 30
318 346 31
336 346 33
327 340 0
261 322 -10
285 353 40
296 383 0
297 311 4
278 385 31
329 376 50
241 352 48
255 339 25
310 345 -2
332 307 35
288 329 -34
317 385 -14
335 383 51
329 291 12
280 314 -17
