178 123 527
184 186 529
101 174 453
148 186 459
138 140 491
141 104 488
106 157 476
107 171 472
110 107 477
102 181 474
160 161 535
174 156 449
161 133 529
145 98 477
146 173 532
153 180 510
91 113 509
95 110 455
154 174 540
184 187 461
181 136 529
165 180 477
116 156 536
186 143 451
152 123 504
165 123 448
157 111 496
113 147 455
160 135 547
99 166 462
142 167 526
150 94 505
122 141 467
116 131 458
169 126 519
154 146 510
91 176 465
95 137 547
142 146 506
171 109 448
102 125 493
159 99 531
176 166 515
187 95 468
169 139 535
132 114 482
180 130 527
149 99 513
158 94 463
182 138 541
295 232 423
267 232 456
224 216 468
314 236 406
240 193 434
266 232 431
229 261 444
244 201 437
290 244 497
316 243 488
240 226 494
253 209 436
231 206 460
305 231 412
219 204 481
289 259 477
310 260 415
295 201 411
250 274 484
231 262 491
295 209 423
232 230 447
244 275 482
240 267 484
281 284 422
253 225 463
295 211 455
235 283 492
285 211 421
247 214 454
277 281 421
304 284 505
314 219 414
268 249 432
316 231 442
314 261 417
281 253 487
309 191 479
310 283 433
268 231 420
263 253 506
317 269 421
313 249 450
223 203 447
242 281 419
250 223 476
224 245 487
299 241 432
231 261 453
243 282 468
103 273 445
126 301 377
99 305 383
108 252 374
84 288 364
37 266 410
116 316 423
37 302 417
81 277 355
124 244 421
55 306 442
105 298 369
79 256 425
112 295 358
54 236 366
39 250 355
94 236 366
39 288 356
119 227 387
116 266 441
89 250 409
31 308 390
60 228 421
125 216 406
117 286 402
65 285 400
126 267 361
106 285 441
27 289 357
36 297 424
36 249 373
113 250 349
109 309 365
125 258 353
82 230 438
63 265 363
70 230 377
58 221 385
70 315 384
42 264 403
88 281 408
89 307 401
119 308 447
78 273 385
59 245 382
74 238 356
58 216 447
34 274 439
116 262 429
64 217 434
431 144 339
442 120 314
446 158 278
424 108 280
422 158 328
500 162 308
509 137 334
427 135 265
474 158 268
424 186 335
491 195 333
431 172 300
463 124 265
427 178 332
470 126 278
422 125 318
451 136 302
482 179 276
455 132 347
418 109 313
512 133 298
484 196 294
496 155 298
438 150 262
482 104 288
463 104 302
509 115 262
492 105 331
451 125 325
475 195 338
451 184 323
460 140 306
455 170 336
430 114 310
458 156 268
428 165 337
472 166 351
424 145 282
468 118 260
441 138 342
502 193 293
442 199 273
470 134 284
427 198 308
443 167 345
457 142 326
511 197 334
459 153 280
430 114 355
462 125 333
121 323 262
117 331 201
102 374 177
56 324 213
81 329 262
49 306 183
116 392 173
133 325 229
112 391 222
52 349 205
119 337 250
122 299 204
110 365 181
138 388 170
76 322 195
80 325 261
138 383 250
110 377 213
136 339 254
109 295 188
107 367 260
147 346 202
128 380 234
65 319 215
47 383 221
83 326 186
97 292 265
53 380 237
117 306 242
67 292 247
78 390 172
143 300 220
49 354 206
133 299 181
133 359 267
116 296 257
48 345 251
67 332 212
117 350 266
99 317 250
113 322 219
105 354 234
58 360 188
89 350 227
98 367 243
122 371 263
81 355 203
105 334 207
120 329 195
130 378 258
317 227 257
383 244 184
365 271 225
334 245 266
323 204 213
407 206 245
327 204 197
353 219 256
318 223 261
397 198 188
409 222 203
399 181 215
354 245 216
396 269 226
329 252 266
386 183 240
377 208 211
319 211 214
348 205 255
396 177 253
353 217 217
411 182 223
394 207 256
395 226 197
326 251 210
396 263 279
350 215 230
328 235 210
343 239 198
364 190 239
353 209 218
414 221 255
387 238 225
322 197 244
366 204 268
339 261 232
322 241 223
342 248 241
371 181 276
403 193 243
363 198 180
396 187 192
388 239 198
344 231 244
384 225 276
352 270 260
388 228 213
373 263 185
329 191 243
413 230 194
155 111 262
192 125 301
228 111 252
159 158 213
146 123 289
236 127 287
165 82 264
153 72 212
167 124 296
201 147 214
154 117 280
241 152 242
208 71 233
166 126 262
200 73 260
160 90 235
191 157 277
155 87 231
242 91 303
171 89 251
231 144 246
197 133 301
197 105 296
184 92 255
210 165 242
239 98 297
183 84 255
233 156 287
162 98 296
165 76 282
222 131 256
154 120 238
235 133 273
169 89 243
170 159 299
226 94 276
220 145 214
218 131 244
142 124 208
199 138 269
240 137 224
161 151 250
198 94 278
222 160 279
147 79 277
176 80 260
236 127 214
142 115 213
208 139 284
168 133 235
-36 443 309
-16 433 346
2 467 365
-23 500 294
-13 488 363
24 489 329
-12 485 346
-9 495 294
-29 452 390
19 412 349
23 470 344
-17 480 339
-3 439 372
21 476 367
-16 442 316
13 470 337
34 468 330
-33 414 314
-35 436 386
22 472 389
25 505 347
38 449 302
55 434 350
50 446 329
-23 477 306
12 463 363
-3 474 341
20 446 358
19 475 304
44 499 336
12 469 331
-8 502 339
-10 443 294
-15 505 301
10 408 295
-24 502 354
3 411 361
-9 425 326
29 460 351
-20 416 386
52 491 388
25 417 291
41 502 296
-25 427 322
45 417 377
48 502 305
-44 420 336
50 413 370
8 473 373
34 427 363
95 268 51
20 263 105
25 292 38
67 278 120
12 258 117
73 298 133
65 261 37
46 270 77
89 212 47
42 255 130
75 269 97
103 234 96
18 262 112
51 254 87
52 306 52
62 307 106
65 264 120
69 306 88
29 270 101
99 263 50
25 311 126
13 245 55
105 236 98
47 275 48
21 266 120
32 279 119
83 252 132
13 254 99
93 293 130
7 288 55
102 282 50
26 218 71
61 311 35
51 286 77
87 248 133
23 292 38
33 292 33
76 265 122
107 266 65
107 295 116
57 302 128
39 291 54
100 250 81
48 302 112
13 304 37
95 252 39
94 310 48
67 297 66
35 241 60
8 231 75
205 277 324
248 301 321
157 247 355
178 235 336
206 282 331
152 294 283
202 307 300
215 230 287
227 294 300
163 257 348
173 262 341
182 221 321
241 290 284
200 218 316
251 277 307
242 307 320
229 223 356
222 244 324
166 240 296
157 311 306
221 222 298
202 295 345
207 265 349
176 259 298
182 251 293
172 291 304
231 238 264
235 245 333
210 285 344
238 222 299
153 226 336
163 286 278
249 261 275
237 235 326
193 240 363
249 228 292
212 238 342
238 290 359
174 291 278
173 245 347
236 279 316
193 235 363
188 273 291
157 220 343
241 215 277
208 219 313
210 280 355
246 224 298
233 308 306
234 277 358
350 260 221
303 333 229
294 330 198
264 338 193
275 342 185
284 263 239
325 300 249
328 343 243
296 277 259
314 279 163
291 334 189
258 285 211
344 264 209
336 326 193
266 323 213
264 317 252
272 299 200
260 322 198
340 292 168
287 343 164
319 285 245
262 304 227
288 282 203
356 317 230
297 257 196
341 290 258
338 292 223
315 349 200
307 335 173
316 264 167
270 301 257
349 341 188
295 318 245
334 316 211
348 263 164
269 345 217
292 330 252
263 338 248
311 303 191
351 350 206
338 279 161
329 337 197
295 337 169
270 331 203
339 293 195
343 313 242
315 292 183
314 262 245
318 277 254
310 317 242
70 379 300
97 365 359
24 354 304
87 323 368
80 317 373
92 318 301
20 321 374
71 325 320
85 340 307
90 365 283
37 356 282
26 326 368
50 343 316
22 355 331
66 388 353
45 339 328
116 314 314
28 410 339
117 340 282
26 353 314
101 377 346
23 360 343
55 381 290
110 336 303
111 372 315
52 393 333
95 316 370
33 344 361
42 389 313
90 413 348
106 321 300
85 386 372
103 375 354
68 397 332
32 320 334
56 353 349
56 341 371
88 375 301
85 395 351
67 333 368
96 338 322
60 406 340
20 398 334
68 324 342
102 323 346
41 395 313
19 319 340
70 356 373
74 373 335
61 346 336
173 436 315
128 421 351
215 473 311
186 473 327
129 463 291
159 420 354
146 449 341
177 393 311
158 469 344
219 487 267
172 477 287
145 490 365
172 453 314
219 481 346
189 440 332
212 418 280
151 469 344
198 441 341
165 487 317
134 465 328
156 447 310
204 419 288
125 448 301
202 406 342
136 418 358
140 450 332
186 461 281
169 436 351
158 445 366
185 470 289
135 479 282
163 440 300
131 453 335
200 483 297
188 431 268
158 413 316
135 435 357
134 478 338
195 491 307
137 489 324
213 457 304
203 410 306
161 426 333
145 406 275
209 486 308
136 481 349
197 407 273
145 470 358
146 444 283
210 447 270
221 432 51
153 406 3
161 385 21
234 455 33
168 396 5
230 376 11
176 452 22
224 424 -6
212 459 62
170 423 -6
219 470 40
154 449 -16
227 409 6
205 465 19
163 468 13
186 377 46
170 469 -18
241 472 57
239 400 25
233 450 8
234 406 78
249 415 21
238 453 71
216 459 9
218 428 42
180 452 -3
194 430 79
242 384 -6
222 465 10
170 470 51
204 449 20
161 452 22
167 391 57
241 374 -1
162 408 53
214 383 63
165 437 46
155 460 44
185 400 20
155 376 59
166 400 -5
159 440 65
224 438 27
220 415 36
151 388 -6
229 402 5
216 438 71
160 399 8
171 456 -15
240 376 69
297 313 160
241 335 94
300 309 137
249 273 182
260 322 148
312 349 181
226 314 128
257 290 152
299 361 100
307 305 118
289 345 151
258 366 134
227 311 167
255 350 166
284 309 154
235 347 134
283 320 116
316 277 97
251 317 174
307 290 101
226 310 177
313 305 138
301 279 92
292 364 140
305 355 97
276 284 110
305 287 93
290 304 95
266 319 114
257 304 144
313 280 125
224 321 163
293 270 101
308 278 192
291 274 122
318 311 179
315 314 147
274 340 116
309 337 182
255 302 171
306 335 191
316 354 128
233 325 117
242 272 105
300 288 117
222 295 132
259 316 109
241 301 121
310 316 137
262 319 139
279 85 391
195 51 386
228 55 365
212 28 376
251 71 374
229 112 358
213 108 432
198 20 385
212 71 345
249 104 347
279 45 368
260 23 379
248 46 384
211 105 353
285 31 431
250 39 411
219 95 375
247 35 389
247 83 398
280 59 422
223 51 415
222 61 385
232 34 428
259 44 337
238 54 340
204 72 372
236 91 381
238 44 364
290 43 353
239 53 380
202 30 376
252 38 398
238 23 391
251 76 339
220 51 387
289 47 347
220 68 388
291 105 334
238 114 344
205 18 334
245 50 379
291 76 384
277 47 417
194 21 429
257 23 420
250 75 335
250 21 389
247 71 427
287 85 382
289 92 353
371 389 195
302 336 193
368 372 205
314 315 122
280 318 164
363 294 136
344 310 167
335 375 126
308 310 187
277 327 124
340 338 125
333 388 122
272 383 127
279 374 168
313 356 137
363 368 206
273 313 148
368 342 129
353 305 178
359 377 146
300 373 127
359 384 156
363 329 112
294 330 154
291 319 170
352 308 187
365 345 205
368 350 167
275 376 134
300 319 181
286 292 195
338 304 206
372 339 117
333 309 118
330 338 180
290 301 118
341 345 175
288 366 166
304 359 185
356 383 148
330 306 140
342 309 144
347 322 131
359 371 186
293 378 187
311 357 166
276 315 158
287 367 117
291 318 202
301 315 175
116 213 206
88 183 189
111 261 172
119 205 167
108 245 138
143 236 212
119 191 174
81 182 211
91 196 130
110 219 218
93 260 139
155 247 131
113 242 210
156 230 123
86 257 201
139 267 135
157 245 146
63 244 155
137 245 167
107 184 200
82 198 204
113 219 191
115 240 165
159 213 203
143 269 138
153 221 189
88 239 188
131 225 174
155 265 196
149 243 170
148 214 214
157 248 140
66 233 160
116 184 204
135 207 191
115 221 183
138 197 192
84 274 139
90 241 163
113 199 147
99 250 135
109 271 185
122 254 136
103 188 124
70 229 149
147 204 158
133 203 204
123 247 143
77 194 193
123 219 188
424 62 214
476 68 149
483 7 227
497 41 228
451 1 182
417 45 230
482 17 202
439 20 233
484 25 235
436 37 247
422 0 231
495 75 223
462 1 212
501 22 153
444 69 221
444 90 233
472 59 192
448 20 242
451 71 228
501 62 182
441 12 156
432 84 214
494 19 236
510 11 219
410 69 175
490 36 152
427 2 212
502 60 243
428 4 182
448 57 197
485 -2 220
486 30 156
438 19 153
441 43 208
469 76 161
510 6 207
450 61 207
425 30 172
468 58 180
495 67 166
459 81 154
457 50 193
433 43 236
443 82 245
498 10 236
430 29 219
444 -4 197
482 36 244
508 53 154
427 73 178
422 164 122
406 150 143
397 155 170
427 226 206
361 160 162
356 152 197
448 167 117
382 226 207
416 140 185
449 202 167
417 202 195
436 212 120
414 179 205
383 141 144
435 195 201
386 144 174
450 176 139
364 128 213
420 203 152
438 197 201
438 201 129
355 129 197
387 141 126
417 202 196
410 222 169
355 166 177
391 215 182
432 204 194
391 203 165
418 193 117
422 195 183
425 141 195
421 151 192
389 182 182
434 141 202
366 146 150
355 218 186
384 186 217
425 211 124
452 219 181
390 204 160
431 156 205
362 152 217
438 188 194
415 172 213
380 195 176
454 209 206
368 165 126
443 223 172
407 198 211
293 425 -8
244 443 -1
263 379 34
306 395 -14
286 367 36
223 370 73
232 437 5
243 441 62
217 369 7
257 384 55
284 392 69
233 437 -12
220 440 19
275 449 37
295 453 59
297 444 10
214 372 35
215 399 35
218 430 21
243 400 5
285 370 50
283 361 2
253 445 37
215 395 35
254 402 30
293 404 9
309 417 3
257 372 -3
307 423 -24
298 417 -7
256 362 -1
227 433 -20
307 379 41
242 392 25
266 363 59
251 393 66
259 395 22
291 387 -11
273 435 -5
226 357 58
259 369 34
311 414 13
264 398 46
281 454 52
275 440 69
291 361 51
224 437 -12
265 438 54
294 446 16
243 379 32
412 78 304
435 40 328
471 80 366
499 20 314
456 91 305
464 92 337
460 79 379
478 14 326
431 62 305
410 24 403
435 103 340
428 104 353
501 90 317
487 69 377
460 108 356
409 44 330
446 63 355
460 10 337
420 39 343
481 103 330
448 99 350
435 61 389
414 90 343
491 45 377
411 56 309
499 52 337
427 103 356
497 68 303
423 42 359
468 99 348
463 12 395
495 55 334
483 65 377
482 36 324
426 100 376
485 60 385
408 73 340
484 80 402
443 80 377
468 46 350
458 41 323
426 20 403
452 101 371
453 68 326
490 80 367
508 90 329
444 37 400
446 104 353
419 88 351
458 98 351
480 67 109
458 75 31
458 125 60
513 45 70
456 86 93
448 121 78
515 78 52
500 54 56
455 134 85
470 62 89
507 88 118
492 62 131
535 67 83
469 72 106
483 77 62
489 142 31
481 71 54
505 102 32
446 79 130
502 96 32
546 101 105
525 80 101
510 90 93
465 50 122
474 87 82
465 98 65
485 119 85
526 82 128
536 89 39
483 94 112
500 133 80
540 114 98
460 139 64
454 82 47
487 81 75
514 109 92
454 130 48
486 54 60
509 127 87
473 102 117
475 97 40
493 44 72
510 71 50
540 132 121
503 123 76
484 108 42
495 85 61
479 83 89
467 58 122
466 106 45
523 266 499
469 322 476
520 353 453
500 355 440
503 277 461
542 336 429
530 347 521
527 307 525
508 302 506
509 284 493
471 346 434
495 323 474
537 297 512
522 324 434
516 353 504
479 327 472
538 273 447
495 311 470
536 259 499
476 341 466
542 317 434
524 261 502
464 352 494
536 278 439
547 292 465
546 341 429
530 291 514
465 297 431
544 295 427
519 338 431
536 273 436
543 293 514
531 300 476
465 314 493
527 280 437
481 354 494
535 316 479
472 301 511
453 291 445
543 269 499
461 303 470
533 338 524
454 314 440
495 303 447
451 352 513
485 305 495
474 255 462
499 334 447
483 300 445
518 304 460
361 138 148
354 149 95
366 198 102
367 185 90
370 136 101
374 143 97
403 125 62
445 160 64
430 203 147
383 201 72
394 169 139
416 200 131
390 142 141
436 188 65
391 162 73
430 119 78
423 209 69
408 145 55
397 206 145
364 184 104
374 129 87
432 183 99
395 140 99
362 199 137
409 177 128
414 212 151
395 163 129
420 202 132
394 182 116
430 171 80
414 145 138
352 152 92
371 139 99
438 204 57
346 157 71
408 141 118
380 182 106
400 204 79
434 128 128
407 162 75
421 173 128
405 130 80
430 124 141
375 127 108
364 204 71
426 115 142
374 117 113
428 166 113
445 210 148
436 186 66
423 117 219
474 75 261
467 112 262
460 73 217
383 74 295
478 118 256
428 19 291
477 74 243
407 78 233
414 52 217
420 34 276
404 67 303
433 24 292
384 36 248
478 60 233
409 80 316
448 37 299
387 74 256
420 37 235
403 55 281
475 24 228
444 31 244
437 40 284
470 90 292
409 22 281
412 33 261
391 44 306
399 119 313
407 50 298
461 105 309
469 22 309
418 80 315
419 116 314
460 64 287
381 76 237
407 109 224
420 22 244
443 24 246
442 29 266
385 62 244
468 119 296
447 92 226
466 53 303
433 87 243
401 53 312
465 99 246
469 42 317
471 112 293
462 52 244
469 86 265
-36 200 188
4 241 256
-40 175 177
-22 233 247
19 196 210
-15 212 250
-42 220 244
53 229 256
26 166 258
-46 252 183
49 258 170
33 233 220
36 217 191
-20 195 172
-11 212 214
33 237 163
26 240 200
-33 202 222
17 223 257
15 189 218
-13 244 213
-35 256 204
46 236 230
27 192 222
-16 179 243
-24 258 191
-40 228 165
13 221 173
45 190 257
16 229 169
-46 210 245
-13 218 224
-17 190 200
38 207 227
29 257 172
2 173 199
23 216 192
-39 233 211
-33 252 191
-14 215 182
50 240 207
35 208 181
38 217 249
-11 242 198
42 196 228
-4 181 251
0 178 261
-13 197 216
27 234 250
-4 219 166
369 444 339
356 456 379
375 435 375
388 434 395
385 474 399
311 483 369
362 479 410
332 422 387
337 439 348
387 450 420
303 465 345
393 466 359
328 492 379
306 483 393
335 463 416
339 488 414
374 432 369
317 428 404
348 513 403
314 510 412
362 498 330
389 431 351
394 435 368
315 477 364
303 474 336
389 486 384
376 424 420
304 505 405
318 483 364
346 471 343
302 499 358
322 482 374
323 501 419
296 446 397
362 497 406
299 417 345
357 490 370
353 449 343
367 450 412
305 453 384
351 469 388
302 417 387
354 495 420
324 468 398
356 515 328
339 472 341
335 436 396
352 419 355
387 495 361
389 477 372
249 49 334
276 61 314
207 46 267
219 11 356
205 92 334
253 8 281
269 69 302
262 76 279
212 88 321
254 3 328
281 11 269
270 29 271
254 75 320
236 95 320
239 21 313
211 53 300
261 12 330
284 92 315
232 35 352
271 74 265
250 5 295
243 62 292
282 71 350
283 35 291
263 43 274
271 23 345
247 9 355
259 24 268
274 40 312
230 80 266
193 0 256
240 68 296
236 34 332
194 57 298
214 11 330
216 85 274
229 27 329
195 37 322
222 66 350
220 10 347
263 6 285
264 38 274
260 58 348
209 74 281
253 98 348
270 50 303
242 73 306
212 54 265
257 10 314
252 74 309
340 184 39
321 111 -28
359 160 31
379 184 -4
344 169 16
383 144 -33
356 136 -9
338 112 -38
391 185 -1
373 193 50
324 123 60
391 139 -39
355 120 50
378 113 31
352 132 25
391 159 48
317 198 5
321 194 -7
343 143 -17
313 156 -11
318 187 -36
327 124 0
397 204 -6
387 130 59
380 125 10
389 168 32
361 169 35
395 193 57
387 120 -32
312 187 -5
329 125 10
389 186 -25
346 114 11
391 170 27
376 185 6
321 197 38
360 120 5
390 189 6
314 211 35
367 210 -30
395 174 13
390 149 32
334 201 -38
352 129 -40
386 119 53
398 190 -10
362 176 4
305 181 49
364 164 -20
366 140 -39
275 86 282
274 99 272
240 21 347
225 42 297
239 37 264
256 22 310
283 12 252
213 75 290
233 51 300
213 19 294
273 91 262
270 23 312
249 51 288
226 108 309
265 105 350
226 96 286
266 63 287
301 86 272
300 104 273
294 43 308
258 82 260
219 50 315
234 44 262
261 14 321
262 46 252
275 43 342
299 52 285
284 89 267
298 92 348
234 58 326
211 48 338
283 8 275
268 49 308
283 67 280
296 91 295
246 62 294
259 108 325
283 77 265
286 97 317
241 86 309
283 22 253
291 23 255
303 20 333
268 18 282
228 95 307
268 56 273
239 80 350
285 36 266
303 25 350
230 20 340
293 161 324
351 168 325
388 163 412
384 175 351
340 192 419
388 172 350
349 180 418
356 197 378
300 239 400
317 248 338
306 228 323
324 218 393
345 164 340
373 235 365
318 251 407
309 232 409
361 247 417
323 166 387
319 246 418
319 225 345
349 250 350
336 234 330
316 245 339
368 226 384
324 255 394
386 182 388
358 247 340
365 159 412
323 181 409
383 219 388
309 252 346
373 192 407
370 217 388
336 254 410
364 164 371
318 159 421
332 212 349
354 204 392
329 171 386
327 155 360
341 204 334
335 241 419
289 238 329
316 169 364
379 221 420
290 179 337
290 200 387
331 180 345
332 167 404
355 200 327
192 67 473
191 80 466
146 78 510
164 51 517
221 105 465
179 73 426
141 53 499
233 99 441
228 33 502
183 53 500
210 44 521
161 61 508
178 45 430
140 24 446
235 90 440
163 104 484
197 23 460
136 50 493
137 95 459
144 29 429
155 51 482
197 66 519
175 27 503
230 49 452
146 106 491
190 52 513
192 81 511
185 112 439
177 46 458
206 44 512
214 77 453
219 35 513
206 89 483
186 121 436
150 56 441
171 69 464
162 55 435
135 30 452
198 86 470
208 62 435
229 63 487
224 97 514
235 101 519
171 109 515
150 119 496
215 105 438
165 118 494
174 80 503
189 121 423
205 47 520
257 481 313
321 451 303
266 415 261
312 485 286
324 470 258
336 465 313
296 466 284
288 455 271
333 417 328
282 415 264
319 445 277
331 432 320
265 477 302
259 491 298
324 476 282
313 414 255
292 397 293
350 464 284
347 439 327
337 470 279
352 438 300
261 399 317
257 490 262
274 428 332
276 441 285
297 427 308
277 442 256
334 469 332
297 411 268
329 428 264
304 416 271
253 404 265
271 447 270
310 419 244
313 486 267
277 455 279
285 491 276
320 452 315
333 402 272
277 408 264
331 404 239
346 400 261
307 468 310
342 424 255
252 474 309
292 440 325
312 411 277
271 469 274
326 439 262
316 487 243
131 4 226
120 101 268
196 87 238
189 53 308
114 28 313
110 79 322
154 59 264
186 27 252
144 88 227
154 54 238
114 92 292
133 14 247
170 35 280
153 55 287
196 40 323
198 1 317
173 101 281
130 60 241
117 33 293
119 48 320
144 9 310
188 6 281
171 80 269
131 49 304
132 55 285
199 52 239
192 4 259
180 33 295
175 3 309
192 88 226
167 72 326
114 88 313
166 80 275
159 75 296
115 17 314
170 55 312
117 39 245
141 69 264
175 38 313
171 95 302
193 9 228
174 46 244
154 2 316
146 12 283
163 93 302
171 18 320
196 83 232
123 61 246
201 48 295
124 19 287
260 54 275
301 -12 244
254 -20 249
339 -21 307
301 16 253
259 -19 279
300 42 240
260 34 236
332 -8 240
295 60 265
315 -13 310
255 4 309
268 20 231
333 60 233
254 42 266
279 47 253
302 27 277
293 21 244
286 11 222
267 39 271
263 74 265
336 31 301
265 5 299
255 42 296
335 32 311
249 61 238
320 62 267
308 16 269
253 35 272
262 15 249
317 -5 290
309 -15 294
297 -12 230
339 -20 290
302 37 280
284 62 257
305 28 288
277 50 314
298 23 306
252 1 308
337 74 279
314 15 305
306 21 247
273 72 251
294 28 234
292 52 225
256 75 273
281 23 231
285 70 244
261 15 271
376 329 319
422 358 357
417 354 351
451 292 366
392 301 380
425 345 408
454 381 342
381 329 340
405 319 375
363 323 349
436 311 345
434 289 345
448 316 377
455 382 329
391 348 369
429 288 375
381 300 363
372 350 344
415 307 400
371 343 328
371 314 327
437 329 343
397 371 357
432 377 341
405 354 380
367 368 367
421 309 391
361 326 380
376 301 371
431 331 318
363 364 394
394 382 388
369 306 360
403 376 351
435 292 342
448 294 362
435 376 327
392 335 362
395 330 327
448 352 396
436 366 412
378 308 337
399 312 323
454 366 387
403 371 399
406 370 406
377 351 332
434 339 358
434 289 328
427 321 323
453 429 418
479 465 328
513 471 329
448 471 391
500 430 354
438 450 339
481 432 340
518 399 405
426 478 397
426 460 354
509 446 380
447 394 406
429 442 336
456 389 373
441 400 349
496 453 386
466 392 395
495 395 328
475 389 338
434 440 338
495 415 378
480 462 327
446 386 364
479 434 362
453 478 327
421 412 377
456 453 339
447 456 400
427 480 357
465 457 389
498 446 406
493 478 353
446 449 391
454 445 356
453 429 320
424 382 372
437 472 385
450 463 362
507 475 350
450 471 415
474 441 374
462 396 377
419 402 419
445 448 389
471 382 360
448 426 395
490 460 394
424 410 412
420 451 370
444 385 376
72 129 90
35 101 86
54 76 93
60 39 128
26 103 70
39 106 97
50 35 112
92 94 129
55 85 131
52 35 123
33 119 121
60 104 156
106 51 93
63 39 121
74 108 163
115 119 111
107 119 110
99 96 163
117 53 127
36 98 77
67 122 134
47 68 150
125 104 116
39 52 138
30 70 79
91 36 126
115 121 124
41 71 117
63 113 137
57 59 110
35 61 83
91 107 134
106 43 79
126 42 88
103 133 140
70 128 156
112 66 163
31 82 88
48 36 157
125 96 92
44 41 100
69 48 132
96 102 155
121 55 70
47 44 145
28 56 95
61 76 88
108 118 137
53 74 130
118 61 76
402 103 291
356 114 266
331 67 321
382 47 293
375 83 233
336 127 257
375 92 271
379 105 259
400 114 236
364 64 313
387 94 310
404 123 281
389 85 239
376 74 236
314 84 316
377 65 244
312 105 270
382 79 295
377 87 287
396 128 313
407 45 298
351 124 286
368 39 254
390 73 289
374 68 257
321 97 308
315 71 280
373 61 227
329 76 243
311 125 231
319 78 289
337 32 292
355 64 297
333 95 226
389 75 247
316 60 311
371 115 319
355 81 258
376 98 269
385 83 320
393 35 238
312 63 311
403 50 286
367 97 286
374 125 301
404 78 231
322 106 254
378 104 278
392 108 235
388 97 261
8 103 278
87 25 269
43 67 288
61 46 288
7 92 226
58 50 199
27 10 278
97 42 205
85 22 246
104 69 206
39 90 210
101 20 212
13 92 258
21 6 204
40 100 235
36 43 233
85 85 289
63 75 232
54 41 255
6 36 197
45 64 199
16 57 223
103 26 283
43 71 277
38 76 263
20 69 194
104 98 224
50 11 282
79 43 244
51 91 251
89 78 232
100 13 284
72 82 237
89 84 223
56 13 227
57 24 275
74 53 242
54 57 200
30 73 222
9 54 238
7 53 238
26 29 288
54 47 220
9 59 288
100 84 265
79 56 249
8 87 199
35 8 211
7 79 217
39 17 254
207 66 339
151 14 362
133 57 337
213 18 327
162 41 336
131 77 338
173 11 390
170 84 373
172 9 363
163 46 310
136 68 318
208 93 341
150 84 353
217 35 348
181 32 335
206 32 372
204 51 389
192 38 381
159 80 347
150 52 323
160 5 386
182 13 361
122 62 341
125 54 396
193 -4 344
209 4 365
203 83 397
122 52 360
220 85 326
205 -7 365
149 30 345
166 21 387
206 12 386
177 48 345
129 70 314
151 93 311
125 84 366
154 81 347
174 70 338
197 3 334
156 43 325
155 21 361
199 74 344
128 67 329
201 28 309
168 3 381
125 92 319
218 -5 395
125 0 348
122 9 406
356 134 349
333 98 326
328 84 280
415 117 340
355 63 332
319 80 290
409 115 319
335 102 352
370 121 323
371 60 342
346 90 350
399 102 341
327 57 335
319 117 325
332 92 343
328 55 365
374 76 297
318 131 289
322 49 352
387 85 296
387 78 336
357 120 350
377 58 308
380 90 340
416 141 344
390 75 356
347 51 306
364 72 323
376 89 314
399 141 317
345 57 356
324 108 354
374 55 326
338 141 281
361 111 343
383 94 362
394 117 290
340 86 355
380 91 361
407 103 273
326 125 319
345 118 302
331 134 274
377 133 304
382 64 356
345 101 274
332 130 332
392 124 293
319 62 357
368 129 330
265 362 44
210 353 69
189 428 51
236 345 104
209 396 141
206 366 81
226 381 127
245 384 97
195 369 127
244 439 60
178 346 113
192 399 71
178 389 48
251 387 100
257 373 69
256 404 129
241 435 83
238 426 48
198 432 108
226 436 54
179 392 138
236 356 74
248 355 56
245 356 62
248 364 105
265 355 110
217 374 114
254 366 58
201 437 111
259 340 115
235 386 47
184 341 101
228 382 117
206 365 86
261 361 117
256 432 43
199 411 94
228 411 80
179 367 62
222 400 53
234 344 134
215 407 130
244 426 128
200 359 123
206 383 94
261 411 72
255 405 63
176 357 68
183 401 81
263 401 85
391 112 41
417 49 91
394 133 28
429 94 111
447 118 88
391 66 57
394 83 92
426 117 23
414 77 44
415 37 102
477 97 102
404 114 56
440 89 98
392 85 85
429 123 67
452 106 114
421 88 92
412 107 87
444 57 69
476 89 84
453 61 96
431 123 63
409 122 89
386 132 103
443 104 86
385 72 41
436 118 38
438 89 79
420 115 85
395 84 42
457 124 50
464 105 117
416 73 54
467 86 95
437 133 53
404 87 30
471 131 115
410 82 115
417 130 66
459 90 55
479 40 56
413 42 81
443 55 45
410 117 97
452 123 78
472 99 95
398 43 71
448 53 69
394 65 30
425 86 77
113 316 442
78 305 447
126 368 442
152 338 478
83 299 458
125 341 423
116 383 462
160 322 440
161 308 446
123 323 400
90 314 398
108 387 430
93 319 449
77 306 399
122 291 419
85 339 466
68 308 439
91 321 395
157 360 433
153 316 390
75 314 452
151 385 473
109 375 462
74 363 405
147 356 393
82 304 469
90 366 479
92 324 451
67 369 454
72 314 401
123 295 441
148 300 390
64 383 474
119 358 475
145 291 445
78 374 412
104 329 428
127 335 391
104 367 487
109 330 421
81 327 402
77 291 469
153 298 419
121 335 464
73 326 423
108 332 456
93 324 428
152 370 483
76 289 461
104 362 418
214 124 -12
247 123 36
247 165 56
210 126 30
221 118 59
198 103 6
195 94 33
228 151 53
284 156 55
238 143 -19
206 156 -19
281 170 -24
269 137 0
240 131 52
229 144 24
267 149 -31
236 178 9
187 171 -1
257 110 -20
226 132 23
269 128 0
264 95 63
232 176 0
208 162 32
221 144 44
272 131 -10
185 170 36
253 167 0
271 151 60
213 140 -33
238 155 -4
242 96 41
205 143 15
242 107 62
189 115 33
260 122 -19
231 137 -31
281 173 -21
269 131 -34
268 164 54
228 159 63
203 178 -31
236 156 -32
247 164 18
237 152 30
231 156 36
200 124 61
202 127 -11
222 145 8
192 108 41
247 66 297
308 96 291
292 33 307
265 87 312
217 82 286
262 122 352
232 34 322
217 82 336
246 125 282
280 56 332
262 80 307
282 52 277
274 87 297
269 102 276
243 31 308
296 45 294
247 91 317
275 79 297
218 63 296
279 44 353
278 89 281
295 86 314
231 32 333
266 88 272
213 78 349
243 117 267
216 101 360
290 103 309
246 35 271
235 129 325
283 67 333
260 95 347
273 36 331
295 60 351
284 90 348
297 57 331
278 65 324
225 34 322
280 88 322
263 102 357
289 51 299
282 45 359
255 103 363
304 83 361
266 58 273
234 91 343
241 115 351
237 66 349
223 74 354
288 53 315
39 150 493
19 202 409
2 163 431
20 162 445
30 156 443
10 211 429
44 149 456
59 197 444
48 153 404
15 196 500
37 157 418
7 149 443
67 157 464
-16 151 491
39 209 447
32 172 495
-11 180 493
35 216 469
31 218 423
63 182 501
-17 218 423
-17 160 494
66 216 405
-8 180 498
23 199 469
-9 233 459
70 247 408
7 187 499
6 209 468
46 163 459
20 189 448
58 249 412
63 210 420
14 241 454
70 211 496
27 178 442
57 225 481
38 239 447
14 233 472
29 216 422
56 188 457
1 217 460
15 160 418
13 184 425
34 182 466
2 187 454
62 213 429
59 230 480
24 193 467
9 196 464
464 73 362
483 74 299
399 89 384
440 62 367
442 31 313
440 -9 366
454 -1 387
434 22 376
414 82 306
462 43 352
488 6 307
441 11 378
399 9 348
440 72 363
476 27 320
412 67 387
465 44 329
398 -1 358
463 80 374
420 -8 302
455 24 314
459 41 378
470 8 350
482 1 288
455 57 385
427 30 337
433 29 345
404 39 330
446 35 381
473 21 326
478 75 337
495 1 299
436 16 309
409 28 374
418 7 338
438 28 368
462 15 309
427 54 360
420 55 336
491 58 346
463 -8 299
444 44 294
481 6 365
434 1 292
405 0 303
466 40 345
432 69 347
471 0 302
450 87 289
417 15 312
134 393 410
121 421 377
115 422 359
111 389 384
104 382 423
130 411 377
137 385 416
102 390 447
111 360 448
110 431 375
137 385 352
106 372 399
131 350 406
158 428 417
186 430 371
151 350 431
125 367 368
179 435 375
161 384 442
166 381 376
195 373 375
171 363 351
184 384 432
135 426 395
151 428 392
144 398 364
181 413 424
102 404 440
98 397 372
135 393 356
158 390 384
193 417 390
186 443 382
183 419 371
195 346 363
193 401 409
186 362 417
100 438 448
178 363 415
174 425 368
196 349 445
108 405 430
175 421 349
193 383 435
176 381 442
105 423 440
175 426 381
147 344 353
171 390 418
150 444 412
312 -26 209
283 52 171
269 1 111
305 7 168
263 -10 116
282 41 207
331 1 119
312 16 124
307 1 120
324 46 204
247 50 165
294 -34 134
295 7 160
257 64 117
307 54 171
287 0 130
255 56 125
323 -12 119
307 30 136
324 63 194
279 52 169
260 -22 142
245 -10 136
315 -20 180
310 -31 173
255 -11 192
318 8 134
312 36 167
303 -12 196
313 -19 185
329 27 139
322 24 141
246 36 204
276 12 110
305 60 145
293 15 181
254 58 123
335 -16 204
250 23 119
318 24 133
264 62 163
313 -26 135
259 -14 136
300 44 210
273 60 132
280 17 136
287 26 205
282 61 169
339 -6 196
338 60 181
311 162 287
330 114 306
328 104 293
325 158 285
355 124 232
335 160 325
410 88 272
350 118 233
369 153 279
316 137 260
360 130 236
386 82 287
318 130 266
352 67 323
312 91 231
348 93 241
374 79 269
388 151 257
312 102 288
348 76 262
348 108 286
322 84 305
339 74 258
325 132 242
360 92 253
356 129 317
327 146 258
326 83 289
376 124 226
348 96 256
339 97 256
385 91 237
355 136 226
354 125 320
353 110 319
323 81 284
370 88 284
367 91 294
396 105 262
345 110 260
359 122 313
390 150 257
346 66 325
376 91 237
343 87 233
360 96 269
371 85 298
375 90 275
335 141 271
405 102 243
159 374 -24
210 364 12
176 351 38
205 368 56
212 373 8
233 393 -16
211 387 -14
154 339 -41
228 394 24
186 366 11
154 352 -30
187 383 53
153 359 30
200 322 26
236 377 -13
226 371 25
222 369 -1
202 355 -10
173 412 16
178 377 -32
249 327 9
235 416 45
155 410 -16
205 339 -39
238 368 12
196 403 50
168 386 -43
165 326 -40
190 371 1
160 363 -30
167 401 -19
163 357 -40
246 418 23
210 339 -31
177 331 6
176 350 18
192 344 -16
170 361 51
190 375 -42
157 359 -26
197 332 -5
159 326 -42
195 385 9
236 361 -11
243 322 45
153 335 -2
183 385 10
185 371 39
199 378 21
209 416 9
153 294 352
196 260 378
147 228 332
109 286 397
148 287 356
107 259 355
138 257 380
169 268 346
163 281 371
106 203 380
163 264 343
151 277 352
186 287 395
129 242 357
176 224 347
199 302 397
141 207 398
101 225 389
188 211 402
189 231 338
196 215 370
163 228 343
108 247 401
146 266 326
115 218 381
118 294 413
159 215 324
120 302 401
148 215 341
135 252 407
111 268 374
184 264 403
101 252 404
166 296 383
143 217 337
153 283 362
113 276 335
153 283 345
198 244 401
180 260 325
163 297 328
171 242 367
186 236 316
110 214 356
112 238 339
193 247 330
148 222 395
183 231 329
153 254 323
186 204 341
430 380 173
485 433 239
444 456 184
449 428 139
459 422 188
486 438 147
514 378 198
494 428 212
470 393 234
484 457 222
501 378 216
483 451 176
430 429 161
487 426 154
435 438 177
502 447 192
526 422 211
435 446 173
479 461 192
522 384 141
485 386 155
523 417 185
474 460 207
482 419 210
488 368 236
525 411 231
477 462 161
474 442 165
499 432 225
488 393 149
447 462 186
485 455 161
479 392 177
477 368 175
492 460 172
494 467 168
514 380 182
487 446 151
509 426 145
521 426 162
443 402 216
429 431 140
449 385 155
526 441 158
521 376 176
448 444 231
473 422 166
436 396 163
447 440 234
465 458 177
77 430 193
78 415 122
91 446 168
72 405 191
113 426 134
85 460 198
54 432 154
114 427 149
93 448 151
88 469 137
98 498 209
128 399 127
136 486 138
112 414 140
144 417 132
78 451 180
79 406 130
133 412 216
131 430 128
90 464 217
94 465 126
110 484 158
87 443 169
79 428 169
135 459 137
103 462 158
98 417 154
105 460 197
137 487 174
110 484 164
98 497 127
71 488 160
67 496 130
131 430 181
105 476 181
107 415 177
104 430 178
76 409 200
104 470 219
82 422 153
76 472 183
149 461 222
100 412 122
138 437 136
152 491 193
66 467 136
136 400 135
134 410 153
122 479 146
152 478 199
379 80 380
370 59 428
358 52 351
357 128 384
338 52 427
428 66 415
396 103 367
356 89 394
336 54 385
397 100 418
414 112 392
350 44 384
381 71 444
379 115 380
341 55 359
391 83 411
411 88 445
422 122 437
389 121 394
425 130 397
379 105 447
407 112 393
351 133 441
390 102 414
396 116 405
385 59 445
428 60 413
428 57 374
379 83 438
426 91 372
394 55 441
332 107 442
337 80 401
370 75 372
428 85 382
423 51 377
375 97 416
420 63 378
376 80 368
344 118 395
384 68 417
394 96 385
412 114 392
347 97 422
339 70 352
362 55 431
426 134 416
369 51 358
337 54 422
406 80 370
172 300 334
242 270 356
209 295 352
197 256 337
143 286 403
225 240 355
205 220 371
172 288 388
215 208 345
153 244 414
242 222 342
186 299 391
209 286 376
177 250 351
156 288 416
217 239 411
176 205 409
240 298 353
163 279 418
192 263 398
147 226 327
159 236 380
223 299 330
232 295 359
174 260 412
197 270 377
188 291 376
220 220 334
145 229 343
154 280 356
193 300 409
222 213 419
204 237 370
146 205 360
195 208 416
153 205 386
186 227 382
172 204 371
157 248 415
239 250 347
225 249 369
146 243 396
153 269 361
178 220 354
186 261 381
191 260 394
188 209 394
146 267 392
187 225 328
237 207 350
100 143 192
187 211 211
141 185 240
113 216 266
98 176 241
156 175 275
150 175 229
106 207 199
106 187 226
112 221 274
144 184 213
103 172 192
130 217 242
185 142 185
154 219 260
112 177 219
146 227 226
161 169 254
150 196 190
162 142 235
127 232 225
98 186 226
178 143 231
100 189 214
187 152 214
170 198 199
121 219 232
167 137 189
161 228 225
105 232 183
109 230 211
128 172 228
176 169 261
138 229 272
148 226 180
183 162 208
156 220 240
110 137 179
157 190 196
120 135 254
106 185 268
117 225 181
104 150 262
142 191 236
128 134 240
129 230 209
160 136 216
88 173 261
160 137 269
120 233 192
238 102 370
245 76 307
262 19 353
310 20 363
320 111 360
284 40 365
275 29 346
273 43 389
240 62 371
276 107 361
274 103 351
245 35 337
263 29 300
253 50 363
242 100 308
306 48 304
250 39 325
246 24 366
241 102 366
298 40 350
246 64 363
286 85 314
290 93 385
325 107 356
270 68 353
258 89 315
327 23 364
252 95 338
300 56 365
300 58 367
294 84 302
254 21 352
307 74 371
314 36 373
326 16 316
294 65 334
257 61 389
310 26 365
273 27 380
241 109 349
264 40 383
270 41 355
257 49 379
256 15 349
260 60 311
257 55 330
247 20 338
308 11 302
285 16 310
272 109 387
440 478 12
461 520 13
486 471 11
443 473 -15
492 540 51
518 535 -6
484 532 7
488 517 76
430 489 17
458 504 59
515 443 -2
490 510 21
445 518 64
467 533 40
469 475 -7
498 449 35
501 474 21
439 448 36
482 506 11
450 493 36
519 534 76
423 493 53
466 459 68
433 466 56
504 491 54
467 495 51
496 451 77
449 535 59
447 453 -11
509 486 75
434 488 31
510 455 15
445 525 79
478 466 33
430 444 43
438 487 51
432 473 2
508 482 22
502 459 60
469 458 47
438 445 18
448 520 24
484 535 2
520 490 7
470 480 20
487 471 11
513 469 50
497 487 62
431 447 -10
485 506 47
327 101 304
266 116 323
290 63 250
282 99 231
299 150 226
271 151 277
258 82 275
277 113 245
259 63 244
291 147 272
289 66 246
332 84 304
324 119 267
333 79 275
283 115 282
300 128 263
320 154 289
258 64 295
247 95 315
253 129 313
345 143 226
333 64 270
261 74 265
306 151 242
329 138 313
280 146 245
249 123 314
297 93 274
342 72 302
287 75 316
344 139 267
347 141 324
272 149 248
326 104 238
339 93 240
320 150 244
313 60 310
338 60 227
334 96 269
320 64 251
269 127 288
272 152 275
332 141 243
321 91 262
283 148 236
262 133 247
302 117 318
295 152 231
262 129 280
287 68 321
60 410 331
130 432 253
42 430 261
52 402 271
98 393 320
66 409 249
108 438 305
112 357 310
49 376 311
133 357 252
70 430 298
97 434 240
79 363 252
128 346 332
75 385 263
42 361 331
100 422 255
65 368 310
102 426 332
56 357 298
61 413 332
68 445 275
46 352 314
83 383 255
124 367 285
89 392 269
42 418 253
38 399 300
67 371 326
100 401 317
88 354 312
89 444 306
77 376 315
120 354 311
49 367 282
55 395 276
134 378 323
70 356 310
107 438 324
115 441 261
38 432 308
65 431 274
78 387 320
50 380 248
62 432 330
61 417 283
47 395 299
35 383 324
35 389 258
45 399 322
286 149 308
252 110 298
290 85 315
328 86 351
291 106 349
244 148 271
309 112 322
244 96 350
312 163 326
298 115 278
269 86 337
248 126 268
294 91 297
264 109 352
305 116 293
240 94 284
327 161 340
276 156 317
279 143 281
278 149 263
304 159 319
260 91 307
295 165 313
328 78 262
304 121 335
296 164 305
244 87 336
260 147 261
238 93 352
325 127 321
273 138 295
318 98 330
303 99 324
263 83 333
291 116 348
267 143 286
262 143 323
286 166 276
322 90 319
265 115 345
252 70 345
244 100 330
310 100 326
230 126 278
329 141 300
237 129 289
231 152 359
323 163 334
300 144 356
287 146 291
218 92 264
145 20 208
158 83 237
163 111 253
151 42 205
139 21 211
154 88 230
190 88 211
135 22 196
205 28 235
134 102 168
148 48 169
122 48 198
141 117 221
138 65 239
150 52 219
146 18 196
186 65 183
165 32 234
145 117 238
215 63 181
167 98 168
178 55 164
151 54 202
219 89 168
147 34 188
171 45 237
158 58 187
217 59 199
154 89 169
194 99 179
128 42 231
169 64 259
188 68 181
158 81 231
193 49 193
152 112 191
200 113 196
217 30 226
202 34 253
200 52 242
170 22 171
183 35 198
200 101 199
164 89 219
141 107 236
207 79 208
137 24 251
203 105 228
139 44 255
323 332 192
270 294 144
337 244 170
326 314 167
337 263 202
299 294 146
261 265 150
300 262 206
354 310 190
331 310 188
257 248 114
280 296 159
332 334 128
278 322 210
298 334 212
328 280 163
288 331 148
309 285 159
279 325 158
294 322 171
297 310 154
331 247 133
315 316 194
259 324 171
333 328 197
262 261 128
352 282 161
346 254 179
276 283 126
321 306 190
274 336 197
261 252 131
271 296 179
323 285 187
311 303 133
300 327 137
348 242 123
283 303 180
353 313 117
354 313 180
319 310 141
271 252 152
264 261 198
343 268 140
348 268 165
263 299 143
324 278 176
265 319 171
295 297 123
267 327 120
521 52 56
475 101 60
475 103 99
517 64 47
533 18 45
444 37 104
442 96 65
454 60 68
486 21 73
489 66 78
447 84 93
510 59 54
449 92 55
473 102 10
461 64 20
464 6 20
491 87 72
469 84 22
517 12 64
523 104 78
458 99 83
452 70 51
497 47 10
448 21 26
457 25 35
522 41 76
523 18 103
474 87 91
532 40 63
494 7 79
495 65 78
507 40 56
446 98 95
487 40 78
528 94 89
445 32 45
487 27 22
507 80 36
501 66 47
512 27 65
463 12 25
481 105 42
528 52 85
520 77 50
474 78 67
530 33 98
516 90 12
508 23 64
511 54 90
474 53 42
505 427 377
490 444 379
505 448 355
424 443 370
494 469 438
493 461 390
463 427 348
423 423 431
429 391 384
490 469 392
493 400 342
467 408 363
466 456 348
518 472 357
458 427 341
469 473 407
462 416 341
516 435 430
472 383 425
485 377 391
465 464 436
457 391 426
440 473 393
486 462 423
462 379 366
514 442 382
458 444 345
473 462 361
481 408 350
482 395 406
504 404 373
438 405 395
440 405 374
516 392 352
481 402 416
460 430 424
491 467 395
461 415 345
488 461 343
497 433 414
467 444 338
481 382 400
515 457 422
442 411 345
510 409 387
454 447 426
455 387 429
506 397 365
449 464 340
422 450 341
86 236 203
126 226 188
92 215 253
165 277 240
160 208 225
128 241 226
81 282 279
94 234 217
92 217 188
131 283 224
112 225 236
91 231 278
124 289 221
101 243 255
159 234 267
74 237 195
143 195 234
96 215 209
136 262 199
104 279 236
145 257 257
151 251 207
82 260 266
92 237 218
171 265 251
149 199 212
132 250 232
163 213 216
155 200 220
143 208 246
125 232 272
92 272 227
126 205 245
72 217 220
148 213 240
135 286 249
114 282 244
143 199 186
120 219 249
172 230 215
100 269 269
148 208 221
148 287 213
99 223 209
134 254 206
157 255 245
151 248 204
171 294 224
76 241 202
151 285 202
338 252 520
342 188 436
313 201 497
305 233 428
345 175 481
352 219 450
263 227 438
285 232 500
320 170 516
256 224 474
264 223 437
306 193 476
352 203 441
275 216 441
311 243 493
334 248 456
288 189 470
317 217 505
275 253 439
335 178 447
288 205 458
329 250 498
322 220 425
303 233 489
256 173 517
339 249 438
306 265 440
293 191 503
269 265 461
312 258 433
343 253 462
345 251 476
295 173 521
274 228 517
282 202 482
302 214 470
256 243 482
307 234 431
273 167 438
356 225 434
281 241 521
272 215 422
343 210 506
327 236 436
291 211 445
332 202 429
303 258 463
332 171 442
351 172 427
332 267 495
-29 112 384
13 190 409
8 160 393
7 114 364
2 100 348
-13 166 358
12 105 324
0 102 411
-13 104 412
10 174 387
-33 164 331
47 113 350
-20 149 318
18 125 329
35 182 326
-31 172 347
57 139 319
-5 112 352
54 108 407
35 129 317
20 120 324
3 138 326
44 110 315
-6 138 329
22 175 398
-9 132 357
-23 127 374
51 172 335
40 129 341
17 165 409
7 187 378
-36 124 400
40 122 341
51 116 338
13 197 388
37 115 386
21 145 399
-35 198 403
33 198 358
5 188 338
-16 125 348
11 154 344
-21 177 333
10 99 319
-25 127 337
44 135 335
57 147 357
-25 173 408
12 117 325
-17 161 379
523 445 194
472 375 144
453 434 141
468 400 211
531 459 191
493 449 222
501 419 185
518 393 147
511 470 150
442 419 146
518 395 200
531 428 145
509 470 180
492 452 132
480 439 192
475 435 220
477 391 159
461 427 197
497 435 151
524 373 162
441 393 177
515 395 222
442 405 172
513 406 190
499 379 175
442 436 167
436 414 128
476 432 137
494 443 152
493 429 139
499 378 206
504 390 134
489 453 207
502 443 125
464 445 124
460 388 221
455 414 150
439 445 219
462 376 134
475 455 145
480 428 192
487 412 224
512 420 154
474 469 204
517 399 183
507 439 170
506 429 157
453 416 185
512 462 222
487 448 172
201 253 371
210 252 347
251 281 301
200 249 350
254 281 288
264 210 329
183 216 309
186 259 294
196 261 284
263 241 289
184 233 374
191 292 367
206 207 321
235 266 332
204 231 295
178 246 299
198 233 294
251 251 372
231 282 290
226 213 322
250 221 365
214 298 289
260 263 374
253 283 333
178 260 367
196 203 295
239 229 331
176 290 303
238 249 315
236 272 358
212 215 293
233 230 334
183 203 319
268 276 312
254 237 360
272 275 292
275 210 301
236 270 318
193 204 320
268 235 302
242 232 322
205 284 321
276 255 303
258 295 305
270 216 284
247 239 376
270 268 304
257 251 376
201 285 308
196 275 337
56 464 246
34 493 226
51 464 299
-1 499 251
67 527 265
-15 518 212
9 503 262
35 540 283
61 507 264
-14 509 294
61 540 270
26 493 249
22 456 298
12 488 279
-11 533 211
15 502 257
-5 465 288
-5 497 270
77 462 260
38 531 233
59 524 295
-5 514 269
71 451 309
-4 483 242
-15 539 303
57 521 302
8 496 288
70 469 215
60 456 280
-9 522 253
59 455 223
-6 540 238
61 484 298
61 527 214
44 542 288
1 529 286
5 490 277
-7 471 216
-20 491 215
52 517 291
28 467 220
60 535 231
56 444 221
57 458 261
10 478 220
25 509 227
-12 447 309
26 532 274
13 461 297
11 466 265
256 106 406
271 108 400
278 105 430
263 58 406
324 93 430
281 47 370
280 70 406
320 52 425
321 84 382
246 111 436
254 54 363
268 31 340
293 74 342
312 118 365
265 94 356
264 58 402
251 48 368
316 53 399
314 57 395
265 27 419
326 82 412
257 43 394
286 20 426
327 115 337
245 119 409
260 71 390
270 102 395
330 116 410
295 24 434
252 74 408
329 107 362
328 115 402
260 107 430
308 57 383
276 24 409
246 88 349
304 48 348
295 25 378
244 106 343
298 91 360
301 44 416
265 43 419
309 54 349
305 53 400
276 62 408
332 61 378
250 96 416
333 32 385
298 104 390
308 76 405
337 481 2
306 431 59
314 462 47
330 480 14
284 476 23
283 478 29
318 489 -3
309 467 22
307 453 85
344 445 62
301 524 28
281 437 -4
290 464 91
295 513 18
315 519 78
324 507 6
266 507 16
262 474 22
259 502 19
299 507 35
267 438 64
270 500 7
334 520 92
283 441 29
277 504 90
308 519 14
254 494 7
309 468 67
301 444 -4
320 498 4
299 456 16
280 439 43
352 507 26
310 497 18
326 503 6
264 465 70
312 498 57
294 483 -4
292 500 13
353 447 39
330 490 0
274 459 57
326 516 74
264 510 81
291 460 71
289 470 5
282 500 83
291 507 74
272 449 -2
291 486 61
35 20 251
-13 31 283
-5 89 283
31 66 245
-23 24 328
27 67 333
55 22 324
-22 17 307
-11 41 307
54 54 244
-16 63 251
28 8 238
-35 75 281
-7 69 260
40 36 295
55 10 297
-25 102 296
-7 69 247
-23 79 266
7 89 322
-3 43 313
-38 29 319
-6 103 243
51 56 268
9 61 265
-15 37 272
-18 31 259
-32 30 317
44 30 273
0 48 336
36 96 277
48 40 269
37 36 246
54 13 320
-20 37 245
24 55 259
40 79 291
-17 8 308
-21 47 294
2 82 274
53 75 323
41 30 286
27 65 293
-3 78 267
-38 98 287
-9 101 244
35 39 280
54 98 239
-19 70 246
-9 95 312
408 438 110
404 393 125
381 478 157
413 466 147
442 415 160
460 421 197
466 442 123
451 422 199
412 456 162
460 409 100
470 493 162
448 435 112
452 444 129
381 451 138
381 490 187
379 491 182
446 438 152
428 444 165
453 426 162
431 467 159
437 436 156
432 399 199
451 394 152
431 486 200
439 436 130
414 415 133
453 482 169
374 460 105
455 416 191
392 450 116
455 440 180
444 415 147
457 432 196
418 440 184
424 449 130
390 401 188
442 443 134
440 437 129
466 430 163
429 476 194
463 476 137
390 456 108
435 409 102
418 396 148
442 448 124
461 440 139
446 417 106
437 489 133
398 432 122
394 450 126
397 273 338
339 327 317
367 325 308
393 332 287
332 245 296
329 335 294
372 256 344
419 321 331
383 290 287
376 281 281
364 327 359
390 259 306
413 284 326
327 334 372
372 328 366
380 273 341
406 326 320
407 308 362
323 317 349
342 333 275
395 265 281
380 286 329
406 330 296
412 257 305
401 289 349
339 270 363
403 330 334
379 239 319
391 308 302
343 276 348
371 258 288
392 252 334
363 251 355
387 247 363
346 305 374
419 302 287
358 336 321
408 292 314
413 299 363
393 255 309
414 290 301
328 275 303
390 336 278
354 311 278
327 300 320
323 264 342
334 306 338
328 254 317
334 279 324
363 272 278
72 328 189
147 325 120
105 319 151
106 352 143
121 371 142
86 331 182
118 321 184
81 398 194
148 402 217
154 361 187
95 329 211
110 302 149
102 330 163
141 349 130
121 310 145
92 332 158
111 391 162
149 344 214
99 368 145
105 372 178
129 355 161
89 341 204
125 348 173
78 389 207
84 316 144
113 332 120
146 386 179
163 376 139
77 314 174
94 333 137
152 312 205
112 337 122
90 314 164
164 381 172
77 389 167
83 389 129
155 327 123
72 379 164
73 370 139
131 306 200
125 378 167
84 324 184
132 384 208
116 376 148
75 359 150
160 343 123
79 351 185
79 370 152
108 361 140
113 378 166
35 377 391
57 333 373
73 339 349
39 296 319
43 345 337
89 324 340
67 311 402
-4 357 373
46 366 399
20 349 381
84 373 384
66 302 358
60 375 396
31 319 391
85 359 368
10 351 363
55 381 307
12 340 325
91 296 363
13 349 350
26 373 367
89 323 391
72 298 362
6 363 307
2 371 330
13 312 329
36 309 352
20 312 361
59 348 318
55 364 355
37 337 303
-6 309 396
41 290 329
3 329 381
83 375 329
71 325 359
65 346 343
-1 321 384
32 301 395
6 337 324
11 376 384
52 288 335
49 345 388
46 354 363
46 295 372
5 319 379
62 307 347
39 354 335
93 300 371
37 308 342
118 271 273
160 269 192
116 314 282
155 277 280
130 253 218
178 265 247
113 299 207
147 340 229
176 272 219
109 281 263
100 278 271
93 268 258
119 270 291
94 278 282
140 341 278
184 288 253
161 297 256
152 307 222
193 257 222
119 301 269
187 273 217
132 329 235
181 299 266
139 335 202
125 333 278
171 342 259
166 275 214
174 288 275
113 267 221
104 269 194
179 341 204
142 305 229
186 291 231
139 296 209
157 316 275
165 310 244
131 325 212
105 278 270
118 316 209
136 303 216
139 261 209
124 345 263
93 283 262
112 307 220
164 279 239
116 308 243
132 318 274
149 295 289
121 338 256
137 252 241
364 157 230
365 164 217
360 169 283
341 180 272
346 139 251
354 141 205
357 144 260
395 166 256
377 132 255
436 117 207
345 118 213
415 189 257
362 107 279
358 111 203
374 154 195
405 140 262
348 139 264
337 158 221
432 199 203
399 179 271
361 162 263
386 99 188
395 164 215
346 110 190
358 128 278
373 148 240
391 177 238
395 180 226
419 142 220
411 123 222
340 199 226
424 99 257
354 122 239
362 180 281
354 195 198
387 158 244
413 182 270
412 185 244
363 135 204
388 123 248
405 133 226
412 141 226
430 194 189
350 156 286
400 197 208
341 117 243
357 155 280
391 151 228
434 165 226
377 147 201
116 404 386
72 383 429
108 395 446
84 419 438
80 412 452
90 432 414
114 395 459
125 397 437
26 386 386
39 453 421
124 455 446
114 423 420
88 439 420
119 400 446
59 404 443
107 391 472
84 400 434
35 383 447
43 380 388
103 399 440
28 452 408
68 389 433
60 398 479
72 400 428
116 377 450
126 445 386
80 393 408
53 452 413
74 448 425
41 385 452
50 402 403
67 379 451
94 389 393
51 400 436
30 364 411
88 380 477
44 455 464
50 368 457
67 378 467
120 437 461
85 372 470
45 374 407
83 381 393
72 391 471
89 393 472
121 375 427
90 425 438
96 387 438
27 448 421
73 420 406
378 471 315
345 449 290
306 428 330
349 426 264
326 466 332
312 456 288
318 465 345
335 445 310
378 433 335
387 439 328
354 445 252
381 448 280
359 387 314
316 415 295
398 416 339
301 376 337
398 380 256
367 413 321
337 383 311
319 384 305
366 454 302
355 422 299
399 382 251
399 470 341
323 392 345
389 380 257
311 399 314
325 443 330
330 437 333
368 425 277
348 457 346
300 456 260
312 441 334
356 467 281
385 469 284
361 466 301
332 389 303
335 380 278
323 406 273
387 428 297
356 376 297
396 412 334
349 391 309
337 471 308
355 388 329
367 412 254
326 381 297
329 429 305
306 449 305
306 427 349
207 407 94
234 354 138
189 340 145
219 349 162
226 418 91
285 417 171
221 365 156
265 330 153
190 358 176
242 355 81
204 406 159
209 373 139
267 399 107
277 416 145
194 412 97
190 387 89
268 344 148
221 358 86
201 391 124
257 323 147
276 390 179
261 350 99
251 372 98
219 323 144
229 323 84
269 388 114
192 334 176
231 355 143
235 378 124
280 357 137
217 400 160
205 383 173
189 388 152
279 329 154
246 325 146
258 419 144
221 395 96
263 386 94
187 349 127
247 383 104
278 367 92
286 385 165
191 369 138
275 373 176
232 390 167
213 371 133
274 321 173
228 325 110
202 356 179
195 390 156
446 355 279
464 363 276
465 399 246
445 381 263
428 324 255
450 392 208
427 343 241
489 371 270
395 397 285
483 376 207
419 327 234
410 410 252
461 320 271
477 345 209
409 405 238
424 414 214
437 357 214
395 416 267
411 416 238
476 413 262
456 401 304
438 390 247
479 403 270
410 376 239
464 397 225
392 344 290
473 415 263
398 376 218
462 366 286
440 390 270
485 322 234
482 356 284
438 409 233
421 372 304
462 341 243
460 375 298
458 415 290
414 378 212
483 318 208
465 399 226
390 331 268
470 348 246
437 333 278
424 360 217
404 343 248
488 379 248
469 360 215
426 356 279
472 374 251
444 345 306
267 382 497
280 422 450
283 383 473
226 361 473
299 393 461
255 390 457
251 380 464
237 334 515
247 425 466
261 343 521
215 367 493
243 398 444
272 421 499
287 397 492
302 383 532
232 359 479
236 380 491
265 409 529
293 408 437
229 366 435
277 424 508
238 362 464
215 398 526
269 391 497
301 335 458
284 431 470
219 404 445
289 369 503
281 413 524
237 342 524
218 397 476
222 359 478
274 384 465
272 374 447
290 413 511
232 394 506
232 348 523
235 431 459
226 346 468
296 390 456
240 363 514
216 420 489
289 334 439
286 348 506
227 388 465
261 334 521
269 352 476
243 413 447
306 399 460
269 384 506
217 124 64
206 214 143
223 142 56
211 215 62
278 163 53
251 124 57
267 216 108
283 158 104
204 148 80
240 148 108
259 172 111
250 154 110
223 167 141
252 164 88
266 208 78
235 127 50
245 139 131
242 206 91
258 162 101
187 167 79
236 213 74
201 191 120
202 143 111
190 188 127
200 145 113
243 202 66
251 142 118
263 212 107
186 139 127
214 203 49
244 187 109
193 185 120
240 217 65
196 213 57
203 139 44
238 164 94
185 182 130
258 184 106
223 130 51
234 211 84
234 211 86
188 181 85
189 145 100
201 217 88
211 123 87
248 194 135
236 181 71
204 141 99
241 209 57
222 151 125
399 96 471
428 42 501
428 43 525
473 42 470
411 52 488
468 72 449
465 106 478
468 119 440
418 63 535
474 86 484
414 59 493
418 69 492
464 79 520
453 112 470
407 53 515
432 118 485
435 97 459
388 117 458
438 106 486
455 111 442
453 61 531
435 107 465
443 42 449
467 107 460
389 107 524
379 84 495
448 107 528
397 109 478
453 62 488
437 89 456
457 32 518
433 86 455
475 59 462
386 66 536
469 51 503
406 111 490
401 79 462
435 72 475
395 61 512
442 53 452
404 120 517
419 46 522
456 93 487
436 26 524
403 68 527
465 37 469
470 84 510
376 86 524
389 44 520
475 105 478
277 465 187
339 412 244
291 404 216
268 447 230
316 447 234
345 478 205
261 414 284
352 419 250
263 475 211
352 464 199
260 466 253
326 478 282
284 471 187
303 408 268
302 431 273
344 436 246
298 451 193
296 491 263
316 407 196
340 428 235
338 476 260
317 491 258
322 472 273
311 405 194
305 405 234
268 466 233
294 483 201
264 456 224
352 452 230
304 436 218
280 491 238
272 472 281
262 486 204
278 419 208
331 419 190
284 414 270
300 412 273
284 466 249
281 407 253
295 466 192
292 491 284
320 473 188
342 405 194
303 426 258
344 467 187
357 420 242
351 490 219
344 486 274
313 472 223
262 471 192
65 84 64
17 149 49
-5 146 72
38 137 93
-14 62 39
-15 85 120
12 75 112
73 111 63
63 151 46
63 98 119
58 92 47
60 140 106
58 54 76
30 127 74
71 56 104
58 86 119
-2 110 105
61 88 81
6 89 98
-3 121 43
62 146 83
71 101 83
-20 57 78
5 70 99
46 52 45
-20 106 121
-15 120 34
72 73 77
58 145 86
75 51 65
63 128 78
26 88 45
18 117 45
63 111 100
-2 78 107
65 118 26
21 149 64
69 67 67
-4 126 63
-7 110 95
-20 143 41
23 134 35
56 151 95
38 145 75
26 133 84
-17 125 81
30 76 78
-7 54 73
56 135 79
31 89 71
67 229 322
67 220 341
66 239 360
71 225 357
100 204 375
47 183 320
40 182 284
78 279 320
110 250 362
130 262 310
124 232 334
64 185 301
127 196 338
99 217 366
35 213 328
51 209 284
41 214 304
45 259 349
62 273 294
66 213 322
110 197 343
126 264 336
49 217 358
65 218 338
49 225 329
46 218 377
132 255 318
68 259 365
99 195 302
121 251 361
134 214 339
79 183 292
124 228 298
115 240 292
85 273 312
85 194 335
109 228 315
69 194 354
81 186 325
79 217 313
47 196 294
54 196 333
119 210 306
94 263 309
122 200 369
76 251 357
75 225 337
127 194 333
126 197 353
45 234 328
125 186 377
162 146 350
181 140 341
125 143 390
119 132 352
165 185 413
188 187 338
108 163 388
135 136 363
195 171 394
148 226 386
135 190 399
158 176 421
146 185 368
194 206 390
149 181 347
95 214 388
139 133 347
163 193 390
160 149 391
107 162 372
158 202 395
125 211 401
126 190 374
115 155 409
168 130 422
95 185 430
186 197 382
173 142 361
137 186 337
105 149 406
134 203 410
97 144 349
160 187 394
145 187 406
164 184 435
167 171 394
193 191 353
183 183 423
134 139 391
109 127 338
110 187 414
130 140 399
157 211 411
176 222 412
147 143 403
118 181 363
95 150 375
107 216 369
117 217 394
476 -13 300
457 14 232
402 10 260
416 19 285
442 58 234
399 51 239
491 87 280
477 56 295
444 34 255
430 32 252
417 51 215
454 25 245
434 69 275
482 72 256
489 38 294
480 -13 298
449 43 241
421 38 225
449 46 232
488 43 218
402 19 272
463 60 244
473 53 221
487 17 287
454 27 219
485 44 237
473 2 275
466 -6 262
407 56 238
491 61 267
438 -11 265
495 63 228
455 17 268
449 82 212
498 84 304
415 -10 251
473 14 242
453 10 272
465 58 242
434 14 302
398 63 232
431 61 260
455 33 300
483 54 247
497 -9 234
425 4 228
443 43 226
435 9 232
400 87 302
470 80 287
234 527 189
216 491 136
225 483 176
208 502 111
227 538 175
181 485 102
239 453 186
210 446 131
252 477 112
155 508 181
202 481 169
238 474 107
170 508 155
154 510 188
216 508 157
162 529 145
203 464 188
193 521 102
227 465 119
159 498 125
205 496 175
173 500 164
229 473 178
177 483 116
185 447 123
241 448 191
191 481 179
204 505 178
227 471 97
175 479 131
193 488 171
225 512 188
234 452 175
158 483 109
240 490 155
254 478 111
218 520 164
181 450 145
183 507 93
168 484 142
244 466 139
238 508 173
186 505 116
215 502 164
202 465 108
234 533 189
242 495 134
156 503 137
181 515 136
159 530 190
407 168 401
365 152 388
380 171 405
425 120 334
424 148 357
416 215 385
441 183 332
381 125 399
426 146 365
434 137 349
383 188 414
443 127 390
402 172 358
390 174 391
390 129 352
420 215 334
376 143 394
443 211 339
359 134 401
358 187 409
368 147 347
360 160 420
403 144 342
402 129 364
437 149 345
429 173 366
447 139 325
388 185 333
429 142 359
449 160 341
360 150 403
452 151 352
359 196 400
399 115 398
390 119 331
430 145 405
423 190 349
366 181 416
355 186 388
432 122 333
451 153 347
355 179 421
453 196 328
389 166 357
382 154 404
380 123 400
366 209 402
404 193 389
419 167 382
434 210 398
348 185 462
328 126 511
355 145 535
304 162 526
337 159 508
323 146 490
306 158 463
295 125 449
349 175 451
371 114 521
366 100 525
355 132 476
345 167 514
293 167 480
356 136 446
299 102 463
363 181 520
361 192 481
299 144 510
322 111 504
356 105 497
334 187 500
367 173 529
299 154 524
343 95 451
305 144 509
327 182 501
354 103 479
307 157 536
325 154 453
367 190 477
361 104 470
379 136 481
289 184 523
287 110 453
310 106 447
377 181 445
324 147 521
314 135 526
312 142 499
349 150 508
370 94 500
321 176 466
310 119 519
359 127 486
282 162 486
295 191 467
291 137 536
321 127 488
335 97 483
383 454 17
382 409 49
310 430 64
374 446 72
326 429 64
331 457 -5
372 435 0
378 444 36
397 428 29
393 400 5
399 435 59
308 413 43
371 416 16
349 432 17
342 391 47
361 419 0
382 477 22
344 459 46
359 477 23
373 446 67
347 441 15
324 416 -26
339 428 -25
372 393 38
320 419 -23
402 469 -18
332 428 40
358 438 23
315 474 -22
327 422 -18
374 444 0
315 442 -5
340 415 25
382 443 14
340 442 20
351 408 -12
320 480 -7
362 475 69
333 453 -26
302 430 -22
372 473 -19
373 419 38
331 462 69
395 452 45
365 467 10
352 467 25
366 446 34
307 471 14
334 473 53
364 385 26
