509 298 195
493 305 198
481 340 115
492 243 158
502 251 130
428 303 177
437 302 139
482 284 167
510 264 157
456 294 151
509 334 134
497 338 137
436 282 174
510 246 120
510 290 117
424 247 175
514 285 151
501 294 111
462 295 146
444 256 145
432 316 188
491 266 174
426 323 187
510 243 114
516 326 132
429 326 138
460 313 113
448 320 130
441 286 147
444 341 145
465 290 142
474 291 110
425 320 179
491 244 117
483 290 168
435 255 138
483 243 133
491 245 193
457 288 148
487 281 182
422 343 129
424 318 124
471 281 193
466 319 194
450 268 172
508 333 116
510 256 122
421 320 187
447 264 163
475 340 109
488 267 185
429 272 133
457 269 172
500 261 182
428 270 116
421 332 164
511 255 196
440 278 150
469 299 156
446 339 171
457 333 114
424 268 157
438 266 187
453 327 158
446 256 108
451 294 103
494 285 148
439 315 106
449 317 149
418 304 118
518 302 180
512 320 191
515 272 140
472 327 185
477 279 178
485 249 103
449 277 191
518 264 131
436 267 159
489 315 128
206 146 105
234 212 111
199 182 146
168 220 56
168 141 78
197 145 75
173 136 60
185 193 137
177 197 78
185 131 117
217 146 63
225 216 141
174 128 135
204 202 88
172 153 83
202 124 75
170 135 70
254 127 108
171 190 61
188 143 93
159 185 135
162 215 92
207 157 113
163 187 52
201 158 86
209 185 58
243 182 56
161 168 115
182 190 51
228 181 106
187 165 96
170 181 80
185 203 116
210 200 55
162 178 111
159 151 90
215 193 94
164 123 66
225 193 58
166 123 83
245 131 95
185 141 141
208 183 120
194 184 120
256 157 84
256 210 111
251 202 120
197 198 144
241 181 66
175 177 64
193 222 72
159 151 81
185 179 63
242 124 87
221 204 137
176 138 131
159 194 57
168 151 90
252 129 114
198 170 85
210 140 126
179 176 78
213 190 112
248 163 58
166 187 63
246 162 101
184 125 143
164 215 117
185 170 60
244 169 136
219 215 111
176 163 131
208 205 99
257 165 77
166 205 102
217 181 147
157 219 70
178 155 101
197 200 123
194 136 119
191 157 188
180 105 255
181 112 187
242 153 201
161 149 176
160 125 203
201 151 201
160 173 240
194 107 168
165 91 253
217 150 253
193 175 240
163 186 251
246 174 226
220 96 181
214 100 229
184 102 199
236 155 258
203 108 190
167 149 261
231 112 202
205 112 234
165 166 228
223 144 174
237 174 225
199 175 221
238 96 243
242 103 172
165 114 228
234 185 177
193 182 263
204 166 185
151 122 238
152 160 257
236 187 173
234 148 243
186 96 186
170 179 228
166 135 240
156 179 180
184 175 258
191 166 259
171 92 224
245 133 228
181 145 206
176 163 250
249 175 214
156 91 188
206 124 205
172 139 180
212 136 239
158 110 225
212 169 169
180 99 173
166 173 231
182 156 240
177 181 254
170 166 220
170 139 166
159 112 179
160 173 193
175 170 200
151 104 222
178 184 189
163 169 214
181 111 201
188 154 241
233 101 181
182 118 187
244 183 190
151 180 184
191 90 200
208 106 200
181 174 190
172 108 234
190 117 247
155 158 204
164 120 206
232 129 212
246 112 182
23 48 382
0 45 354
76 15 412
38 17 385
-2 41 320
18 73 409
92 62 355
26 71 384
94 41 339
79 34 338
68 65 409
75 85 350
17 40 318
70 43 325
93 22 317
62 22 319
43 40 339
57 85 407
34 51 333
2 5 336
71 4 373
38 58 387
56 86 350
51 43 333
28 45 398
26 72 413
19 76 415
77 73 321
95 -6 354
12 68 401
78 58 331
37 25 391
78 72 345
57 76 318
84 66 416
85 22 406
12 36 387
88 75 405
26 66 412
56 -8 328
85 19 341
19 80 377
87 79 416
7 58 393
81 86 328
20 24 365
4 45 406
13 74 321
67 86 355
89 74 337
66 7 319
80 21 368
85 12 416
67 71 394
65 49 408
16 52 352
21 69 411
80 80 363
74 40 354
18 4 379
46 77 384
34 89 370
78 1 352
17 -3 407
63 92 361
49 76 382
4 0 358
21 53 331
64 77 317
53 19 413
8 33 377
78 -7 396
17 57 365
91 54 405
14 71 329
69 41 378
55 50 324
27 27 322
76 16 318
83 -5 407
501 255 333
519 282 410
455 260 373
440 300 402
437 252 376
498 217 373
498 217 342
487 205 402
514 217 402
443 294 325
496 236 325
503 283 401
517 233 330
462 291 338
519 226 414
466 274 389
441 292 378
469 292 323
489 244 403
432 246 318
517 259 385
474 238 325
463 236 337
472 234 379
484 216 365
457 283 409
490 248 413
429 204 409
453 257 404
472 261 345
524 223 350
490 270 322
464 220 407
493 247 412
512 302 319
454 220 347
462 283 386
477 262 412
449 205 385
476 240 402
479 251 335
468 265 358
476 223 395
510 282 326
441 245 410
430 302 318
494 252 370
441 256 397
451 253 363
496 257 368
449 268 401
472 246 337
473 302 357
491 288 395
452 287 388
440 303 328
501 223 342
511 282 321
471 256 366
440 247 402
462 246 331
483 232 329
452 264 392
445 240 318
438 213 379
472 252 362
436 257 321
469 294 410
503 206 410
483 281 376
471 297 401
493 292 388
502 237 335
485 263 382
488 214 344
441 242 412
446 260 316
497 248 368
484 299 372
510 230 316
364 304 226
394 367 208
389 358 171
428 353 213
381 338 195
368 320 164
437 306 219
355 321 226
354 345 188
382 325 155
432 343 204
388 300 171
385 378 248
365 283 244
362 281 166
385 327 196
400 351 161
356 298 166
401 294 208
410 341 229
360 284 204
351 373 152
440 339 165
382 350 242
428 351 227
440 329 191
400 327 173
359 374 249
355 280 218
451 331 167
439 341 197
360 374 243
352 347 247
409 310 157
369 315 165
413 301 156
433 374 164
362 319 198
443 359 220
435 308 214
358 341 242
417 353 154
355 374 236
376 311 237
372 351 185
426 292 189
401 293 200
405 379 157
431 305 200
435 326 242
408 319 232
385 281 226
406 307 182
425 354 225
434 347 180
416 304 184
400 298 222
430 304 191
363 339 205
418 321 159
399 373 228
398 360 202
376 336 246
396 363 152
429 330 167
443 380 184
370 320 219
400 336 242
450 380 184
374 338 152
385 378 157
370 294 206
385 357 157
374 359 211
450 363 190
446 372 164
416 378 220
408 334 244
366 376 223
362 286 232
52 242 75
-3 189 145
14 209 122
46 196 75
55 265 129
64 232 152
30 225 106
4 205 86
20 265 65
-1 256 157
14 250 127
10 270 147
45 181 134
40 196 101
27 201 138
25 226 148
40 189 130
-12 224 146
-9 217 109
81 270 61
-9 256 124
38 271 117
-15 216 85
-2 192 116
13 195 130
62 189 114
1 240 132
3 238 112
-10 258 113
55 202 153
7 262 130
57 220 68
9 220 89
1 268 94
31 193 138
51 249 101
-6 190 71
-9 231 61
35 188 75
-12 259 111
29 228 85
52 238 86
36 207 118
59 220 59
44 189 112
10 213 126
5 203 81
43 253 110
8 234 149
49 228 59
23 254 107
32 207 109
76 256 153
-5 177 144
65 202 72
51 206 129
75 177 85
68 250 148
-4 251 125
-15 223 123
39 248 77
72 266 148
36 261 81
9 238 120
68 193 113
43 183 146
81 191 68
49 224 134
68 210 120
29 197 145
75 243 72
-12 219 107
67 263 144
43 211 96
14 276 116
60 254 82
60 231 67
-7 180 130
35 229 69
20 253 106
147 453 380
148 467 414
183 544 429
202 461 358
128 540 372
145 516 408
173 448 360
149 492 440
165 518 453
213 496 391
195 506 425
166 542 438
180 501 444
209 529 436
205 456 367
157 504 408
185 492 451
125 453 371
153 500 424
144 481 363
177 456 449
174 486 373
122 470 415
115 501 421
130 526 448
182 500 365
136 520 383
176 520 390
188 486 427
188 515 451
144 474 366
153 468 401
170 482 396
125 475 443
210 488 433
116 450 364
175 500 379
154 514 438
201 487 412
140 512 368
173 486 384
176 539 390
148 457 363
197 538 372
154 540 431
163 538 422
202 537 405
132 516 393
183 535 378
116 503 409
210 461 371
152 514 368
176 536 411
200 471 360
145 517 445
159 502 387
122 486 390
196 451 441
193 503 421
118 506 450
184 457 448
192 538 399
131 453 402
126 543 416
169 477 370
151 494 361
131 516 456
192 460 418
154 546 376
136 487 390
124 464 417
138 449 384
209 502 373
125 478 431
191 543 413
204 453 422
127 469 378
139 482 365
125 517 444
201 517 389
147 229 104
136 232 162
85 237 151
86 298 189
97 289 137
118 283 119
108 255 120
104 245 185
116 238 160
156 305 166
115 256 186
125 252 127
163 298 109
180 247 191
141 238 107
81 256 123
109 231 146
110 245 114
148 296 122
151 305 141
108 280 136
149 297 150
106 276 94
148 209 141
111 235 191
173 270 144
91 234 148
108 283 123
126 210 134
172 237 136
129 220 93
157 250 96
89 262 127
120 284 130
87 276 183
85 239 106
83 247 96
113 290 138
168 272 143
177 293 95
130 245 184
170 290 114
115 251 92
124 246 100
157 276 119
154 246 151
175 262 148
126 288 122
88 300 182
148 277 92
86 303 111
165 251 134
136 284 143
97 306 186
142 293 191
86 211 118
154 237 179
115 219 121
137 253 154
143 231 102
142 295 158
173 261 191
101 212 135
99 213 176
128 286 184
172 223 168
124 274 123
177 222 106
138 227 117
171 303 110
177 245 124
111 271 136
166 272 129
165 295 181
170 218 188
99 239 91
143 273 183
148 265 152
98 307 145
89 231 119
117 29 145
99 115 152
97 70 186
61 48 161
63 67 178
98 32 122
48 42 197
108 97 207
76 73 178
75 49 136
60 101 179
83 113 156
90 88 147
118 76 140
138 75 195
47 30 212
83 39 189
71 64 182
102 55 195
93 65 156
112 50 205
50 104 132
106 95 133
61 20 131
98 36 219
48 64 178
46 86 138
70 109 137
71 109 177
56 87 146
70 116 184
133 38 160
72 106 210
72 32 205
114 61 213
46 29 177
97 75 199
140 112 189
43 107 134
116 91 168
76 59 170
124 34 207
70 66 184
132 108 220
141 105 178
101 24 166
124 71 196
84 49 165
87 26 147
88 112 181
101 34 168
105 94 201
95 51 182
127 105 194
104 25 198
108 78 140
133 48 159
100 52 162
94 85 201
75 65 124
63 113 133
102 105 151
107 75 143
130 108 131
61 44 167
101 109 210
46 49 177
54 51 211
102 48 217
97 19 208
63 54 132
84 58 132
124 57 166
141 72 188
44 24 174
127 110 181
110 99 188
122 83 209
54 18 186
112 18 206
291 451 60
263 511 56
343 519 71
290 463 69
254 492 5
323 482 66
333 458 76
328 487 50
288 473 78
299 518 18
264 443 -3
342 517 39
303 536 52
254 479 33
331 533 3
319 504 40
288 520 56
321 485 19
254 464 47
330 470 34
326 448 61
307 445 -1
261 454 70
334 530 87
341 451 44
322 496 -10
314 531 -1
349 492 86
312 522 85
332 501 58
339 515 37
307 485 46
347 439 31
296 494 36
284 453 61
279 441 63
274 477 24
350 505 49
265 497 59
301 477 32
352 494 27
337 503 54
275 478 57
347 482 -5
256 443 7
288 510 23
352 444 74
263 446 56
274 507 18
315 465 -4
344 495 45
255 452 45
269 495 -11
332 445 50
306 481 74
277 481 49
322 486 68
287 446 59
294 440 53
347 518 77
287 478 -13
351 458 63
309 536 3
304 442 -1
335 450 14
299 453 32
305 439 67
295 448 50
256 517 55
301 510 18
332 472 71
344 479 46
295 533 85
322 487 82
320 458 20
290 503 45
262 527 62
289 480 61
279 452 30
342 462 59
242 140 207
165 147 206
233 192 182
237 113 232
244 189 175
255 96 267
234 96 181
244 162 264
248 187 241
233 123 192
208 112 197
226 152 250
256 119 231
168 185 176
164 96 266
178 95 249
188 123 246
211 115 269
163 167 175
235 168 217
205 151 220
187 138 213
187 184 216
192 138 187
226 158 206
197 123 178
246 143 201
213 135 266
179 96 221
238 115 212
190 143 193
189 135 269
253 191 205
240 149 232
205 151 178
169 98 233
186 154 265
162 138 264
217 98 215
248 172 175
220 143 251
212 164 193
245 109 227
214 190 246
160 142 248
242 109 230
201 113 173
254 101 239
241 123 218
176 111 190
189 148 261
170 157 204
253 109 197
178 94 174
171 176 179
203 133 191
201 175 174
213 118 253
250 95 238
208 104 245
244 132 172
217 173 176
190 184 256
187 167 201
248 179 184
208 189 226
187 103 193
202 182 256
224 189 203
172 164 235
223 146 230
208 148 234
256 178 187
259 174 223
255 133 186
247 154 179
243 98 175
244 162 191
163 191 218
178 182 212
25 287 42
31 287 17
17 304 91
81 229 71
-4 219 28
31 290 55
47 247 56
57 271 56
59 290 62
89 228 37
64 227 30
66 289 57
17 261 112
92 294 18
80 249 94
32 256 29
39 289 14
15 297 98
90 287 65
69 290 69
50 248 18
60 235 95
16 228 111
63 298 39
38 262 99
10 302 25
17 248 69
56 249 41
59 214 93
-2 284 21
54 246 21
-4 283 72
65 229 81
31 267 73
83 309 24
9 293 83
69 264 100
89 283 101
7 254 27
33 307 67
64 272 40
38 231 64
63 311 78
32 283 13
21 268 14
21 304 76
57 264 38
-2 263 43
34 285 76
74 246 108
11 301 107
54 303 24
62 255 78
84 289 75
22 256 28
62 287 37
40 275 26
93 310 35
44 268 36
22 297 96
38 215 85
64 279 55
-3 262 73
69 273 76
-3 301 97
74 288 23
50 252 95
50 261 96
78 301 56
40 285 64
74 274 14
30 237 42
88 231 111
46 283 101
94 230 20
41 309 20
93 285 36
49 246 20
81 212 71
5 214 105
292 309 236
300 373 273
371 334 176
298 320 223
375 297 213
302 312 224
288 368 230
301 383 211
350 335 260
384 349 234
315 383 263
300 328 214
310 309 245
306 341 206
380 371 224
317 362 220
304 357 269
350 325 229
378 288 176
384 314 203
359 289 265
309 356 252
296 317 235
325 383 176
328 361 176
386 299 265
329 297 187
295 354 230
351 367 248
323 309 212
351 370 252
347 338 243
368 373 207
355 332 216
386 307 207
373 313 269
331 331 203
332 303 179
377 374 178
329 373 218
290 370 219
341 321 242
310 318 175
322 384 206
337 354 199
365 333 196
341 380 223
378 312 261
377 360 261
360 288 248
333 347 173
367 331 218
288 299 232
355 354 176
300 353 199
305 380 240
343 346 201
334 357 223
320 314 246
384 301 211
297 331 223
350 294 175
301 303 248
295 358 178
295 368 249
340 322 202
383 343 228
304 299 256
332 296 229
301 311 233
337 332 188
328 360 210
327 356 214
362 311 213
309 311 251
338 348 232
365 343 270
297 373 195
376 383 180
336 384 243
459 506 221
391 490 288
421 448 279
444 541 212
455 449 273
417 450 227
450 540 254
409 545 250
424 467 296
395 524 214
379 484 285
462 539 294
365 538 268
461 456 241
461 467 297
375 495 282
422 531 235
433 492 298
454 490 236
450 461 286
458 477 272
451 457 210
433 529 276
446 487 209
410 456 300
412 462 293
411 537 266
377 477 267
445 545 293
429 517 257
393 528 242
421 463 256
441 506 221
439 518 236
408 476 265
458 446 255
367 494 219
422 518 215
425 479 248
411 505 269
407 529 295
429 496 300
444 507 291
438 491 226
378 488 275
373 473 280
409 545 245
364 525 227
448 465 235
456 545 295
386 524 230
398 532 258
414 446 234
408 505 270
422 452 255
451 451 281
365 486 232
403 487 282
367 529 236
445 454 207
422 461 248
375 482 290
399 469 249
391 512 232
382 504 216
461 497 230
385 464 299
402 469 302
446 534 285
391 513 237
384 446 304
370 479 216
456 519 268
391 457 241
371 464 247
425 454 246
428 486 306
460 499 263
372 494 216
373 519 272
209 379 463
216 378 482
247 330 402
232 305 493
171 323 431
221 337 445
190 313 443
163 378 412
174 302 438
183 304 405
166 362 450
184 309 492
262 383 459
257 370 440
219 310 410
169 306 434
195 295 485
185 331 464
247 374 437
172 361 441
237 329 469
170 317 397
191 390 466
234 389 455
232 317 450
251 305 427
235 312 468
201 302 419
179 307 426
191 318 478
240 300 450
245 358 421
200 372 460
250 358 423
182 310 449
258 358 497
209 327 431
263 347 406
233 367 435
196 328 410
221 367 436
213 326 477
192 334 401
248 382 431
242 299 473
240 346 455
254 388 473
250 379 477
222 305 406
221 352 438
244 307 404
199 366 455
239 375 458
169 310 452
200 304 404
243 346 445
216 369 492
204 302 435
241 309 412
178 363 461
201 338 438
195 376 446
229 384 443
251 316 458
191 323 426
204 314 465
192 296 409
244 307 457
245 384 458
164 336 442
217 311 439
180 387 448
199 332 494
240 309 424
206 302 469
236 370 461
165 328 455
214 375 468
214 379 480
196 308 454
26 69 328
96 123 344
66 132 351
42 53 327
46 93 268
91 125 325
62 78 257
80 57 259
92 123 323
11 91 299
44 90 259
46 70 292
57 59 258
76 52 331
26 51 318
89 115 284
111 114 273
96 94 291
22 140 280
54 118 273
24 107 301
76 140 317
89 88 334
89 143 348
11 144 344
44 99 342
93 48 290
80 145 282
80 96 307
109 77 307
29 140 278
107 88 308
97 71 322
76 111 286
28 84 337
59 88 282
40 105 282
80 143 291
20 110 261
33 138 292
66 110 296
84 82 296
99 82 299
50 134 281
46 50 303
25 82 317
108 122 302
77 103 342
43 97 269
94 57 255
98 109 284
52 52 285
88 101 268
73 64 322
95 71 318
59 95 308
61 83 342
72 73 325
86 78 290
58 120 329
37 118 351
62 61 326
45 108 277
13 108 256
53 114 351
28 137 338
96 104 281
97 116 318
71 64 305
26 142 320
23 56 257
52 47 265
49 86 313
69 80 332
45 50 299
64 78 286
46 102 326
97 98 322
29 55 331
36 102 301
206 203 107
196 232 98
118 180 134
159 142 139
135 186 132
127 146 86
178 155 128
142 241 104
156 239 88
154 203 128
168 208 120
189 239 149
175 164 72
185 175 134
142 142 133
195 178 146
181 200 87
150 194 85
179 208 89
204 141 118
177 227 101
212 215 65
179 204 146
165 158 71
173 232 82
176 165 152
212 219 124
166 226 158
163 214 67
150 227 84
194 153 115
160 197 156
170 202 153
192 213 82
120 142 65
203 147 141
203 142 119
118 154 85
175 222 120
171 166 122
201 224 132
144 176 63
121 227 123
114 163 148
160 141 101
194 180 94
199 199 69
170 216 100
186 171 90
170 204 112
210 234 84
149 148 127
183 237 123
191 202 135
121 213 115
171 219 159
178 153 93
115 215 115
207 238 105
130 143 150
199 180 106
117 228 89
204 142 126
211 153 143
160 186 129
132 192 72
178 148 69
183 181 75
135 239 104
213 238 120
168 154 62
188 146 132
154 175 84
124 230 141
130 177 119
152 160 155
198 236 145
144 160 97
211 193 129
174 151 119
316 115 111
255 130 90
313 132 114
275 70 29
311 56 21
254 56 63
284 50 86
305 118 40
268 129 22
321 133 102
296 87 34
259 53 73
319 103 64
243 124 48
269 127 91
274 59 70
289 91 29
288 59 57
317 54 37
239 101 73
238 50 90
310 117 115
282 103 30
320 133 56
306 96 23
320 106 40
246 99 50
238 133 105
271 141 42
228 127 46
224 131 116
235 80 63
267 127 103
288 70 21
303 88 116
289 47 51
270 87 38
304 57 117
284 109 70
227 43 63
293 99 34
234 118 99
278 71 41
271 130 68
242 93 87
225 136 56
278 141 79
321 120 54
232 96 28
257 59 97
229 80 101
322 117 108
307 123 118
241 103 20
271 104 36
305 106 38
277 48 46
314 92 92
287 112 105
291 60 66
280 107 25
310 127 51
236 135 117
280 98 26
288 104 50
236 54 107
255 129 59
276 70 69
288 113 51
279 90 113
307 65 53
271 52 98
231 84 93
285 77 48
304 78 67
310 71 102
256 84 95
234 130 113
231 137 118
238 108 51
317 104 268
306 136 181
279 73 232
349 73 236
289 117 246
365 111 215
360 105 187
361 99 264
327 88 238
289 109 185
286 78 197
301 106 249
282 130 258
319 105 241
354 40 189
326 90 199
313 117 207
341 90 231
316 99 249
293 118 202
294 116 235
313 92 226
299 105 180
278 118 228
357 123 247
276 92 199
332 68 221
337 88 190
301 55 199
317 92 277
325 123 217
339 132 245
321 75 276
280 122 200
348 60 181
353 66 279
328 50 273
281 80 224
329 45 235
345 136 226
348 69 190
323 66 203
320 72 223
300 115 229
318 86 271
343 112 226
311 131 184
310 46 219
304 109 218
358 44 251
344 111 260
297 79 179
315 130 272
269 61 275
357 47 187
349 119 187
308 111 224
363 131 269
286 96 192
287 132 231
310 102 199
365 54 278
276 46 279
283 93 239
287 86 190
345 84 200
293 135 212
282 68 262
329 130 194
356 80 265
337 114 259
269 120 268
291 80 249
277 60 221
269 100 255
338 82 228
332 93 221
278 58 259
309 93 193
294 48 264
527 137 -13
520 108 -13
537 115 -38
520 120 -4
477 89 4
515 117 21
495 141 32
523 84 27
475 141 3
507 102 -15
523 100 58
513 159 51
523 156 52
528 147 41
463 132 -23
473 147 16
464 169 -42
468 133 -40
500 155 -31
488 176 13
526 113 -21
535 143 10
450 95 36
464 109 -20
508 86 -25
531 151 27
498 94 7
506 90 -17
511 162 30
502 166 -37
520 169 40
486 144 15
496 150 -30
447 130 -7
530 81 3
510 89 27
492 113 14
509 151 28
517 92 -16
527 135 54
516 170 21
459 100 -36
530 146 40
522 125 30
507 83 -10
489 129 25
509 98 21
484 172 -29
532 165 -28
503 81 6
481 97 -27
513 158 15
502 109 -42
524 146 0
511 167 28
539 141 31
463 161 -37
440 110 -17
501 115 -38
539 99 -16
484 166 38
539 113 -28
496 174 -1
442 91 15
487 134 26
519 135 -2
511 159 -9
465 99 37
440 100 -13
482 160 17
535 116 -7
455 137 39
512 168 -40
487 111 -21
471 173 39
498 102 -27
445 168 27
522 109 -24
456 138 -24
504 177 -17
167 239 396
139 192 404
182 217 378
135 228 341
185 178 380
144 193 335
121 159 383
160 153 374
139 200 365
172 247 352
126 199 376
158 186 310
150 166 369
139 177 384
140 176 314
105 215 409
154 194 314
104 212 379
101 208 318
134 189 368
92 161 384
178 163 329
139 245 408
181 160 384
100 171 410
188 188 323
190 191 313
110 159 346
132 214 387
118 234 382
174 247 372
188 161 378
186 193 410
131 152 344
135 212 403
137 242 341
188 176 339
137 214 350
152 178 370
113 177 400
126 248 394
175 225 391
137 194 386
173 218 319
95 203 398
101 185 368
116 182 350
128 167 335
171 160 374
180 152 329
105 186 403
176 246 386
132 199 345
91 177 387
140 150 335
143 170 345
165 235 332
94 188 377
97 185 340
140 205 380
151 153 410
114 209 334
107 169 367
189 241 342
97 167 376
102 178 349
138 237 356
186 193 340
134 159 387
92 248 396
135 183 362
106 211 336
187 158 397
137 249 342
166 247 401
184 210 367
163 175 341
151 227 385
133 246 409
102 224 326
456 41 122
489 82 80
541 92 120
442 19 106
526 84 43
503 78 118
449 87 57
516 17 62
484 70 130
453 90 34
480 91 66
519 42 82
446 75 85
482 48 107
542 54 104
539 83 117
460 42 82
491 62 77
516 11 92
492 2 116
505 11 68
498 45 112
518 25 65
487 35 124
524 74 86
496 59 94
526 47 106
538 70 104
531 87 117
495 9 47
479 89 132
522 20 48
474 36 131
487 83 38
516 70 67
453 72 103
534 3 91
533 68 115
455 15 130
482 68 132
530 -2 54
466 31 103
535 17 101
535 70 122
526 54 133
492 34 33
476 0 42
488 85 62
471 85 95
502 3 76
540 6 101
478 79 85
503 8 84
506 5 126
488 96 79
513 86 54
463 36 40
465 5 77
455 26 54
477 58 121
514 8 38
537 96 94
460 54 83
534 91 94
537 19 48
520 32 34
529 76 40
511 84 110
452 36 47
486 6 104
442 88 64
451 -3 101
502 76 59
514 80 51
492 11 65
518 44 127
465 -4 71
539 12 82
533 76 114
482 93 49
236 176 340
257 123 375
240 175 407
272 109 368
248 123 334
194 150 406
207 153 349
203 167 424
279 157 425
216 130 391
249 144 382
221 176 391
208 104 398
216 98 368
195 132 390
202 185 352
191 98 427
283 160 418
191 172 401
254 121 386
282 162 337
261 144 403
213 112 411
221 133 358
195 163 406
214 112 378
284 178 419
280 187 394
205 166 338
199 192 385
289 178 386
277 124 369
216 137 415
286 152 420
255 188 402
191 196 347
234 186 364
193 154 332
230 114 333
213 109 423
258 150 364
194 197 414
280 162 340
273 190 374
230 159 412
200 142 373
282 112 399
233 158 341
211 106 417
285 117 408
283 163 341
221 139 337
289 190 401
243 129 383
195 178 333
197 129 363
223 185 339
202 108 387
206 197 345
220 144 369
254 104 335
261 162 373
268 117 407
285 138 411
284 164 427
268 196 341
234 150 399
264 145 362
263 116 366
192 123 340
284 169 368
204 112 432
203 172 377
260 164 381
267 185 333
254 190 410
274 109 396
282 145 419
231 138 425
198 97 374
232 421 243
211 381 150
174 427 232
153 394 236
166 372 206
188 369 176
189 353 240
206 363 157
220 353 232
182 359 218
161 406 178
152 376 202
184 352 213
193 365 168
212 382 178
173 411 208
228 379 213
192 364 222
151 352 160
190 425 187
172 369 231
198 405 161
202 424 176
193 397 234
157 395 216
207 418 218
182 429 203
204 413 187
228 365 197
221 420 175
237 423 156
226 375 171
229 422 233
164 416 190
207 419 197
226 386 176
185 416 158
200 437 167
214 366 183
170 354 223
236 418 178
237 363 236
184 349 199
169 435 182
178 405 151
185 427 200
175 362 230
229 388 246
160 339 193
151 379 244
152 351 190
147 399 234
167 438 173
241 393 202
223 416 148
188 421 159
185 368 174
209 342 176
165 412 193
184 381 182
190 394 225
220 373 193
185 355 151
184 401 229
216 432 172
221 420 177
196 372 150
237 383 216
194 417 232
185 375 190
152 362 215
237 353 198
189 389 180
180 406 239
237 354 148
212 418 245
193 374 215
184 369 157
212 351 190
154 371 151
467 190 368
449 121 428
464 138 413
463 114 385
441 200 366
400 179 408
426 144 374
405 114 427
433 118 442
393 169 375
417 129 430
435 204 456
415 180 410
469 197 411
476 202 377
447 167 385
474 114 414
451 193 369
463 202 425
483 115 428
429 193 461
440 185 462
474 157 443
438 123 431
483 153 390
459 152 367
459 148 374
484 116 436
485 185 377
464 131 461
485 112 431
427 145 421
403 131 414
398 140 385
463 140 396
427 159 443
413 208 423
455 133 411
432 138 368
466 131 406
471 137 414
408 206 416
450 131 428
465 185 406
453 190 462
449 204 378
427 166 439
399 198 397
448 115 398
480 193 457
437 205 388
442 173 416
459 183 455
391 194 414
409 205 431
459 126 445
447 196 416
435 208 430
445 182 381
469 176 446
452 167 370
482 132 443
474 212 429
426 198 367
441 206 398
414 145 416
416 117 398
392 151 399
389 149 416
428 138 425
472 121 462
396 179 420
435 129 427
430 195 436
417 127 434
475 205 453
448 171 367
393 197 461
429 131 432
452 123 421
153 15 391
64 -37 431
76 33 469
140 -48 404
134 -33 466
64 -32 415
154 -35 394
77 24 462
150 -4 449
98 19 399
76 -8 395
133 7 456
136 -46 409
138 34 441
72 -12 422
85 -27 459
131 48 458
122 30 426
86 -12 389
156 -15 420
134 38 443
78 2 486
111 3 438
110 1 418
142 39 416
102 -10 484
90 -17 420
66 52 414
86 -21 405
124 41 402
94 50 441
105 34 405
135 2 405
120 29 479
133 19 443
120 -13 463
76 24 412
122 -11 463
116 -17 404
73 -5 482
78 33 441
66 -22 448
100 -21 467
77 41 393
145 6 413
101 -47 402
158 35 436
130 48 459
89 7 467
151 33 399
69 -12 489
152 -36 454
139 -29 451
128 -3 462
91 25 405
92 -8 464
77 9 486
113 29 412
77 25 433
106 1 425
148 32 403
130 -4 442
65 -3 441
75 -26 420
151 -6 488
124 -14 447
101 52 481
117 4 413
100 8 395
155 1 416
126 37 389
117 -14 429
68 -45 392
132 19 452
105 -7 451
141 29 481
70 50 454
60 52 406
125 -23 476
93 30 392
234 450 382
211 514 374
208 514 412
218 510 350
210 460 340
222 441 399
236 521 381
269 504 365
280 512 411
207 471 415
263 484 366
233 445 371
225 505 323
233 488 395
284 460 389
218 526 415
258 470 337
238 452 359
296 454 316
275 494 408
219 497 404
282 493 327
236 496 372
297 433 327
257 513 410
206 453 391
218 505 323
232 474 400
272 457 409
214 492 360
219 526 361
276 481 347
237 481 391
226 445 385
217 467 414
220 519 401
244 487 354
203 518 357
199 489 404
294 493 332
294 519 387
246 465 352
233 505 360
218 443 390
273 446 391
217 524 390
252 433 355
265 452 329
215 482 344
243 445 407
223 521 415
202 448 388
253 435 327
297 467 336
261 532 394
294 464 330
235 450 373
231 521 377
198 520 368
276 451 363
241 448 378
236 505 361
218 456 362
233 450 380
265 515 390
269 507 394
197 462 404
223 466 350
294 509 382
263 501 342
225 445 328
213 533 382
266 477 390
277 437 401
206 434 342
242 508 394
251 531 386
280 528 353
260 531 383
219 505 330
75 365 447
45 333 497
59 336 529
87 308 505
97 298 449
67 365 443
89 342 447
8 360 525
9 368 453
84 328 469
74 370 453
41 361 496
100 316 460
62 296 483
28 293 452
6 336 523
67 366 459
12 307 481
3 318 516
99 302 469
79 372 470
95 352 486
71 377 526
48 313 476
101 388 497
62 350 467
90 348 480
12 384 491
63 381 473
43 331 518
11 321 529
40 348 523
84 331 479
75 295 447
20 357 471
31 379 457
47 295 459
70 372 452
35 304 442
85 371 441
83 373 519
84 368 444
17 373 448
58 326 476
47 349 450
12 337 433
25 323 454
2 386 438
39 369 439
59 380 507
92 334 463
55 363 491
74 340 484
45 304 439
62 320 476
94 309 432
43 338 466
56 357 514
79 326 503
29 367 504
41 311 464
31 315 515
83 366 496
30 375 441
100 382 525
76 382 524
88 302 492
73 331 435
80 353 504
6 346 431
97 318 516
94 296 483
40 326 502
62 346 473
46 381 515
85 297 444
100 300 450
55 322 470
41 372 447
29 368 519
352 262 119
309 330 172
285 277 195
356 303 138
359 247 126
314 289 114
339 262 143
336 288 175
274 287 125
321 295 181
352 283 173
328 282 158
342 238 187
324 332 122
337 292 200
341 269 167
323 305 138
291 278 179
292 297 124
322 280 165
277 270 104
342 241 116
340 337 131
351 299 105
343 303 116
354 248 150
322 242 110
284 254 178
286 325 202
317 287 170
313 273 106
352 265 110
337 314 116
289 309 203
311 337 125
290 295 116
359 289 156
331 269 111
283 277 172
343 316 114
344 326 188
326 263 149
296 272 202
283 243 134
290 254 113
309 324 198
351 249 118
301 238 129
302 313 197
365 329 166
280 310 126
315 285 191
324 296 143
272 255 138
291 336 183
325 298 124
276 338 156
337 317 201
311 285 137
309 278 196
274 286 173
296 305 130
363 292 183
310 271 156
365 331 165
337 283 162
354 299 153
326 316 164
339 269 182
298 300 114
323 330 133
343 290 170
313 319 171
318 325 135
331 283 194
308 310 179
276 295 120
273 286 178
326 280 124
323 267 106
132 43 212
189 28 217
172 19 135
224 78 165
166 28 141
198 8 229
175 27 151
212 58 199
222 92 179
191 1 197
219 0 135
187 61 163
137 20 193
135 61 200
171 52 173
164 71 199
226 90 173
182 90 171
130 14 141
199 86 205
161 49 202
139 71 212
153 85 182
158 60 145
224 20 212
178 72 230
194 95 212
127 85 208
154 16 195
185 3 174
147 66 136
171 30 219
169 24 142
144 89 184
227 87 163
176 14 165
177 17 141
148 40 153
211 32 147
185 37 184
166 9 160
179 68 177
213 51 216
199 9 187
166 52 161
137 65 141
224 10 181
192 56 134
169 8 221
135 30 174
140 93 172
169 12 222
192 0 187
139 90 151
144 3 142
153 15 153
164 94 220
172 71 130
150 53 225
221 53 182
201 76 172
220 27 170
141 92 190
218 64 152
166 85 133
142 87 170
160 65 182
188 47 194
173 73 207
220 57 204
219 73 149
212 76 182
196 70 138
150 87 210
198 91 170
187 25 166
220 97 203
134 63 148
207 77 216
149 56 208
459 377 303
441 454 330
476 443 352
452 462 345
533 472 330
443 445 314
468 393 346
453 445 334
459 385 269
460 387 321
519 445 258
472 431 346
442 442 334
447 466 292
529 396 276
476 378 342
483 403 295
538 378 317
536 391 257
444 397 338
487 436 342
453 436 298
507 456 309
527 402 315
523 398 263
539 424 322
463 442 289
462 407 319
476 427 336
486 385 317
466 384 311
532 451 322
459 392 263
487 465 288
494 375 327
482 468 297
466 379 268
489 433 291
540 407 340
498 465 352
508 377 345
475 398 277
450 452 282
482 404 325
446 406 349
456 470 334
483 470 330
502 425 302
444 430 338
509 434 276
465 439 292
477 395 265
505 409 333
513 426 328
504 419 316
466 406 275
481 408 258
463 379 313
457 435 339
468 398 304
471 421 346
537 398 298
453 431 284
461 414 344
485 467 271
471 411 294
449 404 299
448 437 344
468 397 265
482 472 334
503 466 302
442 428 339
475 463 273
525 425 278
539 446 272
474 409 253
442 454 272
509 409 262
529 456 266
497 413 280
210 217 285
216 229 263
198 188 247
171 260 279
152 251 260
167 253 296
230 239 291
212 191 250
186 191 296
244 231 243
199 238 211
151 249 279
212 196 236
211 210 218
159 246 285
235 207 306
234 260 291
157 185 291
185 267 211
212 263 225
228 237 220
230 180 284
245 203 236
240 222 262
197 184 281
250 197 274
177 238 304
203 257 253
168 273 269
224 225 275
244 206 241
161 247 295
202 224 285
243 179 249
169 218 272
229 211 218
161 249 292
156 256 255
208 230 242
238 205 211
166 247 288
180 216 244
156 262 268
169 227 294
236 237 224
166 201 300
212 245 308
192 215 216
204 181 300
159 208 296
193 192 237
223 252 217
197 247 284
192 193 216
226 211 245
197 189 219
219 246 287
191 221 302
185 215 302
205 232 251
189 244 279
192 215 280
150 182 288
153 194 236
212 253 269
162 193 309
169 202 221
183 247 231
203 233 305
180 267 308
234 241 310
173 243 230
224 218 291
205 179 226
171 174 303
202 201 274
164 181 242
162 248 271
159 195 276
178 243 220
138 418 115
191 460 68
156 489 153
186 499 147
225 456 67
208 427 136
220 438 128
217 517 130
212 477 118
173 487 102
179 472 85
194 459 108
218 491 93
182 451 140
213 439 117
230 419 110
183 490 121
162 491 108
187 458 77
172 488 125
146 493 63
180 517 75
217 449 91
138 487 77
162 460 134
194 453 85
231 517 132
148 432 138
214 422 103
224 457 61
208 423 158
171 482 111
205 450 97
182 501 100
173 458 63
164 479 114
188 487 148
212 461 73
232 488 122
226 502 81
169 471 137
171 433 91
178 443 93
178 456 83
186 488 104
159 515 85
145 507 101
222 491 129
227 484 85
147 487 110
145 482 139
161 466 90
140 459 135
201 425 113
176 493 81
156 443 133
160 436 120
167 493 73
181 474 78
211 465 134
170 473 60
205 488 64
200 468 92
198 492 75
159 450 110
213 422 156
153 465 126
179 458 153
202 425 128
145 480 157
224 465 108
210 471 72
198 446 85
160 419 63
200 450 116
219 493 99
154 474 146
157 517 152
231 498 91
232 477 80
403 126 30
363 71 0
403 87 53
366 57 83
393 65 45
381 143 30
420 148 63
367 125 71
410 93 85
336 82 34
392 77 32
396 111 14
373 96 15
336 71 16
418 134 50
419 112 74
387 132 13
435 78 14
368 66 11
433 75 46
414 54 38
346 77 1
340 69 -13
433 72 63
383 106 85
409 107 78
386 93 -6
338 97 30
400 79 -3
404 98 42
398 94 17
349 110 27
399 74 73
394 128 37
376 147 51
364 96 -3
381 89 49
375 150 68
420 92 13
396 72 71
335 142 48
400 70 52
407 57 62
344 110 -2
382 72 56
431 83 53
428 51 21
421 101 0
426 123 75
390 146 9
425 51 62
396 72 65
352 132 -9
360 92 66
354 137 27
416 127 34
343 132 59
363 69 43
351 104 28
421 146 23
417 119 15
434 150 51
352 79 6
435 74 78
377 128 69
376 84 45
338 76 15
427 74 78
363 131 17
409 120 61
367 72 82
366 94 35
373 75 44
420 99 56
415 107 81
386 60 6
366 79 12
408 98 -11
382 63 -10
376 89 38
351 255 296
352 257 328
326 172 268
325 254 336
341 240 319
334 245 324
292 202 284
307 169 331
334 253 282
346 235 334
373 210 295
345 180 344
293 234 346
373 183 252
351 166 309
354 220 325
343 245 305
292 242 302
287 203 336
355 179 322
365 224 328
373 185 310
351 215 349
341 176 321
323 256 249
292 240 305
285 213 266
356 182 322
283 166 348
333 244 306
331 200 304
319 243 307
361 247 342
313 256 307
372 210 326
276 208 306
351 214 267
328 200 276
282 207 281
325 263 278
327 260 319
365 246 274
299 170 264
310 182 338
322 217 324
285 227 266
373 248 252
285 179 347
375 252 338
337 246 285
324 256 285
331 190 326
332 234 323
375 176 332
302 170 304
356 216 286
329 253 297
330 225 301
308 191 336
290 179 260
353 207 306
288 223 288
289 199 314
361 215 314
290 193 260
336 232 319
284 224 319
279 252 271
300 225 333
364 237 330
367 170 252
282 193 303
356 176 297
344 247 349
347 169 277
286 223 334
309 237 256
276 180 345
350 198 293
356 199 312
475 47 149
536 25 116
477 -6 186
488 49 198
485 84 115
521 53 146
482 -6 153
483 54 110
524 53 198
459 6 118
503 32 159
457 55 118
479 7 142
521 64 125
534 71 181
488 22 155
503 64 197
489 33 174
513 38 196
453 -8 158
484 80 186
479 21 175
495 50 159
546 35 111
534 56 152
459 24 139
513 21 130
531 18 186
499 59 171
454 83 128
472 81 106
532 62 133
497 27 187
521 77 122
548 15 167
519 78 195
514 73 103
516 -6 180
509 77 160
528 2 104
455 -9 133
471 0 152
494 15 197
468 -13 202
465 5 167
540 42 161
464 5 117
504 9 163
484 38 161
473 25 143
542 28 104
450 14 190
504 -10 114
456 49 110
471 67 154
527 -8 121
508 -1 111
548 53 200
525 54 129
509 22 133
478 29 200
521 76 152
467 -15 166
548 47 197
485 33 123
485 62 193
535 46 140
472 -7 186
520 84 186
495 55 116
544 38 102
505 32 161
461 58 178
547 -6 109
458 63 194
470 43 173
471 8 195
532 79 171
474 9 160
494 42 133
276 319 -7
277 412 86
285 315 74
311 398 87
278 382 9
356 383 59
279 415 46
326 326 74
353 339 57
367 386 23
313 352 18
347 329 -10
363 364 -5
302 386 -6
294 381 56
367 323 26
357 389 40
344 369 47
354 350 3
318 361 6
290 336 -9
318 342 41
278 389 65
350 382 -8
358 402 77
335 316 -8
272 391 46
306 322 19
319 328 81
304 365 -4
288 404 9
279 357 29
354 340 50
329 401 81
346 367 38
344 322 5
359 404 -12
268 367 66
277 317 53
339 339 68
298 344 78
290 337 51
279 353 85
366 392 26
322 407 38
329 353 21
331 383 59
303 364 -13
343 373 8
304 405 75
295 328 40
319 359 3
286 322 38
311 316 40
301 383 14
339 390 80
290 392 -8
271 334 69
363 324 41
294 338 68
305 400 -7
328 377 45
270 324 66
311 338 68
313 400 -1
341 322 80
282 359 5
332 341 45
327 358 43
280 357 63
326 374 81
330 357 18
333 340 6
359 381 18
358 354 40
288 373 20
353 316 -6
359 341 31
268 384 9
364 341 40
29 324 137
11 293 191
59 304 204
29 256 219
-30 347 134
-35 332 169
-15 258 198
41 285 160
-41 264 169
-8 283 169
-18 298 156
47 319 139
56 350 162
23 339 209
23 288 158
29 328 203
-23 306 205
-27 348 150
20 308 192
-22 325 154
16 268 200
57 310 206
29 341 179
59 260 180
13 276 125
58 277 190
-17 275 198
45 300 149
30 330 200
-32 287 207
28 313 133
-7 256 185
7 305 140
-5 344 204
-17 305 180
21 285 159
-16 346 205
55 295 213
-5 344 155
32 301 188
-12 275 182
34 329 129
44 335 164
31 338 133
10 287 156
-29 327 122
51 276 127
30 296 216
34 259 144
20 348 124
-1 337 122
-21 280 165
7 298 189
-26 266 220
-30 327 125
-16 331 137
50 270 144
5 301 188
48 304 190
-32 341 209
37 264 170
2 272 203
15 290 171
8 338 121
-41 350 132
51 290 216
-10 341 133
54 267 181
-36 286 132
6 344 187
16 338 175
-6 288 154
-15 306 215
55 282 125
-2 267 219
27 291 186
33 333 134
-30 341 169
35 324 216
48 295 191
178 341 234
178 345 191
200 352 257
227 355 267
195 359 242
188 354 214
170 349 250
226 334 186
232 391 202
175 364 256
142 329 210
139 356 203
206 315 192
232 361 271
227 314 194
227 360 181
135 324 276
176 389 269
181 335 187
179 303 225
231 357 254
206 358 188
207 392 262
161 342 279
147 389 203
202 332 199
227 332 260
138 315 212
182 311 225
150 364 228
154 311 193
165 309 241
210 364 179
196 394 255
211 337 249
153 318 223
216 358 230
215 319 260
171 378 217
209 318 212
230 371 213
166 313 230
188 324 179
148 354 278
187 387 247
220 373 248
228 364 183
194 310 204
228 377 265
154 381 209
180 376 238
153 374 223
165 385 241
225 370 215
217 308 271
204 316 268
163 345 233
224 369 197
208 379 234
212 344 195
153 358 206
190 365 198
200 313 226
134 330 279
143 374 198
148 396 193
156 382 265
153 354 233
229 359 195
215 347 230
156 337 180
138 368 183
140 342 264
213 353 182
174 396 260
163 334 234
185 310 214
216 367 201
181 358 184
193 320 277
140 378 272
94 431 288
91 422 283
97 398 342
70 363 307
108 345 354
80 411 328
66 389 309
164 401 302
87 391 349
128 430 307
145 408 333
77 391 350
114 407 357
121 407 287
134 410 337
164 370 277
128 344 358
66 376 269
97 357 315
166 360 267
111 423 307
141 353 314
84 376 345
149 415 363
70 344 299
133 412 307
141 349 295
106 420 311
71 387 344
125 355 296
73 391 350
146 424 288
141 339 335
157 412 359
79 353 312
162 369 297
149 354 364
117 347 318
148 387 355
81 416 290
79 337 338
142 345 346
68 333 352
85 353 357
89 401 346
66 401 350
111 338 274
80 413 326
129 363 274
73 395 316
130 398 310
157 392 264
70 348 300
130 335 335
76 397 283
106 354 318
83 428 363
161 427 307
162 351 341
145 394 280
104 378 360
147 348 340
95 386 287
147 430 331
88 419 279
77 415 329
125 427 327
133 381 333
120 374 345
111 419 282
102 364 356
103 371 345
123 421 272
129 367 348
131 359 341
114 380 313
139 376 335
138 365 335
164 400 295
64 359 178
94 290 172
53 377 130
55 279 148
69 297 106
91 335 117
135 282 116
52 318 156
77 368 101
66 315 184
50 373 141
146 363 136
119 350 114
73 348 140
103 358 149
111 377 114
53 359 183
146 365 121
126 337 195
146 297 97
67 338 144
84 280 114
148 355 104
75 372 113
94 333 124
147 332 105
74 290 191
89 363 119
56 331 126
74 358 131
124 347 144
78 378 120
120 328 146
123 312 171
71 345 175
55 379 160
88 344 182
63 361 186
132 321 167
118 300 99
52 282 185
121 324 163
71 326 120
80 280 181
112 283 188
83 363 134
143 372 109
143 357 162
97 288 168
99 377 121
144 288 170
109 355 134
85 357 196
135 301 149
119 307 116
76 307 123
126 314 140
146 378 99
54 325 172
75 284 170
69 285 133
62 296 168
137 309 194
55 296 164
68 306 164
79 302 111
87 320 143
84 330 172
82 281 147
96 330 163
99 335 107
60 327 110
150 310 100
50 361 185
60 312 103
51 328 139
86 361 105
92 281 161
128 330 133
132 313 135
38 4 492
-3 24 475
46 4 421
-2 15 424
78 14 434
25 59 442
21 56 411
0 80 499
74 86 443
58 18 438
49 87 480
56 3 421
-2 23 480
-18 11 430
-1 86 460
-18 15 421
32 18 402
49 3 429
8 65 495
43 20 410
43 68 495
-20 39 453
-14 18 490
76 26 456
75 29 484
36 8 445
-11 36 441
57 93 473
-15 93 456
23 37 490
-20 22 415
76 70 437
43 13 408
7 27 490
79 37 468
-15 76 410
-9 17 458
14 28 422
73 52 428
61 54 402
44 72 460
64 100 448
11 63 482
62 101 472
42 30 460
54 27 491
49 85 439
46 95 449
57 67 499
18 49 467
74 57 487
27 69 405
6 39 412
31 13 482
77 91 495
23 50 423
68 14 412
52 45 470
67 57 455
41 10 434
-15 27 415
80 77 418
31 96 459
17 32 470
59 59 452
13 81 455
-10 8 448
61 69 495
45 23 403
16 93 406
4 15 407
-15 44 489
27 66 493
24 77 452
62 10 433
73 14 413
33 70 427
38 64 489
2 23 494
0 49 477
210 213 220
298 273 155
208 184 184
249 190 136
215 202 125
279 214 220
231 258 191
218 234 154
280 222 134
305 176 170
206 181 213
277 267 165
305 222 221
232 186 196
220 190 123
284 216 217
243 271 182
261 245 211
210 255 216
255 258 145
255 180 211
221 222 179
213 195 162
297 226 212
208 244 190
247 193 181
299 198 204
269 217 192
264 212 149
273 249 131
233 226 138
291 215 128
284 233 175
249 206 136
267 194 202
301 250 196
277 195 177
264 174 130
293 183 164
303 227 202
246 226 191
234 182 146
209 208 134
241 252 179
265 210 187
240 208 128
265 241 196
262 193 139
218 232 212
281 257 150
222 232 179
250 210 153
238 199 198
273 184 201
296 251 197
223 189 216
293 192 173
252 185 194
290 216 162
288 187 157
300 243 135
296 240 159
217 240 149
230 194 150
275 225 212
247 261 155
207 202 148
233 252 175
223 257 180
242 208 161
224 191 135
264 191 154
281 250 155
230 258 186
281 254 203
258 211 178
301 201 208
206 269 187
260 179 194
209 220 211
13 132 -13
56 42 60
11 38 36
26 37 0
24 98 11
28 115 -25
-13 49 -16
-14 81 3
36 128 41
49 81 1
-18 133 7
19 40 -1
36 52 -20
-12 98 52
-9 45 40
48 70 3
55 110 12
76 91 44
-16 81 42
20 103 33
-18 82 -5
76 102 -9
10 49 23
5 127 60
45 88 68
55 47 -24
37 86 71
18 91 3
49 93 60
75 39 50
73 108 -9
41 78 -10
66 47 19
76 75 39
31 130 65
58 107 -10
-12 97 60
30 68 34
27 122 2
32 91 30
25 73 2
12 103 44
68 57 34
24 119 14
31 119 -18
50 59 42
77 38 72
59 58 62
41 130 27
6 79 7
66 104 37
-12 112 16
73 96 10
38 59 18
53 97 44
-6 103 4
25 136 34
54 126 69
75 117 7
-16 42 63
-14 117 54
25 136 -6
-11 51 38
55 44 0
45 103 1
16 115 67
45 125 3
36 62 28
58 80 4
32 38 66
45 93 55
77 124 -15
28 70 18
78 125 42
4 76 67
51 65 -15
-2 68 -1
60 98 46
33 117 -4
28 80 32
254 174 470
253 170 467
326 114 431
322 165 461
303 157 507
284 126 483
268 146 531
328 179 516
257 139 519
253 172 459
332 187 456
338 183 520
341 126 438
276 143 497
342 127 455
297 120 469
266 135 440
243 157 501
295 121 514
277 208 486
338 156 442
245 194 514
334 155 497
334 142 435
276 151 480
264 184 481
273 135 523
258 156 521
263 141 514
300 166 529
307 186 524
309 189 514
313 144 450
266 145 488
290 181 473
303 178 484
312 148 530
252 110 521
246 164 501
258 134 450
326 181 489
323 112 450
311 136 456
313 167 510
254 176 489
282 144 498
313 210 461
286 143 500
290 137 515
318 180 508
276 193 516
302 178 504
280 125 466
290 132 472
298 142 511
282 127 502
264 170 504
285 146 514
303 138 515
249 117 501
268 159 431
279 117 516
297 125 498
247 159 459
276 125 498
254 162 489
262 127 459
276 183 525
258 208 499
250 163 499
263 139 486
307 171 523
258 168 511
258 196 457
288 187 463
267 121 437
265 183 491
315 154 476
277 140 506
318 131 512
20 135 125
100 155 112
86 144 86
66 160 111
101 152 141
63 219 147
78 223 99
83 145 78
22 213 117
31 183 102
22 175 93
79 158 131
48 142 100
28 147 110
69 148 140
59 143 106
26 208 61
112 195 146
71 222 80
76 208 96
83 139 110
24 136 126
55 143 82
57 154 61
37 131 120
62 192 70
110 152 92
97 198 90
55 198 103
75 152 91
78 154 60
40 208 63
38 201 64
71 135 87
67 205 83
78 136 78
55 174 102
102 161 151
26 209 108
69 135 110
60 159 72
86 191 73
90 156 88
78 219 100
56 148 152
60 173 112
111 135 77
115 177 132
107 147 68
24 218 91
96 219 133
115 213 91
80 155 123
49 211 69
98 130 148
22 167 92
105 142 136
50 134 136
92 173 133
69 184 147
46 201 60
67 157 99
51 169 142
54 210 112
29 141 77
86 138 112
46 204 129
68 151 102
30 215 67
82 201 104
114 158 154
23 191 99
95 145 106
54 206 71
67 134 59
97 172 70
78 206 91
49 183 103
110 152 73
47 167 157
181 275 509
123 311 506
121 245 471
168 289 494
112 324 518
184 284 531
111 320 475
107 262 465
100 294 437
190 286 521
123 280 506
137 344 466
158 344 472
145 293 531
143 291 531
132 258 499
100 332 449
143 269 456
134 255 497
188 269 522
129 274 478
181 246 473
171 293 463
181 276 452
162 286 454
195 331 505
178 332 463
103 270 512
188 307 517
176 294 505
140 269 508
158 249 472
110 312 522
119 338 486
108 310 455
180 328 500
192 339 520
106 260 438
152 264 493
173 310 505
183 286 515
124 344 524
124 326 448
142 261 446
163 291 438
156 269 463
106 315 525
188 316 518
157 300 462
113 247 499
170 310 518
184 333 509
108 310 449
167 249 460
180 275 508
118 327 513
149 270 497
159 294 449
113 307 506
184 272 511
184 265 514
111 325 491
194 328 500
123 264 521
132 345 476
155 345 492
118 330 456
178 317 528
106 266 517
168 262 505
101 300 527
134 319 473
109 337 447
155 312 463
121 334 478
155 288 462
162 295 509
131 256 522
115 325 529
175 271 532
178 511 345
170 456 317
80 428 259
87 503 327
143 482 282
111 449 277
93 474 346
95 490 278
133 465 298
85 480 263
84 457 291
87 495 323
82 490 262
122 420 266
135 479 347
105 411 293
139 428 301
136 424 286
91 422 259
105 488 251
139 448 298
139 412 271
152 504 320
136 432 266
137 501 303
82 453 299
103 479 279
175 431 335
104 490 339
102 478 329
165 483 277
97 511 331
85 450 255
179 432 311
178 498 313
156 509 321
87 477 249
131 431 264
152 423 261
142 499 315
111 476 255
141 437 270
89 415 336
99 455 293
114 502 259
154 508 296
137 447 291
107 452 301
133 442 309
86 485 266
143 459 304
133 482 299
180 411 335
98 504 262
129 423 287
178 510 338
116 413 289
140 482 333
85 489 322
164 457 312
111 416 266
161 430 312
172 497 285
112 490 335
110 443 272
173 491 314
141 431 287
115 412 278
125 414 287
126 438 309
106 438 327
112 501 318
124 493 344
103 461 309
176 447 298
112 413 283
84 413 281
86 466 259
170 449 316
136 484 265
319 459 397
255 445 409
309 483 361
234 411 411
282 400 401
317 447 373
272 447 357
302 460 348
307 445 342
317 458 413
256 470 385
257 431 386
305 435 356
243 469 335
264 409 328
232 429 354
278 395 344
320 462 326
253 444 367
252 435 372
284 400 367
316 474 424
232 428 376
332 394 355
284 459 424
303 482 336
321 469 351
304 406 410
309 439 392
266 478 382
325 467 344
270 405 383
277 417 338
234 415 392
281 462 394
235 415 341
236 468 385
268 420 410
247 475 346
317 424 411
314 387 333
300 483 363
331 398 339
303 427 390
284 447 405
275 485 360
292 456 369
280 421 370
243 444 422
303 437 404
260 472 361
270 395 386
331 397 372
242 413 386
321 468 405
316 402 385
285 447 365
288 466 406
298 402 344
243 405 388
299 457 360
283 474 356
296 410 330
323 426 385
275 399 395
308 415 392
330 399 326
325 425 424
310 482 332
295 477 425
290 439 375
277 396 406
247 387 411
271 408 396
256 393 332
237 438 406
274 434 376
255 418 417
248 406 409
279 387 339
233 283 227
196 216 155
216 288 152
235 267 151
240 282 144
218 288 222
250 252 153
213 260 159
276 203 154
215 265 166
230 288 213
290 198 224
216 194 178
253 229 218
198 195 151
228 244 163
252 278 147
287 267 151
231 218 168
231 228 157
237 198 225
278 236 147
268 243 215
205 282 185
251 194 197
255 265 184
255 210 150
249 217 150
213 242 217
220 242 213
199 248 206
295 257 139
271 197 215
222 258 222
254 199 140
285 221 186
221 261 154
259 283 177
260 213 176
256 281 157
211 226 212
277 229 152
264 227 140
218 209 200
259 224 194
237 231 176
247 291 177
292 251 177
292 240 207
204 234 185
238 209 147
280 263 207
224 268 202
238 277 188
235 249 212
196 227 194
288 207 142
266 218 153
207 232 162
289 236 134
252 216 175
203 198 205
202 198 142
288 221 206
230 251 171
212 216 205
288 220 190
268 232 232
202 267 161
269 199 153
253 238 181
223 250 144
273 196 161
250 277 199
235 254 203
243 197 209
237 282 233
231 219 139
206 227 208
212 278 141
256 365 422
316 330 446
257 317 390
312 392 392
315 340 382
299 349 365
322 342 391
286 380 431
239 346 421
263 352 455
238 393 404
234 360 426
295 322 434
234 388 400
315 355 359
275 319 358
245 325 441
315 345 443
237 365 367
315 310 419
282 394 423
313 330 442
253 353 405
278 386 434
323 383 452
296 375 427
293 370 383
283 311 397
239 406 448
235 370 412
256 337 357
272 331 376
285 398 359
276 326 393
241 387 437
311 372 440
278 366 443
248 370 406
234 366 435
242 315 435
261 382 445
316 317 391
253 364 384
242 313 423
322 362 420
252 309 356
279 387 454
259 398 452
244 404 383
256 375 455
250 380 421
325 357 384
293 388 364
230 342 402
319 356 448
276 328 364
296 340 430
292 400 421
262 391 425
250 347 454
303 339 359
243 385 398
245 318 419
315 382 417
246 370 367
298 388 449
294 386 362
267 321 427
266 402 453
242 334 453
247 398 407
323 392 359
237 396 414
323 374 446
305 400 442
278 336 406
246 312 392
324 408 368
277 331 424
253 362 420
536 380 251
477 423 312
463 357 266
460 396 314
514 422 297
538 418 279
452 366 296
449 365 249
461 400 238
445 413 296
507 423 280
445 391 328
467 402 325
457 389 293
478 426 294
520 410 276
540 377 274
452 411 310
452 429 301
523 344 306
527 337 293
471 384 252
469 357 295
524 374 303
506 337 287
456 429 244
531 402 235
463 346 303
499 331 241
459 350 305
543 383 284
491 373 273
500 348 297
478 334 241
489 421 296
533 368 299
452 349 309
482 380 327
498 401 317
476 362 255
505 338 299
494 388 312
446 389 300
490 380 240
495 414 323
488 394 314
508 413 247
445 401 261
492 407 275
450 350 259
507 399 312
476 330 284
536 352 231
453 354 269
505 351 235
511 348 234
485 354 231
538 369 330
493 399 241
497 403 232
502 413 300
507 419 242
475 416 231
457 418 318
521 386 298
446 385 237
479 390 304
500 381 291
540 419 314
501 397 300
481 392 285
463 416 326
475 365 236
514 362 330
474 349 243
478 397 313
543 342 244
543 357 234
512 332 290
506 390 230
375 203 360
376 191 297
334 231 326
308 242 281
304 275 265
320 276 286
346 237 310
316 189 337
314 194 345
299 201 336
373 237 349
319 205 273
303 263 295
314 217 276
364 279 363
300 196 323
371 237 314
379 253 311
334 225 306
299 264 291
334 272 317
300 263 350
383 280 339
391 229 358
312 189 319
324 245 353
386 198 339
298 205 316
386 196 358
382 232 356
355 254 358
328 260 316
305 261 340
379 204 354
375 218 328
383 275 335
361 245 297
367 266 348
341 263 346
332 267 312
384 260 281
335 231 273
388 189 301
376 219 315
331 226 291
377 218 287
353 202 323
326 269 290
307 234 283
358 276 346
350 196 288
363 215 267
366 191 357
345 229 359
321 190 323
356 190 360
330 201 318
378 243 348
386 250 363
337 219 296
307 192 287
393 247 270
386 198 289
397 230 359
348 182 364
309 278 275
340 180 327
350 249 331
373 221 290
305 247 314
367 277 305
359 237 344
327 235 267
377 275 328
332 188 361
322 240 365
391 201 346
395 189 357
374 204 309
395 273 355
444 494 158
407 448 198
401 449 122
490 486 129
453 482 173
427 421 146
421 436 156
446 477 181
434 437 112
417 448 172
485 451 157
415 486 182
460 459 130
405 407 149
425 409 194
408 470 105
444 501 155
495 451 109
415 494 187
445 474 157
428 501 185
438 440 140
437 464 172
439 483 168
492 438 150
454 476 168
448 477 171
413 406 134
493 425 178
413 480 152
440 460 162
467 438 125
409 504 181
412 475 155
457 445 161
426 405 191
426 430 138
492 473 108
416 470 194
484 428 130
459 478 101
477 405 110
396 463 149
444 483 143
401 504 143
495 503 187
468 505 125
458 417 114
445 450 190
435 440 186
487 420 117
417 477 174
426 501 146
411 479 132
467 438 163
400 485 178
427 450 163
426 487 176
427 436 162
425 446 191
478 488 131
495 471 136
462 409 104
408 474 187
410 432 120
420 435 145
457 408 119
496 446 197
409 416 106
410 436 168
448 428 182
451 432 115
466 411 119
453 454 154
397 497 171
414 430 134
485 492 164
407 474 144
457 493 193
448 495 111
332 391 148
259 325 168
294 341 199
263 323 197
298 403 191
314 341 197
295 310 198
336 331 223
281 353 212
268 328 199
310 384 170
282 392 187
257 376 226
264 313 211
270 389 195
292 329 164
317 338 143
297 374 159
352 399 192
352 394 152
316 373 183
263 338 227
354 387 205
299 304 207
288 312 219
258 324 213
339 374 168
350 304 182
346 317 228
282 355 185
329 376 189
301 397 142
262 351 227
284 340 190
352 388 203
274 344 155
312 313 166
347 332 152
284 358 189
289 388 219
264 353 175
262 315 213
258 362 161
341 374 165
333 321 219
309 343 139
305 333 198
344 327 213
348 385 189
328 364 185
264 398 140
320 368 135
308 378 179
272 324 219
356 306 147
323 328 166
318 359 193
337 334 140
342 349 149
319 361 149
305 368 197
304 344 137
329 347 222
354 360 136
309 382 130
310 303 181
341 352 227
333 333 209
265 343 208
306 329 172
299 342 140
257 364 191
289 351 177
342 390 215
331 313 141
342 342 188
272 313 211
303 381 149
345 401 227
327 346 177
499 194 86
494 129 141
420 133 102
503 221 86
506 135 134
437 136 132
433 220 115
467 201 66
454 133 76
461 208 121
421 193 88
452 172 45
483 207 141
485 173 119
513 147 106
453 213 131
421 129 111
483 164 74
444 194 113
429 175 107
431 166 113
475 195 95
422 142 113
447 159 143
505 155 104
477 215 69
461 146 145
494 155 106
486 146 136
475 197 92
459 148 50
436 162 127
491 180 99
454 208 139
470 134 95
446 131 74
444 158 57
490 137 139
493 198 124
514 198 92
468 147 134
475 128 73
427 185 114
486 129 66
435 134 87
504 168 119
474 140 57
456 210 116
436 213 102
432 183 59
434 206 80
476 182 125
420 186 76
463 123 70
468 180 118
446 188 136
447 124 111
453 195 56
493 128 61
504 165 134
444 203 49
477 201 69
504 188 136
435 142 60
468 164 110
432 216 77
488 209 123
435 161 127
482 174 89
420 170 136
505 191 71
475 179 62
445 215 72
447 187 137
418 139 134
486 207 135
430 201 67
462 126 136
449 173 65
451 166 138
273 214 53
234 243 24
270 232 45
294 200 120
290 239 90
241 195 117
264 198 59
243 237 92
294 209 108
262 238 110
211 222 45
300 187 83
256 257 93
213 244 53
254 197 95
272 223 109
303 213 119
296 193 120
215 246 43
256 253 119
244 224 81
263 240 46
217 238 82
209 220 50
297 237 97
306 248 45
283 235 25
259 209 48
247 230 78
232 183 76
270 258 39
222 221 45
273 255 87
245 167 55
286 214 79
265 206 64
228 169 119
242 224 88
298 243 88
298 180 43
223 181 119
217 193 110
271 228 120
244 236 77
281 234 70
271 245 43
264 201 28
241 174 92
211 173 57
257 160 60
221 247 90
258 161 41
245 198 63
263 190 49
288 169 34
265 228 33
229 232 39
224 213 34
235 193 41
226 217 63
268 243 50
251 236 94
279 220 38
211 187 57
258 239 66
285 259 60
283 239 89
247 166 76
213 195 43
287 175 38
254 217 71
295 201 40
270 200 25
246 161 90
223 257 114
219 232 102
289 218 22
246 230 40
225 197 65
268 233 103
262 450 385
284 493 322
336 426 311
286 444 288
298 492 368
303 496 382
248 461 303
327 422 377
259 438 385
263 496 293
257 465 358
279 436 336
312 492 388
327 455 366
328 476 371
342 474 318
252 471 365
322 449 371
297 402 346
320 444 377
279 431 370
324 463 322
299 435 299
344 488 334
289 430 345
316 406 381
339 495 319
282 424 353
316 422 369
260 429 289
341 495 333
252 479 316
309 420 324
303 480 386
283 472 338
339 444 339
322 416 319
328 442 333
316 468 299
320 497 302
303 431 301
260 461 385
304 434 302
254 423 333
279 437 309
284 425 329
266 456 312
275 434 310
341 411 293
258 494 388
288 445 316
347 436 304
345 435 331
332 401 311
343 483 292
335 466 326
316 421 387
331 473 368
276 446 309
292 450 342
314 451 297
305 463 339
248 483 333
315 442 315
264 443 365
273 405 379
305 470 314
252 442 378
287 496 317
284 496 359
310 403 326
265 484 369
273 433 355
261 449 313
257 484 317
278 438 295
277 417 357
271 422 368
279 497 344
255 479 361
546 496 183
468 488 124
450 508 163
547 525 142
462 449 179
471 513 176
491 534 147
544 476 217
461 526 211
454 459 134
537 535 139
458 519 146
492 480 186
461 493 166
499 464 143
477 539 196
541 450 150
481 446 202
457 516 138
530 527 152
455 481 199
484 532 175
470 507 165
538 480 138
458 542 166
518 487 125
451 535 161
481 495 191
515 489 152
464 527 159
524 495 129
493 525 174
523 479 194
475 509 216
508 536 143
451 487 196
513 492 141
513 491 177
447 545 137
450 538 142
456 516 182
499 478 145
456 468 155
486 515 215
547 511 137
536 493 136
471 504 156
462 458 183
541 458 203
527 473 142
447 516 165
507 457 205
486 471 133
506 537 147
466 487 136
516 464 169
463 521 151
528 522 187
484 507 173
494 475 194
523 486 192
498 510 184
468 473 162
469 480 121
463 532 127
523 507 147
534 517 158
455 482 186
514 489 185
469 454 215
485 523 189
482 469 143
472 517 201
528 484 218
480 512 163
519 467 175
533 465 205
470 483 211
496 522 183
476 538 194
454 449 228
464 505 288
428 506 227
492 500 242
467 466 295
402 537 227
422 489 227
430 527 267
399 531 279
422 491 230
458 468 216
426 513 284
450 546 274
471 545 205
415 518 230
469 496 257
420 471 282
413 497 246
492 474 275
406 535 210
471 523 226
486 488 272
423 545 297
472 519 238
460 540 235
428 468 267
423 471 212
493 537 241
396 472 248
414 464 217
458 519 297
404 549 227
416 523 259
454 475 259
450 507 281
405 458 209
452 454 299
494 465 243
478 477 256
486 523 279
464 518 207
444 452 298
423 472 222
453 489 254
474 461 241
464 495 292
435 526 296
459 542 224
439 483 230
450 514 226
422 504 256
472 500 241
400 502 221
487 537 201
440 544 254
424 454 272
489 535 201
467 523 289
483 547 205
443 486 206
395 465 287
422 484 249
403 531 246
419 479 299
446 502 269
473 478 229
395 486 277
400 511 240
417 520 206
433 516 240
395 487 231
490 498 267
439 473 232
426 467 203
419 535 275
424 516 277
458 477 215
414 449 222
477 546 265
472 530 238
46 82 -14
-4 112 67
85 137 -3
50 104 46
84 160 -25
70 179 42
21 148 15
44 116 33
31 94 -25
57 164 75
73 172 32
16 99 10
42 154 -6
63 122 2
57 158 -4
-6 146 -15
68 95 9
21 180 74
88 140 -12
35 131 16
16 165 54
30 172 31
40 174 -18
17 101 9
32 149 10
28 160 31
54 112 36
71 89 -25
17 121 26
37 105 72
69 97 58
84 127 67
35 113 58
94 167 62
4 136 -3
14 107 -15
92 136 62
62 110 -21
77 135 26
66 87 63
85 142 72
66 122 28
26 96 8
91 84 -23
47 97 -6
17 170 56
11 163 51
83 98 37
94 169 27
30 82 59
90 83 23
84 167 34
33 100 45
84 94 51
27 141 53
89 82 -4
-5 85 49
3 129 -24
65 120 51
55 129 70
3 96 6
22 125 63
28 130 63
38 154 71
62 111 27
23 93 -11
87 148 -21
81 148 65
39 160 28
91 132 30
86 95 28
15 177 38
89 153 29
38 159 45
-5 86 1
69 103 5
83 107 48
49 123 72
48 128 1
37 107 15
322 333 102
327 394 151
354 402 149
293 363 165
301 374 104
368 323 150
331 340 96
322 411 181
291 321 165
290 340 174
275 408 115
333 370 138
290 320 158
367 403 175
311 399 166
285 353 125
317 325 182
342 377 116
288 326 148
281 395 120
318 412 184
354 317 185
329 411 156
315 401 135
301 388 87
353 382 149
330 317 98
276 393 180
357 325 118
374 385 116
310 413 135
328 404 115
349 314 130
292 383 141
358 378 176
365 376 133
348 409 111
368 335 102
352 395 154
362 414 139
361 339 117
290 356 166
305 399 149
304 359 170
323 380 95
371 365 136
317 400 183
311 388 94
277 373 127
313 326 166
369 402 182
350 376 146
357 404 122
323 319 178
310 367 186
312 383 182
370 338 157
369 410 154
292 375 180
290 314 148
285 319 128
299 385 126
325 316 148
373 394 162
278 393 120
327 330 107
353 324 129
287 318 123
339 397 88
282 356 181
292 329 125
329 369 136
347 348 90
346 368 146
330 392 141
296 401 154
361 390 140
323 366 132
347 380 147
361 373 144
401 119 323
368 61 247
413 48 267
396 101 256
358 72 298
335 118 339
413 143 270
402 53 296
397 55 302
326 109 319
319 72 338
328 44 333
389 102 276
370 66 281
405 77 343
417 102 247
342 109 265
341 99 345
353 143 279
362 124 328
375 56 295
405 60 318
326 107 330
334 55 295
364 70 300
319 52 306
372 83 344
413 47 254
418 137 305
348 80 259
369 74 346
381 115 346
347 105 334
368 95 298
330 132 302
352 130 247
358 73 253
363 68 317
415 139 341
387 121 347
417 139 264
396 49 329
382 134 313
383 80 260
374 102 270
390 107 309
352 113 256
347 77 297
393 117 295
348 69 284
335 48 280
407 55 267
369 68 287
398 49 334
368 110 288
404 141 254
349 108 308
365 139 250
331 89 311
355 129 289
335 55 346
385 55 259
343 125 340
386 121 334
415 124 329
383 70 295
344 50 258
379 104 333
372 86 343
375 71 297
379 95 347
321 65 258
385 60 271
388 133 280
392 55 272
326 74 287
341 139 311
417 141 318
335 54 329
369 47 339
244 256 72
248 249 51
248 274 30
185 269 95
233 237 12
193 250 22
216 254 19
255 257 104
229 326 43
224 322 66
245 290 89
249 274 50
197 277 59
237 258 93
278 237 85
268 307 37
195 334 20
229 261 40
210 273 69
207 288 89
232 337 38
210 246 61
233 271 48
213 247 10
260 327 39
225 254 41
246 335 23
272 249 15
253 284 99
240 298 6
236 251 19
186 308 25
232 301 25
221 290 81
215 295 19
270 279 15
235 246 57
209 325 4
246 332 101
260 326 17
269 295 86
214 301 100
224 325 21
248 307 66
244 317 56
239 317 17
231 265 76
260 249 66
255 239 56
180 280 54
243 281 23
239 251 51
201 247 34
258 335 8
243 304 73
263 322 69
229 264 29
263 263 61
214 293 100
198 258 93
182 245 52
243 291 98
192 318 4
219 247 91
265 247 83
225 312 14
230 268 86
198 246 51
227 282 55
201 255 76
205 285 90
231 304 7
231 309 35
192 268 32
243 299 9
200 273 67
277 320 34
210 318 45
238 257 54
195 332 14
379 207 329
372 147 404
320 216 341
384 181 366
305 209 355
348 152 406
339 160 418
334 227 376
392 134 421
313 184 401
382 147 331
346 179 370
400 188 369
365 156 330
371 215 384
313 145 352
354 224 335
353 185 324
369 142 363
315 169 336
334 200 334
359 208 392
328 212 415
345 139 325
379 199 408
365 221 387
338 180 421
332 161 390
378 165 393
380 151 392
312 137 339
389 173 385
385 151 418
394 178 323
320 223 396
310 191 414
396 137 347
361 178 385
337 193 405
325 213 326
319 195 347
306 199 372
352 140 373
400 186 348
377 131 396
399 187 349
335 188 415
395 216 411
396 184 410
337 158 387
316 130 348
326 217 358
378 213 411
386 184 404
321 163 406
371 159 346
359 180 387
338 192 366
371 151 399
320 162 405
305 165 392
377 165 353
340 193 409
372 147 392
376 136 352
388 143 404
403 162 410
378 171 386
326 158 323
398 158 338
361 148 350
350 199 363
335 144 381
381 132 385
397 225 351
394 207 324
383 158 377
372 140 413
339 186 401
404 211 337
123 405 311
44 428 338
54 406 259
29 465 255
28 378 251
43 449 251
128 431 317
107 451 299
78 405 281
96 410 295
42 378 315
92 396 327
64 392 292
55 454 262
126 463 270
81 408 331
107 440 259
65 425 301
88 461 311
56 402 320
103 470 281
51 431 329
66 437 325
39 401 256
118 400 246
62 441 248
121 402 283
95 464 296
123 464 264
125 404 273
51 394 295
72 465 306
126 451 315
66 415 260
112 395 326
57 468 287
75 394 295
85 432 249
116 387 260
44 420 298
66 444 289
41 448 326
69 457 270
51 384 336
38 451 288
85 390 336
43 390 265
107 442 315
95 416 260
57 375 250
52 446 318
42 411 258
64 459 303
117 427 319
111 446 330
65 420 307
54 462 248
70 394 289
118 429 273
38 471 263
68 377 263
112 461 334
43 441 261
65 376 299
78 429 259
47 387 305
119 465 277
64 443 253
124 426 302
63 375 340
74 453 314
107 415 244
49 385 307
53 457 272
116 388 280
76 385 300
115 409 321
96 404 308
118 445 270
44 393 277
226 117 448
266 104 466
231 77 431
309 67 411
233 30 410
281 73 387
226 64 395
305 39 452
318 99 394
279 66 459
226 65 438
223 47 470
284 59 444
234 53 399
265 91 465
240 115 433
311 103 428
244 18 389
226 33 406
291 78 448
307 85 469
279 61 423
286 101 429
295 30 416
318 17 459
253 93 443
322 76 445
319 34 468
308 58 421
232 44 470
281 73 413
239 45 426
223 57 381
286 88 394
311 78 459
265 35 403
306 87 453
323 23 410
246 26 474
273 17 463
238 36 463
295 37 469
250 20 441
229 90 444
319 57 449
290 50 432
271 90 460
241 97 466
275 44 429
243 44 407
247 30 453
311 39 425
287 95 447
255 110 420
304 23 428
276 109 466
267 110 377
223 39 395
237 67 377
252 67 389
276 108 445
304 117 448
277 39 433
319 63 469
288 62 445
286 104 425
280 100 431
277 61 420
236 25 455
264 46 422
248 36 440
258 99 412
321 67 443
242 22 469
266 26 419
303 22 468
254 83 377
316 98 378
275 114 409
250 87 417
138 151 185
103 184 164
139 221 191
106 214 214
136 184 168
193 175 224
190 153 195
179 184 177
134 203 223
188 184 171
107 153 167
181 237 206
121 244 164
201 215 227
194 221 203
145 164 241
195 230 259
170 176 168
144 230 173
171 192 220
144 243 252
183 231 181
154 177 248
118 248 201
129 175 178
135 240 223
184 156 186
149 184 208
201 208 257
184 210 160
166 149 211
171 185 256
117 157 208
132 222 162
146 155 201
151 195 188
145 189 166
112 223 251
108 166 199
127 198 194
173 205 252
129 213 213
109 211 222
148 239 200
184 202 249
152 209 258
169 195 176
141 229 211
199 181 223
190 224 194
118 167 180
199 223 175
118 189 216
197 170 242
141 152 229
154 150 197
175 212 191
119 240 235
181 237 255
106 191 227
193 159 220
124 220 240
142 203 184
104 184 222
184 227 182
142 217 204
157 182 178
112 206 236
102 236 222
147 186 207
191 233 221
175 224 211
175 229 168
117 163 258
123 221 232
163 188 247
116 148 214
149 204 240
157 203 223
145 149 176
229 182 127
212 219 129
196 173 117
227 197 168
204 171 98
211 227 104
188 172 115
199 189 175
211 239 110
227 169 130
188 188 146
207 191 154
172 222 132
211 165 152
248 204 116
257 206 122
212 248 91
253 185 130
215 192 145
185 186 165
194 221 125
206 198 117
247 230 174
216 200 143
165 174 171
212 234 121
204 184 104
162 178 139
223 188 90
176 236 147
197 185 161
186 181 154
233 161 90
209 236 137
261 165 170
222 215 92
178 227 143
201 182 102
223 172 110
192 251 99
206 215 145
252 191 102
175 183 103
214 204 88
246 157 85
204 234 158
172 189 142
210 168 114
203 206 138
231 219 139
178 248 110
184 230 130
181 250 105
215 194 154
240 211 173
235 256 107
191 233 114
184 241 137
199 200 94
180 197 139
191 238 138
240 200 106
211 188 107
236 168 145
191 220 107
226 226 96
188 192 123
255 173 111
195 233 142
230 246 177
241 251 141
206 231 106
255 238 152
184 245 124
247 249 86
228 161 92
168 194 180
238 209 170
194 196 133
260 234 163
244 251 294
280 238 312
299 281 327
266 237 297
328 222 375
315 275 291
281 216 386
333 298 373
281 282 378
260 246 322
257 270 296
284 253 293
321 244 313
259 260 389
320 283 381
251 231 296
256 268 331
247 244 384
311 292 341
268 293 312
279 236 301
302 234 313
266 302 326
307 234 379
324 210 305
310 246 326
324 303 300
313 301 383
258 224 360
275 230 329
312 297 369
328 236 291
291 236 357
300 222 333
241 255 370
275 285 302
244 248 304
271 286 366
320 206 301
239 229 333
335 278 343
238 287 384
253 236 298
298 285 321
322 276 370
285 268 328
240 264 358
331 236 375
309 267 340
245 241 323
332 220 350
321 274 378
241 220 340
336 218 305
282 234 320
301 217 332
240 248 320
316 242 363
241 283 387
305 208 298
278 299 383
242 220 334
282 250 307
248 271 356
272 298 360
314 216 347
287 246 306
321 257 379
264 288 360
329 242 297
305 286 345
315 299 309
313 277 352
316 239 316
291 284 323
333 279 339
270 297 306
313 281 326
287 301 351
283 215 329
334 529 436
323 522 456
344 504 465
387 513 466
401 522 489
370 528 454
355 524 451
342 456 509
334 500 472
322 458 446
358 476 449
367 525 515
404 513 448
384 450 459
344 478 480
337 526 520
402 461 457
352 449 449
366 467 465
338 500 453
375 484 429
416 517 482
379 449 520
421 503 491
363 466 486
361 482 433
337 489 468
422 501 476
383 439 444
391 462 436
416 442 440
349 497 499
383 534 460
365 500 462
338 497 448
338 457 435
340 520 440
381 445 447
395 524 506
326 524 523
366 504 462
334 536 468
346 487 482
422 461 500
347 492 504
328 485 447
372 525 516
391 491 480
349 497 470
392 456 480
326 533 463
415 436 449
382 536 484
387 502 526
394 439 468
340 482 465
408 530 486
395 483 506
421 457 504
364 448 494
353 464 458
396 456 505
346 477 431
355 532 469
410 473 433
388 505 490
371 472 490
382 529 510
409 506 484
369 499 456
333 443 511
372 441 510
366 516 430
332 441 513
328 519 505
392 479 514
409 472 484
377 498 478
405 511 460
357 531 508
35 386 409
-29 315 420
-4 309 380
9 312 417
21 388 420
-31 323 412
-23 392 394
-21 321 456
-25 323 449
-28 405 407
-13 325 433
34 386 459
-5 316 434
-9 407 409
-30 380 431
40 327 403
61 393 382
54 407 425
-14 392 422
47 355 372
2 378 420
59 320 386
15 373 360
-26 320 374
-7 353 439
51 329 393
-27 345 413
32 333 389
-27 336 418
41 359 442
7 330 420
-35 406 400
46 310 429
22 325 402
31 343 411
62 350 390
3 395 373
-13 366 393
17 327 437
-27 372 451
25 403 417
51 348 451
45 366 420
-27 384 419
59 322 372
-17 359 420
39 389 447
49 314 427
57 404 376
-34 384 382
27 396 407
39 406 435
28 342 379
53 377 395
-12 329 366
33 391 364
61 334 397
-4 379 395
51 334 445
-9 377 424
50 394 432
14 379 402
28 318 393
65 401 390
64 367 408
-2 394 366
34 314 394
13 386 362
52 310 441
30 386 410
18 388 361
50 327 392
-1 377 444
25 393 440
49 376 426
-4 401 376
-21 350 441
8 357 375
-25 403 363
17 382 379
408 354 202
440 356 210
435 326 175
369 347 165
467 323 197
446 320 134
454 320 201
428 320 114
387 292 179
401 304 149
448 362 152
412 336 135
409 313 186
413 310 171
369 308 128
395 334 123
400 323 153
378 324 150
410 365 157
413 302 117
458 277 113
387 364 198
423 336 140
414 325 171
411 276 139
405 336 114
436 331 125
463 371 154
392 335 122
436 334 205
415 314 190
440 318 134
389 348 161
377 360 141
395 343 136
370 317 208
406 284 159
406 316 207
445 317 186
466 307 159
369 324 145
418 357 171
464 301 187
373 363 195
448 359 137
384 314 129
427 326 127
463 308 126
425 306 115
441 308 165
452 373 119
403 288 200
380 350 160
428 296 179
405 370 141
455 320 197
449 374 120
400 309 200
459 330 203
468 287 156
381 350 209
385 356 140
462 359 155
416 307 177
399 280 180
418 324 191
444 355 138
460 325 169
419 279 130
377 307 134
455 312 169
400 342 153
402 342 127
380 324 189
448 335 179
423 281 202
429 376 170
440 325 198
406 340 195
422 370 173
70 100 31
103 109 4
57 74 92
77 123 57
127 98 88
39 103 34
115 85 9
109 148 63
111 105 20
90 73 43
35 64 85
101 102 19
55 146 47
128 64 43
65 60 32
107 150 20
33 67 0
70 117 62
40 115 30
112 115 16
118 61 29
64 96 30
52 133 70
131 61 96
119 134 59
122 148 13
84 158 17
60 145 70
113 139 6
103 102 37
111 76 5
104 87 90
35 140 28
122 77 45
116 151 68
130 125 49
111 111 53
73 142 10
54 133 88
130 142 22
110 150 28
47 125 6
38 147 85
128 81 27
119 102 97
101 107 58
107 129 93
88 132 65
82 67 95
71 93 84
106 143 86
120 96 78
114 125 38
46 63 57
88 126 15
63 90 38
72 76 12
46 153 8
65 72 35
89 89 1
126 127 31
121 134 -2
80 132 9
60 150 38
59 63 92
63 114 37
71 157 97
93 68 34
51 107 37
46 65 84
131 75 89
57 60 91
44 89 12
62 91 51
76 129 53
50 146 -1
110 72 14
91 160 1
49 109 15
89 98 62
352 111 498
425 131 482
403 73 435
367 109 478
400 72 483
420 169 470
379 135 500
361 169 474
429 98 454
395 104 499
439 105 507
400 72 508
351 160 471
431 158 493
379 126 455
394 158 469
363 107 445
352 118 492
423 103 495
393 139 460
351 113 494
399 122 486
431 111 466
399 89 457
428 108 431
390 158 426
365 89 494
386 136 434
388 151 433
439 112 453
355 160 421
422 77 467
366 158 474
411 104 430
387 172 463
419 100 420
374 112 475
377 134 467
394 83 506
368 80 415
378 125 417
415 143 421
420 80 496
426 150 472
369 92 467
430 165 491
389 138 451
414 76 453
407 118 476
362 138 472
350 104 485
380 110 441
405 124 415
379 75 486
368 168 460
428 142 414
364 171 462
348 77 482
397 133 440
398 73 473
374 98 451
440 153 511
382 170 485
393 133 440
361 94 454
436 150 432
370 121 486
403 123 511
379 116 448
427 114 505
379 80 421
423 141 476
415 92 475
377 77 462
402 151 446
390 122 428
379 75 474
345 109 489
425 93 468
360 122 428
251 109 330
302 21 374
288 58 357
253 81 352
285 103 391
258 74 387
316 94 415
220 79 360
291 34 389
293 72 371
222 16 336
236 14 377
257 92 321
294 82 354
283 32 334
229 62 321
314 104 395
303 47 394
290 32 352
282 23 376
254 109 364
287 107 351
278 46 338
252 88 387
304 80 390
256 29 391
260 103 365
264 43 328
234 47 370
302 68 356
268 103 378
295 53 411
259 108 364
256 102 333
309 102 391
280 105 369
288 96 417
307 77 335
227 98 362
242 32 378
230 17 413
232 103 335
220 15 352
250 102 330
304 47 350
229 55 392
318 60 326
313 46 377
232 81 342
232 101 328
243 45 411
247 91 336
304 59 352
267 60 331
290 42 379
225 21 382
230 62 319
295 47 379
240 89 362
241 84 360
288 107 385
261 109 400
318 26 353
270 71 404
309 27 382
296 56 353
238 29 407
316 45 373
277 100 390
295 70 334
262 46 413
290 74 348
309 105 408
232 32 374
274 108 367
304 65 396
301 46 326
255 100 342
313 23 387
224 78 337
114 48 333
76 -8 327
96 73 327
76 39 333
55 9 284
96 15 319
49 3 369
115 -4 362
92 87 305
40 18 291
117 24 311
35 65 290
99 76 309
22 71 355
96 46 313
43 83 342
87 59 322
110 65 368
67 43 325
20 40 356
102 50 324
72 23 360
35 39 288
83 65 296
91 -11 366
118 26 304
91 25 376
80 31 301
87 -8 320
104 -6 296
35 0 308
97 76 314
68 55 337
116 72 367
90 39 348
69 51 357
45 40 351
67 46 334
32 -7 291
51 16 329
60 86 337
108 57 367
60 28 348
78 66 336
91 33 372
106 36 296
36 52 295
109 73 357
114 17 333
51 24 356
71 59 303
26 26 338
66 25 366
24 63 299
19 13 305
73 34 316
36 1 380
90 8 357
77 79 316
94 84 356
19 78 373
74 41 371
114 66 299
105 49 297
47 29 345
98 58 324
47 17 318
116 28 343
35 12 294
102 48 335
89 -12 286
67 -6 374
20 85 348
107 -12 299
59 51 302
69 48 339
29 36 329
54 27 335
30 74 298
36 50 329
183 275 198
243 311 207
232 297 189
249 302 199
201 289 204
259 243 196
187 310 191
193 267 164
166 267 226
238 316 222
244 286 210
257 304 212
195 307 194
240 289 186
185 323 168
242 256 200
257 307 220
256 306 159
245 304 185
196 273 203
202 261 130
179 255 199
175 327 209
187 302 157
241 269 228
245 262 145
239 294 159
211 326 206
197 307 132
254 321 205
205 243 164
185 292 228
212 326 161
238 286 193
177 297 143
164 253 193
255 303 150
259 324 147
191 339 200
243 311 142
174 319 227
252 315 147
198 308 208
186 275 180
245 263 211
217 294 194
181 273 156
207 249 192
251 295 145
244 284 185
214 253 218
201 273 144
192 249 226
241 246 196
190 313 174
222 288 204
248 311 180
187 337 181
219 309 188
208 312 147
171 335 164
180 315 183
238 278 214
207 272 193
229 278 170
236 256 144
206 318 193
219 296 211
216 262 143
245 248 216
256 312 212
209 315 175
259 290 160
170 269 163
238 297 137
169 328 198
254 281 211
171 292 223
170 290 205
262 306 202
90 264 56
110 196 83
136 271 96
63 262 11
130 258 72
98 247 48
100 278 99
101 239 63
86 267 58
89 259 12
49 220 91
71 233 26
49 191 106
115 194 53
102 272 29
128 254 7
63 267 103
119 260 97
117 256 48
86 192 92
54 270 7
142 188 51
48 247 76
119 238 85
110 201 14
82 181 21
55 189 52
135 211 69
51 209 87
124 193 83
85 228 26
132 236 78
119 217 102
79 247 45
140 220 71
62 223 96
91 209 39
134 260 14
45 249 52
105 250 75
56 248 46
96 254 24
135 263 68
83 193 41
86 185 54
85 252 22
95 265 94
104 191 29
132 205 17
119 179 37
69 269 11
136 277 74
66 215 18
138 179 60
108 231 58
108 208 33
117 247 57
101 231 44
91 237 11
132 221 21
65 266 44
66 272 66
98 209 47
88 274 76
84 227 9
101 198 9
128 193 53
91 203 83
127 246 62
83 191 24
127 259 55
105 254 10
123 262 69
106 192 34
93 185 41
122 213 61
108 198 104
124 231 27
57 198 8
56 202 95
413 313 426
377 337 398
364 341 421
419 378 432
408 337 337
453 303 383
435 360 369
360 344 340
447 344 352
386 341 427
414 352 337
440 345 359
392 295 338
408 387 407
414 359 344
398 298 409
453 364 426
434 302 387
385 336 361
448 327 350
366 352 340
402 374 370
439 317 374
374 373 426
454 309 432
451 346 404
404 326 383
403 304 349
431 326 355
453 326 396
445 380 354
446 341 344
443 332 417
399 388 359
366 388 334
389 291 396
362 317 359
411 385 348
457 318 416
442 320 376
429 334 337
430 328 334
408 389 380
439 352 426
432 307 351
387 299 418
399 364 358
431 338 385
419 374 357
415 376 360
397 295 345
381 343 353
385 323 363
360 356 338
394 383 370
367 323 422
409 380 335
454 339 374
371 296 340
381 343 396
443 351 364
438 332 427
425 370 342
434 349 363
426 307 416
416 352 370
407 328 353
433 331 334
409 352 401
393 329 353
418 302 371
372 384 358
421 344 333
395 299 386
400 299 402
403 373 352
431 343 376
453 309 363
383 343 371
361 290 406
197 452 371
237 395 301
258 385 296
257 389 293
218 416 355
293 375 367
225 431 311
233 382 318
249 436 296
211 394 280
279 410 351
277 426 351
199 438 361
267 379 297
198 375 326
288 444 302
292 397 366
221 402 354
213 381 353
197 409 321
247 409 361
288 381 358
223 437 300
205 434 287
271 415 313
209 388 279
254 442 369
221 422 288
273 418 378
201 445 317
253 370 288
247 398 299
268 457 300
239 395 344
236 382 374
239 370 286
260 434 290
221 410 330
244 444 379
210 367 293
213 366 307
198 383 283
225 454 341
218 444 310
271 451 326
259 433 293
277 447 375
280 440 286
213 456 314
202 364 320
272 418 296
278 370 361
230 405 288
220 409 281
206 395 366
197 437 348
231 429 359
291 417 305
204 393 310
235 373 283
206 368 323
255 449 365
286 421 323
255 414 302
272 410 297
272 394 352
274 401 304
281 371 354
227 459 299
246 395 320
255 381 344
210 376 291
257 455 379
293 385 329
269 392 318
263 452 302
228 429 318
219 376 296
198 452 315
212 411 301
233 346 450
264 302 467
269 277 474
181 294 478
256 288 460
210 292 488
212 339 495
169 338 446
241 361 439
223 325 402
204 351 475
208 297 441
249 326 470
194 320 465
226 313 492
193 285 449
255 278 442
258 331 431
171 313 462
200 369 446
200 320 452
255 285 440
210 323 442
191 343 483
204 368 494
212 363 487
180 283 414
235 337 459
172 310 444
171 287 422
179 316 409
235 310 475
208 333 459
173 355 439
262 284 401
189 340 483
218 280 498
265 332 483
213 361 496
210 344 407
240 365 465
171 292 434
198 368 450
257 307 438
268 319 478
238 343 449
262 273 418
229 319 428
241 358 406
193 368 467
180 338 488
188 276 456
193 368 491
179 337 480
243 305 416
199 321 453
188 350 458
256 317 467
224 336 465
263 336 470
264 297 451
250 339 426
228 284 403
228 346 494
236 329 483
247 325 459
175 346 403
259 290 453
252 317 481
192 284 431
221 313 487
177 299 465
258 303 453
169 367 481
196 333 416
242 315 449
185 288 422
225 292 405
259 353 488
178 315 465
262 246 34
269 191 60
258 252 27
196 202 46
217 233 85
238 192 26
219 178 79
217 217 111
209 209 34
222 176 61
249 183 75
226 162 20
211 208 81
224 181 66
214 190 23
219 198 29
216 164 24
269 176 91
227 184 29
295 158 41
242 198 48
282 201 26
250 168 56
245 216 19
242 188 55
247 250 107
219 223 32
217 187 77
237 167 61
213 236 110
228 203 79
232 199 56
248 237 76
195 159 111
217 159 57
215 171 67
211 219 70
197 191 90
233 254 88
216 194 72
267 218 110
244 184 69
286 235 55
257 217 38
206 199 114
278 171 24
217 234 15
198 174 110
282 188 84
196 169 64
226 176 67
225 246 37
265 170 60
197 169 97
232 173 43
224 163 104
248 195 49
275 201 59
203 174 94
261 213 113
292 184 25
294 226 51
224 179 97
214 238 85
251 200 79
215 251 40
202 183 81
266 245 22
201 170 50
292 212 56
245 175 111
249 157 114
204 177 31
223 159 56
261 177 113
285 218 110
251 251 41
230 166 93
210 188 42
263 155 98
505 -12 90
493 11 86
495 49 77
529 -1 77
492 3 143
507 83 76
466 33 140
506 -13 72
491 65 113
465 36 90
532 41 136
515 27 111
520 20 87
488 52 152
482 47 122
459 45 135
443 30 150
440 0 144
529 70 89
466 80 134
492 30 124
470 -2 164
496 22 160
457 24 111
462 25 84
533 8 78
459 69 105
446 84 152
522 45 78
500 56 163
504 79 137
464 -1 92
530 84 119
487 11 154
498 13 86
439 55 131
512 43 79
533 64 71
532 70 152
506 75 103
470 -6 147
467 71 112
509 48 144
475 9 99
466 15 142
442 -9 169
467 20 125
497 77 153
471 75 99
509 53 130
439 63 83
463 15 123
502 60 152
503 4 137
472 -1 134
535 74 164
535 24 86
492 70 137
459 64 144
470 68 90
489 58 155
479 -1 113
505 4 110
453 -12 86
464 30 80
504 6 160
455 -15 156
513 29 82
523 12 142
473 50 104
466 -4 72
527 75 91
500 62 130
480 17 99
473 50 76
518 1 92
520 80 138
526 76 104
453 -12 148
453 30 139
497 375 406
483 319 390
437 305 415
516 328 371
505 379 363
461 402 378
456 326 409
447 386 438
500 341 385
501 384 453
480 364 436
424 330 386
461 320 381
448 341 437
439 306 395
431 375 428
453 390 362
428 350 431
440 342 440
494 398 394
512 305 363
494 344 416
489 400 381
483 335 450
501 307 422
446 375 406
485 315 401
463 343 449
456 349 374
422 318 403
506 373 362
466 335 403
439 373 361
462 401 425
499 368 391
426 382 372
434 336 418
499 360 411
522 349 436
422 330 372
434 329 367
508 327 426
435 372 408
452 374 380
468 321 450
485 332 420
461 384 421
517 367 455
432 325 440
427 384 433
511 345 434
445 398 387
499 391 394
444 312 423
481 304 362
470 359 402
458 315 444
485 387 396
511 304 371
522 362 433
431 321 367
425 389 365
517 403 368
452 347 447
471 361 370
472 368 449
464 362 380
449 330 369
453 333 391
437 321 431
456 326 391
445 350 366
497 345 399
494 322 434
512 360 424
509 381 384
442 304 420
512 329 371
468 334 403
437 330 392
310 141 333
241 127 286
328 98 328
288 59 314
313 87 292
333 97 349
260 56 294
333 102 322
307 86 291
316 144 344
259 73 315
284 144 314
306 127 310
235 81 313
309 99 271
294 154 278
234 82 286
300 105 346
242 66 345
300 111 300
321 76 252
284 66 308
328 64 335
257 118 273
262 80 295
306 152 347
245 89 342
242 77 286
273 108 329
331 77 321
305 105 257
253 131 287
289 137 321
295 151 271
310 115 253
285 99 274
318 130 315
280 64 272
282 150 269
235 70 330
330 81 313
244 119 326
288 137 316
285 124 284
281 119 314
329 67 282
240 118 335
287 135 299
297 70 292
321 154 312
272 71 296
234 82 258
245 68 345
290 68 321
292 114 279
245 132 342
242 68 322
324 102 278
296 129 281
292 147 254
304 71 269
305 132 317
236 93 314
294 151 308
280 80 285
247 79 292
330 66 346
323 107 342
307 80 275
271 63 330
292 69 350
257 106 287
312 91 327
256 89 328
293 75 340
300 119 322
252 114 307
265 109 285
274 110 287
307 112 285
107 397 86
64 345 158
46 391 71
77 396 111
84 382 112
28 383 105
42 396 73
80 396 121
26 406 120
97 424 109
35 424 82
23 432 74
15 384 156
51 374 146
81 428 90
36 391 107
83 420 141
68 375 133
33 417 101
87 429 164
75 353 162
64 403 121
64 353 167
65 441 98
67 384 70
66 361 118
36 424 104
51 354 118
36 383 164
17 377 151
112 390 158
85 349 162
55 354 92
39 412 101
110 368 158
50 428 149
115 375 119
50 348 130
45 405 160
60 385 70
66 349 108
42 430 158
97 385 97
22 435 156
46 441 71
103 411 108
66 391 154
62 412 145
61 381 94
30 382 119
31 351 102
16 387 153
87 424 125
92 435 77
100 399 127
68 430 170
41 379 70
49 419 89
75 346 97
102 368 125
94 399 101
45 359 132
60 379 152
64 418 165
17 374 86
55 394 164
19 418 84
63 415 110
22 345 128
110 345 113
29 366 90
97 402 120
97 373 127
59 412 115
37 369 150
85 440 161
82 439 152
113 440 92
85 377 132
73 374 168
400 30 452
383 83 469
359 52 445
342 45 502
327 98 433
399 30 452
324 14 501
376 23 461
411 71 493
326 34 443
337 112 453
346 20 521
378 38 501
324 91 524
373 76 432
415 71 482
414 44 433
386 75 478
409 85 450
387 42 473
397 89 448
348 71 518
376 76 496
334 77 527
347 47 457
411 105 500
353 80 501
330 49 523
329 52 495
389 26 433
383 54 517
351 60 508
325 18 447
389 84 531
412 66 452
386 25 497
334 100 459
413 69 433
415 97 515
394 41 479
390 108 477
410 87 491
414 39 497
371 37 449
381 32 519
366 30 502
392 70 453
352 66 472
401 108 493
344 56 444
407 81 523
407 31 522
373 94 473
351 62 452
346 45 454
400 75 435
402 52 456
413 21 503
351 35 514
420 64 510
392 103 452
366 77 493
357 70 515
350 112 518
362 15 521
378 16 441
371 63 481
363 59 466
330 63 490
349 15 499
395 80 460
395 77 465
368 70 503
376 93 489
352 14 481
360 41 498
322 102 481
356 58 476
329 88 463
420 93 482
216 331 125
241 317 101
235 329 134
233 307 137
200 269 44
215 327 112
246 270 126
202 279 138
233 332 109
181 342 95
266 267 82
212 332 68
224 341 117
265 316 47
263 263 129
213 300 137
263 267 87
207 353 78
175 281 78
231 324 134
211 269 68
236 336 52
238 344 48
180 351 115
202 262 95
222 325 117
189 337 108
216 260 83
180 282 56
242 314 72
239 300 69
189 281 120
250 283 123
241 306 117
225 353 108
188 275 113
178 352 106
180 335 130
190 326 84
225 278 73
217 321 108
225 287 65
212 338 75
211 340 135
245 315 89
193 287 102
195 304 63
205 314 114
176 344 60
259 337 116
234 337 138
185 301 52
254 338 50
257 264 104
219 256 49
217 264 85
239 317 128
238 285 48
185 301 60
202 288 92
245 267 77
174 306 129
183 339 49
226 349 139
216 348 44
185 327 42
236 325 66
200 325 88
246 287 89
236 324 64
215 307 139
267 256 45
217 289 60
248 261 97
222 268 68
236 329 111
195 340 54
188 354 88
255 313 135
197 261 80
467 135 127
419 196 152
440 185 78
419 176 71
479 124 80
402 122 120
413 203 129
403 139 130
472 167 82
456 149 146
472 200 134
433 168 88
416 191 76
460 107 97
470 183 133
433 111 91
468 154 60
400 126 90
425 134 73
451 118 112
460 163 113
396 106 101
398 174 121
423 194 122
445 182 144
483 155 111
422 170 113
448 128 88
392 156 55
391 139 135
487 175 100
402 172 121
423 135 148
467 183 88
480 174 108
472 177 52
481 107 88
474 182 128
419 136 130
487 145 95
446 183 103
454 134 58
450 182 108
423 147 75
479 151 98
455 117 151
434 180 97
440 128 79
460 179 147
404 128 60
418 150 89
453 140 77
415 185 148
471 185 71
485 192 103
483 146 62
435 143 130
396 159 118
432 192 63
398 131 123
483 176 128
421 145 137
392 156 64
418 168 69
429 149 64
464 112 110
389 206 76
399 169 136
390 171 97
410 130 66
389 138 117
477 143 146
442 153 53
390 128 65
469 164 72
417 110 66
417 108 134
436 201 150
406 153 89
415 159 122
405 326 114
460 248 137
438 275 173
464 256 155
433 311 91
483 263 176
431 257 120
387 297 122
386 241 183
455 246 174
430 252 145
397 260 137
444 307 168
447 274 148
446 332 104
452 314 130
466 254 95
478 244 181
467 243 115
475 313 166
394 320 154
390 303 180
403 261 162
441 329 131
422 239 122
388 331 90
429 304 110
479 320 146
390 250 90
485 290 133
390 313 184
450 290 152
424 276 123
451 309 140
389 310 159
410 286 102
483 285 100
470 298 143
460 325 131
390 287 98
431 272 158
409 267 136
481 329 91
471 303 120
466 245 113
441 255 145
407 244 123
420 313 103
414 324 122
480 244 181
467 301 170
426 329 184
395 278 172
428 260 90
395 249 95
418 280 117
438 304 171
400 270 163
396 305 150
398 281 171
420 295 125
473 249 101
442 331 169
480 272 112
436 321 96
401 247 165
449 266 105
467 294 152
417 298 165
479 317 169
485 313 170
406 274 95
455 327 138
444 274 184
477 249 98
435 255 110
447 314 156
448 313 160
441 310 97
439 269 151
-19 144 435
-25 206 523
33 182 439
-9 201 504
68 202 474
2 149 472
10 175 474
58 123 470
-2 128 527
45 168 478
39 155 435
20 158 479
31 141 502
49 141 453
69 161 435
62 158 446
10 177 518
73 131 517
-10 142 510
-25 213 481
32 210 523
34 120 459
68 124 528
38 201 437
2 165 452
5 205 495
61 196 487
13 137 514
46 119 458
-6 196 476
32 124 508
-19 153 515
55 209 507
3 206 451
67 180 475
17 176 484
69 119 468
16 126 496
0 128 533
72 146 515
52 188 489
-22 195 460
4 171 468
68 217 460
-10 202 477
41 154 482
56 145 515
-6 168 515
43 196 471
45 200 522
46 181 490
-17 178 440
67 157 525
-8 201 486
22 119 464
25 201 472
50 197 488
4 168 488
57 186 480
66 137 460
8 196 510
45 191 523
51 155 523
43 192 463
13 176 531
34 138 438
44 177 442
68 215 530
52 145 485
-19 157 533
33 175 501
63 200 449
31 165 473
49 147 449
20 183 477
26 211 448
54 213 483
50 186 436
34 157 479
67 126 475
-9 300 454
-34 296 505
48 234 511
65 232 458
-14 255 503
60 227 487
22 234 448
-22 321 442
17 271 443
63 263 482
-4 314 441
44 260 533
5 281 439
-23 304 462
25 232 528
48 288 455
14 224 478
34 259 443
19 271 517
-26 267 532
61 313 445
17 301 523
60 249 442
-34 290 436
35 245 475
-12 288 510
13 314 464
-30 281 483
-19 280 510
5 231 441
-24 234 529
7 259 524
23 292 488
17 266 483
51 256 487
56 279 500
35 320 504
12 264 509
7 267 527
40 281 503
19 267 483
33 230 519
-17 322 488
22 281 502
22 261 513
40 264 442
-29 268 525
25 278 535
56 286 495
52 296 491
-10 246 511
-30 270 469
3 293 531
20 266 439
51 246 487
58 285 461
57 244 532
62 291 481
48 244 513
33 270 484
18 225 470
-16 285 498
-5 254 513
48 307 479
49 273 444
-3 319 478
-21 247 487
49 254 449
-23 246 483
34 255 520
31 292 533
45 242 455
17 270 459
55 259 469
-19 314 497
42 294 469
6 230 457
-4 256 513
61 267 505
6 235 462
41 319 465
34 375 383
26 348 460
22 310 461
-37 322 467
8 384 463
-39 313 397
-11 318 472
26 381 418
61 382 382
-20 357 372
-11 397 393
28 360 465
-21 308 410
41 351 456
19 372 402
3 377 465
27 399 421
-4 330 432
20 402 376
0 403 431
9 365 451
54 347 414
31 369 409
24 312 393
-5 327 441
-19 335 415
3 403 401
-3 318 444
29 340 430
29 343 463
31 393 472
-27 371 461
17 311 401
10 389 449
27 354 377
30 386 468
-11 361 426
14 395 420
-23 309 404
-19 373 406
21 370 459
-23 362 424
9 366 392
14 370 413
53 364 462
6 338 394
-15 392 461
-37 404 375
-34 331 468
-13 395 383
6 310 440
47 328 391
-16 307 389
51 355 463
-35 348 400
59 326 417
45 394 472
32 331 375
36 311 454
-19 369 409
39 331 381
-5 383 414
-10 336 413
-2 363 465
20 337 392
-21 324 394
-7 364 384
-18 402 470
-36 340 408
27 342 463
-26 346 401
-11 337 393
0 354 408
16 375 456
14 327 408
-36 347 428
-36 334 448
37 324 391
42 349 379
197 54 -1
167 67 37
194 58 68
150 45 12
191 100 72
173 80 19
155 101 -13
202 39 16
157 49 77
172 23 -8
200 19 55
170 77 56
170 26 2
169 62 13
236 79 58
224 84 8
194 55 50
180 65 63
195 87 29
169 21 57
161 77 39
225 68 11
233 70 8
185 79 78
181 74 48
196 78 -5
158 44 27
234 92 44
152 118 27
208 57 59
192 44 35
218 35 5
157 24 61
219 101 50
172 103 23
137 60 29
196 38 -2
137 55 60
224 22 39
156 67 54
142 56 10
167 94 27
212 22 6
202 104 21
202 105 50
153 63 69
197 46 -8
155 110 74
184 32 -14
153 68 13
211 100 11
182 61 43
215 62 25
227 39 -11
148 25 62
155 97 23
207 116 67
185 73 41
180 102 15
145 103 29
211 80 -16
218 26 50
147 73 46
157 65 -3
191 89 59
136 55 29
186 22 -15
176 66 -8
184 81 79
168 48 51
149 114 -3
183 36 -3
201 108 45
139 109 75
181 75 -17
186 66 75
169 24 71
151 110 49
228 115 5
182 89 -14
312 234 157
334 227 165
363 269 155
306 220 133
301 269 100
340 273 120
279 276 106
303 252 131
292 292 150
376 267 167
336 291 121
277 246 127
285 197 161
318 252 161
359 250 121
315 264 82
359 217 145
315 252 134
289 271 104
345 254 155
283 231 119
308 232 145
357 277 77
288 231 132
300 271 170
302 249 171
371 225 127
329 280 93
304 286 163
338 195 155
338 218 162
305 241 134
355 225 124
293 221 124
324 266 148
276 238 137
302 210 110
341 214 151
291 258 129
298 193 118
362 290 104
291 286 93
302 218 147
295 231 148
339 256 95
320 210 87
353 222 95
331 215 79
277 282 135
348 277 158
351 195 145
359 207 105
357 267 150
345 272 100
293 239 138
293 223 123
351 228 82
363 272 123
374 244 111
286 278 124
338 200 82
368 224 157
349 270 156
293 201 142
309 234 89
350 292 143
295 246 90
321 200 91
344 216 133
290 209 81
344 202 135
373 289 166
287 213 148
347 209 84
327 228 176
284 285 175
373 229 154
286 248 121
291 263 109
323 222 168
124 50 332
174 18 252
164 31 290
150 -14 305
183 20 319
121 20 276
163 62 257
131 11 249
119 38 247
106 -12 332
160 51 324
168 -1 302
106 -18 343
138 78 262
130 -19 253
156 -11 246
161 76 258
105 16 307
99 61 327
116 -3 309
172 53 288
183 6 336
114 28 281
92 -6 331
130 46 252
129 72 312
118 10 253
102 55 312
101 10 303
103 61 264
177 51 253
114 -7 302
114 5 253
167 40 264
152 21 327
105 20 270
104 63 301
91 47 297
94 79 288
144 60 255
176 68 270
182 49 314
93 8 318
167 -2 296
167 13 328
165 75 335
132 75 343
86 -1 301
169 -4 299
158 -21 295
117 53 299
138 18 254
162 20 257
149 27 292
168 -4 315
174 1 276
165 34 283
110 17 290
136 25 277
129 7 260
167 65 290
158 49 303
165 46 267
101 72 320
105 56 246
142 36 295
178 63 279
162 13 310
107 32 294
162 2 339
98 77 309
144 59 327
149 77 343
96 75 285
104 30 335
148 69 341
133 -2 313
148 66 287
160 -11 318
178 3 292
302 141 340
278 100 361
282 146 361
212 173 383
263 131 374
222 113 308
230 123 331
258 98 383
265 108 397
226 156 364
255 110 328
210 88 352
279 88 391
240 122 376
277 132 360
242 150 311
213 129 335
228 142 402
288 122 318
244 90 383
267 148 357
261 121 361
214 105 340
220 143 360
227 175 339
296 176 322
259 105 338
259 80 345
227 176 345
279 176 360
264 111 322
249 130 334
263 125 390
231 152 406
278 155 358
277 143 338
296 97 308
245 164 341
258 113 347
253 162 400
220 85 354
271 138 380
228 98 330
250 123 385
277 119 390
212 166 363
303 134 379
310 85 367
224 79 405
269 82 388
282 99 372
228 116 351
263 112 368
272 94 378
245 176 336
310 78 349
239 166 319
238 100 381
263 111 349
273 154 384
265 159 381
244 144 368
293 149 402
252 162 390
308 108 333
307 168 369
281 99 391
295 133 361
226 127 349
249 82 379
217 91 342
265 142 328
277 170 391
267 116 364
216 160 342
244 160 379
245 100 331
292 102 398
227 160 334
246 174 375
104 322 7
114 294 10
161 277 20
159 230 4
155 303 34
123 238 17
115 321 6
100 265 -5
159 275 -5
115 271 -32
101 238 30
112 226 -9
122 261 17
117 237 52
178 269 54
176 321 -22
178 245 31
146 298 14
158 224 -31
91 242 -16
99 306 39
178 253 43
113 242 34
111 259 10
115 228 39
157 324 -13
121 322 5
149 314 -11
109 272 57
104 249 48
152 324 47
108 284 27
96 295 23
82 317 45
105 246 11
106 280 60
166 226 39
153 246 59
153 243 -18
169 318 24
128 273 -9
83 251 17
152 245 28
123 252 -7
102 249 27
142 270 7
150 229 17
108 289 7
161 288 -5
88 241 2
82 313 23
101 324 2
118 275 1
178 264 -3
98 261 10
140 307 -28
127 270 65
85 313 49
113 318 45
139 241 -4
80 231 2
96 249 49
117 321 -34
171 287 0
101 314 -33
149 308 55
105 231 -8
169 228 20
139 247 -2
133 281 24
120 246 30
114 299 53
157 292 -9
149 275 42
126 306 46
155 312 54
136 229 28
134 274 48
127 252 47
138 274 20
