384 450 182
396 512 177
456 442 165
462 457 176
380 481 217
418 500 250
365 514 178
376 486 199
434 526 212
403 446 166
409 522 166
440 488 217
454 517 216
427 524 240
417 461 216
443 523 185
397 439 209
408 469 182
381 462 230
453 446 231
395 440 174
370 465 238
376 452 248
378 444 242
455 433 159
383 454 219
417 479 211
365 524 218
453 512 246
399 497 250
392 460 257
434 492 185
402 487 238
377 449 239
444 516 212
417 438 195
410 519 234
413 485 186
430 505 192
414 524 191
449 456 184
441 512 248
415 432 214
425 444 180
375 460 157
402 512 215
391 460 169
455 483 161
375 531 188
379 470 168
85 378 387
73 319 340
125 360 372
87 322 394
97 313 341
77 339 346
71 393 338
40 380 327
126 357 331
116 393 409
57 346 358
112 370 353
91 370 345
59 384 332
79 348 362
65 306 362
43 343 411
76 338 405
97 300 376
77 341 331
94 382 327
122 387 387
132 342 321
124 355 393
65 352 362
77 326 335
122 308 321
33 322 404
49 311 368
56 340 383
36 378 406
103 382 380
50 367 370
107 382 377
51 328 390
79 380 311
55 375 385
96 295 360
75 335 345
69 340 401
33 348 374
81 347 320
130 325 340
99 315 373
35 305 336
80 367 327
114 300 390
34 361 357
121 307 407
121 332 312
461 82 224
442 104 300
371 60 280
456 83 232
404 117 244
462 48 273
397 67 304
416 120 238
390 83 216
384 118 299
420 100 252
394 67 305
404 33 296
376 74 242
467 96 298
388 72 236
464 115 221
416 39 243
441 117 260
431 104 289
419 87 292
461 43 311
400 84 228
444 45 299
430 35 228
409 72 235
371 55 302
386 40 212
432 117 281
399 95 256
371 101 216
407 86 304
464 66 277
380 35 266
406 46 292
388 65 287
402 80 212
431 45 263
456 110 292
446 87 250
447 127 249
467 112 221
443 54 264
446 114 234
425 101 234
446 103 280
388 100 272
428 34 289
370 102 237
369 52 269
61 219 250
131 131 205
87 175 226
128 216 268
59 122 266
125 208 226
103 218 268
65 145 211
147 181 208
81 186 263
75 159 216
112 155 222
135 214 287
81 163 282
142 186 199
108 147 223
88 179 284
119 208 263
57 190 297
125 179 231
124 196 273
136 152 277
97 213 216
95 159 224
127 174 197
60 139 280
127 128 228
113 193 204
61 211 227
87 168 256
135 185 293
68 199 239
73 219 293
114 162 284
141 203 260
144 151 204
66 150 201
61 185 221
136 151 197
64 147 272
83 186 249
133 178 235
127 203 269
130 122 252
81 164 247
149 121 206
155 156 288
136 216 288
82 154 283
90 135 250
401 27 301
410 91 283
400 55 360
411 80 346
411 58 376
436 1 309
381 2 322
379 36 360
391 28 301
409 76 339
350 8 360
393 29 310
426 35 323
404 11 359
346 82 334
360 1 372
445 13 362
370 35 303
408 57 314
431 14 310
426 5 295
403 57 317
385 70 343
428 54 319
381 96 301
403 51 332
411 87 365
357 50 330
412 95 312
376 2 339
390 23 306
401 41 306
437 25 294
380 83 311
425 61 308
380 52 308
384 50 314
416 19 287
375 100 325
442 25 378
400 15 315
429 70 359
366 59 371
424 69 358
421 13 318
349 43 350
426 5 294
418 73 286
361 28 381
414 69 367
96 132 44
50 109 25
86 111 117
87 134 93
86 137 79
14 195 66
23 128 83
65 156 19
69 198 91
73 132 53
97 154 104
60 189 74
67 170 35
89 145 78
33 138 81
22 122 102
62 164 55
52 161 87
68 167 41
77 158 78
42 154 34
14 151 114
17 167 40
14 150 74
46 124 59
95 190 72
99 111 75
89 188 77
102 154 66
51 132 73
107 202 49
64 176 31
49 116 43
99 117 19
109 108 89
92 199 105
29 153 42
82 177 100
86 113 91
50 182 54
96 130 67
103 179 108
92 111 75
27 127 82
92 110 50
30 151 18
86 199 20
95 176 108
14 178 41
76 168 53
389 124 526
359 121 537
450 155 462
363 140 481
416 105 459
379 113 500
427 116 488
400 130 463
402 139 493
430 87 481
359 107 464
446 64 465
402 81 529
378 92 509
402 103 497
421 117 474
440 141 457
357 113 531
366 135 454
376 68 451
405 116 489
388 117 485
402 116 465
451 76 509
367 151 479
389 121 547
364 64 522
419 124 520
388 119 515
405 89 449
367 152 542
356 117 498
404 110 460
418 98 473
451 107 509
432 68 509
447 80 520
417 100 489
389 81 515
430 105 462
433 82 489
369 76 505
372 140 540
363 106 544
372 147 461
385 157 526
425 72 500
438 112 483
424 86 505
436 159 450
375 66 469
352 47 392
339 58 383
342 60 388
384 26 417
326 65 421
342 56 439
401 42 461
382 11 405
358 -6 412
322 79 374
336 31 404
306 -12 380
364 48 450
347 15 435
375 49 401
311 25 442
389 -8 460
383 1 465
360 57 376
305 -19 398
374 23 422
338 59 467
338 -17 460
336 66 438
326 31 410
357 37 452
337 59 372
303 55 450
362 65 460
360 8 401
343 55 428
352 7 390
330 52 447
324 16 449
331 2 373
398 44 412
372 -7 451
386 67 373
330 28 432
361 81 396
371 17 381
335 0 438
343 51 428
313 -5 399
359 57 382
342 -2 449
362 31 377
376 66 395
383 58 462
418 426 233
444 485 285
394 491 224
411 502 299
420 496 246
411 496 204
394 478 303
450 419 303
385 511 252
427 452 228
388 517 290
413 449 298
470 450 216
442 431 206
457 467 239
415 496 280
419 492 298
416 483 256
375 510 274
412 509 250
455 473 253
458 420 289
426 461 268
426 474 240
444 486 287
443 433 237
403 471 294
419 499 300
462 468 229
422 464 227
459 513 287
450 514 264
455 477 234
433 478 239
378 429 278
411 491 261
430 466 262
465 477 208
470 482 229
474 499 282
472 508 272
474 430 289
429 482 264
385 439 227
434 446 204
414 423 263
388 486 258
418 477 279
380 505 224
475 501 277
139 82 252
133 44 254
140 72 191
117 104 236
141 67 251
92 77 203
172 5 190
178 10 226
177 73 184
148 86 256
168 40 193
182 6 206
100 4 220
84 15 201
112 86 244
182 33 167
99 6 244
111 79 201
139 44 238
85 86 205
100 52 211
83 79 162
140 5 167
85 95 182
162 86 251
102 37 166
124 93 240
127 83 216
154 68 247
125 79 179
111 95 162
119 52 221
84 102 238
111 53 255
139 104 160
127 44 241
157 63 244
138 5 174
135 13 231
120 80 169
86 21 182
171 77 208
172 57 203
91 90 240
166 80 249
168 96 191
155 4 245
142 99 163
141 79 255
107 101 175
294 349 439
328 359 414
374 359 444
393 326 429
314 382 457
301 365 409
330 416 419
360 404 400
317 360 401
305 401 399
386 399 453
384 415 403
375 373 439
355 377 442
370 348 405
341 363 444
394 364 484
371 328 399
385 389 412
344 325 391
355 354 432
296 334 435
318 411 404
312 377 434
391 361 444
380 400 479
377 363 480
328 317 416
335 337 421
314 365 407
380 327 449
360 352 474
296 358 397
333 380 484
359 405 476
341 333 457
372 371 390
370 410 406
296 415 447
302 339 432
333 318 454
310 397 429
380 384 391
342 339 429
349 407 459
338 375 433
339 387 425
326 340 458
345 340 473
390 413 418
386 265 144
391 255 192
400 188 152
483 209 175
430 209 209
443 199 163
418 215 196
386 207 226
453 240 189
416 197 238
436 252 149
481 226 239
387 228 204
481 244 147
464 246 167
459 213 145
482 213 160
426 182 144
406 178 176
446 183 227
477 201 229
420 265 167
454 250 190
428 220 163
443 197 149
433 256 203
385 217 148
401 229 176
452 215 231
463 172 230
437 205 169
409 165 161
454 265 201
465 216 166
471 236 212
429 213 219
400 229 226
449 183 183
478 183 173
453 186 236
427 226 224
461 244 226
419 258 226
398 195 199
411 187 152
448 245 178
472 257 180
423 241 144
393 205 221
472 241 146
382 286 191
404 259 213
382 295 220
399 215 201
400 249 144
424 266 194
454 288 173
379 222 157
405 238 179
410 270 156
374 207 127
444 215 132
453 279 130
386 286 152
395 240 193
424 298 151
407 275 132
443 275 191
362 262 225
391 224 206
402 259 130
366 303 210
450 263 194
458 223 139
442 271 176
402 218 167
430 294 190
398 246 148
408 213 160
363 285 203
379 224 139
451 248 165
425 300 162
394 209 164
420 245 131
368 228 158
364 292 159
452 239 220
401 249 155
410 295 161
435 228 206
421 220 172
379 268 153
448 220 194
401 232 168
385 224 138
411 206 187
383 247 135
392 265 131
405 234 151
153 444 370
240 407 404
174 397 420
205 426 428
199 408 402
231 465 420
183 401 404
246 470 417
155 465 448
192 412 417
187 458 430
203 477 450
238 450 425
157 429 434
175 443 359
169 404 368
181 397 448
159 424 363
204 466 371
147 394 438
164 400 441
165 463 374
173 383 411
217 441 397
201 435 369
220 401 382
233 474 407
156 386 385
222 393 405
223 379 355
188 404 436
195 378 453
224 431 409
216 468 360
153 452 360
148 401 382
213 392 387
149 414 406
190 422 361
246 431 394
224 430 403
173 408 435
232 453 377
158 386 357
236 433 369
228 471 419
177 447 446
220 445 425
221 436 406
191 405 414
-26 241 436
-5 275 419
10 251 418
14 317 401
46 294 387
-38 315 477
7 304 458
-29 283 454
-27 247 476
36 241 438
25 249 455
-38 317 473
-1 250 401
8 241 432
5 224 452
-40 306 434
43 241 462
-38 294 395
38 229 478
57 310 478
-17 269 421
-36 244 410
47 250 425
27 260 392
16 282 417
58 268 452
-22 272 397
-22 267 465
13 261 396
42 306 392
-17 292 383
-12 235 450
19 320 480
60 301 447
-32 256 409
55 321 383
36 323 424
-24 250 394
7 306 430
6 276 478
-8 292 418
37 267 430
39 237 463
-5 250 421
19 229 409
-11 295 389
-17 256 398
-39 277 403
35 300 461
42 265 392
446 361 94
391 379 109
443 357 166
473 406 145
480 370 151
472 398 108
482 319 157
395 376 161
399 389 152
443 365 78
466 391 157
461 376 104
421 406 168
453 361 158
454 374 70
446 387 68
430 374 167
397 345 123
386 336 107
480 337 89
478 402 154
407 326 79
423 417 156
417 397 158
426 386 157
390 408 105
409 364 143
405 377 143
436 361 72
424 396 121
430 388 146
405 390 107
437 377 157
386 395 130
466 360 81
439 381 119
440 381 96
447 320 70
391 367 162
460 320 101
444 371 129
388 350 82
436 321 151
474 322 79
457 376 101
390 411 117
414 350 135
462 343 155
444 399 136
410 363 69
222 381 273
256 417 264
261 420 298
234 432 285
290 386 215
272 391 277
277 426 290
238 377 206
314 380 230
274 398 275
257 447 252
302 416 298
264 412 263
230 460 297
240 386 274
321 429 241
264 410 285
302 376 219
239 403 278
281 458 242
257 436 233
286 445 270
313 416 238
312 435 227
261 423 286
310 439 276
225 392 204
274 418 228
270 396 244
269 424 304
260 409 273
301 438 293
244 385 287
224 442 230
226 382 251
252 363 212
296 412 211
274 405 273
311 361 234
261 416 252
251 448 285
227 380 229
234 433 243
291 381 287
275 418 242
301 384 236
313 433 241
245 390 249
291 456 259
311 396 215
202 66 497
150 114 405
143 98 447
214 100 434
143 130 478
227 40 496
210 104 417
166 70 441
149 99 416
197 132 480
234 107 440
135 71 408
161 111 412
214 140 471
228 97 447
165 69 495
197 60 492
159 95 433
180 108 439
176 109 494
221 92 413
197 123 482
221 115 498
158 65 438
229 118 445
140 51 490
149 129 469
229 83 414
190 63 430
199 129 455
148 69 440
223 58 417
148 52 462
194 107 426
231 140 469
137 89 423
227 67 446
139 116 452
225 96 417
231 122 412
178 88 412
225 95 424
233 121 463
191 42 423
152 137 479
193 128 431
206 88 474
140 91 502
183 64 428
149 83 458
301 13 78
368 -10 35
275 38 46
339 48 104
315 42 45
293 -40 96
287 23 5
312 8 32
285 43 8
356 48 37
367 -1 70
341 36 42
310 49 103
362 -13 8
319 16 16
285 -23 88
347 -39 26
297 -33 94
282 -29 40
325 20 21
314 -39 65
275 47 29
280 26 22
280 35 82
349 -39 40
273 -34 61
297 -2 24
304 9 49
284 42 36
316 42 72
352 -37 17
353 -5 55
321 -33 71
342 -8 47
357 51 100
366 -14 39
304 -35 27
300 44 50
297 -37 37
335 46 22
325 28 21
336 20 27
339 27 89
328 40 14
312 20 61
274 -28 33
369 54 34
287 37 75
318 -44 20
279 21 43
110 472 112
181 541 78
177 445 120
102 474 127
106 455 85
167 471 44
176 463 123
182 493 112
174 513 62
171 513 66
175 514 125
109 488 81
98 527 94
148 511 129
99 492 45
89 524 93
174 490 103
137 489 50
113 508 105
85 544 41
133 446 68
112 515 130
148 517 62
171 494 111
87 491 51
149 463 107
164 469 126
118 536 56
84 499 122
180 528 50
101 520 94
182 472 52
143 466 62
108 536 48
125 520 60
176 521 120
116 506 93
110 504 66
119 505 43
161 507 94
126 511 46
148 535 70
87 445 84
121 527 66
177 534 81
152 447 45
93 526 96
143 496 58
89 452 116
113 539 58
