16 133 120
16 94 136
-10 105 127
-17 175 140
46 95 113
57 145 175
33 170 112
11 79 138
33 81 168
-24 172 163
-6 174 125
44 80 118
58 149 112
38 151 97
64 81 143
-11 111 155
44 93 117
-26 107 108
-14 132 169
9 109 161
-27 98 109
-29 142 101
23 125 98
-2 84 188
57 96 179
43 159 186
-24 139 189
68 119 175
53 115 157
62 151 161
55 171 102
3 91 104
56 167 154
31 124 122
31 159 131
49 175 188
37 173 128
22 118 186
54 137 93
-15 128 180
59 89 143
-15 116 170
70 78 161
8 130 167
10 117 121
30 124 143
66 149 91
2 110 141
43 110 180
24 99 143
13 156 133
66 101 180
-12 95 182
29 88 91
-20 137 182
40 146 103
-19 141 100
68 167 177
49 169 153
-27 88 181
-21 83 143
-14 158 182
41 126 128
41 134 106
32 99 171
54 87 183
-26 173 97
34 87 108
-27 82 102
-27 154 180
-9 92 133
-3 159 145
47 131 105
-9 90 157
19 124 155
34 137 160
2 172 131
-11 99 140
-6 152 154
43 96 135
43 89 145
65 177 137
-24 164 141
-22 112 188
-24 115 138
63 123 120
50 154 129
31 176 158
34 110 144
56 120 158
13 91 171
13 127 143
20 97 118
55 91 100
32 110 104
-3 126 100
22 133 130
-26 82 114
18 105 183
-20 153 100
44 178 119
-20 131 149
20 98 114
63 93 144
23 123 92
31 122 190
40 163 132
64 112 182
26 166 134
14 96 165
-18 116 187
34 108 188
53 137 114
34 161 141
11 84 183
-6 122 180
59 156 165
12 111 136
55 108 156
-28 158 114
52 175 151
10 160 173
25 115 106
26 175 113
-14 97 152
-13 172 126
51 133 169
2 129 176
58 89 125
46 79 128
4 99 100
20 78 179
63 103 107
-23 129 168
27 96 170
-29 90 148
7 83 173
61 171 185
32 103 190
56 169 163
66 87 155
58 82 168
28 119 122
70 126 173
-28 168 149
-4 78 120
1 118 149
-25 158 104
41 167 103
11 90 148
32 118 98
6 162 130
66 143 173
59 119 184
-13 170 137
34 167 131
64 157 124
62 104 92
36 131 168
52 91 102
48 95 135
-4 171 103
-1 97 146
48 118 166
-17 143 127
5 156 105
60 103 178
-19 113 144
28 100 127
-5 132 129
37 165 94
37 87 161
-13 152 108
-27 166 92
-14 111 165
29 164 183
59 108 188
-28 177 141
-2 175 110
58 100 188
-19 127 153
8 126 97
-21 144 178
-6 166 91
6 94 155
63 100 164
34 114 103
-2 132 136
-1 170 108
7 98 169
24 83 141
45 89 150
-20 158 129
19 147 96
62 154 183
17 156 128
40 171 162
-2 88 164
51 122 115
32 155 137
-12 94 126
9 151 135
62 122 127
21 163 173
36 161 112
0 120 98
-1 116 114
9 100 127
37 98 153
49 163 98
5 152 180
31 116 182
2 154 187
1 84 133
25 90 102
-8 128 185
64 139 139
25 139 174
-7 112 164
18 102 142
-25 105 185
33 105 138
70 128 142
69 101 155
59 89 187
61 85 92
43 159 112
-25 158 175
9 117 106
-22 154 93
16 105 146
-26 79 160
19 110 154
6 129 138
-18 165 161
2 109 166
65 174 142
-23 78 168
41 87 118
-6 175 156
28 137 123
8 143 165
-21 94 176
-24 152 171
-10 158 157
8 110 173
28 94 148
64 93 111
8 136 107
2 169 158
25 170 108
13 85 141
0 121 121
-23 163 128
47 170 100
36 79 164
24 133 172
6 146 117
58 135 108
15 145 186
-25 150 112
-1 160 127
13 113 143
-20 130 183
61 117 159
22 119 97
-2 96 174
-26 103 147
65 126 109
55 156 124
59 82 177
29 126 96
-23 138 127
-24 90 132
33 170 131
2 95 165
-6 148 118
0 136 171
41 94 120
44 89 138
8 101 96
-6 87 166
16 177 136
-30 105 122
41 117 125
-15 121 157
-9 98 140
-5 159 129
34 143 91
59 138 148
23 108 118
70 153 143
28 82 156
45 153 179
61 155 140
36 98 156
24 142 117
21 120 136
18 119 118
9 162 177
92 19 274
47 -4 367
125 37 307
105 24 329
65 46 295
133 -26 307
97 41 319
84 39 310
139 43 302
89 16 330
77 56 352
87 -7 315
146 -17 314
85 -20 353
103 60 315
93 47 306
119 21 345
126 26 322
113 61 341
112 21 361
134 -8 313
140 50 357
49 27 282
71 59 343
63 50 345
96 57 277
104 17 280
78 28 304
81 41 366
137 16 281
72 -35 279
47 16 284
131 53 301
132 -18 369
104 -19 348
139 60 370
57 -3 300
53 43 277
88 -9 338
49 39 319
48 59 367
56 42 321
128 -25 324
54 35 350
71 57 326
112 48 289
128 27 327
48 43 312
147 2 347
82 25 305
48 33 323
53 26 334
74 -7 339
124 -16 331
117 8 308
63 48 348
123 -38 328
138 55 344
67 16 298
147 -35 271
47 17 303
83 -37 301
139 -28 356
134 26 331
63 49 367
105 4 364
103 35 330
50 -23 327
63 -14 350
122 15 312
145 -37 337
91 -9 299
78 41 314
92 35 305
97 31 307
64 27 297
49 22 352
89 -22 338
134 42 361
51 61 350
104 -24 326
84 48 288
122 43 321
143 19 295
96 57 349
47 -30 284
66 -6 299
68 28 277
48 19 338
49 -32 351
97 1 361
67 -1 271
86 48 352
84 57 363
62 49 270
48 36 319
117 58 361
64 36 357
71 20 272
109 62 345
110 -36 345
130 57 348
51 0 314
117 -25 314
112 -32 277
73 26 343
98 0 351
124 22 344
73 34 336
56 -14 305
114 -20 288
112 -5 270
108 61 287
87 43 326
129 56 296
102 -23 357
57 50 342
65 -28 284
138 -33 295
115 1 276
132 61 327
147 44 295
76 60 331
78 16 294
65 -19 299
136 1 344
83 39 335
81 35 311
88 27 341
53 -33 343
103 13 282
64 -34 366
115 -29 331
120 24 316
75 -25 281
87 27 330
85 -7 285
86 8 299
137 57 360
53 56 289
51 -23 370
74 38 271
91 -29 270
118 31 326
84 5 358
147 25 285
105 44 341
93 57 368
128 12 275
146 -27 313
96 40 291
103 7 361
70 31 281
98 36 303
102 15 328
117 25 344
141 37 276
94 0 301
108 -38 280
140 -13 369
120 42 289
125 -25 349
139 44 363
59 35 355
53 -20 354
138 -22 341
95 -36 357
84 60 318
102 8 310
121 56 365
66 32 358
87 60 273
78 20 362
98 11 285
86 37 344
107 -11 342
97 12 335
83 7 305
102 41 281
123 -19 362
84 20 298
132 16 271
98 29 340
56 53 359
103 27 343
147 -19 321
115 24 360
104 40 325
141 2 323
93 55 308
60 -6 365
55 -35 355
99 17 341
118 -21 302
71 -25 359
123 60 332
147 -12 341
108 9 298
47 17 294
52 -38 368
85 37 361
126 -28 305
118 -4 312
95 1 313
48 -4 345
109 31 335
94 17 275
119 -37 332
85 32 331
86 43 337
110 37 323
114 20 299
95 13 325
102 6 336
61 -13 318
67 53 318
60 -4 274
108 -7 357
139 -12 337
79 42 335
60 -11 318
79 9 363
80 9 276
106 -14 304
54 -14 370
75 -1 282
67 8 361
60 9 356
65 7 370
112 39 311
65 -4 295
103 20 356
67 5 300
77 20 332
60 -29 336
77 25 271
143 11 333
81 28 365
132 -8 279
105 11 325
118 47 302
80 -9 304
80 -24 295
72 59 337
62 -18 325
89 52 301
98 5 323
92 54 277
47 -37 271
111 24 279
54 37 275
137 -8 307
89 -7 321
70 34 350
135 -36 363
120 -37 272
69 -9 284
110 1 286
117 23 314
108 55 276
87 58 330
84 61 342
56 31 356
100 -33 285
69 28 365
78 -24 299
102 20 284
63 -32 354
86 29 328
114 27 298
80 -11 278
49 56 300
93 45 315
52 44 312
95 21 365
110 -27 288
78 -4 329
112 -12 270
73 20 304
126 38 341
76 3 303
85 -19 327
86 11 326
137 12 341
56 43 354
98 40 300
129 47 275
79 0 336
94 -34 369
51 21 335
116 21 329
70 3 276
52 -3 351
110 23 276
62 61 341
107 37 353
142 1 367
106 54 273
65 6 318
95 -9 297
151 213 134
187 196 153
173 221 144
109 248 153
191 246 209
157 175 144
139 210 180
139 187 140
111 193 157
187 228 180
170 158 156
118 232 129
116 209 135
194 208 115
163 231 195
135 162 199
116 238 121
191 214 214
104 257 126
200 196 134
155 254 180
111 220 129
145 192 183
139 210 212
179 203 208
139 229 140
138 202 146
112 185 123
171 198 153
126 244 140
111 246 188
142 163 119
178 179 122
120 186 155
112 245 178
169 247 174
182 181 166
106 223 169
181 184 204
179 229 146
145 200 146
147 192 174
186 185 193
175 188 158
194 213 129
192 231 169
184 181 180
160 226 152
106 190 145
129 252 149
197 189 121
167 220 199
170 242 197
103 219 142
140 162 193
128 192 202
151 239 195
111 254 138
153 209 181
183 199 156
153 219 129
114 180 185
166 254 185
127 204 152
199 199 125
116 179 162
150 210 211
169 215 187
186 199 135
187 201 187
104 234 148
118 251 189
107 214 132
195 169 200
142 213 172
166 239 169
194 196 197
149 202 194
111 243 194
142 245 164
112 190 171
154 258 173
191 208 179
174 194 129
193 181 151
181 241 153
148 178 211
124 238 121
190 211 157
113 215 161
131 202 194
116 244 179
151 182 116
181 242 123
163 181 144
133 161 155
149 254 116
114 226 207
199 178 158
143 196 120
143 243 160
117 176 196
103 246 167
193 164 181
114 184 146
166 180 124
112 207 177
145 196 215
202 213 192
156 158 177
118 258 165
155 198 197
152 255 215
147 230 156
161 236 179
200 168 124
194 189 162
174 186 142
186 214 188
132 187 153
161 217 123
152 245 177
186 227 189
155 215 134
174 169 177
201 158 138
187 163 141
184 173 134
150 199 202
113 242 173
105 166 148
117 245 173
141 229 215
192 216 156
133 184 163
128 179 163
122 219 160
172 164 197
147 236 182
106 186 215
203 258 150
121 193 143
188 173 117
108 255 215
127 169 133
185 219 136
197 239 143
179 251 199
122 189 157
182 241 121
175 195 128
130 225 152
154 235 120
147 175 125
162 190 160
132 252 150
136 163 175
160 162 157
202 228 212
196 191 202
138 256 119
123 192 160
115 213 208
172 223 123
153 190 116
121 192 167
173 214 115
196 217 119
173 239 211
179 255 116
179 232 154
190 207 115
107 179 187
131 243 142
147 212 202
193 163 157
191 251 171
181 256 126
168 229 132
164 243 214
174 247 149
155 222 200
119 238 125
148 216 188
164 172 198
122 171 166
203 235 203
153 161 149
193 233 178
168 177 147
150 184 119
106 253 135
190 178 151
150 166 197
143 206 152
169 196 191
148 236 132
183 190 150
179 190 119
193 258 177
149 212 144
174 210 121
190 234 182
202 221 201
109 167 171
131 186 195
196 225 116
161 208 123
190 161 166
124 180 155
161 198 160
115 207 156
111 243 136
150 159 195
155 220 177
165 243 152
121 205 127
166 242 151
195 179 118
197 203 133
127 192 142
118 250 144
185 243 171
164 257 174
133 162 153
170 234 136
203 254 202
195 209 197
150 216 145
170 221 171
136 177 161
168 190 160
172 238 211
185 248 188
121 235 171
176 210 196
184 181 212
161 231 121
183 213 150
188 243 155
158 255 140
142 181 160
153 162 133
125 179 128
186 204 200
127 182 117
159 202 204
113 213 208
159 218 208
137 209 171
129 192 176
196 196 115
165 230 159
120 219 203
185 209 143
114 232 189
194 214 133
136 238 130
118 188 154
172 236 214
125 222 126
131 218 160
191 237 116
147 224 139
173 196 176
104 193 123
180 164 197
167 224 151
115 206 179
152 194 201
132 167 189
178 171 171
119 190 172
166 256 163
122 184 200
117 226 135
194 218 173
135 257 152
133 224 177
191 188 132
202 172 212
163 244 205
143 159 205
200 233 187
168 189 168
113 184 178
114 194 126
124 223 121
125 241 129
148 190 124
139 252 134
110 225 131
125 177 157
110 197 120
124 186 200
133 190 209
130 191 165
106 229 185
193 229 203
153 227 179
141 404 7
144 318 60
138 342 37
216 372 38
147 384 58
146 390 -12
216 382 1
216 356 -5
141 366 -11
199 393 -2
202 338 40
130 319 79
140 392 7
200 379 17
184 391 63
145 317 -4
169 371 76
145 402 54
161 383 -20
165 312 -12
219 387 15
210 380 73
201 339 54
195 401 62
136 313 6
124 342 29
168 326 47
195 376 20
153 405 17
205 404 65
203 315 0
125 319 30
125 375 54
166 386 48
133 364 41
204 368 -6
201 408 -3
151 321 30
131 328 78
191 383 -1
213 347 44
165 406 74
222 394 66
218 378 23
170 314 77
169 376 19
155 335 71
184 334 -6
216 373 4
196 313 9
168 400 -11
178 328 -12
215 398 24
212 406 14
204 396 72
131 375 67
155 369 -3
211 319 -18
197 340 0
131 316 12
148 312 75
157 374 2
127 338 27
157 323 76
187 393 56
123 373 -7
199 351 79
221 406 33
218 313 41
143 319 -9
201 410 -14
142 361 2
166 332 -3
141 337 40
147 337 71
210 354 70
162 393 1
151 378 59
135 315 -12
219 372 10
146 342 60
162 358 80
141 338 68
206 313 16
177 347 45
180 318 75
213 356 67
160 405 41
151 316 53
135 371 18
170 411 -2
203 374 -10
203 368 58
157 334 -1
152 332 28
202 360 75
124 396 17
171 359 62
152 378 80
193 355 77
212 397 48
166 400 -3
216 328 -1
194 346 37
142 360 9
204 322 75
147 404 -5
164 367 64
216 327 37
144 340 -5
126 408 77
133 366 -2
159 351 42
190 394 78
148 332 -19
140 362 33
189 406 60
177 377 -11
156 409 -11
167 330 22
171 363 57
193 397 28
180 402 13
214 349 -5
159 319 32
162 342 20
168 344 45
220 367 13
145 408 -10
215 323 -15
209 387 27
125 332 12
190 323 30
207 345 42
205 349 43
149 379 32
174 344 -18
178 349 -2
128 368 51
144 373 78
203 374 4
164 360 61
190 344 39
191 375 -6
182 379 56
182 312 17
167 311 27
192 372 -6
173 355 38
150 335 -7
219 353 20
219 342 47
129 382 13
214 325 80
170 368 69
142 381 71
137 329 -6
168 313 63
134 332 10
130 373 22
143 400 11
217 326 41
129 377 44
210 335 64
204 368 27
205 411 -5
133 376 35
131 401 23
132 407 32
204 333 18
188 398 -14
156 342 63
174 394 58
185 405 69
128 351 43
213 342 59
215 323 46
179 372 25
197 384 60
132 402 69
159 393 38
132 349 -9
167 341 26
190 325 -6
209 336 56
151 350 60
191 366 8
155 399 -16
197 318 75
218 363 72
123 379 -5
203 374 21
154 405 17
122 388 8
147 390 62
206 361 28
134 405 -6
147 321 66
163 318 28
135 406 70
168 337 -18
202 382 70
131 383 12
146 371 73
208 373 64
151 375 5
178 312 31
188 351 34
149 372 44
197 375 67
220 336 71
146 370 48
159 391 -5
205 326 5
174 367 -9
136 374 55
124 345 48
123 393 69
176 361 37
139 403 70
203 347 -1
143 357 11
217 364 19
127 367 -11
212 322 -9
130 378 1
134 351 -13
158 326 36
123 332 63
127 338 74
182 386 22
173 346 71
185 333 10
152 371 14
132 351 64
191 320 64
130 373 61
193 319 52
201 329 48
222 368 16
139 312 41
166 383 50
184 367 -6
212 390 25
133 315 75
212 341 52
148 404 72
205 386 -6
139 399 -11
171 332 74
200 329 -2
185 326 65
149 360 48
162 400 22
189 385 60
207 319 18
138 376 -6
190 325 -20
160 377 14
214 360 69
205 337 68
218 316 18
155 332 14
149 399 65
203 313 39
172 407 55
152 401 30
158 367 65
163 370 -14
212 364 -4
148 344 22
164 331 4
222 384 29
165 361 12
159 356 79
196 311 0
219 397 75
209 348 37
145 342 -3
217 348 17
134 387 15
130 400 16
123 334 -16
129 351 55
185 334 70
186 359 5
217 367 74
185 378 14
194 396 13
160 383 33
164 324 56
140 358 43
123 322 -13
222 395 6
206 353 69
184 371 80
204 315 21
177 404 52
154 333 28
211 401 -10
120 126 53
93 94 -18
139 107 16
149 68 35
66 118 70
112 117 2
76 64 16
114 51 -16
63 145 74
157 105 0
136 118 32
76 113 16
70 68 22
118 137 67
148 138 10
90 76 34
139 95 71
96 136 -3
127 52 15
109 142 25
98 81 -19
122 111 65
158 100 12
66 75 38
73 118 64
77 63 23
87 56 62
67 63 75
75 141 36
139 71 62
95 139 29
123 138 43
96 143 -9
157 113 12
100 123 73
91 51 58
125 81 54
94 59 25
125 89 -9
62 98 44
134 113 62
95 63 -20
112 58 65
113 145 34
73 100 37
89 143 22
113 88 30
140 89 26
110 60 18
85 113 32
130 61 26
89 82 38
86 81 36
138 77 58
76 106 -14
112 121 -21
98 117 69
159 106 58
87 55 16
147 117 13
110 89 72
123 48 74
112 51 -4
158 66 39
90 109 -14
114 88 -6
60 145 75
102 96 21
77 82 35
150 96 -13
157 56 55
126 79 0
108 69 71
122 132 -15
156 93 78
90 127 31
144 69 4
134 142 24
89 58 6
99 89 42
114 141 18
140 112 43
73 70 16
66 112 44
99 135 75
80 97 67
100 120 18
87 52 77
125 48 54
69 98 -13
96 71 19
158 113 10
102 100 70
156 77 37
84 49 33
137 100 35
60 49 0
121 133 23
59 146 9
105 53 16
101 68 -1
146 124 56
99 49 47
77 90 74
88 89 25
141 100 25
129 114 59
59 89 0
66 145 68
60 111 47
120 83 63
65 72 -3
139 139 -14
117 66 37
67 84 63
109 116 28
152 70 66
73 52 27
88 113 14
86 56 -5
123 134 65
61 84 34
86 57 63
158 64 76
63 125 79
152 130 21
79 102 42
65 81 23
116 96 47
128 50 76
112 61 36
109 138 3
79 110 68
158 69 10
98 122 -18
74 67 16
62 48 -5
96 55 57
65 61 2
112 68 68
91 115 65
157 62 65
124 138 3
125 124 46
155 116 40
67 78 75
83 50 54
145 96 44
150 77 1
136 146 76
108 137 27
91 67 11
139 78 -18
67 133 74
104 62 65
129 135 28
95 104 74
60 117 -4
99 67 -9
79 135 34
156 130 78
151 69 66
115 109 -21
144 85 10
101 146 75
140 122 -5
132 123 45
81 119 2
148 114 -5
144 142 59
135 129 -8
81 107 38
110 99 41
141 99 25
126 76 -11
67 106 70
123 120 15
88 67 -2
147 62 53
119 134 -18
133 128 17
99 49 51
84 138 35
102 90 52
88 110 48
65 126 55
74 120 61
152 102 3
63 78 30
66 81 -10
80 69 18
133 94 37
84 49 18
106 143 57
156 51 28
132 54 71
110 120 27
124 62 69
73 82 -21
125 66 72
102 70 73
86 68 -18
110 108 9
84 137 73
152 73 4
114 55 4
102 122 5
61 73 22
101 65 38
151 99 60
95 114 7
110 64 68
76 68 -1
123 145 73
76 140 34
140 138 44
139 49 60
125 64 38
115 97 54
62 67 29
121 112 -9
84 73 -10
140 53 5
101 143 -20
151 130 64
71 124 56
96 130 -8
124 107 45
119 67 58
134 121 -1
63 130 74
71 142 30
98 131 -9
118 59 70
109 90 2
79 126 33
132 70 59
125 67 61
97 135 -16
124 88 6
138 89 49
139 96 79
84 140 55
152 57 69
114 118 47
131 65 -16
139 118 23
145 103 71
70 142 -12
77 89 22
86 97 37
128 83 12
67 95 65
145 50 20
88 114 -7
125 88 52
118 107 29
76 63 -5
71 95 59
86 107 22
69 107 47
69 67 23
139 48 -4
105 75 29
104 138 -16
128 125 4
81 59 45
60 61 51
109 74 -9
107 81 10
109 112 1
116 83 47
104 75 23
98 85 6
154 57 16
90 122 52
109 113 65
103 88 16
103 96 62
76 54 48
82 79 68
119 98 23
140 142 -14
96 130 -17
158 63 13
139 82 54
78 57 -18
135 58 45
144 66 48
73 125 45
95 104 2
98 131 59
132 104 -18
148 144 9
127 116 0
111 147 -5
132 86 32
159 83 5
117 62 73
128 119 42
-7 135 516
27 144 449
9 141 441
40 166 493
56 141 466
4 147 514
3 107 460
-6 120 517
67 176 483
73 117 457
3 185 451
5 173 471
-17 162 484
1 155 421
12 98 427
-3 174 435
46 183 494
29 186 453
13 127 464
15 172 486
76 133 498
-4 113 496
76 171 418
4 169 513
80 131 436
60 191 451
63 149 431
49 189 471
45 130 430
69 147 421
69 130 462
77 127 430
15 173 457
80 165 423
32 180 495
62 139 508
81 185 425
-11 184 487
-3 186 438
70 101 435
59 108 511
7 113 436
57 169 472
3 177 445
69 128 472
57 114 501
82 166 450
-18 133 431
69 189 440
70 146 499
58 147 454
7 135 472
19 184 429
-6 99 432
4 165 482
41 168 472
77 151 465
29 111 456
25 165 497
39 122 419
43 132 445
9 151 421
0 183 422
66 96 484
36 117 475
8 171 487
45 190 493
-14 143 502
73 127 480
52 98 501
29 120 488
60 124 445
48 123 513
38 170 475
58 153 495
10 112 420
32 179 420
16 124 434
46 161 509
-2 104 456
56 162 449
-17 186 422
74 118 458
38 185 439
-10 131 418
36 111 450
22 139 442
34 129 476
-7 99 428
25 138 448
70 182 500
46 156 443
14 95 457
67 180 419
-4 116 476
75 98 486
19 128 472
-8 180 501
13 134 469
59 141 517
72 151 498
79 151 437
42 124 500
81 193 442
40 147 467
82 140 464
38 120 431
5 141 489
6 110 468
41 149 452
18 186 435
14 106 432
30 153 431
-3 172 499
70 154 438
49 127 495
60 130 433
73 140 504
-4 180 471
2 170 488
6 135 508
-14 157 427
69 114 482
7 112 503
33 166 507
44 141 453
-8 111 430
32 105 518
66 183 463
0 147 449
10 135 446
61 176 501
49 174 487
-1 133 473
50 112 478
10 146 448
61 95 503
-18 105 454
82 117 468
61 101 518
81 163 487
-16 128 450
53 156 449
67 132 472
-7 135 469
65 188 435
15 109 452
80 96 426
11 111 424
23 129 430
28 119 452
25 141 476
73 119 499
22 161 462
53 177 518
72 99 421
78 107 460
39 192 419
-5 97 488
18 135 443
19 183 505
56 159 503
68 131 479
71 142 512
54 152 430
54 187 497
17 175 502
44 181 457
44 147 475
46 119 464
51 99 467
27 132 512
32 123 447
26 183 517
9 189 425
64 152 430
52 119 473
16 96 508
71 182 418
24 177 458
-5 168 485
69 175 508
20 174 491
17 188 480
-16 169 488
26 164 419
-10 185 432
-6 193 436
46 100 472
76 172 453
10 186 513
60 164 500
67 164 428
12 128 435
-17 188 462
75 145 460
0 159 452
11 176 493
13 152 476
-17 186 488
32 169 433
57 100 454
17 156 511
54 166 445
53 180 435
49 136 438
10 99 457
2 151 441
8 161 491
59 130 447
54 155 486
68 169 487
39 192 480
24 166 487
51 127 442
66 174 489
-11 161 496
41 116 442
65 157 445
70 105 457
18 127 472
24 123 441
20 162 468
72 125 489
18 120 434
13 112 486
77 109 437
11 152 477
67 100 509
60 189 423
-9 155 423
60 136 431
75 131 433
66 127 518
37 120 509
10 136 460
27 167 487
27 108 477
65 151 514
12 143 507
-15 162 460
27 176 477
69 135 486
16 140 493
0 165 467
2 175 496
-18 112 423
74 181 446
-8 101 499
34 191 448
11 146 452
70 138 473
13 185 504
58 125 419
23 152 484
48 140 474
0 188 424
-18 123 480
-14 151 501
32 183 461
-1 106 441
51 187 454
-12 190 421
68 129 446
67 108 441
-18 143 445
64 110 456
21 129 494
67 103 473
-9 146 491
-17 181 485
58 138 429
17 182 515
21 118 482
-6 178 499
-6 150 508
41 110 484
13 95 466
3 104 512
-13 157 442
60 176 454
78 177 418
31 172 511
69 149 503
0 102 507
57 178 420
-2 143 497
19 127 510
3 133 471
-9 136 420
55 109 467
31 139 440
2 152 517
-2 155 423
19 192 437
62 177 494
24 184 425
79 100 432
24 114 467
68 142 488
55 144 457
21 194 367
26 194 444
61 209 408
42 180 382
14 163 401
-21 206 361
-9 217 429
35 218 435
24 176 418
41 191 424
37 188 403
38 214 390
0 181 392
29 208 364
47 168 421
16 220 408
54 174 417
48 222 395
35 201 447
41 197 456
13 177 383
-1 182 364
31 167 447
57 202 419
-11 209 376
-23 235 418
-7 167 389
14 161 386
50 174 380
12 194 402
48 159 388
3 220 405
1 220 371
3 183 374
57 151 421
47 159 422
59 241 447
48 168 431
32 161 417
59 147 415
63 166 423
16 164 418
43 201 398
49 146 364
1 235 369
-3 181 452
7 200 365
56 209 374
47 175 407
-10 155 431
44 230 428
65 232 415
52 196 425
64 147 360
-32 158 408
-24 217 433
-16 215 367
43 165 417
-28 164 409
-10 195 368
-20 152 444
41 241 366
45 198 456
38 175 389
68 216 358
-2 184 425
10 176 371
38 241 367
25 160 444
52 189 400
16 159 382
18 187 395
-16 151 385
-21 212 378
48 230 413
17 233 452
49 234 398
25 219 386
49 187 431
-30 204 406
60 167 396
19 193 418
30 195 414
66 173 457
-10 173 432
-14 228 378
27 180 408
23 223 402
-18 191 398
68 206 441
-6 174 370
-10 148 366
0 235 395
-1 163 447
-3 218 439
-10 160 390
27 228 443
-27 200 450
-18 232 419
31 183 363
-8 184 398
58 185 390
-22 152 406
3 212 358
18 195 455
-23 143 392
10 168 393
0 153 388
51 170 447
-19 157 380
-21 186 398
60 142 423
-13 205 391
31 212 424
-32 202 369
8 236 453
42 235 390
-15 241 404
64 143 447
-18 235 361
-32 218 414
42 193 392
15 220 367
16 198 358
-32 186 372
23 203 431
-25 155 431
2 154 411
65 146 450
26 238 405
16 153 415
52 207 404
26 233 452
19 192 392
-25 187 438
-7 213 446
4 141 454
-14 238 370
-5 162 395
-15 219 418
-2 226 418
64 145 410
-12 167 420
20 204 383
36 143 383
5 208 397
21 220 390
-11 147 449
-25 167 406
-26 197 393
12 211 375
57 224 371
9 204 454
2 191 363
65 215 407
55 184 414
-29 218 397
8 235 429
21 207 430
55 154 407
56 217 424
55 197 384
-15 177 383
59 174 379
-5 176 412
-26 219 418
-11 216 358
-11 174 382
54 176 420
67 216 366
58 145 434
35 191 361
33 240 451
20 145 378
3 174 374
-21 214 389
23 202 443
39 206 445
-15 149 367
19 214 397
31 159 381
-23 206 384
-6 201 395
4 197 443
-22 239 358
58 160 409
-19 221 392
61 184 440
0 191 407
15 159 366
44 210 400
64 163 379
-14 146 423
-3 241 445
-6 208 372
-25 171 433
-28 236 389
13 175 388
19 229 419
14 175 454
63 234 389
38 222 443
6 200 384
63 211 418
67 218 416
38 141 379
21 205 362
-18 145 386
41 227 454
30 197 388
19 198 434
-14 159 366
23 228 436
22 229 409
-19 177 394
-18 146 402
-7 191 430
15 190 361
12 208 372
55 164 375
19 220 433
38 163 379
66 179 358
60 187 372
29 150 389
1 152 418
26 187 444
5 163 451
33 148 448
45 212 425
14 153 447
-3 197 433
51 236 454
59 231 434
42 147 410
-15 202 440
19 234 381
-12 157 438
-14 189 361
-4 145 389
14 201 450
39 222 395
68 225 423
17 202 416
60 183 419
59 228 372
-26 142 381
-23 198 372
14 153 378
-20 190 376
35 146 434
16 147 392
14 184 401
3 209 372
51 226 443
-16 204 411
35 153 374
16 184 360
55 204 369
67 172 360
-8 234 408
-21 168 415
53 200 406
16 194 415
-11 200 420
50 149 438
-17 240 384
13 178 397
59 220 457
-32 161 358
46 172 393
63 239 415
-22 194 361
37 179 357
68 193 387
62 201 447
48 236 440
3 231 424
5 186 398
31 235 407
-20 167 404
-1 150 451
30 165 454
-9 148 457
-22 187 424
-2 183 388
-21 196 400
60 210 427
31 239 405
-7 162 378
-23 145 403
15 206 385
-16 190 434
17 209 405
5 205 417
0 186 359
5 230 374
-21 176 408
37 171 401
447 355 417
404 366 439
446 330 377
433 407 371
372 417 363
357 332 381
431 334 435
393 324 389
396 401 451
449 371 431
368 411 378
395 346 370
363 408 445
414 326 440
446 406 447
402 373 436
367 412 376
394 395 429
372 379 453
425 414 393
365 416 402
439 376 412
416 421 413
374 403 366
415 328 389
415 368 360
423 408 365
441 325 450
418 366 434
375 357 386
411 330 404
426 324 423
421 349 421
383 384 422
376 358 405
373 418 370
422 321 413
431 327 439
387 393 357
357 343 359
365 353 379
420 413 356
421 405 404
455 329 357
454 391 380
360 332 373
441 369 420
360 378 370
391 379 395
379 359 383
366 413 395
362 403 363
441 365 371
424 335 376
395 397 416
387 409 445
415 406 407
358 414 364
438 412 448
452 331 403
404 377 387
443 343 370
386 382 424
396 358 390
413 335 366
377 382 438
424 325 387
450 408 377
417 384 406
453 347 392
391 388 371
441 355 369
362 356 378
401 401 420
450 402 400
442 369 376
450 389 433
422 371 412
362 406 420
371 322 390
424 326 400
363 359 413
361 341 399
360 370 449
430 408 399
385 417 376
399 373 363
419 420 375
394 417 366
373 368 410
419 366 390
435 407 403
358 358 390
445 362 413
383 350 402
417 388 390
437 324 371
429 353 437
421 399 451
432 370 445
422 342 372
363 408 356
389 383 435
386 400 424
357 329 381
412 375 426
379 367 428
446 343 437
436 417 377
453 380 442
362 408 445
391 401 420
389 384 418
379 346 390
450 419 417
391 352 404
446 343 383
368 369 405
431 365 373
454 406 366
400 348 383
447 332 395
404 356 455
448 388 447
446 375 369
366 326 405
422 332 442
388 345 405
453 325 417
450 325 377
417 413 408
450 378 440
357 392 438
427 340 402
382 362 441
444 368 422
450 322 388
387 391 375
407 341 397
415 388 357
426 383 445
393 411 399
440 326 364
392 389 369
428 400 448
364 383 435
387 391 447
442 385 437
364 396 426
451 413 398
371 400 381
367 354 420
414 419 434
407 367 436
446 408 363
441 389 410
366 369 390
360 336 377
401 363 442
370 382 403
396 421 384
374 322 442
398 374 400
378 351 424
405 368 454
440 411 362
383 408 361
370 341 388
393 362 379
402 365 440
368 372 380
441 359 370
434 403 388
384 386 414
363 370 367
427 354 443
376 368 359
375 406 420
401 338 420
433 416 382
393 339 364
436 406 442
417 337 453
438 321 362
434 397 411
359 338 434
420 397 445
361 377 383
438 329 442
413 330 373
431 348 385
392 384 370
421 332 416
367 410 410
396 332 363
366 389 389
408 370 409
411 333 359
393 384 434
363 325 406
408 323 396
424 371 374
365 323 448
394 384 421
385 413 399
422 335 380
451 338 452
361 414 449
392 407 454
421 376 375
453 415 452
375 415 417
389 415 380
375 349 370
426 335 408
361 377 443
371 418 416
386 377 446
377 369 385
376 382 425
371 390 427
426 340 437
442 349 394
362 348 355
376 358 417
384 410 446
441 419 373
367 344 440
432 341 371
406 406 391
419 403 366
393 344 444
363 377 417
441 407 442
448 410 383
450 369 424
356 391 395
369 405 433
368 336 450
452 343 444
449 335 380
413 346 369
425 348 434
379 333 443
452 338 377
400 419 421
362 391 404
453 363 398
436 353 374
433 402 416
384 401 391
410 406 437
380 370 371
385 331 362
447 346 442
356 420 375
429 402 372
442 396 362
383 417 411
427 322 405
442 417 389
409 375 439
363 384 372
405 361 363
387 379 416
374 343 411
398 413 366
387 415 424
402 386 427
365 323 358
438 402 365
452 376 441
429 419 389
404 420 384
435 349 410
445 336 368
393 359 380
375 400 438
446 417 362
431 339 401
431 367 412
365 379 394
390 408 411
402 377 376
442 368 401
395 399 369
410 391 445
405 339 403
375 338 448
397 418 388
434 378 365
402 361 437
359 403 402
408 413 443
441 332 414
414 389 427
386 360 376
414 361 425
422 363 419
416 385 365
81 326 136
144 310 113
139 282 95
100 308 113
126 264 73
69 320 128
121 341 162
98 287 155
67 261 161
120 338 133
48 331 119
95 272 71
65 276 149
130 310 132
119 355 140
53 331 133
136 278 159
83 263 165
78 330 117
100 337 145
64 305 136
122 322 145
101 354 97
117 266 89
47 311 166
83 294 151
91 352 115
84 346 161
117 353 135
120 276 98
107 274 85
133 273 125
68 351 119
112 345 113
79 280 154
68 349 127
89 315 141
124 318 101
117 274 168
44 322 124
110 353 141
45 353 116
110 269 110
92 322 141
113 272 81
67 306 93
114 329 166
57 271 120
135 341 146
125 265 159
126 320 82
45 335 141
118 337 134
48 341 126
84 332 112
96 286 83
98 259 133
73 334 106
75 302 69
53 289 166
59 261 82
123 350 165
89 328 117
63 294 122
140 277 100
52 279 134
97 324 84
76 304 137
63 278 144
107 270 160
64 283 91
125 302 89
117 306 152
54 258 115
74 281 107
45 294 104
113 324 155
88 266 123
138 268 168
116 261 112
44 274 115
52 314 75
142 304 77
80 351 139
93 277 95
94 357 166
111 330 159
100 348 133
135 280 103
97 301 111
87 309 71
55 322 145
143 334 76
123 324 163
128 334 153
59 314 108
53 308 83
67 336 69
49 287 88
80 283 124
44 318 106
92 264 118
141 281 158
96 290 157
92 264 104
45 319 125
99 292 82
96 284 69
70 261 88
94 266 160
116 352 104
48 327 76
122 335 153
114 280 157
75 358 161
123 329 129
82 351 134
68 298 108
54 319 126
129 282 111
123 303 124
70 294 120
141 334 78
82 281 143
61 269 164
97 316 146
114 265 116
125 267 108
72 310 139
47 358 73
133 328 101
77 322 138
53 275 114
52 271 103
84 280 80
47 292 85
99 324 164
80 262 71
80 281 96
54 300 155
90 276 153
144 310 95
128 296 121
119 304 72
136 314 68
111 278 79
118 269 68
53 317 156
126 314 138
121 321 159
143 350 149
139 262 157
71 278 76
116 310 102
80 323 130
136 329 122
83 305 163
87 324 142
52 331 123
72 295 126
45 269 107
73 292 70
144 332 100
138 288 112
134 303 109
99 312 126
103 358 121
107 274 147
97 339 128
114 330 166
97 348 154
132 286 90
123 321 146
66 272 90
62 268 89
132 286 102
103 331 78
49 314 156
80 338 73
61 287 84
92 346 82
106 318 142
92 288 160
115 357 124
68 317 149
50 318 101
104 281 150
51 349 144
109 346 144
90 297 91
106 316 123
111 287 90
64 325 144
63 331 127
93 302 156
137 290 90
67 346 135
60 345 165
87 338 143
119 288 101
131 348 70
88 276 121
65 340 118
62 270 71
82 346 83
121 349 160
83 277 94
101 314 160
68 343 93
89 346 84
83 287 78
50 299 143
61 308 161
141 296 141
48 311 96
117 358 139
139 301 150
83 331 157
94 334 154
86 300 73
135 277 144
66 282 88
93 310 73
80 311 110
131 258 151
53 357 144
100 354 84
67 330 154
142 338 68
95 338 71
55 328 109
108 282 69
56 338 80
131 325 81
99 358 168
71 286 107
107 338 143
69 266 70
59 312 80
98 302 109
76 292 134
85 276 165
124 293 150
106 287 84
128 312 131
71 316 149
125 321 71
101 298 127
129 288 128
91 273 85
134 292 146
142 294 149
96 309 98
44 311 90
95 286 101
101 292 166
102 271 89
134 272 125
115 333 120
51 295 163
120 297 132
55 294 114
49 261 89
102 329 88
131 319 95
99 334 116
113 344 94
100 292 81
84 299 134
75 290 135
47 339 143
125 275 152
50 288 134
101 305 100
142 293 108
63 356 164
51 316 147
68 263 70
95 299 111
94 334 98
61 331 82
111 322 140
64 298 158
92 354 123
115 313 156
102 329 80
74 326 96
90 280 167
53 337 85
77 314 118
88 312 161
121 326 147
45 305 151
102 286 99
127 272 156
68 317 104
102 268 144
79 279 119
75 268 82
117 351 137
34 122 213
22 82 257
19 120 244
25 167 212
-20 138 236
-20 157 218
25 130 221
20 75 263
-11 100 271
14 101 268
-23 141 289
-32 149 294
12 112 215
-20 92 216
17 127 255
-7 125 249
42 103 283
25 110 230
-4 95 272
27 137 215
14 125 306
15 142 275
41 99 291
-35 157 294
49 173 262
20 122 279
-22 157 262
0 111 222
54 78 223
33 114 220
27 163 267
57 99 288
-12 166 275
-36 105 259
-22 145 219
45 80 295
53 172 242
-3 152 291
59 138 249
3 98 294
13 150 266
37 94 283
49 133 230
7 80 306
27 90 215
52 73 256
-14 169 263
-28 92 290
18 101 297
40 92 237
59 154 261
47 151 244
-29 140 292
-28 132 239
33 96 239
31 74 288
8 136 280
22 140 235
62 78 217
-30 158 224
6 94 254
56 129 276
39 125 262
-3 119 210
46 145 305
-12 159 283
-37 83 280
17 136 269
51 87 256
3 86 209
28 74 228
57 173 230
-4 157 300
1 84 248
58 92 236
31 121 269
47 78 297
34 173 274
60 100 237
-15 156 218
31 158 266
-38 135 259
27 93 226
-3 86 268
4 90 290
46 124 288
-28 100 256
55 162 278
30 117 255
7 171 258
43 115 259
35 126 269
12 108 267
56 102 238
-35 90 265
-13 171 238
55 119 217
49 169 292
-33 77 284
11 152 255
27 121 284
32 90 215
55 133 240
8 114 292
-3 120 238
56 84 248
46 137 226
7 95 276
-4 112 295
16 162 237
-15 155 294
26 108 291
-33 130 277
-11 110 224
29 137 270
24 121 256
8 98 273
25 93 255
24 133 223
-25 80 306
34 133 244
23 150 236
-6 126 250
53 152 280
21 108 291
-38 80 243
18 145 210
47 115 230
-4 169 252
51 169 285
-11 159 278
-14 122 252
-17 83 215
-30 92 291
39 116 231
58 111 296
-33 163 221
51 159 261
-16 136 218
19 98 266
18 171 248
-36 103 216
39 144 245
18 163 261
9 112 250
7 83 280
4 84 271
13 172 253
56 116 275
-9 122 207
21 133 290
38 112 265
22 128 218
42 143 298
-1 73 215
-15 113 297
46 81 278
-14 138 220
-37 104 234
-10 120 266
6 94 270
-6 104 262
-37 95 293
59 107 240
-15 76 306
-19 100 214
-27 86 226
12 162 269
-4 107 299
46 88 230
12 149 273
-1 148 243
-28 169 298
44 153 262
54 170 290
-22 146 230
-7 117 216
2 111 243
13 143 293
60 159 225
-2 126 287
59 78 289
42 109 290
36 94 268
-25 139 213
-12 153 296
21 118 301
-3 108 210
4 101 223
29 125 232
4 172 223
-5 142 287
-29 83 295
21 103 259
1 159 210
-11 77 250
50 127 230
16 120 258
-10 101 228
-11 138 244
-10 96 281
1 79 284
34 100 228
62 148 302
29 121 273
31 147 279
58 122 219
48 133 210
-10 92 301
-27 90 267
0 147 223
-24 73 235
22 98 211
14 99 249
-33 117 226
50 152 262
46 139 292
0 108 285
47 112 232
18 138 273
-34 110 289
22 128 217
32 128 221
-3 123 270
13 167 284
14 155 279
-13 95 211
40 81 226
-13 131 301
49 120 296
19 116 274
-27 151 282
3 73 282
-2 147 291
-33 108 257
-36 159 208
-6 151 237
51 79 274
16 87 222
42 129 221
51 172 260
-33 103 260
59 157 289
14 131 288
22 125 272
57 101 293
12 141 216
30 76 266
30 164 224
34 139 288
40 106 220
-28 93 261
18 138 228
6 115 239
46 94 246
14 101 242
33 74 281
39 129 248
15 128 240
2 79 256
13 108 304
9 135 274
-2 134 264
17 164 260
-3 100 216
-6 112 216
-30 173 234
-22 113 293
7 154 294
-2 152 288
-5 138 268
-26 130 278
10 78 264
-15 108 256
19 161 277
9 94 249
-17 151 247
0 127 234
43 171 290
-29 122 295
24 117 227
9 90 246
31 130 298
35 102 210
29 121 290
-14 105 251
-22 158 276
-31 122 263
-23 151 228
33 103 284
-26 93 264
46 97 274
-4 134 282
-32 147 261
61 107 299
1 120 234
38 90 296
29 161 291
-28 102 284
50 79 258
344 -43 61
286 42 75
321 57 118
322 57 146
319 -41 74
254 -34 98
290 -37 67
284 -1 103
318 0 136
301 -14 66
314 -5 53
256 -24 109
344 -16 59
297 -24 90
318 30 146
294 -29 113
255 33 137
311 36 126
249 52 114
342 -1 53
267 27 131
348 38 109
295 19 63
284 -38 123
274 13 141
256 -42 112
337 -23 111
272 -23 53
294 -19 144
269 -16 107
287 10 98
260 -16 108
319 -1 137
318 26 148
338 -37 69
267 -27 106
272 35 118
336 51 51
290 -36 142
335 -42 54
256 -33 146
297 26 69
254 25 92
296 -20 129
262 38 60
307 -18 103
277 -37 144
261 7 106
347 8 119
259 14 106
345 50 147
267 -6 119
335 3 79
345 25 139
306 -8 55
253 8 55
277 -31 90
319 -37 61
322 -10 91
326 -2 62
256 -12 98
314 9 57
302 36 126
304 33 149
251 29 100
262 9 113
328 6 59
286 15 144
310 41 53
302 -10 101
313 28 133
289 -41 142
283 -21 50
279 30 92
335 -25 66
254 -32 120
283 -42 53
326 6 111
319 23 125
348 40 117
284 27 77
276 43 79
317 24 74
265 -23 50
272 54 105
331 8 101
301 44 116
299 12 93
309 27 137
285 30 139
264 45 101
346 5 108
315 -10 138
283 -14 76
342 7 52
287 54 129
291 14 103
275 -11 111
269 15 138
255 -33 100
258 -12 107
249 -35 107
260 29 94
295 -11 83
330 -9 132
322 -7 65
284 39 60
299 -12 140
317 50 68
307 15 80
284 4 90
268 52 149
339 20 58
317 -26 51
258 3 73
279 -23 54
339 15 69
345 32 119
264 -17 133
307 -5 148
322 51 66
334 -16 148
250 44 96
260 24 64
323 -31 102
311 53 140
339 -6 118
315 -6 100
278 30 109
263 16 121
304 0 97
332 27 146
348 -25 111
259 -15 83
274 -33 108
262 34 76
343 19 142
257 35 146
296 23 136
311 -37 102
252 -19 113
303 -41 50
338 47 81
264 -19 110
288 41 73
289 39 134
297 -16 50
304 10 126
318 -42 89
316 -26 124
279 40 129
339 1 128
277 -13 113
256 -3 101
323 39 66
287 -38 103
270 12 139
303 2 142
283 36 123
331 43 51
326 3 113
337 -35 144
284 -4 116
346 -28 78
326 51 113
344 -21 106
316 -32 93
282 21 115
310 -37 127
280 -10 90
259 31 67
279 40 90
255 -7 113
326 -18 54
340 25 141
288 56 121
333 -32 56
327 43 116
257 4 144
262 -33 81
269 53 136
303 1 85
280 28 82
306 34 106
284 -11 92
299 -27 55
305 -5 125
340 -8 58
337 55 61
263 27 67
307 21 143
259 -34 80
325 29 79
251 42 79
282 46 80
337 -26 133
296 -4 150
323 -24 115
252 11 51
274 2 79
325 18 97
308 -32 95
291 -33 85
259 -34 52
266 15 80
267 -33 116
263 -11 70
314 22 147
301 44 124
302 28 123
280 13 125
290 28 125
293 35 115
300 55 127
274 -31 115
288 36 111
343 6 120
276 -22 61
248 26 61
302 34 119
270 30 104
249 -10 60
342 22 140
345 48 107
326 -25 99
323 27 96
273 -15 145
267 -7 120
341 32 131
317 42 65
274 -39 142
336 -37 105
304 -36 80
326 55 74
305 -42 147
271 33 148
278 37 53
259 0 53
321 15 121
294 55 92
270 -14 147
295 -27 72
265 -3 69
345 -38 126
250 -34 111
327 -34 76
307 -43 69
276 39 57
325 55 59
293 3 116
318 41 94
316 34 53
270 37 64
273 12 149
332 -19 120
272 37 130
296 -15 57
304 -23 65
280 16 88
335 29 128
280 15 103
288 -26 53
265 -21 108
300 -23 143
259 54 103
325 17 108
275 56 131
317 47 86
261 -16 125
282 -7 68
268 56 82
274 40 50
260 16 86
273 44 115
326 -12 123
266 8 148
262 2 118
250 -24 71
305 1 80
348 17 82
342 -34 90
344 -40 76
338 -41 142
344 27 106
264 42 92
312 -18 126
335 -7 83
266 -9 74
310 -17 75
313 36 122
255 -19 72
248 -18 123
278 -20 95
325 11 59
273 43 75
270 15 73
265 -4 59
264 -14 73
296 43 139
346 36 102
24 407 348
44 318 352
28 407 400
88 324 347
59 311 334
18 358 369
56 392 363
91 381 336
59 399 305
61 372 391
84 361 397
50 315 321
19 362 336
56 325 388
52 396 347
102 379 309
9 334 347
18 385 386
74 384 314
93 342 323
4 340 321
103 398 366
97 399 311
15 351 382
68 338 360
66 397 321
31 362 395
80 307 312
7 359 373
6 321 402
34 308 389
49 407 316
33 356 368
103 330 382
78 349 388
89 365 358
30 331 378
61 345 336
60 317 398
14 396 383
96 337 389
52 319 378
88 342 328
71 329 362
74 310 339
12 349 364
96 338 375
83 310 309
52 384 334
36 390 384
51 353 330
67 332 335
94 348 370
30 353 322
57 334 394
10 356 315
75 406 327
28 394 327
14 352 337
85 380 317
26 378 369
20 311 381
13 346 403
26 336 396
101 393 339
23 348 342
31 343 402
19 396 404
35 377 334
29 335 341
45 312 317
46 381 398
25 379 320
12 392 391
68 354 375
41 316 346
78 361 306
22 371 334
89 318 384
24 375 400
88 395 388
48 328 328
88 403 332
23 369 379
59 339 344
11 358 321
16 330 354
29 387 338
30 376 373
27 393 317
68 332 314
79 365 354
74 364 310
100 325 334
91 325 351
26 392 382
81 378 390
103 326 374
68 326 386
97 400 398
81 390 363
63 368 321
4 368 397
60 340 346
43 337 389
45 331 357
35 359 382
24 374 344
93 385 404
70 369 353
65 354 323
91 324 373
36 315 362
53 402 380
27 360 387
97 320 398
68 319 377
64 397 395
42 310 323
39 334 342
24 357 338
92 340 392
18 399 404
27 400 307
65 379 400
65 354 317
52 343 376
52 369 378
75 340 330
86 361 385
21 376 372
97 313 325
66 351 312
55 332 351
62 320 352
3 347 339
60 351 375
6 361 404
82 340 365
94 377 404
57 340 392
16 385 373
69 350 358
12 375 383
56 369 380
70 397 356
15 388 312
46 321 309
36 314 397
100 391 337
15 364 385
36 360 388
89 313 308
71 349 350
94 386 404
61 316 383
60 324 328
94 404 353
30 356 354
52 315 385
55 382 308
103 316 354
39 346 396
90 370 399
32 352 366
29 355 312
35 382 358
93 353 326
77 389 392
8 325 383
61 384 390
5 385 330
5 347 342
7 325 350
30 343 305
101 350 377
65 376 350
59 313 326
61 324 373
34 393 318
96 367 394
84 402 373
89 332 326
77 388 306
35 400 354
71 373 381
82 400 364
8 322 363
59 361 350
88 342 321
60 334 392
15 330 334
100 370 375
85 380 378
78 355 405
16 393 402
81 310 321
14 321 350
58 381 365
52 348 354
7 323 350
28 375 377
78 365 321
30 356 405
86 365 314
29 406 344
10 361 338
89 388 322
68 356 355
26 327 387
73 379 338
74 357 331
40 327 363
87 321 317
91 356 401
93 327 370
58 316 366
83 344 320
94 380 393
84 339 371
43 396 387
24 382 352
12 326 314
85 360 355
21 370 314
28 316 370
26 351 387
52 314 390
53 407 344
97 324 309
76 360 325
72 387 308
16 336 386
39 357 343
30 396 359
84 374 314
36 333 371
31 392 397
73 327 402
71 314 350
32 308 398
47 345 392
54 351 366
102 310 397
96 350 379
68 315 316
8 356 376
49 349 379
61 394 386
58 323 326
87 363 368
8 338 402
70 326 324
7 380 392
57 375 311
63 317 337
88 336 358
75 383 314
76 382 312
41 378 312
95 326 363
76 350 325
63 309 314
23 376 327
67 401 405
102 347 330
100 326 367
45 331 351
77 309 370
103 403 335
75 378 373
99 385 338
100 354 376
57 340 313
73 333 366
27 338 349
86 396 349
92 348 352
87 381 386
92 319 340
94 332 341
29 365 343
94 337 311
24 359 305
9 396 332
29 326 401
63 381 391
43 382 370
84 398 370
51 405 324
88 308 349
83 324 370
56 373 382
13 361 381
32 343 305
98 387 313
71 384 306
40 407 332
74 313 372
47 314 368
416 283 321
403 286 301
396 282 285
390 340 288
407 287 270
430 283 241
459 344 326
476 333 321
462 339 298
411 348 248
426 316 255
436 322 318
444 272 275
457 287 338
390 259 329
416 309 247
437 263 330
403 333 308
448 341 324
455 265 338
385 306 265
385 281 337
421 315 243
392 305 296
412 298 303
460 307 322
438 274 279
479 297 277
428 319 326
454 350 288
394 279 262
470 293 257
418 281 308
417 265 301
438 323 292
438 255 296
385 340 270
390 255 333
475 286 297
396 349 306
383 289 245
445 329 276
413 331 266
431 351 334
472 278 322
403 317 327
410 290 261
455 274 326
448 337 305
449 345 337
476 326 260
433 259 245
435 267 292
464 317 316
451 310 248
392 314 260
424 268 272
471 332 271
384 302 293
411 258 325
406 321 242
467 347 335
404 294 289
383 311 320
483 326 314
467 278 260
473 341 258
464 288 287
400 252 296
464 282 290
404 327 262
431 322 289
467 307 252
415 323 279
417 292 295
388 259 304
384 266 275
461 327 274
452 330 308
473 261 336
450 344 265
460 293 299
392 262 271
459 336 324
419 262 254
435 257 304
405 302 267
473 319 251
440 329 313
446 314 243
387 292 315
474 301 310
421 313 280
450 346 318
395 323 306
385 308 335
467 286 283
468 265 319
442 286 244
463 252 312
480 266 334
426 256 257
387 267 295
451 266 324
423 341 330
482 335 313
421 308 261
412 351 264
468 267 269
474 324 316
427 311 258
398 283 310
417 296 297
387 271 296
456 305 251
442 287 312
462 271 334
460 320 251
418 274 334
480 273 290
475 259 284
466 340 294
412 350 259
432 304 258
445 294 324
427 268 315
467 342 311
408 325 288
413 255 326
398 271 317
476 273 335
401 332 257
417 330 274
387 261 299
440 315 295
432 265 321
423 281 257
383 273 325
474 287 294
416 315 280
409 279 295
456 351 276
410 334 250
424 284 314
407 343 298
408 282 307
462 338 267
422 314 305
411 254 313
398 324 308
407 337 340
436 278 263
478 315 339
475 331 244
470 352 302
437 340 268
383 257 333
475 339 312
447 310 329
454 329 293
442 318 293
459 300 296
402 256 326
447 275 284
462 273 327
455 271 289
405 338 279
450 294 324
438 300 280
425 295 315
435 267 300
440 295 284
462 253 336
453 271 278
450 331 288
447 345 268
438 341 288
470 286 262
418 289 271
481 333 312
462 349 289
461 330 300
387 335 322
414 260 295
392 271 307
443 266 315
476 282 257
421 316 268
396 293 260
453 332 260
444 350 272
383 293 313
411 313 260
475 279 318
443 287 309
392 299 305
478 301 325
438 299 251
444 283 245
453 276 269
440 295 275
441 275 277
404 329 278
448 331 332
450 300 273
462 257 321
440 312 302
440 261 333
396 274 341
461 338 309
478 275 280
453 282 283
419 255 316
455 350 340
405 298 297
392 336 276
394 333 260
470 255 294
445 262 316
391 342 252
384 328 326
455 303 256
431 259 277
459 273 323
480 312 281
475 309 252
391 326 329
399 265 264
392 276 324
448 253 320
397 262 266
475 326 271
441 286 337
460 287 247
414 301 269
462 331 313
440 290 310
483 266 317
446 290 265
422 345 334
426 264 270
414 304 310
408 297 331
399 263 302
483 266 308
445 276 284
439 322 245
439 314 336
473 273 247
439 261 283
400 281 283
421 338 325
454 255 295
402 335 258
455 316 295
427 342 297
429 304 312
423 323 308
476 332 327
445 328 289
404 340 284
406 343 283
418 256 334
469 352 328
443 346 265
453 320 295
467 262 270
456 284 318
406 311 299
449 339 280
474 281 322
447 313 334
398 326 257
389 279 338
483 311 312
423 315 291
482 278 273
400 310 321
430 331 266
418 287 279
412 314 263
468 334 335
412 291 283
455 269 335
414 347 330
387 257 322
450 321 286
401 348 297
445 266 336
477 333 254
412 262 253
433 330 245
476 321 302
438 278 278
415 305 291
422 303 319
403 311 331
473 325 241
443 262 308
419 262 279
235 433 81
177 376 60
149 437 130
199 362 129
175 399 125
209 423 147
216 345 155
204 398 76
185 437 72
206 377 77
210 343 122
185 379 140
235 438 95
232 427 116
242 367 82
163 348 130
207 436 62
203 379 105
154 343 130
223 437 67
224 385 118
191 425 118
220 396 113
175 437 70
211 422 129
162 402 95
202 355 95
150 396 66
222 373 120
232 373 70
216 395 155
245 435 71
166 417 145
227 409 139
189 358 58
172 342 130
189 423 97
149 437 71
186 348 137
185 414 149
225 395 55
216 351 58
154 401 134
222 425 106
223 349 84
245 430 68
240 424 66
150 439 94
177 389 125
185 436 61
217 437 62
161 340 73
196 349 101
188 364 65
210 356 124
193 423 121
205 378 126
147 341 119
199 361 103
191 433 138
217 417 120
225 360 93
159 342 79
247 431 96
221 360 132
232 422 144
187 345 75
244 414 154
165 348 94
164 410 119
214 381 153
214 379 82
182 349 92
223 390 146
231 348 154
187 426 85
168 413 141
202 355 143
197 414 138
190 435 72
182 436 87
167 360 125
203 341 120
232 429 103
203 390 93
234 347 58
207 352 127
215 380 98
164 355 126
158 405 91
183 400 65
154 375 152
226 411 60
206 376 138
216 412 66
151 424 132
191 438 144
173 383 135
180 432 85
208 402 80
245 440 85
179 440 72
195 358 123
231 348 136
186 403 103
166 429 141
176 421 78
221 365 122
235 383 79
202 347 108
238 368 73
164 370 121
233 439 62
181 388 62
163 351 136
240 389 101
155 430 78
227 372 145
171 349 145
220 378 117
160 401 96
230 431 139
197 432 62
245 435 73
233 436 141
238 347 108
209 369 155
186 391 145
147 378 90
178 428 85
235 356 105
188 420 131
170 407 153
191 363 86
170 416 58
173 429 135
246 438 76
205 388 137
208 351 142
177 431 90
222 416 93
152 429 60
162 348 64
192 363 127
161 407 119
238 361 92
219 407 135
240 411 134
236 405 57
174 399 95
241 440 59
245 387 71
196 407 91
161 437 153
223 397 94
222 399 141
162 377 149
152 378 155
147 439 112
213 423 131
233 382 55
241 366 144
236 355 135
235 365 137
157 366 84
193 420 135
231 399 152
232 350 107
178 391 78
200 393 91
192 378 145
237 374 127
191 369 148
148 397 141
165 439 142
147 375 78
237 406 125
217 407 130
156 416 75
229 355 149
244 436 82
240 421 133
199 341 70
198 382 132
207 431 100
203 426 85
223 356 78
183 388 55
195 345 82
214 397 131
165 397 96
170 353 142
158 433 145
186 357 100
195 437 62
194 398 115
196 354 56
234 353 58
165 419 65
184 395 134
203 358 64
176 434 132
156 429 141
240 361 139
181 368 140
164 349 134
220 346 62
240 431 100
174 437 131
188 382 91
176 350 108
240 428 151
205 427 64
209 432 129
158 375 149
148 343 92
176 350 151
184 384 105
152 360 74
235 422 80
238 411 102
243 345 133
198 373 77
231 418 109
204 422 87
201 391 99
217 411 99
222 384 78
221 399 120
207 433 64
218 391 82
158 384 125
217 355 150
174 405 59
163 379 124
179 342 146
200 434 92
201 347 60
220 424 145
228 416 56
178 346 87
244 434 67
173 377 108
202 381 86
159 349 100
205 385 151
232 391 96
161 342 60
178 405 139
179 372 134
236 383 131
217 427 102
235 431 150
208 399 132
206 399 119
163 387 132
212 425 125
202 440 85
201 349 93
223 340 140
201 429 90
226 426 145
154 408 81
239 376 55
217 418 87
209 356 152
161 398 106
207 369 82
156 412 56
216 397 132
179 351 76
208 429 85
154 436 62
241 346 116
206 417 113
161 416 84
209 397 66
186 345 71
153 362 82
190 376 139
158 418 151
243 366 123
222 421 113
157 398 96
188 366 106
214 394 128
219 368 116
172 347 108
161 341 126
175 393 126
163 402 60
221 369 137
230 417 78
237 348 89
202 386 141
148 418 123
213 398 154
232 397 61
182 357 126
223 440 93
133 328 54
154 251 2
146 265 49
142 279 22
140 278 4
141 312 -34
105 339 13
88 310 13
70 345 46
126 286 18
78 346 59
91 348 28
85 290 38
80 282 19
76 293 -15
106 339 -29
94 300 21
150 253 -12
138 305 -23
100 288 62
133 341 -11
58 262 42
71 265 35
97 319 54
63 337 5
59 345 -29
142 262 27
121 261 21
147 276 -10
117 267 -33
155 338 13
146 256 -16
150 314 -34
68 279 -29
77 321 -16
102 252 -29
79 294 9
158 272 -6
123 344 18
99 341 -21
102 305 -2
127 284 17
85 293 45
151 291 19
114 294 -6
120 301 60
149 296 -9
106 338 39
89 265 11
66 280 55
116 252 63
64 251 -10
151 291 -22
122 262 32
96 337 49
97 285 -32
109 326 33
131 284 40
99 343 -16
102 259 -32
125 317 25
130 335 10
108 254 17
117 336 -1
83 263 -15
58 336 40
87 284 48
61 325 20
123 266 43
58 336 58
129 309 -2
135 253 -34
73 264 45
154 303 50
131 265 24
151 332 26
86 317 25
61 288 -28
133 286 32
60 321 29
144 315 -3
127 286 17
66 302 -3
125 263 55
155 334 63
84 290 8
60 344 64
76 253 -8
133 281 12
106 316 -15
111 310 50
79 260 46
80 276 29
131 259 39
129 341 3
90 324 0
94 343 40
80 314 -17
157 292 52
133 252 17
60 349 53
99 288 -19
110 319 21
73 284 45
98 290 18
128 310 -32
135 261 15
132 339 32
110 311 15
155 275 19
151 263 31
114 307 -28
70 346 -27
150 251 52
75 328 -16
140 274 51
146 257 -10
155 302 -14
63 324 -9
60 278 -32
141 254 22
67 273 27
133 269 -32
74 255 25
65 333 -28
74 265 0
126 319 60
102 280 37
77 292 -7
74 326 0
69 318 58
117 326 -17
146 347 8
98 324 -17
122 339 23
84 327 -2
63 299 39
113 251 57
81 344 23
74 251 38
99 346 -23
73 268 -3
112 330 -11
122 304 65
90 283 -28
88 336 -17
79 256 19
84 261 -33
71 284 31
100 280 -10
96 318 14
137 257 -4
97 331 -3
105 308 47
105 345 16
93 332 14
148 293 31
103 287 -22
104 311 50
130 343 -32
94 265 39
141 255 2
126 274 64
85 320 8
139 285 22
90 249 -20
111 259 -29
155 277 -34
66 253 57
140 260 14
116 323 6
83 304 10
66 251 -19
132 274 30
140 291 -1
108 301 48
85 314 -24
95 276 -22
144 315 -28
61 328 62
117 259 17
133 251 26
157 300 18
130 336 44
114 322 -22
136 291 16
120 303 -13
139 280 18
157 347 -30
127 344 -35
121 273 38
130 250 -7
69 310 55
89 250 53
143 293 -29
150 346 -24
155 307 65
141 311 -15
61 335 -23
81 329 -12
82 287 10
155 314 -19
131 263 37
123 288 -6
111 264 10
128 317 -30
72 330 61
127 337 18
104 337 -21
91 269 62
146 324 -15
138 336 52
87 336 57
85 329 10
83 305 47
144 266 -28
101 336 56
87 279 -31
133 333 -28
149 264 59
125 313 -23
90 270 18
72 274 27
62 333 15
101 255 8
124 251 52
127 276 40
104 338 17
128 307 51
111 297 64
76 324 62
130 291 33
118 259 31
78 251 5
88 266 46
77 267 -7
141 341 7
67 275 57
70 306 43
105 344 33
92 330 -19
139 319 -8
98 269 38
88 251 15
76 292 58
113 317 -3
142 348 58
145 332 -21
84 331 14
103 338 -20
139 289 55
72 266 -18
83 284 57
113 299 62
139 349 -11
148 290 4
76 304 33
127 284 25
58 272 -33
68 328 -31
136 333 42
148 340 36
94 315 -31
80 288 -30
107 305 17
86 262 0
64 255 9
86 338 9
119 325 -5
127 306 56
149 253 18
71 299 26
84 348 9
101 269 25
60 311 -17
86 274 65
99 254 -4
69 341 -28
72 263 55
150 347 -31
131 290 33
90 277 -32
140 313 -26
83 308 -9
91 348 28
139 254 -33
98 254 -32
114 338 29
97 332 47
144 337 -32
129 266 28
141 284 -5
141 332 12
151 347 53
107 330 -5
138 299 9
90 313 37
128 312 43
117 278 10
77 259 3
291 406 364
307 473 339
287 403 388
333 422 370
331 470 324
331 449 319
341 380 352
292 430 304
345 416 301
331 469 311
297 382 325
303 397 356
350 451 364
289 436 328
320 397 314
281 427 347
305 473 309
304 383 341
329 382 325
273 432 372
287 385 335
302 428 364
300 414 396
324 401 349
325 383 353
275 436 324
294 381 385
260 477 368
312 387 313
297 471 360
276 408 352
290 439 383
341 405 332
312 479 342
347 448 310
252 447 342
251 433 375
324 403 396
338 398 357
250 424 363
287 472 342
336 456 300
311 462 353
279 448 368
337 446 374
296 442 331
301 395 300
271 447 335
290 412 304
304 442 379
250 403 342
349 429 398
282 476 332
262 415 325
308 460 318
341 421 340
294 402 368
260 386 334
348 431 392
264 394 315
252 444 366
329 472 399
338 441 379
273 444 394
340 412 302
288 456 387
297 414 364
324 446 393
322 470 319
320 438 322
289 467 377
272 399 313
303 440 337
278 403 386
341 409 369
326 452 371
259 409 358
344 401 321
309 382 361
322 380 361
299 455 382
345 458 378
329 441 373
280 422 333
275 441 394
338 388 334
294 407 356
276 414 350
266 426 326
328 414 371
299 426 320
345 434 342
278 468 395
302 447 307
309 419 350
282 480 377
330 459 366
258 436 383
276 418 385
251 407 379
331 387 368
317 407 349
289 453 338
289 397 302
263 393 337
273 480 331
316 395 302
329 399 343
299 461 380
296 411 400
322 410 325
282 415 342
283 409 355
272 453 392
253 389 341
322 466 372
335 403 354
302 470 400
338 476 364
298 427 350
308 461 352
291 447 386
315 461 382
298 448 378
348 383 376
254 387 330
338 408 354
260 459 317
299 458 346
269 386 307
300 416 357
298 447 349
330 391 380
264 401 304
252 463 325
295 442 345
258 458 322
268 386 333
294 472 392
294 465 327
309 423 304
252 477 308
307 450 363
313 465 327
279 460 334
325 476 316
329 418 324
268 456 333
257 416 368
325 467 393
350 462 357
326 445 343
331 451 393
268 428 373
253 391 350
257 429 329
289 387 313
268 451 305
259 414 337
303 434 394
266 453 395
257 467 374
302 436 302
316 463 357
313 448 305
348 455 386
334 453 346
304 448 313
310 444 345
340 469 356
286 472 313
268 465 300
260 449 355
341 419 300
318 462 328
297 392 396
304 470 326
292 416 385
258 433 337
261 392 324
302 402 398
278 468 301
253 479 396
321 413 366
349 425 313
280 465 372
265 381 333
289 387 335
327 397 387
277 433 333
262 461 387
262 395 320
338 381 305
335 401 344
254 389 365
283 409 360
323 453 338
274 458 315
297 468 389
326 480 374
262 423 313
279 428 385
343 394 377
280 475 382
344 446 328
337 387 335
255 388 384
287 465 350
272 460 351
287 424 370
310 407 339
315 445 330
276 439 314
251 459 310
313 445 321
293 416 341
285 478 384
342 427 333
280 387 337
254 418 396
347 429 335
346 473 391
328 393 337
338 466 377
297 437 315
307 433 398
330 441 380
324 473 329
270 410 342
303 387 395
339 468 339
337 433 328
271 442 361
325 455 358
343 427 341
342 384 341
337 455 341
274 429 317
250 408 370
294 474 333
257 382 392
346 427 343
345 414 357
348 420 329
321 478 397
268 405 364
295 445 350
298 428 361
260 387 364
331 464 397
324 439 316
270 480 324
267 395 380
273 475 348
289 425 374
256 431 363
260 404 390
290 439 345
311 388 362
342 453 310
279 385 383
267 407 319
337 449 339
350 455 392
265 469 321
319 383 356
309 399 345
310 447 351
274 436 314
331 442 369
341 433 374
288 437 386
326 400 311
258 478 352
331 413 335
349 459 366
323 452 333
281 434 332
308 417 329
290 389 383
257 394 388
285 462 368
268 440 326
330 440 367
282 389 330
345 393 341
285 381 368
264 394 326
311 406 330
284 399 306
258 447 394
312 477 370
320 460 336
344 421 355
264 411 332
347 435 316
307 446 311
319 392 378
262 455 318
327 468 370
325 272 23
369 266 34
382 265 41
330 215 54
317 191 68
374 270 63
297 280 77
314 267 88
331 286 50
324 194 52
373 207 29
307 197 48
334 203 69
295 286 47
361 238 78
291 278 93
305 250 7
297 207 19
325 287 80
340 201 39
353 228 1
288 257 6
330 260 4
286 286 13
306 286 86
340 261 62
369 194 5
360 237 65
287 208 40
305 218 64
348 203 63
327 283 88
331 261 76
319 209 5
380 287 84
293 271 64
286 287 82
305 288 82
330 199 56
288 213 74
308 259 53
355 281 16
323 220 37
326 286 73
379 285 63
311 280 70
298 267 48
296 279 77
367 247 9
318 250 45
316 249 20
325 276 96
306 268 61
317 232 78
327 222 94
295 261 61
360 220 14
366 281 96
326 289 24
346 254 1
311 208 85
363 217 9
292 256 11
290 254 72
333 260 45
365 285 66
330 282 73
312 207 25
350 249 99
302 192 9
324 269 70
349 204 33
378 259 48
289 262 22
371 191 31
365 215 25
308 280 10
347 227 53
331 241 14
363 254 29
327 280 32
303 289 66
379 233 72
326 280 97
287 272 12
341 200 60
320 231 7
358 247 42
348 205 46
317 261 72
287 269 46
334 271 99
304 212 5
297 236 52
320 289 3
350 253 78
346 195 92
345 218 15
305 249 34
344 234 39
370 253 89
341 284 42
360 274 88
290 222 44
341 287 63
329 215 62
356 238 18
284 233 37
382 253 18
349 262 7
293 216 95
371 245 8
351 198 89
382 274 72
324 281 54
337 277 98
287 221 48
367 277 43
324 236 83
349 273 97
370 251 63
362 253 6
328 243 67
304 241 77
371 285 21
348 278 11
301 208 78
342 244 79
304 249 22
292 284 79
352 239 92
353 265 0
382 279 67
357 267 13
361 220 97
301 219 93
316 282 8
299 229 95
325 262 14
348 235 83
289 250 28
293 234 99
320 283 50
304 259 51
294 266 58
312 254 94
334 204 39
317 248 50
337 239 25
372 191 37
341 194 70
328 241 35
315 223 9
365 206 83
358 245 60
318 193 23
302 205 56
309 265 -1
285 265 73
351 206 29
296 234 5
382 285 50
295 278 24
374 193 18
291 222 48
381 246 72
328 279 42
289 213 59
373 218 99
373 279 13
296 235 58
320 262 86
363 233 38
380 286 64
293 195 33
326 248 0
351 221 -1
371 282 69
360 283 89
337 194 65
297 271 86
298 244 69
329 199 30
302 229 41
325 219 54
305 215 30
332 275 50
307 269 70
357 244 61
335 222 18
328 251 40
367 275 49
352 279 68
341 203 5
330 276 7
379 214 97
345 218 11
332 258 22
334 262 66
353 221 37
337 251 23
316 266 49
298 257 68
287 253 29
335 248 54
316 237 93
304 213 20
304 220 17
324 252 75
310 256 59
310 278 13
303 191 79
283 262 49
312 270 5
324 246 28
363 223 37
282 245 99
306 224 31
296 199 93
318 271 87
291 288 27
317 231 49
289 237 77
283 211 73
360 200 60
356 243 66
299 221 42
340 221 14
375 272 37
343 274 47
290 192 71
282 207 51
367 234 53
379 218 86
362 289 23
334 255 63
298 253 29
302 198 50
346 214 19
300 226 7
338 228 63
297 201 63
282 259 51
317 267 59
341 286 10
333 205 82
380 267 60
334 212 28
317 246 38
308 242 40
300 228 14
348 235 15
322 291 39
283 197 40
285 197 19
313 217 19
328 290 9
332 278 27
294 198 25
374 285 69
349 286 23
377 244 68
282 254 57
364 242 29
316 221 81
317 285 58
361 222 41
321 266 95
326 218 60
345 214 0
361 221 13
312 198 25
315 210 20
297 210 87
337 280 53
378 220 5
294 271 62
334 210 93
377 269 25
355 206 30
349 192 43
314 192 7
290 239 77
294 256 93
341 280 27
318 261 84
285 223 58
289 283 8
356 277 79
309 206 62
309 202 49
296 256 42
307 239 39
326 243 49
294 240 37
348 218 83
312 283 70
308 282 36
371 225 0
361 273 52
102 374 51
48 362 108
101 344 142
86 414 102
96 361 116
59 423 78
78 351 114
95 384 143
69 381 122
23 420 68
38 337 109
94 393 85
101 389 91
10 334 145
105 375 71
84 408 80
16 347 89
29 379 143
77 411 91
26 333 56
63 337 119
27 350 126
14 344 138
99 340 107
46 340 95
94 399 52
71 400 83
76 400 138
10 352 86
82 400 130
71 392 71
93 361 52
71 382 91
26 392 98
76 408 80
28 325 100
40 358 88
33 359 81
24 352 105
12 357 93
70 395 112
50 421 128
27 400 81
45 393 88
23 335 130
86 345 84
66 359 137
23 325 128
7 328 140
80 352 129
82 364 97
27 382 63
107 415 79
25 416 69
17 346 101
92 350 86
89 412 88
89 409 106
37 393 128
63 354 70
74 378 126
86 389 143
13 354 143
56 347 110
60 339 51
58 331 124
97 382 118
71 367 107
68 364 108
101 333 99
91 327 114
30 392 93
33 398 130
34 409 70
32 419 83
47 355 49
80 323 54
93 353 79
91 401 136
72 368 47
57 369 124
77 324 131
100 365 75
25 330 117
76 394 64
69 362 69
7 345 122
53 401 121
30 341 88
74 417 90
74 389 104
96 376 144
37 330 91
72 368 60
34 328 141
13 420 56
74 416 96
82 339 110
69 408 80
45 338 113
12 354 116
100 407 91
93 354 106
59 408 84
49 347 64
10 383 112
49 418 141
13 324 52
37 402 50
18 337 122
92 371 53
51 372 55
62 376 87
11 394 145
18 382 97
72 423 72
103 393 46
101 401 112
103 412 83
80 357 71
52 394 72
105 401 100
91 337 136
18 367 125
40 327 138
84 401 59
26 344 94
107 364 72
70 362 97
37 393 90
32 391 85
81 325 48
68 396 75
86 406 96
80 404 95
59 341 74
70 402 140
32 379 80
14 361 100
38 359 106
83 414 88
73 338 103
19 418 141
28 411 115
105 353 53
53 415 75
71 363 65
48 415 145
50 387 84
48 406 143
36 347 113
52 333 133
24 405 85
19 361 80
16 353 136
104 326 66
34 368 84
97 352 101
46 388 111
40 403 68
68 410 84
16 404 129
19 392 139
35 400 117
31 404 49
93 397 100
50 357 121
46 359 120
41 398 113
32 372 84
37 420 117
95 325 52
61 361 132
10 362 52
72 346 131
7 376 132
46 422 68
7 394 113
34 355 82
43 412 115
15 392 84
100 361 57
18 332 48
92 420 55
37 353 66
28 386 72
88 380 100
70 394 137
62 368 93
66 325 57
50 412 105
32 416 103
8 423 66
81 339 65
51 393 140
75 413 132
53 379 122
50 399 56
60 356 128
37 409 69
73 333 101
37 339 110
61 328 46
60 349 71
93 401 116
103 364 87
15 341 58
33 416 144
49 411 83
83 337 46
27 349 48
71 379 127
47 353 70
54 392 86
32 409 133
14 325 146
94 360 102
22 337 103
35 372 131
53 324 130
46 340 135
89 419 56
48 394 51
42 326 91
102 338 112
76 414 54
100 345 47
23 349 144
86 360 132
82 354 79
101 332 78
72 391 75
100 400 111
28 328 51
90 344 94
94 420 50
22 344 115
55 395 110
17 376 78
78 324 54
54 403 109
21 334 94
49 389 75
72 334 131
48 331 48
67 334 109
28 359 60
104 391 80
69 394 103
69 338 146
32 421 110
46 368 61
32 361 60
74 395 84
64 365 67
81 330 59
17 394 113
36 357 103
12 336 97
81 367 56
25 340 53
88 357 99
54 353 127
54 396 69
103 373 61
49 384 52
12 393 47
92 401 88
7 418 127
50 355 61
93 404 110
98 405 142
92 373 86
86 366 92
12 345 65
20 346 108
104 385 99
21 373 130
105 352 124
40 400 59
83 340 137
101 377 109
19 409 124
36 363 111
15 378 56
28 394 75
9 358 108
14 352 143
20 374 143
11 404 138
12 415 127
34 381 46
96 366 137
44 347 132
102 359 108
62 408 132
61 385 46
18 351 85
25 369 116
89 343 117
242 339 420
170 396 453
208 367 389
158 322 441
240 392 407
200 349 389
205 392 372
207 389 451
237 397 410
175 367 375
208 348 434
247 387 400
226 388 378
214 406 446
235 317 399
247 361 435
167 354 403
200 359 443
155 373 424
195 363 410
204 345 396
243 393 420
208 350 441
154 321 442
233 396 370
179 391 417
189 404 370
178 392 377
208 357 454
173 358 389
185 399 445
203 356 406
169 342 422
246 362 468
225 402 463
227 389 392
184 357 384
229 329 425
183 390 382
202 382 418
210 338 447
239 404 414
206 331 456
238 386 448
173 344 378
235 333 401
253 408 425
236 342 470
188 379 457
172 386 418
217 322 450
196 312 411
252 315 371
191 350 461
182 339 442
236 395 374
157 377 441
234 326 418
191 365 384
210 369 420
240 334 454
194 387 429
157 389 378
217 369 389
219 384 427
191 399 386
204 362 400
202 345 387
211 322 412
162 356 453
240 320 388
194 343 446
205 333 399
162 407 374
155 383 451
172 411 386
212 363 393
154 322 436
194 377 450
193 323 469
193 365 449
244 380 413
170 402 405
232 406 424
234 345 455
253 353 408
198 386 463
164 397 385
184 326 404
196 352 404
217 401 422
172 319 397
182 362 420
179 374 392
250 341 387
211 313 458
197 328 456
209 349 430
244 347 470
228 400 409
174 330 429
248 370 470
190 384 395
205 390 426
194 346 381
236 371 403
174 334 416
238 356 406
251 359 380
201 341 402
172 396 378
160 398 444
254 398 402
194 332 409
157 374 432
164 398 433
242 410 430
187 354 434
174 382 377
203 338 448
182 312 450
215 412 397
231 370 415
212 391 397
183 321 372
163 383 457
219 339 447
178 354 394
161 403 460
194 342 448
209 359 460
193 391 459
205 343 445
243 348 461
206 412 377
171 375 438
186 345 374
193 401 421
251 396 415
176 336 468
190 338 429
183 367 391
233 323 378
225 378 455
193 403 436
160 338 406
234 353 435
165 346 434
177 376 398
197 318 450
203 389 381
192 338 370
190 353 381
222 321 444
170 344 461
192 333 424
183 334 460
252 364 416
247 350 410
177 405 397
199 335 373
248 345 424
212 330 426
196 337 457
199 369 411
241 399 422
211 328 441
229 344 461
247 409 412
240 388 398
165 371 450
220 406 407
170 315 412
189 370 400
190 346 431
211 368 441
174 379 395
214 390 419
159 355 406
171 380 447
171 353 377
242 362 400
166 358 386
159 356 449
184 341 452
213 390 420
253 331 462
223 356 419
173 328 392
234 395 445
199 338 416
252 341 401
239 406 464
194 360 411
176 410 456
213 318 387
250 390 464
170 342 431
165 343 429
213 321 469
216 339 412
219 382 431
165 355 381
217 326 419
242 407 399
176 401 429
175 399 392
185 391 450
213 367 420
155 343 386
241 354 418
191 386 397
163 337 371
192 345 430
157 322 442
234 366 457
168 377 440
218 378 442
172 378 407
163 333 394
165 318 461
174 339 422
229 399 377
233 332 397
171 394 414
180 397 383
247 344 428
237 350 405
250 329 458
163 374 452
157 376 462
159 314 410
191 404 399
186 408 454
214 371 400
200 358 443
194 401 387
194 318 382
169 313 370
160 352 435
154 390 441
229 353 404
188 330 380
195 362 409
246 317 460
221 386 410
194 318 371
190 317 396
166 346 452
191 323 407
160 391 413
236 353 427
224 392 419
197 369 435
158 337 462
194 367 379
223 367 383
179 321 449
252 359 426
245 356 426
156 351 397
185 355 433
221 337 402
239 391 427
211 335 463
243 406 401
160 411 403
242 316 384
237 408 382
205 324 467
184 405 441
248 319 438
158 386 457
173 391 409
212 365 401
217 354 412
178 341 431
183 384 393
183 367 384
209 361 419
165 325 410
166 361 452
185 396 397
195 342 416
200 372 468
200 392 405
242 365 422
229 326 421
179 398 383
207 364 441
179 372 431
252 390 400
180 366 401
190 367 417
250 355 448
171 355 454
163 336 469
198 393 406
213 327 456
180 344 401
12 273 15
-4 202 97
11 260 42
39 206 10
6 253 101
1 218 55
-6 258 72
-7 200 41
49 240 86
-1 207 101
43 223 21
14 185 89
27 195 43
-22 256 102
-32 270 54
28 243 25
20 222 39
52 206 91
-10 209 32
-2 249 106
-38 232 11
14 188 109
18 190 35
37 199 40
50 200 85
-16 246 37
60 236 68
1 183 58
17 197 102
37 227 21
46 228 59
54 274 62
2 205 38
21 253 16
-15 199 18
-34 241 75
-1 180 97
-3 203 93
38 225 105
43 242 95
62 239 19
45 260 40
-19 237 97
49 267 94
-28 222 85
27 184 39
14 243 56
38 199 86
35 199 19
-33 201 35
35 222 60
45 252 57
3 241 39
50 256 101
-4 277 77
16 225 52
25 210 41
-4 204 75
-35 185 44
6 215 91
-1 228 41
31 245 27
15 202 21
38 261 104
-13 229 101
37 242 30
-33 233 35
48 266 84
-7 269 53
35 275 98
-9 187 56
-23 226 24
10 253 65
29 186 100
60 187 94
-35 203 105
-24 189 97
-30 252 36
19 266 73
44 194 99
-1 224 14
-26 215 95
56 227 64
18 203 58
45 179 90
17 211 94
-16 213 39
-37 233 29
41 264 95
-8 183 60
27 213 87
45 196 38
-34 250 37
5 192 54
43 208 76
16 255 19
-24 214 33
25 200 86
-10 223 28
20 211 38
-37 185 12
39 255 45
29 263 30
-24 243 35
-3 183 11
5 245 63
50 258 57
4 194 22
9 181 40
-28 181 72
20 263 94
8 232 40
-31 224 103
-21 218 102
-31 182 65
-38 264 55
12 262 37
22 192 40
2 234 51
-33 186 76
45 262 45
3 194 68
-30 231 108
-30 183 66
10 271 51
-17 208 21
61 187 86
13 278 55
2 221 31
-30 274 64
-11 263 65
-27 243 33
-30 231 103
39 211 43
-16 187 36
20 207 34
24 200 47
28 231 62
35 271 82
5 252 24
26 207 89
10 209 49
-25 273 105
35 246 50
24 193 17
-3 240 57
25 255 109
26 227 35
8 250 58
-26 235 81
43 276 85
-34 247 32
12 270 11
25 240 11
35 241 84
30 179 69
-10 215 29
-22 252 23
-26 242 77
3 275 94
38 179 52
-19 213 21
58 181 82
62 253 42
35 245 78
-13 193 24
-3 255 35
37 232 35
61 246 79
33 195 53
31 265 42
14 213 104
-31 204 105
48 205 63
-6 199 38
47 216 44
60 239 56
14 181 63
60 240 89
9 191 75
6 201 81
-36 184 96
-34 231 53
-13 216 34
-13 222 59
-19 239 28
0 190 38
10 220 106
-24 238 46
2 226 17
5 276 52
44 220 81
-21 218 49
15 264 30
15 250 97
-38 201 26
3 224 63
16 246 21
-30 187 96
47 212 18
58 255 27
27 219 74
-38 187 109
-33 182 46
22 195 36
30 240 41
-21 195 102
-4 184 23
-19 184 55
24 269 101
-2 234 109
36 264 85
-23 270 29
56 184 74
-4 225 76
47 203 87
47 201 41
-30 197 13
-10 198 104
46 209 103
50 184 61
-19 181 28
-12 197 34
61 242 86
-35 197 55
-5 263 75
-17 266 62
-6 236 85
39 229 82
22 276 31
49 228 23
35 216 36
-16 220 87
52 195 39
-37 216 39
-24 232 56
35 240 100
49 191 53
44 278 75
18 267 73
38 197 18
62 214 88
12 223 45
-28 208 84
-36 230 31
0 193 97
5 192 17
-9 244 76
51 254 55
49 243 10
-13 206 107
60 190 109
21 180 9
-11 256 61
20 272 28
18 189 39
-33 249 19
58 274 61
50 273 86
7 232 93
-2 223 56
22 239 52
37 247 85
61 182 33
-4 237 29
-26 224 9
-37 187 87
-12 218 73
3 187 50
-6 277 11
-2 276 95
54 215 50
17 238 56
18 262 43
61 254 70
-11 217 68
18 243 51
26 230 80
-35 273 85
-21 184 53
-27 243 13
-18 180 36
23 201 90
-22 259 90
22 255 68
-33 207 55
13 232 78
53 188 79
23 208 41
33 196 51
-13 232 21
-5 180 16
27 228 44
4 217 33
-11 261 43
18 262 93
1 273 90
31 184 61
56 219 34
-34 230 86
