-11 35 401
-4 42 473
19 103 391
10 40 434
24 70 437
19 28 414
56 88 435
22 27 393
48 29 448
5 19 438
53 108 425
46 101 421
-33 60 431
46 30 414
22 42 451
-11 36 377
5 55 382
40 69 438
-27 16 464
40 50 453
-30 84 397
-27 41 424
21 58 449
10 66 405
-23 90 445
11 13 395
-14 77 451
-37 104 383
27 61 413
18 42 420
-21 68 441
-10 67 445
-30 16 473
43 11 379
18 70 396
48 55 398
37 86 457
35 99 405
15 72 430
4 29 448
-33 96 421
-9 26 441
43 12 458
3 55 392
-1 54 437
18 30 416
-18 33 422
35 20 450
13 95 387
-28 102 415
-28 35 418
-22 67 463
-3 45 434
6 68 471
36 23 382
-4 18 473
33 37 469
8 41 388
-25 10 452
47 66 422
18 34 378
-33 87 429
50 40 428
-7 100 376
-7 68 385
27 25 462
9 13 393
-33 41 428
20 21 443
13 56 376
33 41 392
9 104 376
54 37 436
50 27 449
6 98 470
-15 22 396
29 12 453
12 100 394
7 68 413
46 105 392
47 20 460
8 88 407
31 84 390
-35 77 421
39 14 426
7 87 463
-26 83 425
20 93 399
14 53 447
33 47 474
42 64 436
-10 90 403
50 106 411
-25 36 402
1 27 382
55 27 393
18 11 411
24 65 462
17 55 393
44 52 399
-28 52 409
-3 74 382
-16 99 460
-17 104 442
20 46 461
53 12 421
-22 84 413
52 89 391
-6 69 389
26 74 435
-32 27 422
-2 32 459
25 14 394
5 104 451
-3 94 439
35 57 429
35 30 454
2 77 384
-23 46 377
34 101 459
57 61 417
45 74 472
38 10 407
36 85 467
-28 13 382
-11 109 446
-3 104 429
7 47 439
7 44 423
-9 104 405
-24 79 394
17 32 421
8 85 473
16 36 454
-25 69 430
47 17 438
-15 65 430
-2 21 380
-33 68 461
26 23 392
29 97 413
-12 52 400
46 96 443
28 50 410
-21 98 403
17 88 434
50 104 412
4 25 432
51 47 421
16 49 401
19 93 404
-29 100 472
-37 80 392
22 39 391
44 104 402
24 35 397
-6 72 407
9 38 414
-26 93 471
-19 78 414
-16 82 385
-18 107 434
-26 37 462
57 62 431
60 99 406
40 12 455
3 23 376
24 92 416
59 73 409
59 96 453
-38 35 411
-5 41 468
7 107 448
20 85 439
-20 66 400
37 64 427
-33 54 411
-13 25 452
-11 85 397
33 46 376
29 74 474
1 52 383
-27 36 420
-7 78 419
-8 38 463
28 11 395
43 66 454
-39 61 416
33 51 423
-22 75 441
48 33 379
-27 17 385
34 85 452
36 34 425
8 36 430
40 61 461
9 15 402
-24 39 389
59 18 393
1 57 419
41 71 434
16 107 448
31 38 389
32 95 445
-11 33 467
-7 96 447
-37 76 472
33 96 462
0 58 469
34 95 393
-15 79 375
46 87 443
-20 74 461
10 69 385
34 78 383
38 99 462
48 64 432
-12 98 396
17 36 472
-2 68 446
-37 40 446
11 29 379
-3 94 409
-20 47 455
31 87 387
47 54 450
49 63 397
41 48 430
-19 67 443
35 28 449
22 56 398
57 102 426
48 70 459
18 66 421
49 82 443
-2 16 473
10 16 376
23 101 446
-39 28 376
54 99 416
3 15 397
-1 19 437
37 57 396
60 51 383
28 80 389
52 95 420
-9 97 400
59 27 461
32 91 383
2 66 403
31 9 457
18 88 381
-24 99 452
36 64 470
21 27 387
-37 26 433
53 93 381
41 91 400
-31 68 430
-5 16 433
47 97 429
-14 75 468
51 10 406
19 92 444
59 15 396
6 66 397
60 31 408
20 81 420
47 27 445
-17 85 379
-25 23 459
14 82 472
-32 106 388
13 99 466
-21 75 425
58 83 381
26 10 382
36 18 458
50 88 377
-37 45 422
0 107 454
27 25 461
45 75 473
8 109 434
18 79 381
-12 49 443
52 42 405
4 54 425
49 44 397
-7 70 427
14 104 407
21 85 457
35 31 436
7 44 391
27 65 466
31 37 440
18 39 414
26 107 406
-31 60 448
45 77 439
-2 41 427
2 65 417
54 95 423
-4 84 386
47 53 376
29 88 426
50 46 398
-4 103 440
8 14 439
0 49 461
-17 11 463
-1 60 399
33 43 412
-19 39 403
-12 102 405
-31 29 442
-4 41 453
0 59 415
39 85 391
2 64 397
13 17 429
-9 18 416
46 21 411
57 63 418
31 14 407
27 84 389
-19 98 409
-21 54 466
50 82 449
2 57 425
-5 48 402
52 32 463
36 98 474
15 100 398
-4 50 427
-15 27 456
-23 89 432
37 40 375
-24 70 426
-11 75 421
44 9 444
-4 28 437
26 70 439
61 89 472
30 97 443
55 96 383
-23 51 420
13 73 473
-10 81 379
-5 103 462
425 355 363
477 421 287
485 410 278
471 401 329
461 355 323
444 432 317
450 414 340
486 377 307
466 346 306
457 365 334
505 423 370
465 411 327
460 356 328
499 359 348
495 340 276
483 366 326
465 357 349
472 341 294
412 389 287
499 374 329
415 354 374
411 388 287
474 390 315
470 368 344
439 356 344
410 360 369
426 380 352
409 396 286
460 383 346
422 416 341
418 359 363
428 368 376
408 381 277
416 410 325
434 337 343
413 354 316
467 360 283
459 376 280
485 435 336
411 426 277
448 428 361
438 409 366
503 338 327
495 351 375
473 377 315
410 378 360
442 407 306
406 364 278
416 365 367
498 341 323
485 391 289
505 349 325
410 342 338
449 357 276
415 401 315
498 408 340
426 342 291
434 369 356
478 375 311
475 426 353
483 421 326
483 339 360
491 433 375
466 351 294
443 344 356
489 403 320
481 364 331
472 377 342
503 356 361
502 407 325
496 412 343
471 436 339
497 408 340
449 372 371
481 427 295
409 430 282
442 346 360
495 407 337
498 427 362
446 345 310
486 399 317
502 361 368
454 418 312
451 340 279
476 369 359
462 436 373
486 342 364
425 433 360
445 344 318
492 364 350
429 377 287
408 347 363
472 434 313
445 372 306
425 362 283
449 406 366
407 424 354
471 382 301
413 387 368
497 339 350
413 417 346
445 349 276
465 427 345
450 437 356
409 371 288
416 417 329
473 359 356
478 409 296
482 371 299
465 361 360
450 376 304
459 431 288
499 394 375
459 365 326
467 391 365
483 408 333
497 355 347
433 382 282
433 405 306
433 376 276
408 369 351
501 398 371
410 413 291
477 370 325
499 402 374
415 356 289
464 377 312
420 409 359
474 377 326
467 428 321
471 408 332
431 419 300
453 387 361
475 380 361
464 419 340
442 369 360
500 377 320
469 398 366
489 378 375
418 362 347
435 377 283
494 415 303
488 372 299
413 346 290
503 425 332
448 369 355
450 385 347
463 382 317
484 415 293
504 372 342
428 370 297
445 429 334
459 352 279
452 393 284
496 409 344
441 388 289
466 412 294
491 430 368
454 346 301
422 435 326
461 431 326
456 410 306
462 359 346
477 374 366
421 432 310
431 409 313
416 367 336
438 379 298
475 416 309
451 408 351
479 390 353
496 392 334
443 369 356
501 380 298
485 419 361
417 374 340
461 377 316
486 354 326
498 360 297
412 354 298
453 382 312
430 398 319
433 349 302
462 351 355
426 362 356
505 397 361
433 406 360
505 387 299
499 356 364
491 347 372
505 432 368
473 404 295
485 414 338
408 360 336
407 429 283
447 395 324
453 365 311
467 395 344
484 362 334
484 373 293
436 352 339
490 417 293
409 346 291
447 394 327
413 373 337
437 360 309
456 410 331
462 338 337
446 417 337
428 338 315
463 394 309
499 420 310
466 422 333
471 388 332
434 419 278
426 381 290
450 417 308
470 338 330
455 421 357
451 399 289
489 358 306
469 423 290
449 395 367
495 420 359
436 435 306
480 353 346
459 413 289
420 367 340
446 381 302
466 356 292
420 369 277
479 411 319
462 421 293
483 430 371
482 369 284
469 347 360
477 369 284
490 370 312
456 429 366
476 391 282
437 437 293
454 357 332
428 431 310
420 420 286
444 414 317
480 428 306
486 416 376
426 404 370
460 401 282
441 379 319
495 349 343
470 403 303
441 385 356
450 348 331
417 406 301
492 359 367
484 436 295
465 359 302
411 391 345
443 418 290
479 410 359
459 345 305
472 436 277
462 393 288
491 342 322
410 430 310
412 406 295
473 397 295
414 389 324
497 393 310
488 400 296
480 368 346
496 420 321
493 338 334
422 416 297
501 339 372
408 418 284
494 382 286
467 343 363
425 406 292
418 358 308
419 392 345
445 349 340
490 424 286
443 355 299
451 345 276
473 389 363
469 436 349
413 407 326
421 394 277
461 345 303
493 367 323
431 431 373
443 434 341
458 375 355
415 354 307
446 354 355
436 371 370
447 392 317
425 366 330
496 375 363
436 394 310
483 416 287
493 359 281
414 340 338
494 401 308
498 378 352
505 382 294
413 399 358
467 434 281
429 415 326
430 431 281
492 395 282
414 407 356
479 350 341
488 424 280
470 390 369
474 382 353
493 406 315
485 427 369
425 411 367
409 430 297
482 402 300
486 375 312
445 434 288
478 394 370
466 430 351
486 432 284
465 434 370
506 384 335
475 383 311
414 420 278
415 433 303
492 386 363
409 424 353
486 412 289
447 360 339
484 395 352
486 425 364
501 343 290
412 408 279
475 370 327
492 397 323
491 352 280
458 358 324
415 390 331
446 415 341
497 389 334
505 409 341
477 355 330
81 273 102
116 340 103
65 322 127
102 296 109
107 304 165
133 344 153
100 311 110
123 270 110
98 276 162
70 251 118
111 283 80
84 287 88
68 279 148
132 261 164
110 331 75
124 322 138
120 343 100
135 290 97
139 268 103
109 318 88
128 331 91
145 343 131
96 341 85
56 285 75
63 330 91
93 264 172
79 312 135
133 304 143
65 257 163
116 330 171
93 316 78
62 259 149
119 284 114
106 254 135
89 265 136
120 304 129
61 262 96
66 275 125
99 278 154
115 299 134
63 339 80
82 329 145
74 321 113
86 271 87
88 299 74
56 307 128
110 305 81
76 275 150
123 256 155
75 297 78
95 256 158
68 336 134
55 256 95
71 309 141
127 295 87
112 309 122
113 249 160
61 340 143
102 280 91
136 347 131
72 290 157
63 320 88
133 255 114
126 325 171
121 274 103
60 260 155
99 270 119
139 337 92
98 277 118
123 327 76
111 303 128
119 253 91
145 298 82
57 304 170
118 292 132
131 277 110
145 333 122
94 254 93
118 290 92
135 252 107
77 249 143
132 265 153
124 272 109
117 280 80
89 279 150
99 281 82
95 265 168
91 255 121
75 328 83
151 305 160
85 268 120
57 306 115
145 261 120
120 313 94
121 331 115
78 332 167
60 277 130
82 329 144
54 316 133
96 251 85
61 256 125
123 295 77
134 276 165
121 250 150
122 318 106
116 348 115
105 260 90
76 268 121
114 261 164
70 284 157
77 304 79
61 284 141
61 340 132
92 344 163
131 258 114
115 346 139
115 251 100
111 281 153
90 259 103
108 303 140
133 291 171
69 313 147
91 319 135
112 346 83
89 313 157
90 348 127
139 298 157
96 335 92
118 323 118
83 292 97
149 325 79
77 248 110
88 315 149
138 272 93
127 271 78
141 322 146
89 268 160
60 269 106
99 270 117
69 286 171
67 270 156
131 264 98
137 288 107
109 305 165
107 294 76
150 305 90
130 321 133
83 250 92
150 299 152
111 341 85
141 291 94
134 325 172
142 266 127
100 302 121
79 323 151
149 267 80
70 338 73
103 312 82
104 300 135
76 262 81
116 263 118
113 248 110
54 334 138
148 306 120
52 308 163
102 267 114
123 274 165
99 300 142
110 328 112
58 279 77
118 313 165
73 317 100
143 335 156
70 287 86
64 271 75
116 256 110
128 290 116
105 274 162
110 333 72
70 268 166
75 289 145
63 279 90
72 317 125
90 269 96
151 282 75
126 318 145
137 272 152
120 277 82
78 261 168
121 304 83
96 311 110
85 327 93
80 253 109
135 314 147
107 330 91
137 264 116
51 265 127
134 344 74
138 255 123
151 311 125
109 311 161
86 259 72
137 275 122
147 275 72
86 279 150
111 341 111
127 341 159
82 315 151
75 294 111
113 252 141
133 331 151
78 274 78
56 290 82
81 279 137
145 324 164
71 250 116
96 253 135
143 290 146
53 317 75
57 326 170
141 318 130
143 326 145
145 340 101
109 294 126
81 338 161
111 347 169
72 322 74
81 311 161
82 290 136
128 313 121
133 279 107
76 339 135
56 253 130
81 307 163
107 318 163
80 286 140
149 323 93
133 320 95
87 284 152
133 319 120
135 261 117
130 302 145
150 335 82
135 345 107
112 294 107
132 315 160
117 251 161
133 337 141
127 304 86
57 300 139
142 279 86
94 303 92
129 338 119
145 291 127
135 332 106
99 330 129
114 344 93
127 292 114
126 274 144
116 301 106
117 305 145
139 326 144
78 300 132
139 316 99
110 328 135
81 283 106
63 340 137
98 333 151
81 305 118
133 332 105
102 270 114
65 313 99
134 308 157
62 260 131
106 260 135
65 270 120
131 340 97
151 260 105
132 316 168
91 331 134
142 303 168
140 306 147
126 311 97
76 253 141
127 281 85
59 282 152
132 270 171
102 266 131
150 307 127
81 319 125
151 285 89
140 324 148
78 320 104
75 314 81
97 251 142
145 307 141
79 331 79
135 269 86
96 292 166
66 254 86
56 305 117
71 281 125
140 334 154
70 268 145
58 298 84
125 343 162
138 272 96
76 264 100
128 327 146
103 293 89
63 342 115
110 290 154
124 302 133
109 289 105
72 263 89
72 312 153
68 250 110
78 329 166
115 316 153
59 262 148
88 286 77
71 299 142
85 334 91
93 338 171
113 345 78
116 273 164
118 275 165
113 295 114
149 257 146
94 276 143
116 256 122
97 313 142
65 258 89
72 337 103
136 312 165
94 325 148
147 312 113
93 321 127
91 333 115
143 329 132
87 259 96
53 324 121
88 274 88
111 259 130
78 274 76
125 273 122
100 311 136
125 279 86
101 330 167
55 274 163
99 450 159
114 457 96
136 468 186
66 454 101
73 457 113
83 436 92
60 473 144
106 417 151
151 466 142
128 468 135
144 485 95
105 452 174
144 431 110
155 482 113
61 421 104
120 442 100
107 442 181
104 485 153
96 419 177
155 441 171
159 447 90
119 489 156
156 463 130
156 421 168
133 397 126
103 409 91
95 411 171
89 458 158
142 408 105
142 496 165
141 483 180
136 447 129
67 463 155
135 400 157
106 474 174
146 466 183
150 448 103
149 485 177
125 434 163
104 461 175
116 481 150
79 464 188
90 485 188
59 494 104
153 426 180
133 461 147
118 483 166
60 463 144
127 491 134
115 399 149
106 470 147
121 457 114
150 455 142
122 408 133
105 431 100
135 488 95
104 418 156
104 449 171
73 489 126
104 487 174
140 454 134
143 406 143
66 462 141
138 467 144
65 448 116
89 490 126
140 470 123
158 443 89
96 466 147
135 403 107
72 438 118
123 440 181
151 427 170
66 410 188
146 466 166
68 466 115
159 423 104
67 475 130
69 481 164
118 487 118
89 470 172
143 459 161
76 486 128
92 476 140
158 471 162
135 474 185
152 475 178
110 458 156
77 490 132
126 459 124
97 406 146
114 461 174
144 485 156
115 451 109
128 475 157
71 423 126
64 412 94
77 496 118
91 446 159
112 413 139
63 468 141
88 433 109
66 408 164
127 460 170
110 486 140
65 467 119
145 490 150
62 437 117
156 423 106
108 478 148
94 407 163
96 483 184
147 494 183
65 460 161
127 459 135
137 410 142
153 493 164
146 419 96
139 456 109
137 413 113
133 443 130
145 437 111
79 419 151
155 456 158
137 408 133
72 452 139
66 449 174
88 424 98
147 472 156
156 451 133
116 476 140
82 494 179
103 426 105
83 479 96
143 419 151
73 470 93
70 448 144
145 461 114
69 471 102
85 409 149
59 454 125
125 459 172
134 434 120
132 489 151
110 429 183
91 422 181
87 411 110
90 484 186
141 399 147
133 432 137
135 421 147
76 476 128
128 416 157
93 421 92
69 481 163
71 466 154
159 481 101
117 414 114
102 412 122
64 423 103
116 422 130
109 435 108
138 447 128
87 413 149
157 425 189
101 422 154
139 462 104
133 427 115
149 399 159
149 465 165
139 493 146
107 473 125
154 462 127
85 489 101
94 455 92
114 416 170
63 477 137
144 462 102
79 400 142
101 486 122
113 419 108
84 446 124
104 421 177
102 484 145
129 456 140
104 463 185
150 486 166
87 430 121
101 468 91
117 436 113
63 463 185
60 419 179
132 456 172
139 414 149
149 425 170
136 476 146
137 429 184
97 435 181
78 474 180
64 421 125
102 453 185
65 403 160
105 450 127
73 396 111
149 397 95
121 454 105
122 411 100
77 463 175
117 399 148
93 443 162
109 472 131
124 403 140
154 453 137
84 431 117
79 444 98
67 483 89
150 404 154
67 397 164
127 493 182
77 454 90
81 452 162
70 406 123
67 442 177
105 446 114
132 458 101
59 467 125
145 426 168
129 486 120
101 494 176
111 429 169
73 489 100
78 488 135
127 450 134
151 487 168
92 462 92
105 489 139
155 447 146
119 485 147
91 496 100
140 405 167
90 487 149
80 409 139
116 454 111
147 418 158
81 446 118
97 475 97
91 493 98
122 409 140
115 490 149
78 479 106
130 466 159
128 422 142
150 480 172
118 418 139
155 456 98
87 495 165
92 429 119
71 426 110
141 435 122
77 439 141
130 424 176
131 468 115
108 398 162
109 487 94
133 441 167
85 496 135
142 436 157
59 407 155
73 454 92
106 478 104
154 439 126
119 396 126
65 461 157
131 396 102
144 452 122
87 442 102
99 421 158
146 491 109
90 406 168
82 438 183
129 463 163
106 416 106
109 475 175
157 400 171
78 450 143
76 413 105
120 467 95
147 441 181
100 424 125
110 444 116
85 430 94
150 441 117
117 433 177
109 457 119
95 468 105
110 400 128
144 424 138
83 481 119
60 473 165
142 470 96
138 483 153
126 455 110
133 440 115
102 460 102
96 396 166
75 467 117
88 476 130
60 469 141
108 417 174
157 425 150
67 405 91
67 464 143
137 426 171
91 411 120
114 494 167
125 487 189
62 449 176
91 431 110
125 478 112
121 463 170
89 413 175
86 438 142
87 408 144
130 415 160
121 430 148
73 423 132
137 415 165
123 441 93
60 468 135
122 442 134
119 422 119
108 457 150
104 406 178
103 455 137
80 427 106
91 462 143
93 481 159
142 424 104
73 443 124
98 475 103
98 429 106
139 416 177
112 471 167
137 413 97
94 396 92
144 467 180
83 422 175
84 486 170
98 440 128
84 483 182
226 -28 406
129 55 363
209 -30 422
175 10 367
217 42 354
186 -14 387
178 48 371
212 29 339
151 8 377
187 -1 355
206 2 421
168 65 359
136 24 327
210 -13 421
164 -18 369
178 -26 398
156 -21 414
130 57 372
135 57 383
187 22 358
224 19 425
188 -32 359
137 24 425
164 -15 334
177 -24 347
138 -12 339
181 4 368
211 53 416
194 43 371
186 -6 383
136 33 403
174 0 400
167 30 373
143 49 359
191 22 412
164 -31 404
136 -6 369
130 -7 361
145 -12 422
191 22 338
138 -31 360
225 -23 345
142 11 360
134 -11 378
226 27 416
177 62 393
170 37 415
198 -33 340
155 -15 330
182 36 379
150 -20 350
187 42 350
171 63 357
221 -23 347
211 46 362
160 47 333
139 -6 347
174 -3 396
193 42 394
165 31 334
158 -15 360
146 2 424
141 42 405
212 -8 348
158 -14 374
135 -21 423
156 1 330
139 59 403
128 -3 384
164 -25 420
153 -9 361
168 16 328
170 54 385
127 -14 401
187 38 418
210 27 392
226 48 397
187 62 338
174 20 379
224 -6 335
166 46 364
158 -22 407
220 33 339
203 42 379
149 -13 398
130 7 331
223 62 396
169 -30 345
221 8 372
148 6 397
224 58 351
197 -4 356
133 41 364
170 51 397
164 66 392
214 47 374
129 25 329
217 14 399
209 9 425
151 22 383
189 26 340
225 -28 410
154 37 371
212 29 395
173 46 366
161 15 335
208 34 418
192 -12 364
166 43 341
223 37 381
200 -27 370
172 9 418
169 27 415
217 21 375
215 37 327
219 12 353
140 11 337
220 51 387
170 -8 419
167 -27 336
225 30 357
160 3 388
161 28 328
218 -2 329
169 -4 333
165 9 387
186 -31 403
161 17 393
161 -1 348
215 56 411
208 -31 349
150 -24 416
187 35 388
195 -21 381
211 -32 355
193 41 414
133 59 389
152 12 386
136 -30 390
187 0 337
213 45 337
194 30 394
224 4 392
205 37 329
134 16 423
172 -33 402
128 63 334
135 14 364
156 7 347
145 5 411
156 37 425
157 34 348
208 -27 356
207 -17 379
141 -29 400
221 21 355
135 49 360
186 -31 337
212 64 372
214 8 373
164 54 396
214 26 414
137 41 388
224 2 426
222 54 365
132 3 370
201 -3 407
184 -25 356
199 55 419
140 13 371
178 -4 344
143 12 345
159 -11 389
134 -26 329
216 54 346
156 29 406
201 -26 408
153 51 362
197 60 399
139 -19 407
219 25 393
137 62 373
161 22 367
155 41 402
216 -16 385
177 -22 368
143 -2 357
203 -30 374
127 -12 364
145 29 407
154 -10 405
146 32 361
192 -25 344
187 31 355
207 -1 368
225 7 365
207 62 367
181 15 391
130 63 333
155 -3 415
207 55 387
213 -4 326
214 3 425
164 -31 417
156 -34 413
201 40 386
170 34 326
224 59 407
225 33 410
215 -2 374
197 4 351
194 45 406
187 -30 349
130 -26 416
200 -17 351
135 54 375
213 63 395
129 -28 393
197 42 347
204 1 406
166 -30 417
208 -11 380
226 -22 390
194 15 415
225 -34 406
198 63 391
156 -7 328
161 0 338
193 -3 363
209 -29 327
206 64 415
214 -15 334
202 33 355
128 9 374
156 7 399
225 29 405
181 -25 378
213 3 365
194 -5 378
215 -18 387
193 52 392
210 27 400
170 40 354
192 -15 357
171 -9 402
225 -10 418
226 8 389
175 52 326
226 20 377
188 -20 404
221 62 364
210 57 426
185 14 417
203 29 383
194 31 371
226 13 426
202 -17 345
173 15 374
204 -10 352
171 -11 344
220 56 407
127 61 397
201 48 389
213 4 389
202 44 372
218 47 404
172 47 328
149 59 401
159 -8 334
179 42 409
224 66 348
135 29 341
192 26 406
225 2 384
212 -31 379
172 12 407
188 51 398
131 29 371
196 -24 415
193 56 370
140 11 424
174 -20 360
160 -6 408
211 44 390
161 11 408
207 65 394
134 14 344
169 -3 404
201 -13 355
197 54 385
220 28 331
216 -6 348
201 44 355
152 38 371
220 42 396
171 48 334
186 -25 365
215 43 353
224 62 357
209 -13 408
164 16 418
127 -16 408
149 -14 356
162 -19 393
186 13 399
131 -7 342
170 46 420
198 44 392
211 39 400
175 12 335
189 21 342
189 48 423
169 35 366
179 6 364
140 5 382
144 29 365
197 18 411
139 14 418
126 61 333
141 12 370
193 28 390
167 -9 343
206 -21 386
188 34 417
134 -22 411
139 -2 421
183 3 374
201 -26 414
159 12 392
192 25 357
191 10 404
190 47 368
145 13 399
133 17 341
205 21 388
142 -15 361
194 57 414
156 28 353
189 -16 407
151 60 403
175 31 377
144 66 413
173 -26 348
174 56 334
170 32 346
209 -23 404
221 48 334
179 11 337
196 42 406
138 23 356
-1 442 81
12 387 89
13 434 106
24 413 118
-31 440 96
-24 364 80
39 416 46
-25 370 38
-23 438 116
20 402 58
22 372 32
40 411 119
30 358 58
-36 380 36
49 394 73
47 351 84
-9 418 86
50 352 104
22 380 29
17 416 61
6 362 104
0 416 45
18 412 48
25 399 94
45 369 25
-11 414 55
-30 434 35
44 440 54
54 403 115
2 443 112
40 444 57
-26 371 83
53 347 95
-25 431 47
-22 405 59
0 354 76
-1 424 42
19 433 113
9 349 68
-18 345 113
56 370 70
-5 420 91
-34 413 90
38 367 39
39 376 75
39 414 111
9 356 46
11 422 111
-35 372 106
42 402 72
12 433 45
-20 405 26
3 365 65
28 404 75
-24 420 103
3 381 110
35 407 110
-21 404 86
-10 435 123
-4 434 80
16 425 35
37 352 85
-11 349 77
24 408 99
40 395 86
21 367 69
0 401 65
61 366 88
51 360 29
-14 440 86
-12 380 66
-1 433 36
43 422 97
39 394 61
43 360 46
-22 360 108
12 437 108
35 424 60
54 362 100
7 388 95
-15 411 67
-23 350 47
-27 442 42
10 395 27
-21 378 74
36 401 27
28 402 100
53 436 35
-13 362 34
-20 418 63
-31 359 96
51 427 107
19 444 42
-18 361 90
-11 388 84
-24 388 39
-30 407 51
19 442 36
19 382 84
41 412 96
-10 439 30
41 350 60
33 388 120
25 445 98
-28 423 33
-9 435 70
-1 431 54
51 395 111
-29 348 88
51 416 54
-12 382 80
34 373 101
0 370 53
56 391 60
48 381 69
-14 365 66
37 410 105
46 367 52
-5 440 57
37 396 90
28 436 36
-14 402 94
36 428 63
5 346 76
15 377 125
11 354 119
-1 445 105
-27 389 27
52 421 125
-30 434 104
-24 413 70
-29 381 74
-21 369 76
58 350 104
46 413 26
-7 399 51
38 355 43
3 430 79
50 434 46
-26 406 94
11 417 113
19 419 101
53 417 94
23 445 76
-34 430 92
23 390 68
-23 402 81
39 399 88
14 409 81
43 402 123
38 375 62
7 396 52
8 426 73
1 435 83
24 365 71
-29 383 125
23 377 50
-30 372 54
-10 356 47
64 348 76
25 357 45
16 365 39
-31 401 114
29 371 67
2 349 46
40 365 39
9 412 79
63 351 88
-3 360 50
56 409 100
20 383 77
64 378 109
31 364 59
-12 425 75
33 372 99
29 373 75
-18 395 47
25 415 121
1 362 88
52 417 117
22 378 72
13 431 72
44 396 42
20 353 72
-9 437 42
26 426 71
0 424 30
18 378 114
52 389 53
0 375 86
28 421 115
51 427 61
-9 378 34
-28 414 70
14 432 33
53 405 49
-20 381 53
45 352 32
-27 360 124
-13 390 99
60 345 46
11 411 27
9 419 49
8 372 31
-18 356 109
-32 435 114
59 360 111
-5 379 105
-7 376 30
-34 379 117
-33 441 28
52 416 112
17 376 37
-30 392 111
-11 432 82
-4 432 75
1 429 40
37 372 49
40 403 111
46 428 49
-28 422 89
27 376 53
57 369 78
-26 416 48
-27 380 114
46 420 95
-25 432 86
45 434 69
31 377 100
18 389 44
-27 430 118
33 389 111
-10 359 84
45 418 57
-15 408 87
1 368 61
-13 436 35
21 346 86
-5 432 120
26 441 77
56 445 89
24 386 59
-22 415 82
41 388 25
45 410 32
-17 345 86
9 405 105
51 366 96
22 368 99
-33 390 80
28 410 38
45 346 94
-19 415 56
15 419 80
37 412 95
50 427 102
-36 353 94
-26 382 94
56 388 42
-3 426 115
-1 439 62
48 426 120
5 406 89
-26 382 29
35 408 48
50 415 52
-15 438 80
61 367 97
61 420 35
-2 408 56
-26 407 45
62 380 51
20 387 96
61 358 59
-11 398 101
-3 437 104
-6 417 107
37 353 89
18 413 69
-16 410 37
26 381 57
16 411 74
44 420 122
51 383 102
48 396 70
52 375 61
24 376 98
17 370 42
-18 418 116
-13 394 107
58 366 60
54 362 120
-2 431 107
6 378 67
-1 411 58
19 351 62
8 425 66
24 347 71
-27 436 66
22 432 103
27 412 41
15 435 58
25 402 60
-33 427 56
50 392 79
49 407 118
-2 433 115
43 385 53
-13 361 32
39 370 32
-35 439 45
30 407 115
7 399 39
8 423 61
40 392 97
12 370 55
31 351 99
-34 392 123
-22 392 47
2 413 54
-16 369 70
-36 438 84
4 351 73
47 433 38
-32 379 96
-7 428 56
-24 431 118
61 348 112
9 434 46
-25 430 83
-6 428 35
37 360 92
37 410 26
-19 390 36
54 369 121
27 439 72
4 422 109
64 359 41
35 372 28
26 417 124
1 420 79
-23 361 58
-24 351 42
26 417 70
-4 421 103
7 369 98
-32 377 90
25 350 55
61 392 52
3 377 41
55 487 117
68 413 139
10 441 104
46 488 98
101 440 125
21 481 131
16 473 89
15 405 116
96 468 115
99 429 117
11 414 77
76 471 137
5 418 126
72 456 123
5 429 108
5 415 67
12 457 53
41 435 55
30 436 144
84 493 106
43 447 98
16 397 135
82 404 90
64 463 93
86 422 62
11 469 72
94 448 143
47 474 109
65 495 97
52 453 46
46 458 116
30 421 46
43 419 92
53 416 71
55 480 129
105 490 84
19 434 76
39 405 94
7 463 73
83 407 63
93 429 101
89 475 133
72 454 56
14 396 50
48 479 119
71 467 89
26 444 83
44 402 71
85 423 121
66 481 99
39 463 73
24 450 57
41 455 132
21 452 61
94 397 74
32 421 133
67 484 53
66 439 135
6 472 97
66 425 110
87 489 140
93 435 132
18 493 52
17 405 110
49 454 54
31 483 106
54 443 78
32 474 145
104 412 93
38 492 138
48 405 51
105 450 65
10 449 91
79 479 85
60 426 145
49 439 88
73 488 112
25 428 111
85 420 119
58 417 146
64 457 56
50 492 63
49 466 128
21 444 67
66 474 107
57 491 82
43 466 110
67 470 109
29 411 120
28 465 133
9 487 67
64 425 80
29 456 103
46 434 100
79 400 75
55 417 77
60 443 129
98 493 67
51 414 67
99 466 143
80 441 139
83 413 88
100 496 132
38 493 47
34 488 92
36 428 80
46 479 132
65 464 66
92 426 77
28 414 54
101 416 71
87 473 84
57 428 61
10 435 63
20 471 98
93 420 141
24 409 98
11 434 129
67 401 54
33 414 144
25 473 78
99 422 136
11 437 107
29 439 134
53 473 88
12 425 68
91 489 95
52 423 55
9 460 100
94 449 125
7 468 134
57 427 142
34 461 55
86 420 74
9 438 66
76 424 97
52 445 46
48 495 117
92 434 107
104 427 121
66 408 65
98 436 122
27 455 76
14 484 105
93 406 55
53 483 129
66 418 98
9 462 134
5 460 142
69 415 52
48 409 99
66 462 72
71 448 133
94 477 51
65 455 81
98 469 99
84 481 80
61 481 86
104 481 60
60 494 48
36 434 125
44 451 128
102 457 55
6 421 132
70 484 47
22 468 119
27 489 107
13 404 106
91 496 95
69 401 46
23 473 109
95 416 128
39 414 121
78 491 132
55 445 65
89 412 82
42 396 100
12 453 80
28 403 88
11 468 95
53 469 86
21 398 66
61 453 111
9 422 61
86 438 121
68 407 63
52 462 93
18 475 145
13 478 48
38 481 55
77 449 50
93 469 54
72 486 63
37 399 68
6 438 89
70 423 119
88 494 132
34 439 48
87 445 122
32 416 126
70 412 102
6 410 123
19 431 47
81 433 78
33 411 83
41 475 70
76 495 108
37 427 95
89 423 143
64 419 72
88 401 55
100 404 128
21 480 56
51 421 123
67 431 46
41 423 123
66 399 49
97 448 59
64 400 101
18 405 121
20 466 124
94 439 132
104 464 115
75 438 112
47 482 78
84 485 49
26 420 47
15 413 61
63 449 49
102 493 57
33 456 68
56 412 46
73 417 115
72 470 127
105 456 116
76 465 106
76 436 86
14 468 64
82 406 101
61 414 90
16 481 106
68 478 69
44 427 90
10 455 86
22 460 89
22 482 100
41 401 145
77 441 93
93 465 127
18 399 141
15 402 96
35 419 133
63 489 79
25 487 58
5 495 118
59 407 98
14 418 79
36 432 130
41 482 77
54 449 68
41 460 113
56 488 93
89 447 84
64 409 137
33 488 126
41 460 108
10 442 92
39 398 71
16 439 99
103 445 71
79 409 124
85 424 47
78 406 92
91 472 108
89 407 88
65 435 138
35 398 123
61 465 95
69 419 139
102 426 66
65 465 137
85 469 139
19 401 94
74 422 53
67 443 70
95 493 63
83 454 76
40 409 63
27 414 116
62 420 91
67 489 71
53 409 79
67 398 49
81 448 124
5 464 145
8 416 135
25 430 106
67 433 106
105 435 116
74 439 104
54 455 71
78 445 112
49 468 81
80 415 100
74 495 82
55 469 55
65 496 73
90 458 126
105 453 112
83 409 133
29 410 102
101 423 81
76 448 114
91 430 69
12 492 108
6 481 77
26 469 105
53 462 110
11 482 85
18 404 56
63 492 83
57 484 105
94 400 146
20 411 88
82 457 59
77 397 49
98 470 133
60 459 48
25 477 46
73 423 61
74 408 121
53 475 135
60 491 96
38 470 143
21 406 79
56 398 87
91 399 131
54 478 117
53 459 99
24 456 56
74 415 95
56 432 92
19 404 80
57 485 114
64 489 128
20 463 52
45 494 75
8 469 105
100 404 93
91 409 93
206 117 137
157 158 121
217 138 154
166 104 98
206 117 159
200 177 160
229 160 109
204 123 164
150 176 125
223 179 138
215 124 135
211 113 160
171 103 96
204 99 147
234 182 133
190 153 101
214 192 71
247 110 93
197 124 118
205 153 117
229 134 124
232 139 79
220 130 91
192 130 76
170 177 149
196 118 73
166 151 103
205 136 68
172 188 102
205 111 147
221 179 143
243 191 132
220 100 97
178 149 116
232 130 133
168 195 138
223 99 76
185 168 108
166 188 95
174 137 98
187 178 136
176 175 161
152 160 71
205 161 132
247 138 79
236 197 77
192 156 70
214 121 121
210 102 117
159 111 132
175 141 140
180 189 120
235 164 152
227 107 74
155 184 100
243 191 137
172 130 95
168 145 136
150 145 142
202 199 137
237 131 118
241 124 143
202 117 107
241 177 147
173 186 71
246 195 161
178 178 152
236 179 145
199 189 95
242 179 89
196 178 80
186 100 147
238 167 81
204 170 122
162 112 69
191 108 147
210 143 65
193 154 110
205 105 68
233 129 143
229 134 114
200 107 146
181 112 138
183 192 101
215 114 112
159 131 96
211 168 143
226 196 149
186 168 88
153 183 73
241 119 150
182 105 100
231 180 140
241 124 89
210 110 132
169 138 108
182 125 77
171 126 79
236 156 105
150 102 133
226 103 128
217 105 162
190 115 107
209 169 97
243 105 139
167 126 72
195 170 101
159 173 102
170 163 132
160 173 81
216 103 116
167 144 115
213 114 66
240 136 71
154 182 131
234 167 138
154 132 140
152 168 154
181 113 94
202 194 158
248 102 151
198 149 113
191 155 161
207 111 76
183 153 94
188 127 104
192 132 91
215 190 86
225 139 105
245 163 72
226 186 137
158 114 129
242 118 92
249 131 160
232 118 141
162 162 83
225 104 128
180 152 122
236 168 122
221 196 96
158 123 161
190 169 152
222 116 97
233 198 82
173 104 134
182 108 122
234 104 108
210 172 114
233 149 161
243 107 78
208 161 89
195 153 163
157 183 128
244 197 104
176 164 90
156 122 131
224 140 159
198 152 79
230 149 154
222 199 116
206 122 146
183 154 88
189 114 143
233 118 137
234 167 136
226 132 83
155 134 114
229 149 107
154 188 133
244 185 111
176 195 146
176 155 149
168 108 162
209 199 145
172 197 110
218 151 162
168 128 162
186 181 101
183 126 73
249 134 156
152 104 134
184 99 151
204 199 119
183 144 138
211 141 86
218 179 83
150 198 144
159 108 111
238 162 146
236 146 101
239 199 83
184 102 100
169 102 137
187 168 66
237 196 122
168 109 160
182 112 150
155 191 136
249 161 118
193 150 110
241 185 131
203 167 149
232 153 108
169 114 71
195 104 95
179 193 79
173 115 139
188 153 136
200 121 102
180 118 164
204 176 90
212 185 137
239 108 91
227 111 67
226 196 102
171 194 67
224 189 143
162 130 133
233 144 150
229 115 145
237 118 153
208 177 116
216 167 123
240 146 110
164 119 86
218 169 82
151 145 91
204 99 155
211 156 156
175 135 128
216 181 142
222 161 66
190 153 75
150 108 133
241 159 113
233 113 109
211 178 122
167 160 76
170 151 99
240 164 133
210 120 112
183 145 141
158 169 149
197 198 88
169 100 154
169 177 68
197 130 67
195 132 164
151 198 163
156 103 89
230 179 105
248 121 84
207 127 103
230 128 165
220 141 69
236 165 152
184 141 79
218 104 140
155 182 87
169 174 67
191 191 162
188 135 152
237 162 74
241 170 67
223 150 114
150 134 89
167 196 135
222 128 135
177 125 161
160 137 143
223 158 68
153 117 118
155 148 88
221 197 148
230 127 86
211 137 134
158 174 134
178 180 95
199 104 142
183 170 75
173 100 150
180 181 159
247 109 81
207 150 120
233 132 86
242 109 155
186 114 70
157 142 82
175 99 123
232 135 143
190 132 91
158 167 124
171 177 102
233 198 117
154 196 148
189 152 147
228 103 161
153 167 109
157 174 126
220 140 98
227 181 106
184 117 71
160 143 165
248 189 84
160 130 143
207 177 136
189 157 77
230 179 98
205 100 131
190 195 89
179 189 124
191 105 125
234 114 90
180 106 104
218 189 146
212 115 159
228 108 124
249 182 104
206 171 74
224 161 146
208 113 74
150 171 148
222 116 127
173 176 147
221 174 118
197 162 129
195 108 112
156 105 84
184 144 160
167 172 122
187 121 154
224 127 111
166 135 151
162 179 152
186 189 163
192 123 94
211 190 164
195 166 139
164 123 146
243 172 82
192 164 160
174 194 118
195 134 161
185 99 142
234 138 129
210 163 92
210 122 114
176 143 152
162 105 157
177 137 77
187 102 399
168 156 345
189 98 415
200 69 434
185 105 408
145 118 406
144 136 344
165 132 365
133 91 433
130 117 370
142 116 350
169 107 340
182 125 378
146 107 388
117 116 349
137 72 373
145 81 423
205 102 377
150 88 363
209 121 366
213 82 363
187 84 371
150 101 392
125 81 365
164 150 419
162 136 391
212 67 419
175 71 355
196 119 388
162 146 427
125 58 379
157 80 398
149 93 428
202 91 415
170 139 340
199 88 414
158 68 402
159 87 380
179 156 397
199 144 421
206 97 392
202 119 424
194 124 344
196 133 387
204 139 410
161 75 337
201 144 380
214 89 347
187 116 374
208 95 388
126 99 338
175 119 368
207 67 415
200 71 374
210 146 355
212 125 335
194 77 410
140 154 391
145 122 371
211 130 356
213 85 376
184 125 378
205 141 371
184 146 427
137 133 418
171 94 398
139 152 393
126 147 407
157 97 394
170 74 413
122 103 418
203 105 402
176 96 418
115 83 365
135 126 409
140 109 340
171 102 356
144 81 426
159 89 382
127 70 431
125 70 343
179 74 426
207 86 346
163 136 354
213 95 381
125 156 359
195 69 355
163 152 427
166 129 406
197 65 396
203 153 357
186 138 418
199 112 362
162 92 381
129 97 344
127 91 428
206 60 344
142 155 353
116 145 386
167 140 365
125 73 390
164 86 376
119 106 379
117 92 414
196 66 336
205 117 433
139 111 416
182 106 347
185 93 427
147 108 414
122 106 341
129 118 374
157 91 334
183 101 384
168 85 337
117 144 393
137 56 411
126 65 360
156 83 422
125 115 360
119 82 375
168 92 380
168 141 363
169 146 345
198 85 425
158 70 430
163 96 348
201 57 378
181 62 368
184 155 346
140 154 369
166 128 392
193 122 335
178 154 424
214 56 423
205 88 396
125 119 367
201 133 344
147 133 340
175 136 434
128 156 420
123 81 345
185 57 429
125 77 338
211 91 368
208 104 408
146 138 355
173 128 411
188 103 388
155 71 388
194 103 418
124 76 354
144 109 349
161 94 415
131 155 384
131 153 341
155 78 337
172 99 406
143 109 368
128 126 407
160 108 340
151 115 390
199 130 428
162 115 385
123 68 427
134 94 367
132 73 398
141 91 430
192 114 432
161 106 404
196 146 374
136 76 408
132 124 361
140 95 424
177 72 344
165 115 411
213 113 432
166 119 376
152 136 359
122 148 364
199 64 428
149 113 352
212 87 334
198 84 428
199 97 386
122 68 341
144 156 356
157 144 340
205 117 356
137 73 406
166 137 357
173 101 421
177 121 356
198 156 348
187 79 353
192 124 355
116 73 413
170 81 402
141 85 427
126 151 376
119 84 358
156 72 352
167 91 375
160 155 426
159 145 396
183 58 425
187 146 377
134 107 400
181 84 418
181 56 397
122 145 401
185 131 358
144 83 339
167 147 397
146 129 363
151 146 336
161 88 428
193 154 351
202 59 387
188 84 355
191 60 423
150 124 344
119 143 419
187 151 393
148 108 425
142 113 367
133 145 340
178 142 414
145 115 378
118 119 341
171 88 430
208 99 420
165 150 394
121 90 334
127 123 336
127 65 417
159 115 387
154 83 345
130 127 390
211 106 383
186 62 406
169 68 407
184 78 341
129 71 357
148 110 432
139 89 406
209 99 338
151 78 363
121 100 383
213 97 394
129 66 396
166 109 434
131 73 419
215 131 417
149 99 360
122 111 402
208 150 434
127 116 366
211 90 414
134 145 376
152 152 336
144 136 420
164 116 335
121 133 395
126 86 424
133 78 387
168 144 408
138 71 382
193 100 349
124 93 427
172 137 353
150 58 365
122 65 373
195 60 412
151 109 405
148 148 357
171 155 368
132 145 369
163 60 362
148 66 375
178 148 431
198 72 351
167 156 393
127 110 429
117 130 380
133 96 353
179 94 396
197 80 405
163 155 393
157 61 426
201 132 381
125 74 395
142 124 337
175 150 422
150 119 360
150 124 383
117 146 406
213 149 389
148 132 373
124 144 352
149 135 387
168 139 413
201 76 431
123 98 382
147 77 381
139 156 430
115 100 406
206 65 364
203 59 415
156 74 356
174 111 344
187 71 388
150 81 408
130 77 381
191 91 402
171 150 370
146 73 376
132 128 391
119 79 357
122 153 418
193 131 379
176 80 376
195 57 410
173 99 385
173 69 425
197 149 392
187 121 409
183 140 412
203 116 355
193 135 366
206 85 421
134 144 349
123 69 344
211 151 423
157 141 371
157 92 408
147 156 427
189 68 426
173 107 378
179 142 375
117 84 414
173 104 403
135 83 385
202 69 429
141 153 379
176 142 416
139 93 430
203 101 406
153 112 413
195 61 362
265 342 307
324 423 214
235 404 210
299 411 259
279 378 283
260 358 218
241 363 273
279 341 304
253 407 282
325 332 229
284 336 282
314 408 269
236 328 259
236 363 218
299 409 226
291 418 220
304 390 241
324 391 291
299 335 291
246 339 284
311 405 271
325 330 286
310 414 216
274 367 214
271 413 300
266 403 301
241 379 288
272 416 271
266 350 279
252 339 211
289 422 232
248 413 225
254 409 242
319 382 293
240 389 239
266 408 224
257 410 216
287 417 293
334 334 279
306 419 208
300 420 307
319 343 304
313 390 272
280 371 212
307 328 304
280 367 280
319 351 241
253 376 232
278 347 284
307 395 306
303 366 226
277 375 301
307 375 265
334 381 249
281 382 256
309 417 249
245 402 283
301 330 267
246 367 214
269 327 230
236 379 238
321 329 237
300 335 217
237 378 274
250 425 215
297 327 305
293 347 236
276 364 266
318 426 254
236 337 246
321 391 219
287 357 255
255 407 221
271 370 243
283 363 251
306 371 255
326 381 247
264 326 279
255 423 222
325 330 288
265 331 265
278 425 244
268 394 229
243 418 217
277 365 209
297 384 212
293 399 211
325 363 281
325 405 222
272 379 282
245 341 263
259 405 218
252 403 245
291 416 231
241 331 288
320 337 229
316 373 296
259 402 218
318 376 273
257 398 208
329 413 230
279 400 233
312 398 226
327 338 257
281 362 265
313 328 261
311 398 217
239 407 303
273 365 228
308 424 298
315 366 252
264 355 300
305 359 236
235 422 299
322 353 258
271 405 302
301 340 248
238 418 236
234 390 221
244 341 217
312 405 267
295 370 284
255 376 276
258 378 251
286 342 267
288 414 225
296 327 240
289 347 280
273 366 296
246 345 209
282 348 244
282 413 270
323 363 221
318 378 227
310 329 222
278 414 209
302 362 296
292 329 246
326 353 268
311 425 267
327 327 228
295 389 214
245 426 285
333 395 281
320 338 264
274 366 300
330 355 211
247 371 240
297 369 239
287 396 292
235 347 296
281 377 278
320 387 293
262 376 273
276 416 238
264 394 298
296 379 263
305 331 220
252 421 243
265 381 228
269 418 235
279 341 217
299 425 256
271 401 209
295 412 300
275 341 221
257 413 279
250 385 297
249 420 243
321 333 294
272 384 254
310 425 287
295 333 301
240 397 208
259 383 239
272 412 274
263 386 246
286 413 285
325 345 233
308 347 259
262 364 298
260 407 293
259 426 305
269 420 215
324 416 217
261 338 233
249 327 303
323 421 271
326 387 277
263 410 297
246 336 281
296 398 286
237 422 286
292 368 222
295 334 234
240 381 227
261 368 234
313 373 262
263 418 272
251 372 255
287 415 245
285 382 307
314 334 216
294 373 262
326 403 240
332 364 249
234 426 257
330 378 251
251 365 238
255 417 299
250 425 265
294 361 282
297 374 239
311 341 208
241 389 252
242 346 215
328 399 241
255 408 284
241 403 225
282 421 216
328 422 289
269 398 220
252 353 301
274 387 294
287 413 288
281 326 295
333 378 216
314 414 241
269 378 264
314 423 307
299 348 297
259 418 211
268 420 296
269 352 249
244 353 292
331 420 248
247 327 275
259 379 279
310 371 249
290 349 289
332 382 235
328 373 229
240 418 219
255 420 246
309 363 219
325 329 227
312 382 223
273 346 289
243 414 265
272 370 295
294 355 221
264 408 284
237 406 246
260 411 295
328 356 213
238 326 236
307 352 210
323 354 275
328 339 215
331 355 261
242 391 254
329 416 222
244 371 304
302 371 304
240 392 304
282 425 296
325 348 262
313 389 287
295 409 252
296 417 281
313 378 263
293 424 229
325 408 231
241 341 290
306 333 245
310 403 282
305 345 245
291 417 288
315 343 303
258 396 213
264 353 270
291 380 241
307 335 306
258 408 270
275 408 237
309 363 302
263 347 277
297 343 256
247 404 299
277 406 282
331 409 218
243 397 306
296 394 308
326 425 241
290 414 265
243 407 220
256 416 271
329 386 217
276 391 223
287 374 282
310 370 222
283 421 249
237 382 242
315 344 230
314 383 276
302 393 307
263 412 277
253 421 264
234 412 307
276 404 298
327 354 297
299 368 265
280 345 247
304 386 282
243 343 265
298 422 262
296 390 227
293 373 308
334 374 254
308 378 289
251 412 244
265 373 247
317 394 240
278 333 260
275 365 262
326 394 255
277 365 278
271 331 287
279 373 276
311 351 297
251 383 299
284 365 257
249 355 215
311 413 247
329 335 277
243 416 244
305 411 253
300 348 270
315 331 225
280 397 216
276 340 279
324 332 227
326 351 234
263 346 239
282 418 302
261 370 266
298 377 266
278 363 264
307 391 276
280 385 263
150 284 327
162 199 302
194 206 279
170 200 282
222 293 313
184 236 308
152 268 313
210 220 281
149 204 303
208 236 270
160 290 362
141 235 331
169 224 281
164 293 323
152 227 281
133 284 294
190 265 289
140 243 270
159 239 338
216 256 292
222 235 275
163 245 344
190 198 284
189 228 273
151 257 297
206 224 274
202 198 346
213 286 296
212 208 326
166 218 318
133 208 326
224 199 284
170 295 341
160 231 276
159 266 276
188 294 287
194 212 334
159 265 301
178 239 280
180 206 278
209 269 291
190 200 306
184 263 316
219 258 287
190 280 309
166 281 311
189 265 362
183 260 319
172 281 359
143 206 280
154 198 336
205 214 266
221 235 310
193 244 323
154 284 285
213 280 279
137 231 279
184 234 265
161 203 308
165 197 363
172 258 284
144 294 336
148 271 353
189 267 276
191 225 323
205 290 283
198 195 326
171 204 348
150 291 330
223 209 293
181 202 362
170 241 310
159 251 360
202 238 301
201 262 270
211 238 324
155 254 287
172 252 310
142 270 323
212 264 358
224 222 302
142 248 339
203 198 343
225 218 316
205 258 314
229 242 282
216 289 342
163 241 358
190 292 362
200 286 286
153 205 281
158 280 285
226 196 364
179 208 311
180 222 319
225 241 306
216 263 324
132 211 354
150 286 330
135 225 333
182 262 296
223 239 336
144 216 334
144 195 290
163 253 324
216 216 350
179 284 331
142 287 281
218 230 337
134 253 328
161 272 351
142 288 356
185 240 302
157 198 315
166 197 286
223 205 341
231 218 325
155 233 355
176 292 266
170 241 295
131 270 282
205 211 310
166 264 339
142 268 330
194 216 296
151 229 314
134 215 306
132 246 324
207 249 312
204 205 317
214 236 355
134 231 322
200 272 355
183 282 343
227 226 356
131 247 295
154 249 291
152 216 331
157 265 327
220 283 300
161 249 353
159 263 323
146 204 302
198 282 360
211 197 290
176 259 333
182 295 281
169 229 360
150 202 270
181 244 296
225 204 295
160 236 357
176 224 312
203 221 301
174 218 340
188 255 275
135 251 364
162 293 346
229 246 270
193 244 281
172 260 311
208 273 311
224 231 323
138 204 292
166 261 316
151 242 339
131 271 270
215 212 327
214 245 295
228 292 345
153 203 312
185 284 286
134 237 289
202 251 304
138 238 325
193 210 349
154 235 355
192 268 343
161 237 345
183 215 332
219 222 270
134 202 267
215 285 338
209 295 357
216 216 345
154 218 337
143 218 299
144 286 317
176 295 321
158 202 349
167 243 265
202 197 350
176 237 284
144 295 348
180 271 353
218 206 282
163 214 296
227 259 354
161 198 348
164 228 340
218 196 297
195 280 292
213 198 291
201 216 269
131 283 363
227 258 336
202 238 287
131 222 307
205 226 353
203 278 343
195 241 353
140 215 354
178 200 310
193 205 298
143 268 282
188 246 302
205 240 356
200 222 287
215 252 317
163 250 300
227 246 361
143 240 316
186 200 344
192 292 286
193 203 295
222 263 279
193 203 341
208 293 320
209 257 275
155 218 334
222 200 323
155 258 316
152 291 355
167 231 322
153 225 296
145 233 355
196 270 273
134 248 337
140 292 272
179 236 272
201 262 267
212 214 313
187 198 285
228 227 309
214 284 303
152 221 299
152 200 274
206 207 322
183 287 309
199 210 338
171 285 320
210 215 271
165 234 331
222 235 325
144 206 338
207 236 326
220 242 323
171 271 321
217 224 351
192 283 326
205 201 351
202 206 358
218 249 281
169 262 317
160 276 285
208 240 268
146 232 338
138 217 267
215 231 353
157 196 321
202 211 360
159 293 312
228 282 274
198 247 286
199 241 332
169 244 296
161 269 303
140 268 350
195 196 317
173 277 341
226 204 362
154 281 313
167 234 275
212 220 314
172 245 264
218 245 352
146 246 324
176 201 333
215 289 344
171 195 352
227 282 280
190 290 314
167 254 286
156 223 302
193 220 278
159 261 332
216 285 353
164 273 357
172 250 363
160 291 269
188 205 357
224 261 340
177 200 304
144 197 354
214 255 265
180 216 345
131 213 299
214 210 315
148 197 272
206 215 345
133 229 303
204 204 270
207 282 347
137 254 267
187 290 361
213 225 351
202 200 362
228 265 313
152 286 334
146 237 285
224 203 298
219 249 310
230 270 348
147 279 298
189 218 276
137 207 307
133 214 271
211 265 268
147 207 313
133 214 336
199 209 330
146 222 277
213 226 308
209 196 359
183 217 324
159 214 330
225 275 309
214 218 287
150 270 348
204 247 343
172 239 310
187 291 344
216 197 341
157 243 334
162 259 296
132 271 349
166 294 281
196 244 271
131 216 328
172 277 352
308 139 361
358 98 337
365 157 346
349 178 359
319 139 405
306 129 364
362 125 348
364 153 423
292 98 347
361 106 387
360 136 400
314 89 368
362 86 349
311 138 406
375 116 398
339 138 375
357 141 407
325 93 407
365 92 341
295 127 365
362 109 370
371 88 378
298 93 409
383 96 429
382 163 336
299 81 349
304 130 431
366 157 359
308 138 381
322 133 391
370 92 401
361 118 360
291 87 358
347 159 396
376 84 382
335 86 415
322 142 356
346 121 423
322 148 384
320 120 414
372 120 428
303 99 337
321 140 388
294 157 383
309 85 374
370 160 360
337 114 414
365 103 342
382 154 353
386 109 372
365 80 396
375 90 358
380 174 418
334 166 339
315 121 401
335 101 414
386 155 429
371 98 353
287 80 379
345 167 355
381 109 436
288 176 350
355 164 338
374 103 385
324 167 355
302 175 419
303 130 377
310 120 390
351 138 356
386 151 413
366 102 343
374 94 341
342 177 387
304 111 429
384 96 403
339 133 371
375 159 426
310 173 346
288 158 405
379 159 423
296 83 371
358 178 386
306 101 339
313 90 393
312 173 429
370 156 347
293 96 416
303 162 402
303 118 372
367 133 336
356 98 394
329 149 381
362 157 355
324 130 343
383 153 368
318 132 432
317 115 341
327 140 402
375 95 430
321 133 351
385 103 372
355 85 387
313 157 373
326 149 424
317 119 342
375 149 368
291 102 395
377 95 385
347 124 426
309 119 371
385 107 352
305 118 358
370 141 410
362 87 350
384 164 412
315 159 395
323 143 355
360 144 380
348 78 368
369 167 366
376 106 403
327 92 373
367 104 408
348 152 435
334 95 418
342 121 396
297 160 405
304 114 403
322 154 341
334 92 357
380 79 375
300 104 436
351 80 374
346 164 366
379 148 434
337 137 407
303 93 383
291 152 405
336 156 419
372 143 408
384 109 361
357 112 413
346 101 351
364 169 430
317 170 413
299 134 428
309 177 396
340 94 376
322 101 348
291 144 353
300 152 406
336 124 339
335 100 416
331 137 345
331 105 433
289 105 435
311 166 350
327 87 428
313 173 426
363 107 369
344 159 381
379 124 351
302 103 341
350 115 355
350 176 363
354 120 417
349 119 350
367 162 372
342 107 429
316 147 406
291 143 338
366 92 367
361 125 424
319 124 364
334 113 412
292 96 340
304 85 368
359 177 354
290 121 398
327 150 429
301 123 376
342 99 403
290 93 375
315 163 374
351 136 355
385 176 349
320 79 420
352 112 380
326 98 410
297 105 408
365 165 412
367 78 407
382 84 400
357 165 344
297 170 432
360 142 386
320 141 405
381 119 381
354 154 361
300 121 390
293 97 355
347 95 423
353 110 400
380 159 400
295 79 373
382 112 370
299 135 365
356 104 371
362 121 355
377 118 367
296 88 413
305 86 346
288 171 372
325 117 342
362 158 410
374 133 421
352 134 352
349 147 432
302 167 428
352 158 409
291 168 348
305 172 358
369 112 424
359 118 427
319 85 352
298 147 346
334 94 411
309 102 376
371 128 419
373 133 344
294 174 395
349 110 394
363 154 345
364 150 382
330 176 376
378 85 386
373 178 400
337 99 388
293 88 411
375 103 415
314 115 343
336 99 338
386 160 397
293 129 414
363 112 343
382 144 340
371 111 412
358 114 393
352 161 390
383 101 357
335 155 380
346 116 427
320 148 431
353 120 363
307 134 379
348 149 342
341 108 338
339 115 435
363 123 349
327 94 435
344 151 415
348 106 425
386 175 362
386 88 428
324 146 411
348 98 338
352 112 336
362 132 344
321 97 434
322 126 353
287 89 343
369 96 374
362 94 426
340 142 420
306 111 396
381 106 424
366 88 363
353 111 393
297 127 377
333 140 347
343 145 428
286 121 435
349 83 402
375 139 397
287 102 388
296 155 417
382 131 380
357 166 355
296 92 396
286 79 373
355 134 358
302 152 433
346 129 424
329 98 389
378 167 337
373 98 353
337 82 359
380 155 434
311 84 427
376 137 365
381 148 379
327 111 358
344 99 355
291 149 398
362 128 409
316 127 355
289 128 397
300 94 338
292 146 418
325 150 364
345 153 369
314 170 424
361 152 359
328 100 336
304 162 388
333 167 365
293 118 353
337 163 357
314 113 435
295 95 431
322 167 405
304 138 342
383 120 366
297 121 363
301 164 379
321 83 384
373 102 381
328 170 409
311 143 388
308 129 387
310 116 426
356 122 343
329 117 418
301 93 436
340 107 387
373 84 385
291 139 364
309 138 389
356 175 411
321 102 389
369 164 339
341 98 349
328 101 373
289 155 360
378 96 423
292 83 380
327 108 431
327 103 385
351 92 381
339 82 429
48 307 468
64 322 502
120 270 517
54 274 494
79 314 527
47 312 512
99 305 499
107 265 493
100 245 526
123 306 486
131 239 539
74 292 500
142 279 528
65 279 529
131 301 453
95 266 515
44 287 545
111 268 453
101 306 486
99 308 468
107 266 447
126 238 489
93 314 524
103 296 544
117 227 514
93 306 542
68 297 545
50 269 455
79 226 462
106 294 487
70 273 519
52 277 447
129 236 522
137 267 450
70 251 506
56 225 490
134 267 471
126 223 470
54 232 505
64 292 480
52 265 492
139 279 492
101 295 467
136 257 537
62 255 503
56 231 447
94 277 516
51 271 482
92 300 543
92 285 461
76 261 488
113 253 493
103 293 537
111 313 453
128 290 539
138 246 527
64 282 540
58 300 467
140 269 499
58 271 491
47 287 481
56 290 518
70 320 493
59 237 522
105 229 473
138 291 505
45 319 529
114 293 534
73 315 513
78 228 536
105 247 504
89 226 501
108 315 514
53 227 466
100 274 492
77 276 522
104 243 458
115 316 455
43 234 455
136 295 458
131 307 485
137 277 531
63 259 529
122 274 487
77 321 500
93 243 445
46 321 545
132 228 453
66 242 501
66 226 485
60 245 508
136 310 524
92 282 485
102 256 529
138 288 489
85 304 473
108 316 531
72 298 538
67 228 480
137 241 463
88 278 515
106 270 537
91 279 484
127 237 448
77 291 544
100 240 526
139 280 463
80 321 481
86 265 479
135 269 513
119 232 494
61 259 514
118 249 482
50 254 460
91 304 534
121 251 455
137 277 536
109 260 521
116 318 514
91 262 495
42 309 459
74 244 506
45 254 518
63 279 475
98 305 463
141 284 496
90 237 458
50 312 514
49 321 538
49 304 481
136 285 497
70 299 503
128 235 511
45 237 516
47 271 459
94 250 532
74 258 542
43 238 451
74 263 528
136 299 544
67 229 454
80 280 459
51 291 451
49 223 453
106 260 525
111 311 465
89 265 465
48 265 493
81 243 495
71 287 517
106 294 541
63 297 513
111 270 464
71 282 535
48 322 471
88 298 495
73 258 497
50 299 528
82 279 462
62 282 472
138 299 480
74 277 523
111 264 478
96 258 450
121 319 525
42 298 542
136 296 481
116 226 522
86 322 484
93 260 518
52 262 514
87 315 519
141 308 475
142 280 481
58 294 536
137 267 543
61 234 495
58 227 456
73 252 534
50 263 486
136 228 529
132 278 503
110 243 489
121 270 496
87 270 520
108 288 504
83 232 491
126 307 487
71 301 451
120 254 454
48 293 481
74 282 473
111 286 518
73 293 484
119 303 477
81 312 532
112 250 532
89 257 543
50 306 451
119 315 508
68 225 488
55 311 538
128 317 484
95 291 536
52 270 464
134 270 472
138 267 477
139 283 448
52 312 524
63 310 497
86 242 511
119 222 527
74 262 506
106 306 489
68 322 527
113 280 537
125 278 540
137 261 530
106 299 489
130 293 504
82 297 501
45 228 545
101 307 482
43 263 445
70 268 492
49 223 537
128 306 506
85 242 466
142 275 461
122 297 526
140 223 543
126 283 539
105 305 532
108 321 464
87 237 519
140 255 474
45 316 542
50 239 533
62 316 531
113 246 542
80 249 540
73 261 453
135 224 521
69 268 542
123 273 539
59 254 522
43 309 524
73 252 457
116 317 538
133 250 452
44 272 470
84 283 478
92 236 482
100 301 451
104 286 487
123 312 454
137 316 521
126 318 536
103 256 479
82 247 532
59 306 491
137 262 523
128 290 484
124 282 507
76 284 454
123 254 500
115 289 490
59 299 512
133 285 487
69 310 512
105 262 466
74 314 538
116 271 482
60 249 519
86 304 537
61 320 491
101 302 478
119 264 507
55 309 504
75 317 493
60 244 464
93 259 500
109 302 466
104 238 505
121 281 508
110 223 458
101 240 522
49 244 531
79 280 463
113 291 530
104 296 524
117 261 504
140 242 525
91 227 466
127 261 529
113 301 462
67 301 512
91 234 457
138 258 480
44 261 500
53 309 477
141 316 463
60 315 532
102 237 543
119 294 496
87 286 517
115 273 505
120 286 527
118 266 530
65 285 464
64 273 484
56 234 481
44 263 500
129 228 517
45 265 501
98 288 476
122 267 539
105 252 448
91 265 447
60 230 510
61 316 535
101 259 543
135 305 446
54 262 457
44 273 474
61 235 511
111 270 490
65 244 509
142 282 542
82 225 508
127 246 472
101 322 496
65 298 477
62 289 498
102 266 497
99 237 517
48 309 471
68 289 510
142 232 476
87 317 455
78 268 519
99 246 462
92 284 460
100 234 482
107 250 470
107 259 510
97 313 456
78 296 484
52 314 465
122 228 520
-3 436 499
-22 363 499
49 381 497
-12 420 449
25 371 433
35 409 418
-11 443 506
59 433 441
59 442 489
-10 354 508
22 431 467
51 419 467
23 407 420
-18 362 471
1 422 457
36 380 469
-24 415 442
53 350 507
12 392 512
66 363 494
53 438 508
61 347 441
-25 411 469
28 377 474
-15 427 425
23 353 415
51 343 450
15 403 462
56 420 479
43 416 423
15 424 448
-17 395 498
55 419 477
0 411 457
12 403 427
-11 414 419
-8 400 474
18 368 455
-16 405 447
-25 423 504
59 404 420
24 382 428
7 370 482
-29 431 417
-1 381 423
53 359 497
-11 429 511
1 393 437
15 381 417
15 380 489
-7 436 488
-17 419 489
33 367 466
19 372 416
58 364 491
22 347 494
12 426 443
-19 392 450
-2 369 436
29 372 512
35 386 449
-4 393 463
53 393 460
37 431 512
6 410 503
11 365 416
36 373 425
6 387 429
-25 392 452
16 369 511
21 401 432
61 370 498
49 408 488
9 346 462
2 369 507
-15 409 477
-7 386 503
23 407 487
2 407 445
-6 374 495
-16 398 497
32 386 487
53 422 424
44 421 435
-2 345 487
62 344 499
-5 362 503
4 429 467
39 357 443
-5 363 495
39 362 421
43 404 473
62 386 450
31 397 432
-32 417 464
-7 435 493
13 350 441
-24 380 416
29 353 460
-17 352 509
26 354 434
61 427 502
-23 395 458
67 415 438
-32 375 475
60 399 477
53 344 477
66 402 476
-19 346 467
-12 422 450
24 377 500
-15 350 417
-10 357 430
61 394 502
-8 398 513
-12 376 489
37 405 462
62 405 432
19 432 496
22 354 416
17 411 473
-26 416 441
44 401 479
46 400 465
25 388 440
42 390 500
1 398 422
47 383 462
64 390 452
19 389 480
51 389 433
47 347 474
17 377 506
47 394 496
25 366 496
-12 428 472
37 425 443
1 361 442
-1 394 422
40 385 476
15 350 491
12 362 466
-3 363 474
2 431 455
8 429 436
-30 350 473
66 406 458
50 367 483
16 357 449
54 425 486
-19 344 419
-32 390 424
57 385 491
49 382 430
40 401 489
12 442 453
-15 392 449
48 407 472
38 363 503
43 373 507
45 441 449
64 437 466
-25 421 480
4 345 502
18 437 457
-25 404 476
1 417 476
-22 355 511
-12 369 456
24 430 442
38 372 471
10 399 511
26 396 473
45 391 446
58 370 429
-2 443 436
49 425 493
38 432 514
-14 379 493
-30 356 499
34 442 419
38 400 499
-3 345 440
-18 402 485
4 374 481
47 403 449
19 441 419
-4 379 508
6 379 499
17 369 447
-2 350 500
-26 378 483
-32 382 476
-24 437 456
28 407 435
-11 343 421
64 413 419
-28 347 479
-21 383 445
-14 362 476
-24 383 428
5 425 444
55 428 469
-22 364 440
-3 411 491
3 386 436
-16 421 448
9 392 511
-27 390 469
11 414 418
-27 387 486
3 416 474
-26 360 485
12 396 491
61 409 507
42 400 426
27 398 513
33 371 464
-22 396 433
38 398 442
58 372 471
-23 379 453
0 412 479
65 419 465
7 392 471
16 425 486
-33 364 431
18 429 491
6 395 487
4 365 489
33 400 447
-32 421 414
34 402 505
52 360 444
-20 412 501
-7 344 474
-5 386 471
-1 429 481
28 376 469
-23 398 483
8 361 454
67 402 500
-24 423 436
40 379 483
-14 389 442
-15 424 455
18 421 500
-14 345 514
-31 423 442
51 441 424
14 396 455
0 353 472
1 403 512
28 410 476
53 386 475
19 345 486
-18 399 504
-28 367 441
43 363 450
35 353 512
8 427 445
-5 425 458
50 422 442
24 343 486
-17 353 498
51 430 426
-11 380 470
-31 424 480
65 363 462
15 435 457
57 345 495
54 429 422
41 431 421
3 354 418
37 398 481
67 350 460
43 386 446
38 401 482
-29 360 452
48 392 450
52 384 448
40 389 489
-16 401 502
49 403 450
-17 378 453
8 383 514
22 410 486
66 441 514
19 400 423
-12 397 497
-29 435 506
32 372 434
-23 385 443
25 356 505
25 397 423
-1 423 502
-5 349 499
61 392 438
44 384 509
-4 357 439
-18 357 487
11 427 444
23 430 466
10 345 418
36 428 444
-10 437 478
4 355 444
38 407 488
11 397 496
-4 382 431
16 406 472
63 419 499
26 433 510
-13 417 419
52 347 417
-17 378 417
-28 349 458
64 442 492
61 393 464
3 370 496
43 360 445
60 380 438
50 394 505
9 402 452
-31 347 421
20 357 460
-3 415 507
33 438 507
-20 418 499
-26 377 471
26 366 439
39 389 453
-22 396 453
57 357 462
-1 411 468
64 345 421
-16 363 450
6 430 454
20 352 463
30 388 498
22 408 458
-21 372 440
47 351 426
-13 399 458
-8 417 505
26 417 440
-19 352 503
6 363 495
64 377 453
8 424 433
144 305 297
99 323 283
53 279 345
76 319 297
148 268 348
130 275 346
100 244 268
151 337 263
56 332 255
126 259 348
71 281 264
136 321 274
89 277 334
125 249 320
62 279 331
118 306 305
101 334 347
146 299 303
83 245 350
51 328 267
73 298 332
130 290 272
148 319 349
92 279 261
135 267 303
150 281 268
100 259 261
130 298 337
90 293 312
114 242 286
72 295 260
126 275 281
151 317 298
62 243 293
56 271 265
74 305 280
67 316 259
82 251 299
117 330 346
74 279 258
57 337 318
105 295 299
134 280 351
62 256 352
119 246 262
136 317 338
51 254 310
105 307 260
136 274 334
53 269 258
63 277 339
64 302 288
132 284 323
114 293 341
85 311 303
144 315 319
118 264 348
94 284 297
101 282 274
81 246 324
142 317 259
59 295 316
68 331 297
79 315 332
83 289 267
138 304 318
110 297 302
83 325 284
97 296 296
109 255 304
139 260 330
72 255 345
69 316 264
86 315 343
101 306 337
119 301 317
147 248 331
65 328 338
111 318 288
103 263 350
99 273 300
143 292 337
68 328 266
113 266 316
82 274 279
88 337 339
130 273 298
128 336 307
117 290 272
58 339 313
144 341 300
79 321 314
117 305 284
88 267 322
86 252 353
51 280 266
83 256 341
91 282 270
123 279 326
66 317 321
98 252 309
111 243 271
78 327 339
151 340 324
109 279 295
119 248 274
64 333 323
146 272 297
115 253 311
136 261 302
136 279 274
83 284 326
89 261 281
102 251 290
56 311 296
72 315 316
65 331 315
120 273 255
135 326 309
142 260 334
79 294 327
142 252 288
119 269 303
69 306 270
138 314 256
123 296 295
54 295 336
54 331 295
126 322 351
133 305 327
61 319 317
60 332 265
120 303 300
113 280 287
80 291 288
130 313 276
72 335 352
74 309 287
151 329 321
104 279 306
139 309 256
132 324 294
67 315 335
112 297 332
150 315 284
146 323 305
79 304 279
148 248 261
150 256 257
128 334 341
72 266 352
71 313 322
143 284 260
57 278 345
148 313 273
121 287 273
86 323 267
134 254 282
59 294 336
102 242 315
51 320 294
107 296 292
101 250 323
137 273 352
124 294 267
119 277 321
72 309 333
73 265 312
95 326 323
141 280 314
139 304 343
89 303 280
143 281 317
61 284 344
127 250 300
110 271 345
130 341 300
151 279 330
62 292 324
78 251 300
55 339 300
117 268 281
95 247 314
106 287 262
72 274 269
56 256 341
55 333 345
123 285 304
137 247 321
82 279 350
123 259 302
135 291 264
62 259 307
54 273 297
131 271 348
88 327 329
105 334 321
133 264 271
111 249 309
97 306 339
96 264 317
64 243 288
70 241 257
82 333 331
74 340 255
132 314 346
79 257 295
143 254 347
141 340 321
149 307 258
146 247 255
133 283 316
55 323 331
123 339 344
81 336 284
130 329 270
93 308 304
116 260 265
59 316 336
128 338 312
90 302 301
52 315 334
76 337 297
86 307 262
88 282 274
89 319 349
141 283 335
59 309 298
67 278 254
61 309 341
125 335 296
132 248 286
123 246 337
54 307 333
122 309 261
59 268 323
129 258 292
111 289 332
111 273 320
98 286 257
123 272 291
142 310 320
96 259 340
71 340 300
147 317 317
150 332 346
124 280 342
51 317 273
94 301 343
139 334 276
96 337 341
59 341 331
80 311 287
108 276 299
86 318 272
86 318 336
79 293 287
62 259 255
135 266 266
128 253 295
93 319 299
116 278 337
133 315 349
99 322 298
116 325 323
90 314 294
122 269 323
113 292 332
151 332 291
113 335 284
78 322 296
114 251 313
91 268 265
86 320 314
119 334 309
72 330 327
128 264 315
146 290 288
74 324 281
103 296 294
70 266 274
73 322 352
67 258 330
116 334 284
59 280 288
61 282 309
71 298 324
132 266 310
150 275 267
51 276 282
139 290 296
145 320 339
55 273 343
82 286 287
67 287 315
134 278 299
104 281 325
81 249 293
125 245 289
122 293 302
117 295 278
120 320 263
134 291 276
121 245 272
65 273 255
95 251 322
151 272 281
70 274 268
81 319 259
137 297 268
70 305 337
62 249 270
78 260 343
136 266 321
134 270 298
85 314 325
82 247 350
126 315 293
144 305 268
122 291 334
127 329 349
109 252 318
130 327 295
69 311 263
64 264 352
127 304 333
140 301 285
51 322 329
99 335 349
101 324 310
86 294 285
110 244 329
145 273 341
138 243 271
86 327 318
101 291 306
117 293 332
86 261 292
102 339 309
123 241 273
125 278 342
126 248 264
93 300 323
106 288 319
149 281 275
88 271 295
102 315 315
81 254 329
54 250 308
88 271 326
155 412 265
191 414 199
237 461 200
150 447 268
195 470 196
196 491 214
202 490 197
216 407 211
171 491 208
186 497 234
178 439 189
165 417 233
200 497 191
200 438 250
153 474 270
145 488 182
179 485 260
208 487 222
204 435 257
237 442 270
198 404 255
174 478 267
150 435 202
184 459 238
177 499 228
188 418 175
153 410 249
201 443 242
215 424 208
223 456 258
219 479 235
214 406 207
196 457 264
164 405 266
221 410 251
200 419 200
148 447 181
168 454 184
187 469 239
192 405 232
219 468 207
230 466 199
150 490 247
176 439 224
231 481 195
169 466 259
216 440 187
223 441 213
207 446 256
211 469 232
171 495 238
228 474 233
222 480 208
153 408 201
182 436 241
232 463 225
205 420 233
140 482 261
158 449 196
174 459 268
191 405 237
200 410 255
187 412 207
146 446 229
226 425 216
219 456 222
214 478 249
139 453 248
228 453 230
215 424 255
195 414 219
193 477 237
164 466 207
190 483 215
214 455 256
157 443 222
142 402 256
174 442 245
189 464 188
152 422 221
235 466 236
197 408 214
139 484 206
208 450 190
235 442 260
181 432 260
194 446 177
156 453 232
225 457 196
199 491 205
212 493 246
196 482 222
149 403 215
160 407 235
143 497 183
139 455 264
224 440 239
144 444 275
227 434 227
138 412 221
152 415 253
184 496 267
226 425 244
159 403 214
228 456 190
224 463 177
190 446 243
208 406 259
202 475 229
206 483 251
230 449 214
167 429 204
186 435 201
144 425 187
232 433 208
199 425 222
175 471 215
217 480 177
202 420 216
174 493 238
237 478 253
237 447 201
192 463 199
161 487 205
151 438 258
144 492 233
175 407 215
197 426 207
155 470 175
203 411 247
140 478 237
138 496 247
181 465 198
233 462 221
151 426 229
186 451 224
147 495 207
213 408 215
189 403 208
155 452 246
137 413 178
226 484 258
224 451 222
192 442 270
156 405 267
163 469 218
225 488 236
174 467 240
194 429 245
157 417 232
206 418 244
210 414 222
235 446 197
203 413 271
233 485 181
152 435 260
166 457 245
185 477 235
142 438 227
183 486 246
229 451 237
155 441 244
141 415 234
139 487 192
169 402 215
149 420 275
171 494 181
171 451 186
211 407 208
186 416 176
210 412 250
143 458 246
220 468 274
199 488 254
180 434 275
159 485 187
157 431 187
168 480 225
171 486 249
154 436 186
180 461 240
148 452 254
181 410 275
199 498 193
173 442 198
199 429 199
161 490 241
162 497 199
228 468 191
178 406 181
231 499 226
176 422 272
143 422 244
166 483 205
190 463 199
175 432 254
185 471 178
146 403 208
143 466 220
161 465 198
176 427 189
180 421 176
160 439 209
141 487 197
215 453 175
191 417 218
182 441 268
231 437 213
211 474 184
153 490 274
142 488 177
226 422 250
209 450 269
211 408 208
194 413 219
200 470 189
182 434 265
229 489 237
160 445 249
179 432 190
174 443 190
140 452 224
160 492 216
167 405 234
137 498 200
192 456 238
199 414 206
197 495 238
139 442 205
192 467 182
173 412 251
165 404 223
153 427 219
187 478 254
219 460 208
184 454 275
184 469 214
215 483 213
235 487 231
187 402 180
146 458 238
226 404 203
137 403 236
211 479 191
146 439 253
215 443 212
229 465 247
234 460 193
219 420 215
185 497 220
206 412 208
225 403 228
209 451 192
141 460 245
144 430 223
211 488 265
228 425 197
194 427 211
228 453 232
200 424 269
231 446 250
161 442 269
140 401 269
152 497 268
208 481 197
211 477 220
232 500 224
156 438 273
138 410 179
141 406 257
187 403 192
148 424 189
233 483 227
189 411 236
235 458 275
222 486 177
181 493 254
228 460 245
201 440 262
138 494 257
203 424 214
152 478 201
209 472 270
157 431 184
155 496 222
139 441 239
193 401 242
222 470 275
184 479 258
180 451 242
213 444 187
164 422 223
145 408 273
141 478 252
144 410 223
198 432 232
156 443 177
192 479 180
211 455 237
163 472 207
176 402 255
164 402 239
168 401 266
171 484 273
149 439 191
201 449 273
237 427 259
227 412 205
187 450 269
214 401 203
159 484 266
200 465 217
201 449 255
184 421 237
165 416 203
228 476 264
159 451 271
160 408 244
171 482 194
206 405 185
223 445 259
199 443 213
201 476 212
166 499 269
150 493 185
182 438 181
142 474 239
172 426 244
234 484 239
150 429 182
142 411 234
158 438 233
204 443 181
148 410 271
161 472 215
144 457 253
148 413 220
213 409 182
191 416 181
156 484 181
142 433 273
213 466 209
214 421 201
181 449 176
141 448 272
223 422 270
226 451 179
152 452 253
197 468 255
235 460 263
319 512 203
362 519 207
361 506 174
389 455 122
300 504 178
368 480 144
330 523 199
361 523 192
333 523 153
302 499 122
390 519 124
359 433 117
385 429 212
340 436 208
300 521 141
374 425 199
300 507 145
392 506 148
367 517 160
326 489 206
342 453 153
396 426 149
396 495 124
363 424 144
325 510 177
385 487 127
355 520 174
335 425 210
341 431 115
321 514 187
348 442 143
330 428 195
344 464 170
320 493 206
310 455 141
315 436 207
317 487 196
390 469 153
353 467 150
340 441 197
323 516 176
306 479 199
368 428 140
327 435 206
369 426 158
307 444 167
358 428 193
343 491 147
361 442 195
351 505 126
382 520 151
397 507 202
355 510 198
374 443 157
371 474 114
355 456 155
385 513 125
307 521 121
361 460 139
384 511 139
378 490 131
387 519 162
303 440 213
385 469 200
359 440 137
357 433 127
371 479 161
312 513 129
314 495 187
342 498 205
347 428 132
398 506 193
321 423 135
351 479 188
343 467 137
336 462 152
348 474 203
304 507 152
316 466 209
322 488 130
350 431 173
396 492 151
312 522 170
319 464 154
388 488 174
305 520 113
361 487 167
383 466 191
350 516 176
328 483 150
380 487 184
306 521 150
339 462 133
351 522 213
368 429 156
363 495 210
383 438 130
367 438 126
303 443 143
366 493 213
385 514 192
379 477 194
351 436 148
305 511 198
303 431 193
356 423 194
339 466 132
310 483 132
381 429 186
381 461 173
392 510 120
306 473 198
322 452 166
364 517 122
338 455 135
331 520 118
345 475 125
307 437 158
328 466 126
306 466 122
332 464 131
336 504 203
348 443 126
322 511 164
332 431 148
386 498 165
364 436 197
310 455 142
345 461 210
354 504 135
302 482 119
385 464 129
394 507 172
343 470 170
385 463 151
399 426 129
339 463 164
373 511 122
371 436 128
308 468 181
316 434 166
322 492 181
321 442 172
318 501 166
303 435 171
398 465 148
370 485 142
334 500 145
321 439 211
329 470 208
372 432 206
379 469 176
343 474 204
389 432 143
301 452 178
349 507 126
314 517 131
326 452 181
383 463 151
350 473 154
306 500 171
342 443 186
306 444 171
338 512 176
312 435 159
369 435 187
319 478 120
338 466 183
345 423 144
398 471 176
361 476 119
321 500 155
314 513 201
377 473 186
364 479 178
366 492 147
332 482 128
313 445 119
394 516 171
329 446 122
324 509 200
364 448 173
350 483 128
358 455 130
347 426 160
305 464 202
377 441 139
307 491 153
354 456 210
327 447 192
335 440 129
313 471 194
359 440 188
340 512 170
347 502 166
318 511 160
309 480 159
320 466 159
333 513 204
383 467 175
301 433 118
384 442 184
361 463 138
360 496 200
327 448 118
305 467 183
319 442 213
389 486 171
341 426 170
384 442 124
398 458 134
373 517 167
315 472 211
388 492 195
373 455 170
317 500 194
320 444 124
362 454 209
396 476 141
357 493 184
323 485 156
346 441 133
353 511 165
315 425 114
359 488 212
320 463 177
373 459 124
362 437 165
378 503 168
355 472 133
321 488 183
371 426 114
324 435 135
360 437 171
334 441 198
356 442 154
380 497 147
313 492 187
374 513 178
374 427 181
379 515 131
360 451 174
339 455 128
339 425 113
397 482 200
325 503 124
344 521 139
337 502 191
399 474 113
322 453 137
387 471 187
348 445 133
367 438 178
352 465 156
389 436 163
313 437 180
300 511 127
307 453 115
371 429 132
367 521 212
313 513 140
330 484 153
326 520 175
302 517 134
322 447 204
381 459 198
303 506 182
310 495 186
387 468 141
398 507 175
351 467 145
368 460 209
339 458 205
319 473 199
395 481 197
374 426 171
380 446 132
391 467 207
333 430 176
354 448 198
331 520 204
316 481 157
372 473 142
304 478 141
304 510 177
354 487 186
343 475 194
324 447 133
388 518 116
371 516 163
368 439 123
356 480 202
377 490 114
309 516 119
368 517 169
313 450 114
389 494 199
325 434 187
375 472 125
365 473 189
382 522 161
352 515 150
362 435 189
357 463 183
363 445 207
334 482 188
301 440 167
381 483 173
363 458 141
398 511 190
394 522 121
378 510 181
374 443 137
300 485 186
347 424 124
360 430 183
374 438 175
357 446 183
383 503 128
312 463 141
355 516 213
339 519 160
319 480 133
337 446 127
343 485 118
318 488 115
342 474 201
389 518 167
351 491 185
364 478 193
399 503 136
338 522 151
372 444 168
362 520 113
331 425 161
382 495 132
349 511 185
341 467 138
328 495 117
300 468 164
332 500 114
318 487 167
338 446 188
328 463 124
370 521 165
308 513 153
307 458 192
322 490 183
384 475 155
371 504 123
503 472 474
519 452 475
473 458 476
501 394 466
462 384 421
472 377 438
452 387 441
449 412 446
482 399 449
468 438 454
523 427 434
463 410 492
477 386 420
470 406 512
530 392 490
516 469 451
484 389 479
465 396 509
520 464 449
519 449 445
452 465 511
458 414 437
483 386 417
510 462 500
500 427 466
490 430 450
515 375 422
456 413 448
527 410 434
486 458 429
455 454 505
515 377 495
466 453 503
448 427 423
527 450 463
518 427 445
524 375 455
457 455 425
460 385 454
506 385 436
497 383 459
521 410 467
460 438 480
523 406 426
517 422 511
446 400 412
461 469 498
473 460 465
532 454 458
486 389 490
541 413 418
527 438 427
527 443 476
465 403 439
497 446 450
541 388 430
455 397 458
511 419 483
529 458 462
466 433 471
461 461 474
458 443 488
460 462 468
540 445 440
495 459 457
499 384 512
490 406 421
489 434 440
479 417 465
538 467 460
480 393 470
526 398 433
524 395 421
500 442 484
542 414 487
461 460 511
490 437 488
533 374 441
462 440 431
489 472 494
499 458 502
525 383 424
534 410 444
521 442 412
535 454 511
445 425 491
508 446 447
514 464 478
524 376 429
458 469 451
502 423 505
464 388 504
514 383 492
489 441 457
468 443 479
478 404 425
458 401 506
509 388 495
472 403 488
522 454 472
471 470 437
514 431 499
520 439 458
447 432 414
462 397 442
517 440 419
494 407 466
470 417 484
522 390 454
473 438 413
459 406 431
475 373 461
487 448 484
535 383 426
479 375 437
498 376 491
499 433 431
455 461 499
458 418 416
511 411 447
535 469 434
540 402 452
498 427 472
507 375 442
521 458 449
448 380 435
533 404 452
450 394 470
500 424 503
519 443 414
532 381 504
515 378 466
492 419 428
528 452 506
500 403 431
493 409 486
481 431 473
514 395 427
506 467 440
478 399 465
463 386 415
517 393 441
512 401 480
510 445 493
488 471 433
448 400 512
460 428 484
477 457 490
530 442 470
506 413 448
531 427 473
444 390 496
479 426 423
459 391 443
479 411 495
466 469 484
446 465 500
452 376 505
491 401 414
491 417 506
494 416 490
514 447 418
498 391 478
442 447 497
505 416 465
484 386 437
445 470 512
477 451 447
511 383 415
519 442 435
515 405 465
478 405 500
477 415 484
495 390 448
448 462 492
517 426 444
533 461 430
461 456 417
535 412 423
469 467 470
478 448 459
467 418 414
486 373 499
457 376 412
460 462 449
466 386 464
528 396 480
526 455 480
470 435 428
531 450 416
469 459 429
478 435 438
528 434 419
498 429 448
493 408 501
473 443 506
526 463 438
503 387 503
475 436 435
532 445 444
523 422 500
541 408 500
454 430 446
476 409 464
528 452 454
522 456 499
524 429 448
522 420 484
470 407 487
480 441 500
472 407 437
492 431 453
494 453 460
475 453 455
488 392 506
520 462 434
533 407 473
465 459 496
448 459 466
528 464 412
447 390 432
542 396 466
451 468 446
498 453 465
527 455 505
499 456 417
442 405 481
506 443 449
531 377 476
459 410 432
496 396 486
442 456 418
479 407 436
482 392 465
490 380 451
480 430 435
461 384 467
464 456 448
464 372 474
534 467 449
457 400 490
450 392 420
474 404 451
482 455 446
498 400 487
513 383 448
512 376 440
522 456 445
514 435 445
482 402 435
504 460 510
484 387 441
447 379 429
471 410 507
488 403 507
483 397 491
469 384 454
457 460 432
532 470 426
539 455 472
512 405 484
443 435 462
472 381 449
502 451 485
493 411 484
451 449 495
481 373 466
522 444 445
526 429 470
521 463 463
470 418 497
495 442 435
479 466 510
526 433 437
537 424 506
511 440 434
451 450 427
510 436 505
535 454 477
488 373 414
530 436 419
442 443 457
459 459 483
464 428 483
477 408 499
517 430 509
466 426 462
529 465 460
531 429 463
517 421 413
476 438 438
451 438 429
454 472 505
487 465 416
459 384 471
525 441 452
451 403 414
479 408 479
456 407 472
495 471 450
500 446 433
486 434 434
536 385 464
502 430 512
506 457 500
531 430 479
484 466 493
468 435 500
475 399 492
445 408 499
526 427 504
517 418 462
538 377 488
510 376 507
537 446 469
500 383 440
533 453 509
515 380 441
463 407 457
470 428 416
526 386 443
513 452 509
506 404 431
443 450 450
478 456 472
469 450 497
531 429 423
527 449 457
472 425 433
444 446 490
451 425 462
510 427 434
517 432 502
451 423 429
495 382 456
448 380 504
511 389 468
529 471 456
458 382 477
502 405 423
467 422 496
449 400 425
542 375 419
469 385 459
452 397 463
493 414 489
463 447 504
462 405 463
463 385 490
492 469 439
245 389 532
314 415 449
268 445 529
333 444 484
281 467 511
312 448 456
331 479 530
336 421 435
273 451 432
305 384 503
332 444 528
332 442 464
248 473 453
320 399 438
253 448 459
258 417 448
306 435 456
251 463 506
239 480 444
284 465 458
239 451 516
333 408 445
311 443 486
254 424 459
336 470 456
272 435 518
277 483 474
318 433 512
333 451 467
335 396 474
254 447 469
266 466 493
265 445 496
252 396 514
328 433 523
294 479 437
336 385 455
288 445 508
276 397 526
310 384 478
248 421 498
328 450 520
270 438 517
245 388 513
301 455 504
285 480 449
257 433 498
253 389 501
294 385 455
283 412 466
311 482 457
272 439 507
318 394 433
326 479 471
319 388 475
292 472 446
310 444 505
336 468 449
292 457 459
322 435 449
268 439 456
248 465 492
280 453 474
289 435 453
256 420 518
297 418 463
322 438 506
291 454 526
289 451 524
265 453 517
312 389 453
306 391 491
255 463 506
250 412 506
314 418 480
274 447 477
313 393 506
281 438 469
329 420 443
266 408 490
334 389 492
326 463 466
322 459 441
318 423 529
274 471 478
277 386 501
306 427 513
333 432 464
245 389 521
252 424 465
255 403 503
284 473 519
265 406 529
256 416 467
319 460 513
334 398 521
310 416 436
323 472 521
279 421 436
292 406 461
336 444 493
256 450 488
321 410 467
335 387 492
328 386 468
308 477 528
248 425 530
309 457 504
274 388 448
333 456 455
315 473 486
288 445 435
268 467 486
254 469 458
310 435 439
283 466 482
314 466 477
318 391 503
322 467 532
286 389 512
265 399 453
276 458 512
286 436 466
279 389 435
322 432 503
267 440 482
253 425 441
310 401 444
313 466 521
292 452 469
284 475 493
266 455 460
316 398 435
287 454 501
268 480 449
278 413 453
253 431 528
271 472 515
336 476 491
251 424 474
265 395 468
274 434 522
287 403 483
301 449 498
295 454 477
259 457 481
256 387 474
316 457 489
305 397 451
337 391 525
328 466 443
263 401 435
275 385 472
276 472 471
329 408 487
286 452 455
334 430 465
316 427 480
242 425 461
292 460 521
278 406 512
338 473 513
306 473 434
290 482 483
263 445 462
335 434 520
259 413 525
312 424 513
307 449 526
332 474 442
271 438 498
325 477 461
314 425 468
249 426 498
268 449 524
257 428 450
323 424 485
312 430 456
320 385 453
261 458 501
296 478 475
261 418 507
265 443 443
294 411 532
312 469 526
309 439 467
276 422 485
322 434 441
332 425 499
331 406 432
253 451 441
295 383 456
293 467 488
275 441 493
316 412 448
334 431 501
315 438 452
329 405 476
337 473 464
259 451 449
296 436 529
247 414 468
280 409 491
259 419 437
262 457 502
255 471 476
327 442 512
275 439 472
250 477 460
275 435 466
260 449 477
281 421 464
282 471 504
307 441 513
330 422 516
298 473 434
330 392 487
271 421 523
240 429 513
313 419 510
279 444 470
314 436 498
312 449 497
313 477 463
288 432 466
326 449 505
286 402 506
306 463 507
293 418 516
317 449 448
278 436 527
286 473 508
264 400 434
299 400 512
279 471 474
336 479 508
274 451 480
244 435 434
247 406 531
295 391 484
337 427 528
284 452 463
333 442 448
337 415 496
299 391 531
282 405 447
276 424 504
306 471 523
336 458 497
310 418 529
329 421 455
270 460 486
256 425 437
267 448 501
328 410 516
267 420 504
324 431 508
278 466 513
285 477 432
302 406 491
327 472 508
295 472 440
244 478 499
242 408 521
288 410 477
323 429 512
265 397 444
319 401 500
281 400 461
255 443 472
287 404 494
316 467 519
249 407 469
243 421 498
264 458 487
314 435 513
331 430 442
278 460 519
247 468 485
338 482 499
263 410 484
297 477 472
257 467 509
273 408 517
241 451 512
266 393 509
262 398 483
310 479 501
272 472 493
322 448 512
251 387 512
332 439 475
303 475 495
333 392 461
301 461 440
251 474 462
261 458 477
295 438 433
284 389 473
279 452 470
296 440 439
311 416 470
321 410 525
319 455 445
277 402 468
308 468 437
271 423 514
286 415 433
276 430 439
318 396 456
269 390 455
302 445 468
337 441 477
296 482 461
274 393 521
276 452 509
249 469 443
315 461 497
318 388 437
316 475 510
256 470 514
271 400 439
304 416 443
304 461 491
329 432 452
278 383 507
264 418 499
276 410 521
241 426 526
269 451 442
286 394 445
324 470 531
308 450 486
306 476 492
321 449 470
282 436 472
259 422 466
317 440 522
270 410 499
328 467 531
286 408 448
323 471 491
314 472 520
246 401 461
295 419 449
309 478 485
257 468 452
306 471 453
333 450 529
249 427 487
25 60 44
21 72 74
60 140 40
44 53 55
79 92 114
58 60 34
51 51 115
18 54 38
34 126 124
16 90 28
-2 80 30
60 93 71
63 109 82
22 134 64
-11 85 72
23 131 100
15 100 93
86 137 28
39 66 117
4 103 121
42 88 121
50 133 60
79 91 75
3 106 115
30 91 113
-11 133 76
53 58 45
22 56 87
72 73 98
79 79 95
71 125 40
35 79 37
46 44 53
84 47 46
3 135 82
36 59 53
-3 133 77
10 118 104
2 140 123
48 68 94
55 91 115
76 102 61
-11 103 74
32 51 69
12 133 92
4 59 85
47 66 34
62 66 84
21 81 56
35 126 75
-6 101 28
26 65 40
56 89 57
17 59 35
7 116 103
56 103 120
60 71 30
51 81 46
81 112 113
37 118 105
50 82 59
6 78 56
84 92 125
4 53 36
37 63 54
30 132 99
85 101 36
-1 85 108
85 127 34
39 104 91
2 45 99
15 70 92
10 92 37
16 65 65
48 73 47
79 87 82
50 96 62
-10 71 42
69 99 43
45 91 55
26 120 77
25 124 67
32 92 109
49 65 60
53 48 77
49 123 40
2 125 25
72 54 72
6 94 98
33 52 100
80 135 72
8 139 124
71 77 42
34 133 106
66 52 48
-4 94 95
11 49 45
-11 64 86
82 77 44
22 99 116
11 137 83
17 115 104
19 142 69
30 125 110
62 42 26
58 56 44
9 129 94
46 69 119
88 66 124
20 56 91
85 135 38
-1 130 123
46 95 97
-11 101 82
6 78 44
71 106 74
20 92 101
74 113 65
22 88 86
15 101 84
8 114 88
30 61 69
68 104 93
18 107 85
52 117 75
74 53 62
87 68 118
-10 105 78
33 64 30
30 43 27
-1 53 62
9 96 49
53 136 34
80 72 34
84 106 68
78 114 113
22 104 63
35 105 69
52 93 78
-5 62 88
82 101 36
54 73 36
89 84 47
86 66 102
-8 139 99
46 108 26
34 90 120
30 122 101
1 142 85
88 119 37
53 99 120
0 61 80
3 134 95
46 86 77
6 54 75
50 84 118
25 80 96
10 48 63
51 86 111
-10 91 114
37 63 54
9 60 124
71 137 37
86 70 46
4 111 37
80 48 47
68 85 87
72 132 93
47 130 35
44 90 112
47 119 35
36 119 75
33 120 107
84 74 71
15 127 67
20 99 70
1 131 101
75 90 100
-1 111 122
41 89 81
76 95 94
4 116 88
24 109 104
78 123 84
47 68 107
0 127 62
46 125 89
77 120 48
7 63 25
43 118 105
57 109 41
71 87 52
18 42 101
83 99 51
76 86 54
84 66 67
16 135 120
33 45 103
21 60 120
31 68 104
50 122 52
61 130 48
8 84 94
53 107 118
83 66 78
78 122 100
-5 104 120
67 60 110
71 126 101
22 130 29
51 88 104
52 76 87
2 73 101
68 102 93
13 56 38
42 103 68
-3 142 112
19 90 70
71 85 104
29 80 91
10 136 64
4 115 115
82 45 86
62 55 62
58 50 41
16 65 28
35 75 41
89 86 97
48 51 80
68 68 51
87 86 64
81 64 76
37 98 72
-1 51 95
42 130 85
-2 140 49
62 79 45
17 112 34
20 55 69
82 122 59
3 119 84
52 62 60
66 61 90
-3 117 46
14 87 103
7 123 87
6 75 29
-8 58 88
46 136 28
57 118 28
35 63 28
6 75 71
21 106 56
69 74 111
19 127 26
56 127 92
76 63 87
53 113 45
39 72 54
77 85 83
7 64 81
6 80 72
26 121 77
84 63 32
72 49 82
49 138 56
24 57 34
72 137 118
-6 136 32
-5 51 113
51 135 94
46 127 72
-5 63 53
9 127 94
64 130 97
74 89 51
84 142 86
6 101 36
39 94 36
66 81 77
-10 110 97
5 139 122
7 102 32
88 100 90
-1 123 87
21 80 48
72 132 88
50 127 107
85 113 65
74 62 88
58 109 71
56 83 41
32 69 59
-2 118 122
81 123 41
5 137 49
38 61 91
78 56 99
89 85 99
3 68 37
37 133 55
78 140 50
72 112 25
75 90 104
73 101 47
10 51 71
9 76 50
2 71 44
47 111 113
69 64 97
-1 103 46
19 113 103
76 101 53
38 66 58
37 130 33
83 119 108
-2 90 42
73 138 57
83 53 80
80 114 29
-6 109 41
34 112 53
17 87 63
68 64 113
21 75 95
65 107 117
-10 138 74
0 94 68
40 69 49
41 108 76
51 76 106
70 117 92
87 87 44
80 49 54
-9 76 52
-3 128 94
82 137 103
32 58 47
69 68 122
31 120 75
59 82 47
59 59 59
56 113 101
-4 84 28
-7 87 53
53 134 81
29 125 50
67 73 75
76 83 57
-6 110 113
