218 438 310
131 403 392
164 478 321
190 439 318
181 459 404
213 419 392
223 478 325
203 412 360
132 448 341
202 488 332
147 400 398
169 432 309
195 431 369
163 408 355
180 415 406
216 396 390
142 438 327
218 395 360
142 389 347
166 478 382
169 401 311
220 441 394
192 446 381
129 433 364
206 405 394
181 402 312
133 413 344
217 439 328
186 469 350
153 403 364
177 420 348
163 410 316
181 488 342
136 412 345
126 419 385
166 471 397
164 396 360
211 447 393
153 474 313
190 449 339
194 404 393
145 427 376
150 434 349
183 459 354
223 399 399
142 427 367
169 430 386
211 398 376
172 390 334
158 438 369
165 416 362
174 458 379
186 470 321
182 398 352
207 480 363
161 482 409
175 408 374
148 428 320
221 462 341
176 486 323
212 434 399
182 405 404
125 448 371
194 408 348
196 442 340
178 413 397
185 412 401
136 460 405
211 484 404
210 437 338
176 441 329
203 400 342
184 457 401
172 472 379
169 412 348
147 479 370
170 423 388
185 442 344
162 468 362
141 450 341
181 465 385
137 460 337
220 407 406
132 469 370
192 456 333
151 391 366
125 388 358
188 427 381
209 403 385
130 455 391
148 457 396
180 469 345
142 472 330
216 461 337
213 486 399
212 471 367
132 459 407
191 439 374
180 481 382
212 473 331
196 458 343
149 394 316
204 478 405
200 391 335
130 460 323
149 392 382
175 429 335
142 466 397
173 475 325
209 485 315
163 459 379
150 475 365
148 469 407
136 439 372
193 433 316
163 449 344
193 483 349
174 461 342
131 459 332
212 419 327
147 419 407
223 475 377
188 437 329
186 448 364
190 402 320
217 481 386
147 460 374
222 448 403
194 454 343
146 398 339
213 428 315
129 480 378
153 474 332
149 394 367
209 391 402
210 451 318
163 394 393
157 447 346
203 408 365
194 459 317
218 425 347
158 437 340
153 470 365
161 464 369
174 451 367
194 392 325
164 449 372
213 479 378
175 404 344
127 413 365
137 424 372
217 389 375
162 406 379
148 392 319
193 487 339
167 470 406
203 457 392
179 438 341
135 439 322
146 475 334
225 480 322
204 424 321
222 482 394
147 409 391
213 432 375
145 415 340
182 395 346
157 466 402
159 436 315
199 415 353
198 480 318
159 424 397
163 487 335
185 428 385
184 480 313
165 484 384
143 428 313
135 421 319
206 483 357
148 476 332
204 479 402
161 420 398
169 473 376
199 452 335
151 434 371
211 447 360
189 444 322
153 415 389
216 449 369
198 440 398
199 443 408
190 443 360
168 418 406
179 461 362
217 430 377
214 446 385
221 437 336
223 465 359
215 412 362
184 469 401
168 449 372
168 413 329
149 487 345
171 476 357
138 423 360
154 444 396
131 480 393
172 477 354
218 411 340
213 421 365
167 393 387
212 398 316
136 479 382
210 471 320
125 389 348
171 406 370
212 456 335
195 411 399
181 413 381
223 419 353
135 417 318
184 400 309
169 398 378
187 454 374
218 412 355
177 440 350
135 465 390
154 420 346
185 488 375
199 451 349
128 436 333
145 389 336
201 437 330
150 404 367
201 415 355
145 394 406
192 450 335
205 423 334
153 481 393
154 448 381
198 458 363
210 473 387
156 407 397
182 419 393
204 475 344
202 407 395
213 426 314
141 477 396
166 421 352
225 464 398
171 487 386
219 397 378
133 467 320
142 467 376
172 437 313
140 473 402
191 476 357
170 419 321
151 459 393
158 389 312
221 420 389
173 455 407
180 389 395
130 439 382
197 430 373
204 471 336
215 483 393
134 449 380
154 476 346
137 454 398
149 418 392
138 407 351
171 412 356
165 399 320
179 404 373
176 468 367
193 473 312
153 391 361
136 488 372
167 404 353
220 433 329
203 468 393
178 461 320
197 416 380
153 450 309
138 440 331
197 390 353
171 410 317
198 431 355
169 465 375
210 467 316
158 478 316
209 402 326
216 398 348
171 424 348
219 417 398
186 401 336
204 417 349
206 441 390
164 399 348
177 443 367
135 402 310
198 392 339
162 441 387
137 392 316
129 446 331
131 448 361
169 467 346
170 435 388
193 458 383
143 420 346
213 488 375
174 446 361
191 479 324
214 455 388
213 415 336
161 427 381
217 392 359
225 434 322
174 463 407
179 388 374
167 436 336
220 459 370
175 438 400
176 398 356
139 468 399
184 473 398
204 482 324
188 398 382
164 406 405
127 474 398
179 436 351
205 479 338
144 451 369
147 399 328
187 442 406
192 456 394
224 420 366
209 449 387
145 474 392
132 421 310
181 487 370
152 443 363
165 429 323
219 461 344
147 472 326
129 396 407
181 480 358
170 433 352
213 454 327
210 452 403
154 443 315
133 461 350
160 431 378
172 460 383
185 472 316
144 429 338
211 401 395
197 462 337
156 432 367
126 405 331
155 407 346
141 461 357
207 455 330
164 484 409
159 423 324
224 447 356
196 465 382
186 393 407
127 457 311
193 430 337
188 438 312
185 401 319
194 444 341
205 470 335
178 424 344
209 459 352
144 413 409
201 447 315
201 474 355
133 477 360
136 462 386
137 414 405
202 470 362
213 434 312
125 449 390
137 400 338
162 479 327
162 422 339
154 480 386
183 439 312
198 488 321
171 467 405
143 441 396
225 437 349
202 418 407
155 456 310
165 444 386
213 481 325
145 436 346
80 511 21
85 517 54
101 524 35
54 503 71
119 482 42
118 465 -19
68 525 7
121 466 14
80 533 16
120 462 -16
86 469 37
89 500 39
51 451 -3
60 453 36
76 531 38
123 534 51
68 480 59
72 512 14
101 463 58
104 489 28
79 511 -17
52 545 69
57 526 11
58 510 4
135 461 -23
128 492 -16
69 451 38
125 502 26
80 461 51
83 455 13
144 520 -7
91 476 -13
144 527 9
118 542 17
90 446 -8
108 534 12
115 528 -24
145 502 69
128 518 -8
107 463 44
109 483 26
145 522 -7
77 460 -8
73 484 -7
59 491 41
107 501 8
121 487 0
89 464 -23
61 542 37
123 497 13
117 504 27
143 457 41
91 503 18
59 478 -11
76 476 -4
143 496 0
65 527 -22
49 538 -4
142 484 71
56 531 59
117 475 -13
68 454 38
95 516 42
147 514 62
137 522 20
88 464 68
78 525 61
144 519 72
108 478 67
59 481 72
56 523 17
55 495 -22
81 479 33
128 473 20
82 512 34
100 511 11
94 486 2
76 493 -25
72 536 41
117 482 21
90 472 57
75 543 5
108 497 -5
124 470 30
120 451 -7
68 462 -6
51 493 -8
128 465 -18
72 481 38
126 469 34
94 446 57
101 495 20
103 452 -12
127 495 39
118 460 55
120 471 42
59 507 65
82 545 52
96 509 38
83 491 16
148 470 -11
66 528 -24
63 488 19
136 473 -1
140 475 46
91 506 56
51 494 17
67 461 32
126 450 34
143 485 59
62 467 50
76 466 27
99 477 14
124 505 66
105 498 68
102 481 -16
129 503 -25
60 546 73
50 530 58
139 470 24
57 515 29
113 469 71
139 526 -1
138 462 20
53 525 40
72 510 21
91 484 60
53 447 68
125 485 40
134 515 67
53 533 -12
138 482 62
100 451 61
52 498 61
70 485 -9
130 453 60
61 453 12
68 463 -22
61 537 10
144 469 -4
127 535 -9
50 471 33
128 448 52
116 505 73
93 490 16
86 466 6
85 530 22
118 516 40
90 546 69
123 495 0
143 476 -19
48 501 -3
125 519 30
54 531 72
52 501 55
71 541 56
120 504 69
135 493 14
61 491 0
64 500 -27
142 483 49
91 542 49
145 494 37
135 473 26
141 473 45
133 486 36
92 485 -19
72 451 27
67 521 -9
102 514 -15
142 452 4
66 507 19
59 510 40
141 491 -17
108 519 -8
140 526 15
72 463 65
81 527 54
141 474 27
91 539 47
78 530 5
98 480 43
107 525 16
69 530 54
57 481 62
53 476 21
95 466 57
111 538 15
50 449 -18
61 499 46
94 479 -9
87 546 -9
119 530 -9
52 516 20
104 455 -17
112 454 -26
53 494 4
69 541 -27
99 523 38
97 546 63
148 465 68
56 487 -12
118 481 18
97 462 -10
144 488 69
121 464 59
124 475 43
89 453 65
51 483 36
56 498 26
104 526 -3
88 523 13
80 449 31
132 510 59
137 496 42
90 473 35
54 469 7
102 499 50
67 478 2
132 500 -5
80 474 48
75 452 38
120 531 -6
106 546 -23
71 538 27
49 472 -26
55 501 66
54 536 55
96 502 -7
79 502 -10
90 446 58
109 463 12
57 478 -14
147 512 -4
119 494 44
72 509 59
123 528 25
130 490 20
72 508 15
71 508 -12
146 485 57
125 541 61
88 539 40
104 506 -22
110 455 0
92 488 73
117 515 62
122 470 40
96 486 60
51 468 41
130 491 49
77 523 28
137 536 73
64 470 57
107 495 52
128 531 51
92 522 -24
68 526 25
92 492 46
139 461 47
123 526 20
88 542 10
114 457 40
87 464 -7
106 505 49
76 478 41
104 480 68
110 449 -21
95 455 5
118 448 31
111 478 -25
119 537 61
126 514 15
129 486 46
99 539 59
108 521 -9
95 521 -15
105 520 32
89 527 66
58 487 -5
140 494 -26
132 457 35
92 449 11
54 522 -5
88 510 55
108 454 69
76 511 19
116 528 10
50 458 -19
69 538 4
63 449 10
67 465 22
70 467 36
88 449 -24
125 494 12
76 487 8
125 488 55
61 489 12
127 476 37
87 474 62
138 518 73
53 480 64
132 523 3
138 475 16
139 505 19
108 464 71
51 467 70
143 482 40
68 474 48
101 478 14
99 446 73
90 469 13
73 509 25
109 484 -7
49 476 56
81 506 65
49 460 64
57 518 42
103 509 53
107 447 5
107 508 22
72 507 -20
55 527 47
140 496 65
131 521 48
107 488 6
103 504 37
50 523 72
83 525 37
82 544 17
139 490 41
111 497 50
74 450 62
85 515 65
58 545 45
118 522 61
90 513 57
92 462 -24
75 474 56
71 539 -7
143 495 0
49 526 -27
136 533 0
53 540 64
75 519 66
135 533 5
69 522 70
67 541 70
139 542 65
58 460 37
50 514 9
73 519 44
104 471 -16
134 494 45
138 487 -20
100 499 48
104 532 -8
96 519 -21
111 498 -6
49 463 -6
91 473 -15
64 533 -9
94 499 -23
118 519 50
82 468 62
115 493 -12
84 497 27
85 465 -18
118 533 30
78 519 39
133 497 -9
92 525 66
55 496 -11
98 531 -14
109 539 20
63 485 30
67 457 57
106 450 61
53 470 33
73 488 11
109 448 65
146 499 65
122 536 48
131 448 61
75 527 -4
79 505 33
60 515 -18
63 466 1
115 541 11
82 471 40
138 513 69
116 473 22
79 474 71
78 468 69
55 513 50
76 535 46
130 518 50
92 451 -6
118 486 -5
111 452 63
387 231 99
325 286 197
352 305 101
396 242 176
333 223 191
400 219 118
383 260 178
386 290 185
395 246 127
367 304 168
316 302 146
309 231 188
338 316 98
324 317 134
348 260 170
307 219 193
349 282 120
394 239 133
311 220 192
315 283 132
352 233 182
401 262 133
330 256 184
365 238 188
351 295 136
388 237 101
375 246 168
398 252 154
363 265 110
330 251 113
356 273 126
375 306 99
384 255 133
351 298 115
369 295 98
387 240 99
357 311 191
360 295 190
370 297 99
314 248 166
340 264 156
357 292 118
376 252 166
368 241 98
392 233 100
375 287 112
337 221 104
319 222 171
303 228 106
366 280 132
315 284 140
335 241 153
378 254 184
336 287 135
345 274 185
353 315 119
342 239 196
334 294 166
323 263 112
403 261 151
326 234 113
369 230 120
337 312 131
333 288 127
310 251 144
381 243 194
356 290 153
380 218 112
401 300 171
303 292 182
377 260 131
347 259 147
392 273 160
355 309 166
372 273 160
308 270 134
314 269 140
393 230 103
364 269 165
390 218 125
330 266 167
386 224 103
321 250 164
308 298 183
334 244 155
352 221 116
384 277 192
371 315 131
326 221 114
372 265 119
385 304 191
400 288 168
305 307 141
334 272 162
362 275 111
361 298 116
339 316 165
388 233 151
311 254 122
353 221 183
396 221 148
366 269 173
303 228 192
397 243 109
342 254 114
313 267 143
342 297 134
380 233 140
349 258 153
369 279 144
342 228 157
347 280 148
313 269 126
323 239 143
366 249 150
323 290 124
397 279 99
389 220 118
362 230 168
400 294 164
390 268 113
319 234 165
315 293 116
394 274 104
344 241 186
316 223 174
315 277 146
376 218 119
325 305 136
326 241 181
399 261 148
377 235 177
393 257 136
362 259 174
321 242 150
403 314 142
349 275 163
352 252 144
306 263 192
332 283 172
307 245 187
363 295 187
319 300 141
355 295 193
353 226 188
305 289 178
317 317 118
343 309 146
377 300 128
403 311 152
366 272 169
322 219 178
322 273 170
365 302 129
363 292 153
391 316 183
349 268 122
333 295 188
365 223 183
324 271 151
319 244 130
351 287 149
376 250 168
331 246 126
379 267 126
344 223 163
391 296 111
369 225 108
378 284 139
375 290 118
321 318 152
342 298 182
377 232 150
386 222 167
359 296 130
343 311 164
312 294 181
360 227 186
312 248 111
346 219 166
354 289 117
357 248 171
372 240 156
348 306 132
347 231 138
372 279 132
313 278 140
308 284 191
356 290 113
346 275 159
329 240 117
329 252 101
338 282 133
358 279 103
374 239 153
303 292 147
385 311 139
324 297 191
326 222 169
366 287 158
377 295 130
372 308 107
361 282 111
336 312 117
313 303 191
329 284 198
314 274 195
388 276 118
397 304 188
359 311 194
319 285 165
376 228 198
381 262 124
314 248 151
379 259 137
371 264 163
376 230 149
352 232 152
367 276 108
303 281 164
392 231 114
356 307 116
392 250 126
387 226 99
400 281 193
353 306 120
379 300 114
323 267 129
396 280 190
332 226 146
400 285 163
347 272 137
365 273 132
365 255 195
310 223 120
334 303 196
333 316 173
375 315 102
394 301 161
393 269 101
373 313 99
365 243 135
339 280 101
332 255 131
332 281 159
350 249 165
314 305 185
324 226 124
314 285 146
312 316 189
369 278 180
355 314 195
303 267 150
324 305 161
362 233 132
350 228 138
316 234 125
337 225 194
383 304 149
395 250 101
337 281 141
350 231 108
306 241 128
382 233 146
330 284 103
306 230 162
370 227 158
373 297 192
307 220 148
375 269 131
372 266 184
395 302 147
318 243 180
352 239 153
338 269 151
367 266 142
346 302 116
349 288 198
383 286 176
377 299 190
333 265 140
305 226 151
318 293 143
355 303 170
403 300 141
334 220 122
306 315 116
351 219 192
306 283 169
386 248 122
359 245 141
358 222 141
339 224 165
372 251 169
351 303 171
370 221 196
360 290 137
320 234 170
330 305 179
401 312 129
393 249 122
308 303 191
399 254 132
329 257 117
356 255 166
386 254 98
334 231 180
330 287 178
347 276 143
383 282 136
334 232 160
303 267 114
351 250 191
369 289 105
396 224 142
330 244 142
386 233 135
354 226 174
371 230 178
381 227 172
320 278 185
319 276 158
402 280 132
357 317 107
324 252 115
319 257 121
316 276 121
328 237 101
361 275 174
326 230 131
339 260 192
370 256 130
325 263 104
358 317 156
380 231 154
307 220 129
374 282 170
337 224 182
326 253 153
373 316 136
358 255 118
390 281 143
305 294 112
396 299 133
347 265 156
398 295 158
349 314 189
314 290 171
381 274 134
386 287 109
394 309 161
395 255 101
334 262 147
388 234 185
367 303 133
381 223 106
303 315 128
313 270 158
345 310 127
327 237 185
310 263 182
378 279 178
329 254 111
337 245 103
389 249 144
343 231 133
388 256 118
312 222 106
322 250 178
322 256 130
382 313 147
355 247 166
358 314 124
345 305 118
395 273 116
338 224 147
346 311 106
333 249 133
358 293 109
331 299 176
389 309 139
324 236 154
379 247 185
402 294 163
397 242 198
322 236 138
304 306 117
377 251 172
343 310 107
354 297 154
316 237 144
340 299 186
402 282 122
320 275 140
312 221 170
384 252 134
348 223 98
341 290 98
376 245 137
335 269 123
171 419 465
144 458 415
192 508 445
166 427 461
143 512 432
132 434 421
127 460 425
182 432 394
127 475 475
140 481 458
150 482 462
159 420 407
147 488 403
193 503 411
173 486 404
198 458 406
201 501 432
182 474 463
212 487 441
187 452 420
160 461 413
171 487 461
223 430 430
199 478 402
184 433 468
165 433 432
208 436 461
209 454 419
162 446 457
140 473 429
164 446 392
204 497 482
159 420 395
140 459 429
195 492 414
158 490 483
128 485 468
187 431 440
153 475 401
188 463 448
124 492 456
170 438 471
123 496 422
205 493 449
137 448 480
164 512 460
222 418 434
145 468 447
142 504 451
135 462 430
136 509 487
168 473 423
126 448 430
164 500 431
205 469 420
195 450 436
189 419 479
204 446 412
220 449 405
174 416 428
127 438 462
126 444 440
127 463 424
199 480 393
178 456 445
129 423 429
198 423 422
139 477 399
128 510 390
190 468 458
164 488 411
167 425 437
221 494 477
132 461 428
195 513 454
219 441 428
167 511 429
130 488 460
221 435 433
196 450 387
211 430 424
183 428 423
181 485 416
133 464 474
158 459 411
214 464 433
194 440 436
177 464 444
136 484 432
149 455 447
203 457 467
209 464 396
174 468 392
205 466 484
164 437 464
222 445 416
138 468 446
187 429 408
145 414 413
133 447 414
170 484 449
138 426 474
202 433 462
170 468 443
221 487 467
147 472 427
206 423 465
163 483 475
205 459 389
171 469 390
172 433 415
185 415 471
206 452 462
147 511 425
197 494 434
174 434 421
190 477 476
135 428 441
157 478 435
153 426 467
214 446 429
177 413 449
141 457 442
204 465 459
200 513 417
183 460 451
164 480 478
127 502 388
198 425 399
162 502 399
221 415 456
185 475 457
126 469 475
174 423 458
183 497 441
178 449 475
211 440 404
148 486 422
211 462 456
138 507 409
166 485 460
142 462 456
167 413 466
194 434 448
143 423 457
171 482 434
222 493 420
129 472 410
165 494 474
165 487 415
181 413 417
213 463 395
161 463 428
206 467 417
182 419 431
194 473 436
185 474 440
217 441 440
152 457 445
134 512 409
158 474 441
214 425 411
210 443 476
174 448 458
208 435 410
201 435 387
128 474 464
151 491 387
204 464 427
197 504 456
219 456 455
127 473 470
123 485 397
163 416 399
148 423 411
188 466 430
162 498 446
195 482 400
178 488 407
218 454 460
158 416 442
184 420 470
208 494 407
177 472 403
181 445 480
198 456 432
194 513 452
220 490 439
205 506 436
132 495 410
221 432 404
147 459 449
145 468 436
149 484 449
128 455 474
144 422 473
125 426 419
134 503 464
138 458 446
212 460 446
191 483 410
154 431 477
175 428 432
221 437 460
180 413 461
223 437 394
145 510 409
139 488 444
181 418 433
178 418 392
205 450 410
158 470 458
200 470 408
198 492 466
174 458 459
216 466 478
156 496 487
200 474 451
182 491 412
207 420 424
174 431 431
123 500 455
201 483 387
204 494 414
184 443 447
131 513 393
127 449 459
182 418 452
158 508 459
145 420 417
151 510 412
163 507 426
151 498 464
197 487 387
169 431 428
222 478 471
182 500 392
164 486 407
145 434 414
151 470 481
158 455 462
148 477 466
181 476 477
155 512 402
171 501 388
163 499 461
166 426 391
169 490 415
161 441 436
162 500 433
163 438 476
168 490 460
128 482 430
205 440 420
158 506 442
146 447 426
143 443 458
187 429 432
214 508 392
177 465 413
190 481 400
195 446 425
185 508 453
203 503 474
219 424 450
181 441 468
198 445 450
123 506 487
184 483 428
125 427 417
165 463 420
218 505 441
216 464 404
213 486 451
192 419 398
154 510 403
193 464 464
220 513 389
213 425 451
209 436 397
195 484 480
146 430 389
180 454 459
196 448 399
182 487 468
133 481 412
162 450 464
187 422 469
203 513 483
202 468 440
182 417 411
181 492 414
223 482 484
123 454 478
156 475 451
213 475 392
182 484 452
171 420 461
125 491 408
152 432 462
222 510 482
141 508 437
175 441 402
198 494 485
186 432 438
199 492 462
167 489 466
158 487 484
185 443 464
164 414 400
181 431 395
153 432 409
123 483 442
152 413 454
144 420 400
123 508 389
138 487 452
184 507 395
154 507 469
132 434 447
177 457 408
130 462 414
161 449 397
147 481 389
204 490 390
167 483 462
154 419 469
168 487 418
210 506 393
154 422 457
154 430 438
145 511 430
195 417 475
136 511 487
137 446 444
175 468 419
166 434 437
145 468 423
204 485 456
166 512 460
203 447 425
204 489 421
184 433 479
214 421 448
169 418 454
156 437 400
146 431 465
208 502 449
138 464 447
155 461 416
137 510 434
178 488 427
156 504 449
223 487 387
217 418 485
161 430 411
213 431 462
159 415 413
144 466 390
215 493 413
176 492 477
175 484 404
178 498 406
191 441 402
161 419 483
126 512 470
163 424 480
176 436 401
135 504 472
164 451 421
137 482 434
150 506 416
165 506 422
155 503 485
219 481 390
176 475 449
204 426 401
197 446 473
165 501 473
171 502 464
207 508 408
162 465 409
181 463 402
210 461 409
211 471 459
142 432 391
186 477 403
176 473 389
156 446 475
211 424 436
130 468 431
220 490 392
188 508 399
163 424 468
194 470 484
200 461 390
198 448 443
216 502 419
142 447 402
149 441 405
482 210 379
457 198 394
465 140 371
541 180 334
459 192 360
492 161 390
483 169 319
504 211 295
531 203 339
514 190 377
486 193 324
530 147 335
462 182 304
450 184 337
524 161 335
450 228 307
506 156 388
546 171 326
473 163 384
461 218 394
536 213 349
541 226 330
455 156 361
456 170 348
522 223 316
502 199 371
480 219 351
533 198 376
482 202 313
527 184 369
456 182 378
468 194 335
461 170 369
457 148 333
530 225 330
511 154 294
448 145 321
529 149 389
453 169 333
492 216 317
466 230 387
511 173 336
470 207 393
532 139 295
485 207 394
507 139 335
495 176 362
462 170 305
543 148 355
491 153 344
497 179 380
477 200 354
527 181 390
475 145 376
493 172 334
544 180 377
508 220 389
485 157 373
534 222 389
537 213 330
541 150 338
492 226 339
483 223 299
505 195 356
508 155 312
485 136 337
462 204 319
479 175 381
541 150 380
536 181 311
446 182 382
529 168 372
514 213 321
468 193 352
494 165 324
535 153 376
473 179 310
501 151 340
507 196 297
474 166 336
536 200 318
518 204 306
494 209 374
543 191 317
532 163 366
533 204 369
532 193 381
502 218 297
490 236 334
534 199 364
529 174 359
482 180 351
535 173 363
482 195 298
526 186 326
515 229 350
516 223 302
524 137 298
478 218 370
504 166 394
455 230 313
448 163 342
541 214 315
475 162 335
510 205 300
463 177 359
545 167 327
489 180 300
466 144 326
455 165 353
448 193 358
488 199 376
466 234 301
505 226 339
519 176 381
545 192 394
535 144 375
526 156 296
469 214 351
459 175 362
452 227 389
461 233 353
540 143 334
454 136 317
502 191 348
466 202 296
477 198 346
515 221 326
493 196 380
503 217 294
510 147 340
450 229 341
481 154 385
506 185 384
545 161 299
527 175 367
489 174 337
468 222 331
449 183 313
453 223 337
450 235 307
467 166 331
494 193 296
533 172 390
457 165 366
478 145 314
511 152 351
531 213 378
475 173 317
502 150 299
452 185 383
455 176 315
536 225 385
530 140 352
458 206 301
501 172 388
508 208 388
508 180 307
477 236 360
509 187 391
543 221 347
477 199 394
543 219 386
497 170 302
532 236 314
505 137 341
543 161 322
480 233 350
498 229 302
534 224 326
532 230 375
455 161 391
527 211 355
536 173 338
526 177 325
499 137 331
494 217 339
472 145 317
498 221 382
513 211 358
534 151 336
484 153 317
535 211 314
470 209 388
466 233 341
516 147 383
534 160 371
454 172 359
500 139 386
466 157 365
452 211 295
482 217 344
479 151 375
494 197 391
522 218 303
481 179 364
523 145 316
477 200 320
465 167 340
485 235 357
452 136 329
449 195 350
535 182 349
538 158 318
470 154 387
454 187 350
465 164 369
479 176 328
513 151 355
541 196 338
521 157 344
518 175 341
459 145 360
535 189 312
485 189 335
456 202 354
466 208 318
508 172 305
510 225 351
501 173 347
481 234 347
521 225 394
487 234 342
512 196 297
497 222 359
514 176 374
485 209 352
485 168 368
446 160 366
457 162 366
463 227 387
533 205 394
534 193 355
496 218 324
495 157 373
546 141 295
492 230 372
466 171 387
465 198 315
526 228 302
517 190 354
465 207 317
533 137 306
460 150 347
474 140 374
472 160 375
482 212 351
457 145 379
502 193 365
469 203 338
491 204 342
526 224 363
478 195 375
528 227 300
494 207 341
503 170 387
476 161 320
508 203 333
495 168 330
534 183 296
540 206 321
536 184 309
504 230 377
538 181 393
535 188 306
455 143 312
512 160 323
505 154 374
451 180 303
533 149 309
525 143 324
504 180 350
538 139 317
517 222 335
458 157 378
515 168 332
480 156 343
475 219 373
492 194 342
540 235 357
452 147 298
463 149 332
460 235 319
512 137 349
506 228 359
483 189 310
518 210 379
479 210 342
483 217 320
467 163 377
501 175 313
497 178 297
532 207 358
493 140 375
468 197 387
450 198 333
452 167 337
478 146 371
509 158 363
458 157 367
494 233 330
543 216 336
515 171 297
533 198 297
511 202 350
452 210 341
454 233 355
497 149 294
469 176 388
520 186 380
526 136 394
491 213 366
490 166 298
535 168 331
500 145 354
473 235 336
476 224 354
476 236 303
517 211 317
476 212 301
487 197 296
503 186 317
506 160 394
516 197 322
475 220 302
500 197 326
482 217 319
461 165 351
525 148 322
455 145 369
478 185 328
485 168 305
478 207 331
497 141 382
509 227 296
528 236 296
499 221 362
477 198 300
509 142 305
474 216 386
542 214 322
534 139 323
536 140 392
521 207 354
545 174 366
460 234 334
480 139 299
510 188 346
522 186 350
546 161 299
479 217 314
489 222 361
499 182 370
483 181 354
490 187 347
513 197 359
500 183 356
469 168 369
504 166 335
514 183 320
537 199 317
492 223 300
460 190 387
446 155 378
461 209 339
471 145 322
532 221 300
472 221 393
523 174 294
485 175 361
518 144 381
456 235 358
502 161 313
472 171 313
516 206 386
511 170 301
468 192 364
501 170 349
494 193 392
476 174 310
485 159 326
542 152 393
502 199 368
465 149 382
537 212 339
506 141 352
512 169 342
541 148 383
521 164 392
497 157 334
538 224 369
519 136 310
524 213 316
452 231 379
491 221 319
452 196 298
460 219 340
533 218 390
486 202 394
481 204 371
147 184 63
210 120 119
205 162 119
173 121 31
139 141 45
232 149 64
229 159 107
171 161 94
212 143 101
223 109 82
198 148 60
229 116 64
225 117 50
202 152 113
168 103 120
170 120 92
154 189 117
154 178 55
161 168 82
183 131 129
171 192 47
189 195 125
231 136 101
215 116 56
166 174 93
171 124 34
194 192 55
203 127 121
204 123 44
152 191 106
189 151 96
165 168 114
231 179 60
181 191 83
150 132 71
147 144 115
143 148 128
156 189 76
215 146 38
151 117 129
181 160 127
195 193 85
232 153 62
212 163 81
215 121 29
174 122 79
162 160 97
203 149 76
233 106 77
160 127 105
226 190 100
197 194 113
216 175 38
222 132 113
237 97 92
179 151 123
224 123 48
216 165 120
199 156 108
148 188 81
222 195 79
216 100 128
139 153 117
211 154 37
142 151 44
149 134 32
216 156 96
170 163 61
170 101 74
204 115 57
205 171 69
169 137 51
209 156 125
225 160 117
184 112 43
207 130 83
186 103 73
230 166 110
173 147 36
228 157 93
184 103 54
197 178 119
203 121 90
211 179 44
210 118 61
173 109 117
142 99 92
154 132 78
163 119 94
163 100 111
156 101 70
186 184 62
231 183 110
215 118 55
237 123 107
218 182 107
211 167 129
226 154 47
213 155 43
165 144 112
142 122 122
145 166 77
139 134 88
166 124 84
157 162 122
235 188 114
151 193 82
141 145 75
154 169 76
218 182 81
197 124 41
200 106 90
170 172 98
201 183 84
224 180 38
188 149 38
202 123 89
196 152 30
207 102 33
209 155 62
223 164 104
149 188 80
161 159 90
226 196 85
224 139 50
201 171 36
140 181 69
235 160 104
233 171 107
211 191 95
174 165 90
209 103 29
176 181 88
158 118 108
166 143 123
185 134 59
200 138 35
194 112 74
140 158 78
157 142 108
216 99 86
194 115 32
239 142 109
183 100 96
198 161 88
189 116 54
193 170 57
225 109 113
205 148 57
155 130 96
139 192 56
203 172 64
160 125 48
206 113 90
210 142 71
194 187 59
144 162 39
236 195 31
158 131 63
187 176 125
168 117 51
143 110 69
172 167 48
200 151 51
144 128 80
239 136 109
219 113 50
157 147 42
170 132 71
159 127 121
196 109 86
146 97 109
198 126 123
220 164 84
204 196 106
181 197 31
196 110 72
200 136 51
220 167 35
160 170 45
142 102 92
238 131 91
224 154 109
209 186 55
181 111 121
168 140 68
147 186 55
167 185 59
216 112 30
179 104 121
176 196 109
169 100 83
220 156 40
186 123 53
167 107 99
159 132 73
178 183 97
203 109 49
168 101 53
157 151 111
224 182 82
161 155 75
197 106 54
224 134 65
152 138 101
204 148 53
140 176 82
139 126 89
211 193 82
153 129 80
147 98 73
152 182 94
192 142 94
174 159 40
176 116 68
144 128 57
232 142 83
174 177 122
205 116 82
229 160 65
142 125 69
140 185 100
193 190 127
225 168 75
147 154 103
213 196 52
178 125 59
155 195 69
160 196 31
139 108 43
229 106 81
177 193 50
235 129 84
168 176 67
200 179 51
191 185 97
197 115 78
158 148 63
157 142 96
155 112 88
142 136 115
139 172 95
162 132 122
227 131 79
164 164 129
211 154 105
159 168 64
197 162 92
193 134 41
139 122 99
141 185 49
231 132 48
206 167 113
171 170 125
165 136 57
179 129 91
162 162 77
151 125 42
148 140 60
141 173 122
225 170 109
201 171 53
221 129 96
229 170 65
212 107 66
179 110 67
239 146 125
233 194 92
204 97 102
152 102 105
202 107 76
145 103 120
147 197 93
162 101 109
189 133 51
166 106 101
211 101 69
212 168 29
171 165 56
175 151 40
219 149 109
202 152 109
147 134 119
229 105 39
223 136 29
173 155 85
186 124 92
239 161 90
170 169 72
191 149 60
218 167 45
210 191 65
145 158 48
197 98 110
197 115 64
140 103 105
183 98 82
237 147 54
177 183 95
145 145 102
196 114 92
187 118 34
195 154 124
184 120 35
145 115 76
237 124 123
156 116 96
190 102 40
206 107 62
227 131 55
226 165 118
175 100 68
143 120 83
177 179 56
189 136 43
156 142 111
239 160 42
226 170 104
210 100 67
141 123 113
203 118 63
176 129 45
158 138 82
150 125 39
142 99 34
222 168 56
236 134 73
167 154 102
237 122 80
172 110 51
237 116 74
178 117 107
146 157 75
217 147 110
180 118 113
176 179 31
211 142 81
189 131 127
165 184 109
157 194 79
230 153 66
233 181 125
232 121 123
196 131 59
157 99 83
210 143 37
180 130 44
188 98 54
192 101 55
193 180 55
189 168 84
150 190 119
220 131 32
196 140 39
182 133 101
186 179 61
146 192 54
176 107 92
213 182 116
193 167 124
197 166 47
239 181 61
207 154 94
218 102 64
188 157 88
192 141 123
212 119 92
163 135 125
235 124 31
153 97 119
170 194 114
171 135 101
139 117 67
201 97 125
208 136 68
221 176 72
142 139 30
169 186 113
192 101 80
226 143 102
150 194 53
199 182 101
212 122 77
225 197 123
195 104 34
149 144 77
216 154 36
164 144 99
160 135 64
192 183 79
178 190 76
209 109 107
145 100 40
217 192 47
153 180 81
180 178 59
194 189 107
216 154 126
215 156 92
144 151 55
321 -14 26
322 85 8
366 18 36
337 15 6
353 83 -8
364 55 -12
366 5 63
366 23 -18
287 59 -28
304 14 -3
272 80 52
331 68 43
357 75 49
314 -13 64
327 43 18
343 53 48
273 16 64
268 47 -3
351 24 9
347 22 -17
334 20 50
355 -14 16
322 57 3
344 46 8
322 23 -31
328 33 -25
340 79 1
291 65 9
291 75 13
350 78 3
267 -15 16
340 4 59
342 78 59
344 18 36
307 40 -16
307 61 15
319 78 -34
312 30 29
350 74 25
297 22 31
346 12 2
275 73 -35
347 7 26
325 53 -12
268 33 -21
331 -12 54
305 64 -3
289 50 -36
326 44 42
319 83 36
332 -3 -27
320 65 -14
308 17 34
274 24 35
337 9 29
280 68 -4
300 82 -3
339 39 -7
298 -7 14
331 30 53
287 56 40
362 46 54
342 -4 58
305 68 -7
290 19 -35
353 7 30
324 31 38
311 52 25
267 38 13
330 1 62
323 46 -28
341 0 -36
332 63 20
320 33 -10
269 9 48
359 63 38
287 43 21
362 38 41
359 59 27
312 81 62
272 -12 59
338 82 29
338 48 51
275 45 10
292 11 39
273 61 61
282 42 39
295 42 24
270 41 42
322 -1 40
329 -7 0
319 26 -9
283 -10 -6
363 26 -3
276 36 -31
305 -1 5
318 65 48
280 56 7
336 77 21
337 46 0
314 57 41
298 35 32
324 19 51
364 74 -19
334 29 40
311 8 2
276 12 6
287 26 23
270 -15 -17
269 -13 -1
273 17 5
300 37 -11
362 78 -27
320 46 -20
270 50 59
326 36 -26
312 54 9
336 50 47
300 -14 -24
266 -15 43
327 80 -6
309 43 -8
286 18 -10
272 4 -17
319 15 25
339 55 57
292 34 64
351 0 52
296 14 13
353 55 42
350 24 42
286 -7 43
282 68 3
290 76 -34
339 1 -28
289 77 19
339 -2 46
276 10 -11
345 82 44
324 16 15
296 53 19
341 54 59
269 64 30
272 35 53
291 56 -8
291 9 -34
283 13 42
275 -3 30
328 15 32
293 28 -2
325 -7 64
314 83 10
304 32 -13
364 59 50
352 10 -2
268 49 30
347 2 -30
266 19 -1
301 6 -11
290 34 25
350 33 9
313 44 -23
321 -3 -34
288 23 -3
349 -12 -24
271 34 2
281 50 -28
348 69 12
354 5 52
350 -1 -3
328 54 -2
275 70 -3
328 31 10
339 42 56
311 10 60
360 16 27
300 6 -32
324 19 13
309 -14 5
323 74 0
313 30 -6
317 4 56
339 0 -2
336 2 -36
346 -1 -27
305 15 -7
351 66 -6
273 -5 49
346 3 41
296 82 31
366 -5 61
353 60 -35
294 69 -25
274 4 27
305 72 63
289 66 19
337 73 -36
339 76 31
315 68 25
335 27 63
312 59 -20
284 80 12
355 36 16
272 20 -29
275 62 -36
320 44 35
271 31 -5
330 -3 27
359 8 9
274 18 10
311 -3 11
339 78 45
311 82 -5
282 83 -22
312 26 -20
276 64 -14
359 70 46
300 20 3
341 0 -8
349 57 0
298 45 13
363 26 6
366 48 33
303 76 -11
324 -10 53
328 36 -18
361 -10 8
287 27 17
302 74 27
359 4 13
309 -12 -23
280 44 55
271 63 50
323 43 19
321 -2 18
274 44 35
362 -8 -22
283 48 -21
269 29 39
277 7 -32
350 -8 -13
280 25 -3
325 38 4
358 65 23
356 81 -23
280 82 -11
308 30 -11
301 11 -26
361 22 7
269 82 -5
275 50 -31
360 51 19
348 73 -8
282 62 -8
301 39 -12
331 69 18
348 31 29
284 65 28
326 68 62
274 5 21
350 5 -6
366 55 3
280 69 -21
306 79 -31
282 54 -2
336 31 -26
364 11 8
346 70 -15
362 69 -34
342 -1 23
351 54 -33
333 85 25
357 2 26
326 -10 51
343 14 21
321 15 0
300 -3 18
296 8 -8
295 4 18
328 1 54
357 67 24
294 -7 20
335 12 -15
279 36 50
363 68 24
302 24 12
278 71 49
277 -1 -15
305 42 -31
322 21 30
356 74 -12
304 28 9
366 30 34
291 74 -36
349 16 48
299 62 32
299 22 13
305 -10 20
349 47 42
281 30 37
289 -3 11
331 -3 47
366 61 -8
308 68 -22
365 81 -12
365 56 47
284 26 13
346 24 28
332 82 42
296 77 32
348 6 56
335 52 28
302 62 13
357 -14 44
280 85 30
345 -6 16
283 -10 -29
333 26 41
359 68 3
323 6 -2
282 81 -17
324 60 45
300 -13 6
268 -10 50
332 10 -15
366 80 4
321 42 18
305 85 42
291 45 52
308 41 34
301 41 -5
349 48 7
340 85 49
337 72 52
331 75 43
274 33 -33
317 26 -29
350 9 15
281 58 3
300 59 -33
280 18 1
277 57 55
332 81 -6
290 41 58
330 64 -1
356 76 34
353 11 -13
344 0 58
266 11 38
366 5 51
266 18 58
303 28 0
313 -7 47
335 -12 -16
312 10 4
277 74 14
350 71 22
352 30 62
340 0 -9
305 18 -5
325 75 60
308 13 14
340 -13 3
271 43 -5
271 78 14
351 42 -7
334 10 -16
363 -10 26
287 77 11
276 56 42
338 18 13
341 -11 21
358 23 27
360 46 38
319 26 12
361 74 51
343 2 11
279 66 19
296 74 22
304 3 -21
333 16 45
326 74 -30
320 37 43
342 80 9
324 -2 41
365 56 3
276 70 -20
288 47 33
270 65 54
352 7 -34
330 32 -11
275 81 33
287 57 16
268 32 -18
362 40 56
283 43 33
362 76 23
353 21 51
289 -10 -15
276 55 -36
387 53 19
358 40 85
375 93 41
392 96 89
405 87 66
387 73 16
381 39 -3
392 24 16
398 25 25
391 71 21
387 28 47
341 30 20
372 85 53
425 31 -3
413 89 15
410 30 73
396 90 61
348 72 69
406 24 81
369 81 28
341 85 56
346 29 38
372 72 80
394 52 10
392 37 41
363 60 53
404 89 -2
382 76 62
391 118 80
416 115 64
390 37 83
361 42 5
372 28 65
420 75 0
428 43 57
417 116 65
379 64 17
371 42 43
422 121 53
399 73 67
423 96 78
352 57 86
426 101 48
345 115 16
343 32 57
408 47 95
357 25 82
360 60 30
379 31 6
334 99 57
357 109 86
407 49 39
386 50 16
360 119 44
406 114 61
330 38 19
332 40 64
420 120 82
333 115 35
346 48 37
381 80 48
331 44 62
345 103 23
337 85 85
400 38 55
415 123 -2
345 64 6
382 43 24
383 108 -5
347 96 17
340 109 25
337 33 32
420 100 82
413 103 17
423 60 4
381 122 14
391 124 38
415 37 83
340 93 67
360 67 -5
360 31 9
418 91 36
386 92 18
403 42 14
385 35 80
398 62 84
395 101 93
362 118 20
345 83 24
392 101 24
383 81 24
386 35 22
413 106 3
427 119 27
371 90 8
411 87 51
405 77 93
380 28 38
410 105 93
416 120 13
375 84 75
375 112 22
349 92 81
354 76 55
337 120 89
363 106 -2
335 118 57
420 124 71
375 110 34
362 49 63
371 106 79
409 69 62
341 114 70
358 34 64
366 104 60
417 114 49
328 50 3
358 123 -3
367 88 45
417 70 40
384 58 17
406 121 21
414 90 36
412 85 33
357 93 -5
351 36 51
334 34 21
383 61 5
370 25 22
365 41 78
362 50 35
392 124 7
427 39 70
395 56 22
334 109 21
355 57 89
380 71 79
389 108 61
390 39 92
367 104 7
398 25 12
380 57 69
333 34 45
405 74 93
420 79 16
408 47 57
408 115 11
364 52 68
328 90 62
426 118 12
357 111 -3
387 109 90
417 67 51
373 58 75
351 123 72
337 68 49
371 99 -1
363 77 50
344 87 43
344 78 51
361 68 53
358 97 88
395 37 58
356 112 53
395 95 75
401 27 38
423 113 16
330 69 51
329 56 24
414 117 94
332 100 91
346 104 6
376 95 24
375 89 69
387 61 66
390 58 89
411 103 53
372 63 48
383 60 9
332 47 87
406 46 25
411 46 80
333 56 1
359 59 54
385 90 33
382 106 13
347 44 37
410 41 59
406 87 37
398 48 54
340 92 8
336 47 46
386 51 58
341 45 -2
389 47 89
406 79 50
397 108 42
371 79 28
408 83 91
359 113 44
333 80 37
345 74 3
402 35 58
345 116 94
372 64 26
391 87 88
386 73 -2
410 115 92
420 122 -3
408 122 72
418 42 54
392 37 74
402 111 38
402 62 72
358 69 31
329 59 4
384 89 26
381 29 2
373 97 24
369 27 53
371 107 64
415 93 61
420 72 63
385 70 43
372 104 22
360 47 18
339 67 73
395 29 31
387 33 56
418 99 11
348 89 1
349 73 57
399 113 45
409 37 54
332 61 94
328 56 91
343 35 64
416 72 22
393 52 53
364 112 38
350 61 95
348 121 65
333 97 25
359 29 71
346 91 36
364 78 16
426 100 67
329 60 75
369 79 43
346 100 22
376 50 52
406 63 67
413 105 34
350 107 44
377 26 91
418 48 29
353 46 -4
352 58 70
381 34 62
332 113 45
379 70 44
399 121 86
376 114 26
409 95 52
358 40 56
369 50 26
392 103 46
378 49 57
409 65 76
363 72 25
360 94 43
390 94 95
403 80 29
401 99 76
376 56 -4
412 51 70
397 40 68
392 74 68
358 67 54
330 108 44
376 76 15
352 36 33
402 79 82
360 97 77
329 91 1
395 62 12
425 34 54
402 105 71
387 43 45
362 105 81
390 96 87
425 43 90
382 124 13
350 38 50
365 66 14
403 88 76
359 26 77
374 64 95
349 72 18
390 37 16
424 120 29
424 95 75
418 59 47
358 73 63
376 118 67
402 40 8
392 122 23
381 41 2
333 31 51
335 100 21
368 76 24
333 70 89
359 62 3
359 115 31
335 102 48
411 52 6
388 81 21
395 95 73
335 54 95
392 41 72
394 68 73
340 78 79
340 82 12
423 78 35
415 72 71
351 30 21
376 49 90
393 59 63
411 99 51
340 26 19
348 66 74
420 79 79
409 84 78
368 73 11
360 72 18
420 98 56
376 96 40
428 29 52
390 106 7
341 66 39
345 106 5
357 54 -5
392 112 58
402 30 33
416 55 95
384 51 23
384 101 16
337 59 -5
421 112 3
364 60 32
427 58 93
366 110 11
384 42 14
360 101 59
417 117 89
371 101 66
388 65 77
405 109 54
357 94 63
382 94 75
364 40 89
390 85 26
415 57 34
417 97 70
410 32 22
380 31 46
405 69 83
382 102 13
351 30 6
351 76 47
396 98 50
421 39 65
390 34 16
328 123 55
414 35 66
394 61 89
411 76 38
393 33 27
330 118 7
336 59 16
331 74 72
398 38 17
388 25 39
404 91 26
349 42 43
408 90 60
329 36 35
376 73 30
390 116 29
344 82 2
337 116 86
405 102 53
407 29 46
398 61 47
427 122 2
335 36 17
394 47 40
391 67 64
389 34 60
399 102 1
227 469 424
220 494 421
279 500 425
292 455 452
214 427 370
211 441 368
299 512 388
214 427 387
272 451 394
225 446 442
283 458 414
292 454 403
227 511 425
259 518 364
300 420 370
222 444 360
268 484 376
300 514 381
268 512 412
251 504 364
223 421 451
305 502 421
223 450 428
251 495 447
231 484 427
289 420 451
233 469 396
231 502 430
291 490 393
229 476 449
222 518 433
224 435 427
209 516 420
250 506 415
266 448 369
242 492 407
267 443 408
272 508 420
278 422 444
218 491 360
222 470 428
232 436 416
295 472 374
222 441 428
295 504 402
256 477 370
234 510 398
298 483 416
236 514 441
273 481 373
231 457 421
262 515 400
207 481 429
206 489 430
267 422 359
296 462 449
266 484 444
270 478 402
221 499 367
289 449 396
283 488 361
231 493 411
267 491 445
297 513 406
279 477 384
285 429 425
206 475 408
228 507 455
271 425 393
303 492 431
273 478 413
244 484 399
259 483 377
251 509 364
235 512 446
303 454 403
214 465 385
232 506 400
210 433 444
245 438 401
265 456 389
251 479 372
304 507 411
206 454 427
214 496 429
295 425 412
237 450 378
302 442 407
296 428 388
280 443 374
283 475 380
254 461 405
270 484 388
268 447 434
243 421 429
207 483 361
235 513 396
257 459 439
278 501 359
301 509 418
287 486 409
234 484 431
251 473 447
227 509 375
240 478 423
234 441 409
284 498 384
292 499 362
294 504 359
210 500 383
300 485 418
216 478 422
213 465 375
236 504 455
265 505 359
270 475 362
244 429 407
305 421 393
218 456 446
244 423 432
265 499 451
261 432 448
281 428 383
272 420 392
236 480 365
291 487 452
276 484 438
220 455 372
277 436 411
223 483 443
273 441 386
265 520 395
295 507 425
225 464 452
301 490 359
238 490 395
233 427 367
288 433 383
210 446 445
297 451 362
237 507 363
261 489 357
239 488 415
220 501 355
211 458 407
241 444 413
208 439 415
228 471 398
263 493 379
231 454 428
245 497 431
217 437 361
265 420 454
230 480 380
233 466 453
297 498 422
278 490 405
256 494 405
261 423 362
208 467 359
226 471 399
230 513 355
298 495 358
277 451 392
224 444 355
289 475 416
233 483 378
239 494 422
237 505 452
286 427 374
212 471 446
210 441 443
234 423 364
222 502 423
223 504 442
252 469 423
252 454 382
285 450 422
230 450 436
255 431 430
265 425 417
222 429 436
233 498 377
261 470 401
247 462 385
235 445 445
300 489 428
275 477 435
231 475 414
244 444 415
214 473 444
209 502 397
245 437 412
233 422 432
234 519 453
247 447 371
258 509 357
297 480 382
216 503 423
303 462 371
254 482 432
261 484 398
279 508 446
259 513 432
263 492 451
251 470 424
257 465 381
305 462 362
228 517 379
260 463 427
268 437 401
275 509 413
265 429 425
266 472 361
258 506 435
210 423 400
239 480 440
236 497 380
267 426 436
242 457 447
241 450 435
281 431 395
267 451 381
244 513 363
261 478 413
276 510 432
228 430 363
305 501 393
271 468 430
212 454 372
304 436 401
218 438 443
219 501 399
234 436 403
256 432 360
265 514 420
297 495 390
304 424 372
225 458 374
298 486 398
215 489 367
248 465 369
232 426 382
269 422 355
291 476 414
298 496 367
264 451 440
290 472 420
256 513 421
282 518 441
254 452 382
249 431 366
220 498 370
292 422 395
212 467 376
301 426 372
296 430 366
253 501 451
264 429 441
216 474 386
240 496 385
283 447 444
302 446 398
215 502 367
277 474 371
221 447 356
299 449 453
253 423 418
260 469 441
289 490 422
255 435 450
267 431 372
242 478 411
251 461 437
270 508 416
267 501 439
288 451 436
208 442 404
211 491 379
220 423 431
214 441 444
247 425 410
215 520 420
236 460 383
215 436 362
252 512 361
267 443 395
238 457 381
245 460 398
226 496 404
257 443 400
242 480 378
288 458 447
222 509 424
214 513 377
284 438 440
282 451 453
234 466 429
290 442 377
242 431 365
244 509 380
284 518 398
213 467 361
228 429 432
251 493 438
220 422 427
225 437 375
218 439 395
225 505 404
244 509 438
294 485 384
259 444 364
235 498 417
237 470 453
281 507 372
251 453 358
230 443 366
246 460 420
264 484 447
301 491 356
274 460 445
285 437 378
243 464 401
249 426 392
213 520 397
279 465 411
271 458 358
230 477 402
267 502 445
228 520 369
255 448 361
227 468 356
224 454 425
301 435 443
278 513 415
303 465 414
208 450 394
243 473 431
239 460 396
259 464 371
274 485 369
245 455 365
261 488 362
289 480 393
301 485 355
265 476 421
269 454 450
284 507 365
296 469 393
252 516 360
294 491 359
221 474 373
229 420 427
305 494 371
221 496 399
263 465 431
301 506 360
290 508 355
274 454 364
222 509 371
276 448 441
283 496 431
299 520 358
290 481 410
242 518 439
253 469 417
297 461 413
213 481 379
231 515 360
248 461 416
271 507 441
251 460 423
296 446 356
236 470 426
226 470 367
278 446 376
220 425 375
303 437 445
236 475 430
235 466 398
280 491 364
227 429 394
271 509 413
209 491 367
287 471 423
214 446 370
235 430 416
219 484 437
305 500 415
209 425 406
227 470 359
211 514 435
304 446 379
288 437 411
236 515 434
208 446 411
295 469 373
289 518 422
226 474 413
217 507 383
360 237 372
360 179 326
392 178 337
351 157 307
337 222 330
367 192 368
329 245 381
327 235 344
373 203 391
343 190 366
377 218 370
349 239 299
367 197 317
404 233 336
375 243 337
363 234 360
372 162 301
396 218 355
399 167 373
317 202 304
375 234 383
374 192 318
361 206 366
387 234 375
320 195 297
343 189 329
398 235 295
359 201 344
354 166 328
370 149 319
411 196 343
331 226 373
362 236 375
414 163 374
408 159 351
399 163 303
334 163 299
405 170 393
322 231 365
368 216 332
352 209 377
319 163 297
397 167 383
338 156 307
389 174 314
404 200 305
378 219 380
372 181 326
366 157 359
363 243 375
346 212 354
366 153 358
330 146 393
328 207 382
318 163 305
387 159 353
334 233 345
323 175 346
354 199 331
357 236 299
355 212 342
317 157 356
337 225 334
353 158 376
345 229 362
392 166 313
398 207 316
375 187 335
386 191 379
370 155 339
333 167 333
345 238 392
357 158 359
385 172 323
389 174 390
321 181 339
326 168 388
368 190 341
362 224 300
411 163 377
357 167 298
378 234 355
381 215 339
344 195 356
388 219 316
396 217 357
364 147 377
403 172 363
394 160 393
352 223 361
407 156 364
343 213 299
330 229 339
369 162 302
336 171 363
374 162 385
402 149 355
411 198 306
330 231 311
330 152 363
335 164 336
411 223 382
411 241 330
362 158 386
385 196 347
341 167 366
357 189 321
368 186 367
399 152 320
360 206 304
369 180 311
402 240 309
323 154 344
365 231 316
386 193 349
388 210 301
398 200 336
324 235 361
336 206 377
350 238 313
342 245 391
379 181 356
322 225 354
327 186 344
380 181 337
328 217 382
332 156 343
334 162 322
338 224 307
349 168 300
386 240 305
363 193 363
349 188 359
365 225 394
335 207 343
335 181 364
362 187 309
394 186 322
346 162 392
377 206 345
316 152 337
317 232 359
353 228 305
366 183 297
389 210 374
337 155 340
376 224 365
337 203 371
399 225 329
381 154 310
411 199 369
387 186 299
373 206 324
318 190 352
341 150 348
380 210 347
343 187 331
326 151 340
315 158 366
387 175 389
337 204 319
403 164 376
382 240 307
324 234 377
367 223 376
353 214 339
349 157 377
316 223 329
361 240 340
372 200 358
320 179 310
344 234 333
341 151 394
338 163 387
367 180 382
392 166 376
375 230 350
320 168 334
412 227 375
350 223 392
337 229 395
316 161 363
357 221 364
378 145 394
369 204 339
362 206 339
410 164 330
374 235 317
381 224 351
317 234 385
376 237 301
400 158 338
338 241 320
343 222 361
317 226 348
402 149 346
353 214 378
380 185 299
346 170 344
350 216 378
406 232 392
345 229 314
398 204 319
352 186 300
375 208 395
330 184 357
365 197 363
356 196 384
412 235 314
332 181 385
328 240 344
357 196 332
318 200 305
376 165 385
347 222 386
381 213 355
395 169 374
353 236 300
342 241 309
363 229 359
404 192 366
371 207 381
337 232 349
363 223 353
392 221 371
393 217 343
404 157 388
324 200 326
385 213 366
326 168 365
386 178 380
406 240 393
405 156 374
354 193 312
344 226 367
361 215 376
391 149 310
405 161 366
390 146 299
377 194 388
411 234 317
329 194 349
381 230 342
379 181 360
315 216 303
368 206 318
320 171 365
357 154 315
376 213 381
331 179 347
364 167 392
378 150 357
343 199 295
350 164 343
412 195 377
365 208 357
403 149 385
371 148 310
415 199 351
342 182 360
403 203 321
325 158 364
405 181 364
350 164 304
318 184 353
375 164 314
324 175 336
318 184 295
366 217 358
378 174 298
406 155 302
358 207 310
327 172 355
362 179 351
372 171 308
354 183 326
325 180 333
398 182 384
397 174 338
354 210 299
342 201 379
371 217 308
356 145 308
409 201 353
415 228 380
329 227 366
323 180 310
329 219 337
380 165 298
375 170 353
406 208 376
397 197 380
371 229 297
343 149 326
349 158 332
365 242 385
329 220 368
331 170 314
342 183 298
377 151 380
415 192 347
378 155 314
324 145 336
393 244 380
370 155 314
397 237 312
390 152 392
329 224 356
316 205 364
379 214 375
367 227 296
362 163 319
401 239 365
360 234 350
379 168 296
413 161 326
365 203 299
340 207 364
374 227 307
393 199 359
384 187 324
320 177 295
388 234 386
407 175 351
390 239 300
387 183 390
329 150 311
405 219 388
366 196 312
411 157 364
408 219 372
330 240 319
315 203 369
322 244 334
359 212 295
406 150 352
408 192 349
353 201 387
359 221 367
330 183 337
406 245 371
344 170 364
402 237 366
349 242 381
397 145 369
391 180 304
390 202 319
346 184 296
357 198 369
413 207 363
382 201 311
333 220 342
409 170 309
316 153 335
378 233 296
393 236 302
345 184 355
381 158 379
387 240 353
381 185 356
346 233 392
360 150 370
389 155 325
375 206 302
411 244 298
338 153 315
413 157 297
369 166 362
412 238 367
368 158 380
364 232 317
357 174 358
395 167 317
376 225 372
393 151 369
333 147 317
357 191 329
393 235 297
392 200 385
378 160 394
393 175 380
341 221 319
339 199 343
346 212 302
327 183 299
339 197 353
366 227 362
350 152 382
334 194 347
317 182 301
373 232 317
381 204 349
406 205 300
338 169 331
348 180 342
317 196 307
323 164 381
388 229 384
365 235 368
375 167 337
183 116 378
185 182 344
110 181 380
105 204 322
120 201 388
110 172 385
154 147 327
112 175 378
126 190 341
147 182 413
181 134 356
134 189 331
174 128 361
140 105 368
189 111 401
122 157 331
131 127 412
118 168 392
182 158 417
183 152 417
171 105 331
170 137 386
126 116 355
157 161 363
147 152 416
157 192 402
166 203 359
172 111 373
104 115 329
140 108 382
106 147 333
135 126 414
171 182 364
186 183 321
188 191 408
125 197 352
115 184 413
156 152 383
197 113 393
183 144 336
120 131 413
114 152 412
125 162 404
150 120 417
113 164 378
174 114 319
118 177 342
192 183 416
148 199 350
112 143 351
112 160 409
148 173 362
156 184 365
164 127 332
139 106 326
141 191 405
135 132 394
161 172 417
166 153 379
178 176 319
140 178 378
165 139 348
129 114 395
132 131 382
101 117 415
166 152 387
180 165 365
187 181 339
143 173 416
145 138 389
194 185 396
195 198 322
138 115 391
161 165 350
118 164 389
197 113 412
188 140 391
166 131 391
141 131 379
187 162 332
170 190 363
116 106 395
124 175 368
104 170 341
162 162 367
125 138 400
131 117 323
105 125 350
116 182 405
199 114 341
150 155 339
183 172 322
141 165 360
103 142 363
167 165 367
173 188 366
111 202 337
186 194 382
127 147 414
181 183 327
181 162 388
142 140 345
134 113 336
142 172 402
200 196 364
164 188 365
131 138 343
182 163 361
124 173 399
113 120 390
152 203 399
120 170 414
107 147 354
108 135 331
119 165 322
105 159 345
161 186 350
106 130 357
172 196 404
130 134 357
133 121 394
179 178 337
184 191 360
107 107 347
132 162 417
138 172 365
180 124 383
189 195 331
112 131 347
154 196 378
142 106 403
147 115 365
145 108 347
143 155 405
135 132 345
162 157 388
164 139 395
197 159 357
199 195 355
127 154 384
116 141 325
141 166 396
177 175 320
183 176 331
198 192 406
126 178 353
144 178 412
196 199 408
106 152 319
122 141 391
142 157 385
185 174 385
180 166 384
119 138 399
157 183 331
101 152 401
133 195 385
151 133 381
196 162 353
151 192 389
161 202 382
133 154 369
194 143 345
186 162 380
152 197 403
129 163 326
144 132 351
163 157 327
179 185 355
180 164 365
108 149 402
155 145 352
116 153 399
181 124 404
174 148 381
100 158 335
127 201 322
154 178 351
190 186 329
169 112 345
187 182 318
149 200 347
145 200 351
148 154 338
102 171 365
107 168 388
139 189 333
195 112 365
129 149 380
192 142 323
170 167 344
122 172 340
148 181 318
185 174 379
103 147 331
172 120 353
167 185 401
180 119 336
140 190 347
200 191 344
104 136 364
163 167 318
130 179 413
186 138 362
125 113 349
149 107 345
163 168 341
194 203 363
122 129 318
164 153 373
110 121 416
112 113 366
109 184 395
185 122 367
199 129 416
145 141 340
140 167 403
193 125 377
184 187 346
127 112 383
185 170 339
188 166 334
132 140 333
173 152 338
176 200 332
189 158 364
112 145 372
192 177 361
173 109 388
175 118 406
110 192 416
171 132 393
124 197 321
167 169 397
111 161 359
112 173 318
159 110 329
154 163 405
147 122 341
141 192 339
151 126 409
199 124 390
127 183 404
113 201 378
182 118 376
108 146 346
103 192 322
186 123 390
127 173 399
110 156 348
143 149 327
142 180 397
135 157 404
125 144 393
155 133 319
193 176 355
170 167 369
124 192 345
137 136 378
185 154 371
105 136 348
188 141 323
126 155 381
108 111 322
176 166 344
184 197 348
107 113 344
112 191 369
178 198 346
142 176 340
199 148 343
140 112 360
149 121 325
172 201 412
103 111 390
188 200 337
171 168 408
147 145 366
115 137 384
156 181 320
127 192 360
109 141 332
154 181 407
111 129 328
161 111 354
163 109 340
177 192 339
125 187 405
188 139 344
114 168 401
168 198 399
113 204 329
116 193 369
182 125 405
153 149 341
199 133 417
152 141 369
188 128 417
108 197 386
148 191 380
150 145 376
129 110 353
115 185 362
166 169 333
124 109 404
118 190 348
160 125 348
119 146 387
124 184 371
133 151 392
173 164 351
130 167 394
119 166 347
106 170 341
157 164 335
116 122 318
104 149 367
165 197 379
141 178 333
163 189 341
178 136 358
189 181 382
122 157 366
129 112 400
146 165 385
123 144 353
153 114 377
182 144 339
182 166 407
141 156 350
194 200 380
168 158 392
162 188 338
155 179 338
129 114 365
127 172 337
109 124 382
117 123 376
110 149 336
145 201 349
191 139 327
118 106 399
151 105 352
102 172 370
181 131 389
157 173 349
157 130 356
180 123 384
104 185 343
197 109 340
186 176 384
102 119 379
181 192 333
117 167 340
166 144 398
178 172 338
127 165 391
105 136 399
115 155 337
111 115 327
160 105 377
149 120 386
158 106 354
153 170 364
108 129 361
175 125 325
154 193 353
199 169 416
197 105 333
120 127 378
130 148 337
198 149 362
135 125 378
125 182 349
165 117 397
124 184 354
171 194 385
197 193 328
110 160 407
131 198 337
176 140 389
119 201 390
150 113 362
188 129 415
148 131 349
137 161 348
117 186 371
167 186 371
100 130 370
140 182 390
179 161 391
156 150 382
186 194 340
105 199 365
150 147 416
106 128 403
146 187 348
173 159 413
147 188 388
130 126 408
432 173 -24
415 133 6
400 179 13
420 178 75
447 167 22
478 86 51
445 121 14
479 120 57
438 177 46
452 143 53
461 87 -19
437 164 2
413 129 -10
475 174 1
451 172 71
471 147 59
443 132 -24
418 159 -19
494 124 -2
449 129 -20
409 169 -20
447 130 -20
443 137 -15
443 107 47
420 83 1
432 129 30
395 168 21
453 110 18
456 117 -7
424 87 14
488 131 5
421 126 51
481 159 39
405 132 67
416 105 27
485 180 -9
492 148 42
489 119 56
481 150 2
485 105 62
429 106 -13
492 89 38
420 133 -25
456 177 -16
414 146 61
458 127 -20
462 90 26
489 126 -8
437 80 -18
421 126 -11
474 163 1
399 136 68
449 163 -14
400 133 -15
424 82 -16
454 83 2
443 150 41
440 113 -16
427 168 -12
439 171 31
462 117 10
469 95 68
468 162 3
407 132 -21
399 168 28
451 166 25
428 108 8
491 92 12
495 82 25
450 93 -3
411 152 13
398 151 64
456 82 -13
437 95 6
485 145 23
451 89 7
445 115 -12
408 101 23
475 116 6
430 132 -5
474 105 -24
469 130 35
487 128 56
408 103 9
457 150 62
426 85 62
402 116 -13
412 149 32
440 93 49
488 139 60
465 129 43
487 163 57
470 87 68
456 115 61
416 162 -20
448 140 -9
480 157 3
477 163 -6
480 153 59
395 155 15
432 180 40
397 96 13
417 128 -11
422 84 -22
493 155 -16
403 160 3
403 159 58
490 122 41
466 173 13
485 132 -1
439 166 36
482 170 48
455 92 67
405 101 29
400 160 21
434 134 -5
413 122 19
421 174 47
448 127 -9
492 89 40
401 94 25
488 94 13
469 90 36
464 87 70
402 179 -15
410 171 20
399 119 71
475 122 32
447 170 3
466 89 13
452 135 -4
480 175 20
469 118 21
427 149 -13
457 140 75
402 163 23
480 91 -3
427 81 -22
467 128 -5
493 129 -20
467 149 70
455 151 64
476 115 43
438 131 40
450 163 3
490 133 39
424 90 11
453 107 -23
465 126 50
481 166 69
435 153 62
425 148 73
426 127 30
487 142 66
482 127 6
486 122 43
473 90 65
450 168 -18
489 105 -15
408 87 -23
493 180 25
474 98 30
422 132 1
429 136 32
463 93 71
469 165 15
415 128 66
408 177 5
437 109 4
433 81 70
494 134 57
464 144 71
400 135 -14
406 155 74
489 169 13
415 162 64
444 155 -8
479 87 44
438 180 44
472 122 36
484 160 53
494 83 54
441 98 40
482 118 75
400 90 58
472 88 17
489 170 73
436 175 44
481 103 17
493 133 37
439 151 47
482 104 -16
456 179 -7
430 107 -5
439 95 53
434 142 19
465 85 64
424 97 66
416 89 14
407 116 15
406 128 75
484 126 25
463 138 63
446 173 17
470 140 4
440 135 8
492 134 47
479 136 59
436 96 53
405 98 -21
414 153 65
411 151 73
452 95 36
489 125 39
450 167 1
468 86 6
422 180 35
414 84 69
449 134 32
488 138 -12
479 84 45
431 111 59
477 127 6
478 158 -20
480 109 21
399 82 -10
491 99 -23
477 158 62
466 114 -16
452 159 9
460 107 40
457 124 -6
395 156 11
453 118 -19
486 150 9
441 169 -5
434 118 46
399 140 35
437 179 25
476 155 67
431 101 11
441 137 -25
467 123 42
456 161 9
433 112 43
401 175 14
434 142 58
403 117 30
475 154 57
462 176 36
490 153 16
430 130 55
446 177 21
403 110 -8
432 84 51
421 137 47
418 163 50
430 154 48
441 135 -5
395 155 -7
492 85 7
468 128 -3
433 98 36
462 81 -9
437 128 38
491 138 8
455 86 8
449 121 9
445 112 70
473 154 25
495 123 14
464 167 -16
484 81 35
396 124 30
416 170 24
398 94 34
434 142 9
476 111 44
416 135 -6
455 103 30
437 132 66
447 90 72
415 164 13
469 82 -7
468 112 5
420 105 10
448 154 49
456 87 60
467 103 19
445 90 49
411 146 52
466 122 42
404 116 70
446 122 61
443 117 -17
406 168 -23
426 108 -3
469 107 -2
461 174 44
424 91 -18
452 168 57
488 97 71
430 109 65
435 102 -22
461 143 -4
422 98 14
433 177 27
452 179 13
453 110 34
484 136 -24
416 92 61
430 119 70
403 92 40
399 138 60
438 127 -13
450 175 22
477 138 3
490 114 15
429 154 46
454 132 28
479 92 -14
479 162 73
402 146 73
420 109 63
430 92 54
417 132 75
418 124 15
438 169 14
462 86 4
480 177 7
449 158 2
435 171 74
419 154 57
395 113 -20
406 98 7
430 81 7
444 121 55
404 162 25
413 162 -2
462 80 44
404 170 7
491 118 -20
492 86 39
403 137 62
405 155 -24
476 162 9
421 81 12
467 124 65
407 87 51
459 145 -20
462 106 47
446 82 44
407 148 66
488 134 38
458 154 -14
492 120 52
401 151 -22
464 107 35
493 110 20
396 87 71
456 92 4
494 92 15
408 167 28
462 103 58
471 80 72
433 139 50
444 172 -3
416 87 11
450 86 -5
423 177 30
467 87 49
472 105 62
449 139 67
486 178 21
412 83 54
466 132 -8
417 113 55
397 168 61
416 107 4
398 114 72
457 103 20
474 88 62
485 107 47
460 170 25
424 143 30
404 112 42
444 122 8
426 96 69
397 100 75
422 156 -5
411 134 -15
479 123 68
461 180 23
491 112 35
465 153 54
409 155 67
425 163 48
405 110 -20
455 169 12
468 117 54
20 177 316
106 132 320
89 121 389
87 152 296
86 159 375
61 124 337
43 142 379
89 121 340
90 140 363
15 165 338
103 159 388
50 146 392
14 185 320
78 137 357
79 105 372
31 113 343
47 115 298
105 152 375
26 140 349
104 167 352
74 146 382
92 151 296
39 102 387
38 113 317
64 148 305
85 101 378
80 185 319
32 176 365
19 197 311
46 189 321
36 102 310
53 116 313
108 166 357
74 182 375
45 101 359
35 137 319
48 197 342
65 114 364
98 176 340
73 136 309
104 163 350
45 123 362
79 105 317
101 106 376
99 119 337
89 188 340
72 100 294
26 183 312
80 123 313
65 112 295
89 181 303
37 174 374
54 150 356
36 101 298
79 175 382
61 120 351
91 136 358
102 150 340
15 105 345
75 169 341
103 189 366
92 146 309
77 118 352
57 155 393
45 156 381
68 127 318
84 166 352
101 117 360
91 158 297
92 131 378
35 158 294
80 175 352
50 152 323
81 181 366
22 156 324
101 191 293
64 125 340
109 128 375
110 171 302
88 154 333
48 142 317
60 193 330
17 186 381
95 135 299
42 103 379
48 106 368
112 138 391
28 107 373
69 160 356
15 130 343
15 140 382
49 138 370
43 100 376
92 194 301
48 107 382
113 129 379
35 168 358
51 177 330
111 150 326
57 133 318
77 129 379
23 155 379
34 151 393
103 114 361
59 173 365
18 180 385
18 154 391
85 133 329
113 177 300
69 136 295
13 106 354
79 144 333
48 129 314
63 190 307
104 148 382
110 126 324
16 142 360
106 142 323
58 148 360
13 156 373
21 172 332
30 127 304
99 135 361
102 170 381
74 175 368
81 135 357
60 148 349
63 195 333
54 179 304
110 189 319
87 186 383
45 139 388
20 120 332
21 121 361
16 154 382
68 171 323
71 168 385
70 188 352
108 105 387
113 114 389
96 167 346
44 107 368
57 138 305
102 114 361
88 150 380
81 184 312
29 167 325
95 137 371
80 192 368
104 107 331
37 128 346
74 182 382
34 191 373
13 141 391
87 129 342
17 100 341
60 134 329
36 169 326
74 153 371
47 155 381
60 121 300
59 100 299
52 157 321
25 101 305
94 108 293
90 116 306
62 159 345
109 105 389
83 150 346
75 160 367
91 163 305
13 147 342
18 181 354
67 136 370
73 163 332
19 155 305
89 172 299
90 99 322
14 184 329
60 172 362
100 115 323
17 103 304
76 123 375
80 144 352
57 160 334
28 190 365
42 128 366
55 190 309
39 146 371
65 174 373
18 112 360
90 99 314
77 113 364
86 158 385
106 165 379
71 109 383
108 131 313
26 180 331
68 175 366
68 195 293
34 114 308
80 180 314
72 104 384
32 139 359
96 128 372
73 145 357
98 185 359
61 194 371
109 105 334
75 128 334
52 198 317
91 103 376
76 140 312
24 150 386
81 144 384
33 104 346
98 117 306
20 147 362
72 174 329
50 181 307
47 124 392
47 125 327
52 162 297
51 112 308
76 177 368
54 114 337
37 127 321
75 126 345
85 110 324
13 121 354
58 171 386
68 109 378
37 117 361
58 191 322
51 151 342
33 185 304
40 141 310
102 119 293
106 162 390
50 131 322
38 159 349
59 143 304
96 103 323
105 139 348
70 172 342
79 155 299
54 127 355
14 173 365
89 127 301
72 161 333
66 139 359
57 137 299
50 130 310
82 149 323
75 111 300
83 162 393
35 190 336
21 164 375
73 126 322
78 169 346
26 178 319
36 146 308
38 144 331
55 179 360
80 188 375
50 149 330
49 136 377
83 165 360
42 111 358
68 119 334
35 131 294
49 103 317
22 181 326
28 173 370
93 172 373
22 153 330
70 102 298
101 170 343
98 101 333
82 173 312
21 174 361
60 197 357
34 172 329
66 114 306
101 159 380
111 109 391
60 109 320
24 128 384
57 133 393
87 178 383
35 183 375
25 137 361
91 133 321
36 151 339
89 184 309
20 166 379
83 187 341
107 120 348
107 112 316
65 188 302
106 115 383
67 120 349
49 116 323
65 173 371
36 190 373
103 139 347
104 109 353
94 130 338
95 164 329
57 172 359
111 114 314
48 190 316
35 99 293
58 115 330
53 106 312
69 144 385
76 120 303
46 126 314
13 133 341
93 110 352
51 183 382
22 145 331
76 132 342
49 187 362
33 142 305
80 131 335
106 159 325
113 152 295
27 145 360
102 110 380
64 140 335
27 167 314
106 113 388
71 106 374
25 138 329
37 144 308
62 188 390
58 181 319
70 115 300
16 121 323
57 194 356
63 161 306
64 124 359
22 133 369
42 170 336
93 162 361
61 108 323
111 125 349
86 195 347
29 100 322
112 111 363
99 118 304
63 151 345
62 173 362
50 169 379
55 171 299
92 132 358
86 188 321
96 163 354
22 186 298
44 122 334
92 110 358
111 187 343
85 159 359
113 140 387
30 131 299
44 170 360
101 102 364
59 175 377
49 186 335
67 155 374
106 126 328
97 192 297
57 149 311
75 106 295
48 194 324
62 101 382
99 153 306
79 157 307
106 159 319
70 181 387
73 109 368
80 98 300
101 120 303
97 101 323
75 118 366
46 123 343
57 176 301
58 101 378
17 191 377
56 137 382
81 147 325
73 163 340
41 134 385
100 105 380
42 102 336
43 189 316
83 146 373
110 109 367
22 126 340
146 8 465
109 19 450
140 18 467
174 88 451
146 104 488
190 16 467
165 33 470
125 53 512
106 15 510
104 56 504
181 66 471
134 71 462
174 28 520
154 83 527
152 82 494
137 26 477
118 13 499
182 90 515
190 61 459
194 56 464
198 82 473
112 21 445
122 49 494
195 39 449
198 108 505
190 17 493
120 17 511
191 10 489
177 88 466
105 37 453
128 13 503
202 87 517
121 71 523
184 29 438
199 65 467
116 41 511
114 95 451
128 69 492
168 79 526
131 22 531
152 96 467
184 40 504
127 88 527
197 87 484
186 89 495
111 31 493
158 30 457
112 35 498
147 105 522
185 59 454
170 30 480
144 67 451
150 39 465
129 101 516
182 22 489
195 102 477
181 82 508
120 94 489
112 105 434
194 32 448
158 29 504
171 37 489
173 68 511
134 60 498
115 85 529
193 26 532
104 96 469
168 77 534
143 88 469
102 72 448
145 12 450
171 32 522
141 64 453
183 9 523
161 55 471
126 33 437
126 83 496
194 81 499
178 85 469
131 94 533
137 55 503
151 14 483
183 67 530
151 76 493
165 67 470
135 55 467
132 78 505
159 46 500
167 13 510
113 86 495
175 16 459
187 23 524
121 88 525
124 19 521
191 13 529
118 94 475
159 53 476
180 85 460
144 82 526
188 14 442
103 105 461
109 51 499
147 51 513
150 29 517
135 105 523
115 82 527
111 91 458
160 104 481
182 64 490
138 62 498
202 47 528
195 21 509
199 99 438
187 29 515
200 86 493
185 25 490
173 10 476
164 102 472
107 42 465
154 35 496
131 108 493
178 93 460
184 68 483
118 73 507
112 36 488
196 21 455
111 76 529
156 106 443
138 75 504
175 44 514
141 85 436
140 101 520
143 94 504
157 95 452
152 107 506
112 93 442
194 45 469
190 81 507
189 43 463
162 55 498
149 84 519
130 70 474
138 30 443
162 45 530
162 99 444
168 89 516
120 56 524
187 76 435
136 16 468
190 93 519
145 22 486
153 37 529
107 86 519
138 25 473
122 60 445
176 19 519
112 99 503
111 53 469
107 104 522
198 88 469
132 65 463
120 32 528
167 37 465
175 75 451
108 81 470
125 15 486
158 64 529
117 59 460
171 48 514
109 76 436
157 19 486
134 49 454
157 54 476
105 27 455
165 36 533
146 107 484
157 67 445
199 75 448
161 89 507
118 46 489
135 62 495
127 21 530
108 77 485
149 65 504
165 15 522
127 86 448
141 51 512
107 8 489
145 94 510
162 99 478
113 40 434
119 96 507
130 18 451
109 24 504
200 66 455
184 82 450
112 27 519
195 83 481
175 17 442
134 70 486
157 71 505
144 36 491
157 68 479
144 57 534
192 56 489
105 56 449
102 20 488
162 46 470
166 36 489
149 100 464
111 12 472
122 19 485
157 49 510
153 47 472
126 95 518
149 82 461
180 93 503
186 25 452
138 70 521
173 84 448
160 55 463
146 58 499
119 59 473
102 80 515
191 98 454
180 37 464
195 18 459
139 84 482
152 81 479
156 92 440
191 63 525
120 26 443
121 69 452
132 27 471
123 83 517
150 59 521
117 78 479
107 108 471
159 83 505
189 55 522
163 73 474
123 38 441
123 106 436
192 99 487
179 37 530
109 60 529
135 8 486
188 34 440
170 11 474
156 25 490
147 82 465
141 80 502
129 81 484
186 13 457
181 31 493
171 25 521
116 79 472
184 27 480
156 72 477
185 73 476
183 72 468
202 28 496
148 28 434
138 105 528
147 91 491
151 50 467
167 81 453
109 86 469
188 87 458
184 10 511
116 108 481
184 13 510
150 27 471
201 47 485
117 73 520
148 66 496
196 63 497
110 39 495
144 8 492
186 82 514
148 41 499
108 87 524
172 25 484
143 79 457
122 15 448
136 9 483
114 48 491
150 60 468
131 70 488
201 45 483
180 97 474
199 57 471
173 19 474
119 101 479
160 30 484
193 17 526
163 79 450
140 21 523
119 32 437
110 82 530
193 43 448
192 51 453
129 32 518
194 35 533
135 15 513
109 67 454
116 91 468
132 97 476
201 58 525
151 90 439
107 76 530
184 11 506
126 88 496
166 29 524
156 40 446
163 62 500
119 67 509
189 10 515
195 57 494
194 89 492
125 10 517
120 49 464
117 45 526
171 108 512
108 25 471
155 103 476
186 32 466
157 90 465
120 37 436
147 64 467
165 49 458
106 51 480
167 95 515
180 13 442
149 10 437
106 31 474
187 61 504
175 43 435
174 47 526
198 77 440
185 100 439
155 29 451
140 59 534
193 11 532
164 27 496
111 10 451
143 36 482
170 47 460
172 16 436
151 9 480
123 27 528
168 14 474
154 92 509
127 24 463
132 23 440
201 38 454
160 102 461
141 30 505
164 93 473
143 22 528
117 92 498
169 68 487
173 52 441
111 57 470
137 59 469
103 89 497
108 90 531
104 83 446
189 104 504
121 92 505
113 48 517
146 53 465
122 97 519
154 44 491
127 60 486
105 89 438
173 10 475
104 29 526
195 19 451
171 12 477
144 102 510
104 90 435
188 51 485
198 22 486
113 85 525
132 25 480
156 13 481
152 33 531
113 41 492
175 40 505
109 11 499
138 85 516
202 16 481
110 10 487
170 73 530
131 23 462
136 67 526
172 15 498
106 105 475
190 13 515
13 114 3
86 119 -11
63 118 -46
88 47 38
64 101 -22
75 126 0
38 57 -10
21 72 -22
2 60 -20
83 75 -1
34 64 -12
-5 81 -42
55 138 3
36 109 42
5 94 -36
88 138 -46
21 129 43
82 49 -18
11 129 17
39 137 37
61 71 -33
36 118 -2
-9 106 29
47 49 13
25 122 -36
-12 123 -50
75 65 32
38 124 36
33 131 14
1 96 44
82 77 -20
21 107 13
29 71 30
77 75 -6
3 46 2
77 88 -17
66 78 -9
-6 58 -29
72 113 -6
15 99 -48
-1 126 -33
-1 65 -26
48 131 -28
61 75 -23
7 107 -35
-1 145 -22
29 116 -28
78 130 -39
-10 71 -24
44 113 45
50 55 6
25 47 10
34 71 27
62 91 -25
35 49 -46
55 69 -3
2 134 -19
28 80 -17
77 115 -44
33 46 19
37 60 6
61 59 -16
-8 75 2
22 127 -2
9 46 -31
86 78 -7
30 77 -18
37 73 21
80 117 -25
43 67 -32
56 109 49
26 69 -44
12 129 -3
46 73 10
34 49 -48
79 46 48
24 84 32
86 69 -20
36 73 33
88 97 -39
52 144 -46
67 114 -20
-3 145 25
65 53 -43
65 88 -13
67 131 -37
42 52 -17
7 56 -21
67 52 -33
80 71 2
21 91 18
13 130 3
57 120 16
58 123 13
-1 65 -32
40 135 -40
45 137 -5
87 91 49
35 112 0
79 109 -31
8 118 -24
77 130 -50
50 136 38
15 119 -39
49 100 -30
19 140 -47
8 131 30
30 79 -23
33 66 -24
73 67 -10
80 79 8
60 90 20
81 56 29
25 94 -43
-7 90 -31
57 55 27
30 120 -28
21 134 2
0 108 -39
41 130 -1
69 120 10
71 95 7
20 129 43
72 140 27
59 144 -10
10 133 -48
66 79 -21
37 145 12
80 125 18
43 45 26
75 121 -11
42 62 38
49 84 -47
56 49 26
19 46 48
40 139 32
13 45 -17
35 74 5
84 144 -33
42 119 40
46 120 7
24 145 33
84 49 46
82 55 -27
15 94 -6
38 101 -49
3 71 -6
23 128 -22
84 122 -3
10 102 39
63 96 -4
21 124 40
-6 118 -11
43 76 35
38 112 13
56 88 -25
27 115 -8
16 98 -6
20 77 -28
-9 84 -15
87 45 4
64 115 18
50 92 -24
56 48 -7
4 127 1
50 49 49
60 122 32
62 67 -24
74 131 25
58 120 4
0 122 -42
69 140 -4
75 89 -20
19 115 35
77 93 11
10 85 -30
76 144 18
14 98 -1
85 84 14
16 77 49
72 74 47
53 53 45
8 107 -9
80 56 9
35 94 -25
52 138 -8
77 135 -16
18 53 41
81 72 37
66 65 20
73 95 24
21 93 -48
62 127 26
0 64 25
85 86 -5
53 63 13
35 134 8
45 131 9
67 64 19
82 78 31
53 115 39
-3 119 -21
-1 78 5
45 141 20
42 60 10
74 93 35
67 128 -35
23 138 35
58 128 9
45 54 -25
76 97 -34
59 97 -31
79 49 -1
68 66 37
0 52 -2
19 49 13
6 129 -2
55 54 -27
53 112 16
17 124 -4
26 122 15
69 125 -13
-9 106 47
2 140 -9
21 52 -40
69 82 -21
88 78 38
32 55 -29
36 139 -23
23 127 -1
55 76 35
82 83 43
9 126 -38
79 67 -39
22 81 -20
-11 93 47
3 51 -20
70 79 12
27 95 -31
52 69 -29
-10 118 -34
62 94 -25
15 127 -15
20 62 -4
1 104 12
6 65 -32
38 72 -44
53 82 -50
33 102 -11
81 64 40
2 47 46
38 135 39
55 113 30
34 46 -23
14 76 39
45 99 -41
16 105 47
68 97 23
-1 48 -18
82 101 35
51 95 40
88 133 -26
51 135 1
75 46 -22
50 126 42
-11 64 -24
26 49 -15
83 132 44
0 49 10
-6 99 -1
70 127 -28
79 126 -20
57 131 -29
88 90 45
44 129 31
11 110 -28
76 129 -7
15 138 41
85 128 48
-8 74 8
82 61 -10
31 60 -15
31 54 -18
13 106 23
-10 97 -45
39 89 -38
52 125 -2
49 105 -27
82 133 19
56 88 -3
-11 90 -9
86 136 29
-11 112 7
28 100 -47
57 112 35
78 68 -34
56 127 -13
12 55 -47
-2 70 -26
-8 118 -42
63 113 -32
51 47 -46
-10 56 -33
40 118 19
26 91 -9
80 100 45
81 60 21
23 56 -26
43 132 -34
61 142 -2
1 132 48
75 81 17
23 138 46
25 55 -10
62 124 12
62 64 -26
22 138 -16
25 144 -23
86 51 -17
18 115 45
-1 91 17
13 91 -32
82 79 -3
50 60 32
3 94 -48
29 87 40
65 101 -21
8 62 15
68 78 -16
32 143 8
13 121 12
70 56 26
8 131 47
48 131 8
14 112 -28
50 122 12
60 95 22
3 61 -13
52 122 34
7 101 -11
34 129 -16
2 119 -43
49 81 42
74 137 -27
49 65 34
29 77 35
-4 90 5
26 124 -19
9 104 -26
-10 103 -33
9 127 -39
54 61 7
72 117 39
15 81 -25
25 116 49
15 133 46
40 105 16
44 45 45
70 136 30
32 69 -50
41 105 19
3 115 42
-11 90 10
30 116 -49
35 74 -13
4 119 -43
9 93 -33
47 51 17
84 131 22
5 139 -29
-12 101 46
60 69 27
47 78 22
38 69 -4
84 137 0
67 52 31
81 51 30
25 144 -39
8 104 -18
7 113 46
27 100 -31
50 127 48
3 106 50
26 140 49
80 96 -15
79 122 -35
28 112 16
41 140 37
79 80 18
29 116 -18
45 96 38
33 74 -48
7 51 30
-10 119 24
80 126 1
13 112 13
72 88 7
11 58 7
39 47 -40
60 89 -49
159 458 204
89 454 229
146 441 226
167 494 233
173 413 197
154 481 207
175 493 182
182 466 229
140 414 171
127 468 178
113 480 197
144 463 212
171 430 217
159 409 149
149 458 156
171 495 236
162 421 185
137 414 145
174 469 206
155 427 198
130 501 208
96 441 186
175 417 154
92 410 212
115 462 158
102 494 162
175 420 168
118 467 171
182 493 161
148 485 143
96 499 203
94 406 207
152 429 185
118 486 192
159 489 225
160 469 205
101 446 174
167 493 216
157 458 198
144 438 206
118 423 151
152 439 191
140 476 234
124 451 224
163 412 192
96 402 175
138 421 189
147 437 145
145 487 195
152 429 145
177 413 229
142 484 187
123 466 179
141 501 191
86 435 181
183 433 183
151 474 176
112 472 174
168 496 233
99 427 227
135 431 166
132 430 152
161 491 201
164 499 207
124 466 212
100 420 154
153 442 166
130 453 231
110 423 223
124 499 191
122 425 213
89 422 144
171 483 157
108 447 233
155 458 160
140 461 222
165 470 193
131 422 241
92 489 184
167 453 229
107 479 166
140 482 179
183 473 191
144 427 213
173 448 234
154 434 166
91 500 167
136 417 206
155 491 187
136 416 216
136 491 211
127 451 236
165 492 206
101 443 189
153 426 192
133 469 202
99 475 193
107 455 229
118 480 146
173 472 182
122 432 194
161 471 221
95 479 219
84 414 146
112 429 239
134 478 192
147 486 143
113 401 218
130 431 144
129 492 171
122 432 229
121 431 162
170 481 208
98 469 234
155 467 144
184 414 203
161 490 208
163 475 232
180 477 167
117 468 168
150 465 189
168 416 171
180 436 223
144 404 143
107 466 158
123 460 232
181 436 211
109 411 238
177 494 164
132 426 151
100 501 218
161 408 228
114 452 146
123 409 223
158 495 195
103 474 152
142 462 159
138 457 218
163 457 164
150 461 217
84 415 225
118 486 174
110 464 208
139 403 218
105 451 207
168 426 180
104 402 190
88 465 152
137 482 147
84 445 228
107 501 189
106 440 211
88 484 220
123 466 217
120 404 235
94 436 206
87 452 165
125 415 195
92 484 159
143 427 206
142 433 211
104 413 196
117 421 162
158 443 149
173 408 233
135 429 157
152 430 173
157 403 172
155 471 219
105 473 177
90 412 178
99 427 236
181 442 186
108 458 179
111 451 174
165 408 215
113 449 231
143 423 187
176 489 176
154 416 225
101 415 153
100 449 150
154 472 182
132 438 173
104 417 172
163 438 215
150 483 161
179 486 188
141 473 197
114 402 214
88 415 234
184 462 184
84 444 213
143 473 192
138 432 186
152 434 232
93 462 178
110 498 182
173 440 190
154 499 209
183 468 241
139 403 174
142 449 227
84 431 163
135 438 211
142 494 202
142 429 235
140 475 226
88 498 186
124 482 176
91 443 206
184 488 227
147 496 198
111 440 195
140 420 174
124 460 189
151 408 194
90 501 229
174 454 201
181 446 198
100 410 225
95 498 212
182 402 232
158 487 157
172 404 209
127 473 195
117 438 163
114 423 228
161 419 212
142 416 191
153 402 197
163 447 174
90 429 147
156 465 173
152 455 191
154 413 212
89 493 167
154 440 179
97 491 153
92 500 196
128 409 179
182 501 218
146 490 242
167 410 198
146 492 230
183 491 235
174 475 175
162 471 150
180 440 223
116 470 162
181 495 163
154 477 186
121 437 237
95 500 234
138 408 148
153 444 161
95 423 232
180 498 170
140 463 159
162 462 243
104 458 149
125 485 151
108 470 152
142 429 212
123 427 196
110 460 217
137 445 218
125 442 200
127 419 170
107 426 243
139 469 184
183 407 202
102 469 217
152 452 158
128 432 202
153 465 219
146 418 183
103 427 239
145 425 242
114 462 217
182 486 165
158 438 194
147 496 199
130 455 149
159 464 233
135 439 241
94 403 240
148 421 232
179 454 194
94 405 243
159 413 234
147 433 236
168 445 144
170 432 195
120 494 175
87 473 168
156 477 153
179 477 171
111 412 156
136 462 193
130 467 226
151 481 166
172 465 147
158 468 180
103 418 182
179 500 147
143 442 211
173 452 234
94 465 150
108 451 146
115 464 212
164 480 235
141 500 190
90 441 178
145 407 226
156 489 199
136 431 188
136 410 203
88 471 209
133 407 173
115 431 167
114 453 167
123 487 156
153 473 195
111 405 179
124 459 145
147 478 197
172 489 180
93 461 159
130 501 218
178 467 212
174 501 171
125 472 225
117 486 146
116 469 199
113 425 210
107 402 187
85 449 242
119 494 182
100 501 237
111 412 175
102 435 178
154 437 173
122 485 183
164 436 222
146 478 147
109 454 165
104 465 147
113 456 218
117 404 161
103 483 242
118 449 180
148 473 218
119 491 212
183 443 193
117 455 162
107 453 181
158 443 154
121 427 145
109 434 158
167 427 229
145 448 184
156 436 237
96 446 158
87 484 164
145 473 187
168 491 147
169 473 192
130 487 231
140 498 198
167 459 197
110 413 222
133 425 217
101 442 186
114 499 243
150 452 216
102 433 236
181 451 155
93 471 150
135 455 156
119 499 187
102 423 172
156 499 160
102 495 177
97 479 243
148 455 162
177 472 230
132 445 169
97 489 219
162 419 178
136 480 198
84 443 203
132 485 228
171 412 152
135 492 215
177 469 153
139 404 199
164 441 194
96 488 159
90 496 208
-6 226 172
56 215 151
17 249 150
-4 251 176
-30 269 147
29 260 204
11 249 206
6 255 129
6 203 152
-23 288 122
-29 240 169
-27 250 169
50 288 212
15 286 202
-5 282 154
-8 285 121
34 233 134
9 224 178
-19 227 189
17 222 152
-13 294 179
45 227 153
0 251 179
46 206 117
-17 243 148
37 284 172
-10 263 158
54 270 202
61 214 144
65 298 180
65 204 208
51 294 174
-14 284 202
21 265 181
-6 277 185
16 211 148
26 229 126
-17 280 169
49 280 171
-3 258 164
-21 205 118
49 283 208
54 227 128
-24 281 144
26 220 171
-11 223 165
17 226 134
-11 273 116
4 300 194
13 211 192
-5 249 124
48 214 188
42 298 196
61 245 201
55 207 165
-20 225 148
57 280 182
19 212 194
-31 225 137
-25 283 157
10 235 123
33 293 192
37 226 113
22 298 150
46 288 153
52 238 175
-29 299 116
-14 254 172
-1 209 189
58 257 202
28 248 205
25 214 113
0 234 152
5 221 210
-30 217 171
5 209 188
45 271 187
52 217 117
68 215 199
30 292 174
-7 228 188
-17 291 120
43 268 172
41 240 141
-13 294 149
-24 210 152
9 284 162
38 238 202
-11 290 212
10 236 196
65 302 142
-10 275 155
62 293 115
-11 273 199
64 238 162
14 243 153
40 256 160
19 214 195
-20 224 120
42 300 116
-17 302 120
65 235 165
64 273 202
33 258 135
-22 278 212
-9 274 137
-9 242 113
47 237 167
-16 271 158
-19 232 147
48 284 137
57 258 121
69 216 188
35 292 198
69 216 200
-18 239 128
62 249 164
-26 297 205
68 301 172
-26 204 116
-23 235 183
-19 224 148
42 228 165
26 264 122
2 214 163
45 287 194
63 242 162
52 253 172
36 246 202
41 283 160
30 255 175
29 214 164
11 222 131
49 231 154
58 285 139
24 211 196
58 210 209
-14 282 177
-29 251 171
50 282 164
67 269 166
-29 246 183
41 213 208
-16 206 120
27 215 211
31 228 200
-2 230 125
23 210 169
-9 293 173
1 257 157
61 245 132
-2 271 175
65 296 169
31 242 166
17 288 205
16 282 163
56 217 186
8 258 137
53 283 140
57 251 169
10 230 125
-26 272 119
25 272 209
46 253 115
35 204 202
-18 234 144
51 272 187
6 234 159
55 221 165
50 281 192
-8 300 139
-29 218 128
31 268 190
42 300 138
-14 281 119
35 253 125
66 217 212
-3 290 185
56 290 181
-3 250 205
16 282 122
65 302 189
32 236 153
-8 228 121
-20 266 173
67 278 141
0 269 151
-1 285 120
56 226 124
16 219 197
23 269 213
49 249 127
23 296 159
45 210 159
-4 241 202
7 259 164
28 266 137
29 231 167
-27 245 188
5 261 170
-30 229 123
65 222 120
65 255 131
-8 214 162
50 266 192
66 275 202
48 285 159
67 215 202
49 251 170
-26 282 163
61 297 169
23 250 149
-30 219 193
0 252 156
-27 285 125
23 260 182
12 260 115
-17 255 206
60 216 208
28 232 115
55 213 188
47 290 193
65 211 191
9 214 132
46 208 177
-22 296 127
17 206 187
0 263 124
27 254 136
15 255 193
59 243 199
-4 249 180
48 290 148
31 288 128
31 248 150
25 292 172
54 291 114
-10 240 183
29 266 200
-22 204 162
52 292 130
-29 233 162
-4 277 153
21 302 183
32 229 144
5 258 184
-4 249 156
36 210 170
47 231 160
64 288 160
41 267 150
-12 246 205
-13 284 143
45 272 164
-31 283 168
8 234 149
-1 207 183
10 293 116
52 277 125
-9 252 130
8 267 192
9 300 187
32 247 155
32 235 197
56 215 166
14 288 188
65 208 183
22 283 209
41 220 144
32 239 137
0 262 124
15 225 208
68 286 194
11 294 138
59 262 147
14 250 182
-9 297 163
56 237 174
-30 290 160
61 294 153
16 302 116
40 274 152
66 247 160
33 240 152
-10 287 180
26 260 211
-10 293 197
-26 205 154
18 225 204
56 216 139
1 301 207
-24 270 120
17 221 201
67 291 164
27 235 125
-2 239 213
-26 282 144
36 235 136
20 204 170
67 239 161
-12 206 148
-21 296 171
43 224 161
62 274 142
-29 281 202
65 236 194
47 274 121
-16 259 135
18 237 155
30 212 135
49 212 208
-25 284 170
-27 255 206
35 287 168
54 297 173
56 261 117
34 295 198
21 290 185
-3 285 198
3 219 159
1 266 161
33 221 140
7 291 155
65 236 208
7 227 190
-26 266 206
10 291 190
-30 249 180
54 229 176
16 302 181
-30 277 120
-18 298 124
27 276 160
60 213 170
44 267 188
37 287 125
0 263 120
-10 288 155
-23 257 159
-5 268 206
57 271 197
37 279 143
41 222 138
50 253 187
38 302 139
62 203 158
59 216 188
56 247 119
21 219 201
-12 298 209
40 269 208
7 203 131
-15 281 208
24 250 147
41 232 131
18 285 196
44 272 186
-3 252 122
30 202 184
46 209 135
36 205 195
40 257 199
-24 230 170
34 284 114
30 240 168
11 271 205
1 299 169
48 218 126
43 227 141
64 250 144
40 251 121
-22 232 123
-17 238 155
59 240 152
53 244 168
9 251 124
43 271 158
27 212 165
-6 287 145
-17 296 141
58 206 169
-10 223 147
-31 284 156
11 204 119
-18 226 158
-1 269 127
61 296 198
69 241 181
-19 255 187
45 225 137
-2 293 166
61 222 160
-11 228 203
19 264 171
51 219 179
-17 229 212
49 285 185
63 285 194
47 208 199
-10 246 206
59 260 34
127 253 75
88 261 34
139 293 15
146 283 8
116 238 -2
83 241 23
108 304 40
79 285 3
116 311 55
102 283 75
133 274 27
72 258 -19
129 272 36
116 245 -11
149 245 76
116 311 18
84 315 24
122 242 71
58 326 74
137 281 42
124 292 41
148 320 -11
141 306 80
99 290 -2
128 280 -1
67 310 43
91 307 53
73 271 -2
62 304 53
112 241 53
131 292 31
57 318 26
65 241 55
128 285 38
97 305 10
49 326 11
105 253 43
131 276 26
104 300 64
98 268 72
103 318 48
112 250 37
127 246 0
145 312 49
95 335 -4
117 267 33
95 322 20
114 251 80
94 331 9
113 274 25
53 262 68
117 271 42
102 267 77
134 276 -14
70 278 47
127 235 41
87 284 25
65 237 38
83 265 4
137 275 10
80 291 63
80 281 -18
126 257 80
147 277 1
125 300 59
126 291 -1
125 328 -17
103 248 45
85 264 -13
62 292 27
84 273 -18
141 279 29
50 326 35
103 264 10
56 284 -16
146 284 7
111 278 27
98 321 45
145 304 49
124 271 -8
125 263 -11
131 307 75
64 260 19
87 299 36
50 273 41
149 282 78
79 304 24
105 280 15
65 268 52
146 256 37
141 248 -17
112 240 56
119 307 57
65 284 32
133 300 25
66 246 8
105 268 57
95 259 26
139 251 4
128 264 -10
93 245 40
57 284 47
67 282 34
51 281 -19
119 257 30
59 289 -1
101 303 -16
82 259 39
64 321 0
86 298 40
116 297 -2
137 255 73
57 304 46
141 329 -9
50 301 39
147 310 26
95 289 51
70 250 5
136 301 -17
133 335 36
143 257 61
101 325 45
100 330 73
117 310 -4
79 236 25
140 309 27
131 242 65
147 249 71
127 249 0
104 262 52
58 281 72
86 270 36
58 331 32
101 264 7
84 328 38
91 235 19
53 255 52
49 301 23
130 245 42
100 319 50
140 318 75
103 258 24
77 259 47
106 331 59
58 298 15
122 298 21
63 281 55
60 239 13
77 307 14
79 293 77
107 280 23
103 249 80
54 297 3
124 250 30
134 280 19
104 322 75
144 301 69
107 331 51
146 247 67
73 257 64
56 240 71
135 326 26
130 321 77
113 314 0
88 295 4
106 312 76
56 311 3
92 248 29
125 238 -2
144 235 -1
56 269 1
133 286 16
145 259 26
126 269 22
62 277 40
77 242 67
117 326 24
121 266 30
89 300 -5
127 328 12
64 323 49
66 290 3
89 329 14
88 324 18
110 236 2
98 243 49
52 282 56
94 291 -19
132 315 4
140 278 26
63 235 63
135 249 68
98 304 6
78 296 75
76 302 60
135 265 -6
81 272 31
111 303 12
147 302 22
89 325 44
114 263 11
111 317 67
127 319 -13
129 281 18
55 270 78
141 274 -11
124 273 20
51 270 38
125 318 69
110 288 65
62 290 40
54 256 1
141 320 47
74 304 22
121 310 28
147 244 -8
128 312 15
141 264 34
61 250 32
82 250 66
109 268 16
61 289 66
65 322 8
137 265 6
83 324 19
109 315 28
105 287 -14
134 239 54
56 327 71
116 242 75
91 321 62
139 287 -3
144 322 -7
51 266 79
124 271 55
99 249 36
121 314 38
80 264 -19
79 301 -13
66 322 76
112 287 7
79 289 54
141 313 14
127 266 52
113 323 34
122 330 45
105 252 40
99 293 1
111 287 36
137 335 36
53 255 4
80 235 75
85 282 17
100 269 45
50 257 2
57 321 2
98 330 44
141 293 75
104 304 68
68 321 67
138 313 -7
63 282 8
51 258 56
119 321 36
56 328 74
129 328 79
57 306 73
55 242 -9
121 249 8
107 236 46
53 322 61
96 263 32
56 319 35
65 316 29
144 333 -19
133 295 25
145 236 -13
57 302 6
55 299 41
131 264 30
103 237 49
111 331 10
147 282 -7
80 275 -15
87 236 53
86 261 -5
52 318 -4
108 293 46
62 254 23
72 299 28
145 295 36
113 274 71
131 279 36
118 311 9
103 252 16
87 250 30
148 293 58
149 302 72
86 299 78
132 242 49
97 322 -4
134 241 37
118 289 21
72 283 67
86 242 -4
74 321 36
88 288 -16
93 284 -3
116 309 66
118 319 -10
126 239 72
127 334 68
80 243 43
89 309 19
138 243 50
60 251 -14
108 235 13
117 248 81
108 304 20
66 333 53
96 279 29
123 243 45
136 286 1
52 244 63
79 256 49
79 255 62
145 324 11
137 292 6
69 279 30
135 311 -12
135 281 13
77 313 -5
117 310 65
112 237 17
139 305 63
91 236 14
134 329 18
70 278 19
91 309 66
85 334 21
134 270 28
118 327 54
145 251 70
93 295 40
145 282 52
50 322 2
133 310 57
138 254 65
92 246 -9
131 310 72
57 262 50
71 272 -14
76 273 45
59 268 56
74 293 76
103 248 0
128 298 -1
116 291 -17
113 260 16
102 294 13
97 318 19
116 335 -6
56 266 66
116 301 72
109 275 -11
120 321 15
141 253 50
127 293 -18
143 259 71
62 285 36
62 331 21
110 269 -9
131 238 47
96 242 41
99 259 48
129 291 27
127 322 14
123 239 78
72 258 60
87 259 47
95 265 11
84 264 -11
129 298 66
140 294 19
131 250 60
67 301 -6
49 304 4
96 324 53
104 290 71
57 313 75
144 254 18
67 325 9
134 307 56
104 303 3
68 328 46
100 244 31
98 287 9
113 312 30
86 282 0
201 184 28
222 197 59
225 224 34
196 186 -3
177 226 15
215 181 52
266 218 55
243 151 68
253 228 73
187 226 35
239 169 55
175 192 35
230 236 77
267 151 60
236 174 20
196 186 53
172 169 -9
219 190 28
196 142 -13
174 155 71
211 230 52
254 172 67
218 156 -2
215 212 23
252 213 43
231 190 78
214 200 35
218 174 45
181 144 -11
217 197 -21
259 210 -1
261 198 28
199 194 -10
188 149 37
268 179 49
256 146 20
258 208 65
177 220 -6
234 149 11
224 156 71
206 209 -8
177 172 -21
243 173 50
262 153 68
254 162 7
234 227 8
189 161 -7
228 212 -1
217 140 65
231 157 16
238 178 56
249 182 50
217 226 62
204 180 60
179 213 16
235 192 14
211 203 33
228 222 63
175 179 52
210 151 4
201 229 1
264 217 -5
208 220 39
260 172 13
247 209 72
269 224 64
223 232 -12
179 227 47
229 150 -20
196 191 24
244 158 -15
237 165 -4
254 190 60
224 172 -17
216 160 -5
184 209 0
189 171 22
180 239 30
264 232 66
182 232 51
253 180 -18
253 183 52
232 208 61
254 233 44
189 227 12
202 223 1
253 193 -21
207 205 -4
176 219 7
270 181 -4
176 152 -19
189 213 28
198 160 6
253 202 26
207 189 71
188 186 42
220 174 5
232 184 -2
210 169 70
246 187 9
256 209 -16
216 210 -3
236 149 -19
197 236 48
183 239 52
251 159 75
185 151 60
228 159 65
269 155 24
200 165 20
227 224 6
175 235 43
258 239 1
172 205 -9
171 231 70
257 152 26
232 224 77
196 156 3
197 156 -7
228 141 7
210 177 61
187 199 34
182 189 46
228 197 64
248 234 67
199 183 59
229 156 59
245 169 -20
178 189 25
180 224 73
202 203 59
191 179 38
218 151 66
203 201 43
209 153 55
243 236 52
180 235 1
201 198 33
259 181 73
254 219 71
260 202 -5
232 228 53
266 168 7
172 149 68
187 156 3
200 142 -11
268 228 30
181 190 61
193 239 20
195 230 26
263 168 5
265 163 -19
180 236 -9
260 220 60
217 200 78
238 215 22
233 230 35
265 209 2
204 229 34
269 150 8
252 239 20
173 142 -12
270 196 26
205 193 13
203 160 41
227 197 40
252 152 66
207 163 45
210 182 -12
225 169 68
269 162 61
200 167 64
212 224 56
195 174 13
208 233 1
262 174 8
269 167 3
264 208 -16
237 184 15
197 184 7
199 234 48
176 236 31
269 191 39
257 168 74
172 225 56
254 233 64
250 237 -13
217 154 18
265 211 20
240 224 4
232 155 17
210 159 24
182 232 -11
245 215 36
247 193 -14
220 225 57
240 154 27
175 187 30
240 146 19
214 195 22
247 218 63
212 154 6
193 217 56
205 182 60
201 198 -8
237 229 23
227 196 -15
266 202 -14
209 153 62
187 212 72
214 235 0
172 211 25
206 198 30
249 208 53
174 207 68
180 226 48
248 222 62
233 215 22
183 224 4
203 227 0
184 191 64
260 212 -10
235 231 41
259 181 36
185 178 31
204 174 78
201 173 41
253 192 29
235 200 79
217 159 9
198 170 -5
250 149 28
192 222 57
192 217 15
198 146 68
204 166 57
175 183 35
202 182 45
248 164 51
185 146 60
182 164 -14
197 162 18
221 207 57
250 204 60
260 225 -13
263 239 34
177 179 72
182 196 15
254 232 37
229 189 -20
241 226 51
198 140 78
199 162 37
186 154 5
246 156 54
218 239 -10
225 226 -20
236 152 -14
186 154 70
170 199 37
186 183 70
203 219 47
252 223 21
249 140 -19
216 194 38
213 144 45
201 168 52
255 234 40
267 234 -4
224 193 38
185 210 -5
255 189 -6
236 202 22
206 225 -13
225 196 -10
263 211 65
206 148 59
267 184 29
256 199 32
229 148 57
262 206 6
231 202 46
174 165 -7
226 170 -19
176 205 -2
262 213 67
227 180 31
229 176 12
247 160 50
251 226 67
182 147 8
247 204 35
239 218 7
234 208 73
242 143 36
214 209 44
175 230 67
261 192 -13
228 216 12
246 147 14
219 183 22
246 144 17
181 145 43
195 238 59
240 177 67
194 140 58
234 153 70
201 187 -8
182 164 12
216 144 70
227 235 78
178 170 66
269 218 -3
220 192 73
224 210 3
208 192 32
247 196 40
189 187 20
263 143 8
252 173 44
170 178 74
228 169 -12
262 238 -4
237 172 12
244 192 40
218 225 48
202 179 -19
260 187 66
252 197 35
182 139 27
206 204 9
215 210 12
236 139 44
183 231 36
210 220 47
171 156 30
178 149 33
242 160 -19
244 158 21
208 174 -21
176 150 35
265 147 28
245 205 39
260 154 40
220 159 53
175 180 18
270 189 38
266 173 21
259 178 -7
172 164 18
268 228 1
262 177 -21
233 156 -9
192 182 -9
183 232 15
257 218 -18
258 156 20
255 222 69
220 227 69
242 216 27
201 167 30
239 193 65
264 147 76
178 230 43
212 207 40
257 210 77
249 197 70
261 156 55
257 225 46
240 141 8
195 179 61
215 210 74
226 184 -4
223 145 37
268 195 51
253 182 66
245 162 12
203 212 20
210 182 10
194 142 -21
198 175 67
172 172 50
224 238 -11
263 238 16
214 229 51
198 194 4
217 198 25
191 184 33
219 238 62
226 147 58
208 218 9
223 220 16
241 219 9
233 150 27
193 140 50
188 168 21
220 213 13
215 225 57
227 226 8
197 228 14
155 369 66
134 382 101
190 358 82
182 333 100
198 406 121
143 405 128
178 398 46
206 349 117
211 338 128
179 386 87
180 333 127
119 321 55
174 349 109
186 380 35
155 317 91
194 396 93
119 315 101
189 383 108
191 321 66
202 359 105
157 365 97
194 352 77
197 414 100
163 409 50
182 387 116
115 358 34
125 360 132
202 345 39
184 327 115
214 399 39
204 343 56
213 387 64
183 359 52
213 377 83
202 367 117
117 325 92
116 318 58
168 333 112
159 340 112
148 341 124
149 393 78
204 414 92
116 328 73
169 383 57
183 364 93
195 377 123
187 344 40
127 356 117
118 387 34
213 321 63
136 359 81
177 381 82
185 324 61
134 398 94
193 357 35
168 323 119
125 341 103
190 384 74
204 346 51
123 360 38
197 392 62
179 409 63
202 346 59
144 341 109
199 402 112
214 389 88
167 346 78
203 366 87
118 345 39
214 337 66
198 412 120
157 362 64
178 358 84
206 393 98
186 408 65
139 343 91
144 315 123
115 321 54
190 354 125
208 342 128
132 386 127
188 387 92
201 414 129
115 346 46
120 371 36
120 336 128
181 403 58
119 340 89
123 317 69
181 359 117
126 330 114
192 401 91
139 362 65
184 338 48
203 376 69
170 406 49
125 344 72
137 345 44
192 335 60
213 415 61
168 411 55
123 316 50
161 390 85
131 315 43
181 333 54
173 338 79
130 339 125
199 328 133
165 347 113
142 379 52
172 335 121
153 324 118
126 409 33
199 369 105
185 409 57
144 368 82
210 368 41
132 361 132
149 352 75
157 349 83
119 357 102
156 391 46
127 348 97
156 383 53
146 387 72
140 382 120
152 327 112
207 400 54
206 346 75
132 343 52
136 405 107
198 326 133
143 393 43
139 401 107
214 415 70
188 413 44
132 328 88
160 345 105
134 364 41
171 340 123
168 334 35
215 373 124
179 408 118
133 337 40
166 357 77
125 390 81
143 343 64
117 349 95
192 348 79
196 393 122
180 356 63
138 379 84
178 376 55
137 398 84
119 370 65
147 321 108
169 347 123
187 329 73
202 319 42
166 410 120
166 368 55
200 326 37
139 365 84
129 316 51
204 395 79
176 403 98
138 349 62
187 388 70
197 393 50
123 317 115
157 387 127
148 413 78
207 325 38
168 341 132
156 370 110
168 403 108
128 401 73
132 408 104
156 325 59
158 355 42
129 378 129
145 413 74
165 369 67
167 339 122
171 409 89
183 397 76
206 388 103
117 376 105
181 315 59
184 333 46
139 338 78
190 349 97
212 361 96
153 408 117
115 381 37
168 361 49
177 398 122
117 342 37
145 349 34
185 377 131
126 333 89
154 413 127
185 396 122
177 375 107
134 408 117
159 386 101
118 390 111
186 404 113
155 330 75
122 385 116
158 330 67
196 408 84
149 349 55
122 325 55
152 385 117
160 362 108
122 399 47
170 328 100
195 373 118
127 414 73
157 387 72
118 354 37
127 322 89
129 322 123
207 353 121
116 415 102
207 365 85
192 399 43
184 376 82
122 324 75
125 326 96
127 376 104
127 402 41
195 323 90
152 398 85
139 403 103
155 374 86
186 377 52
180 325 80
127 324 38
131 328 74
139 388 116
187 407 120
182 354 116
185 335 71
164 391 67
207 387 62
130 387 44
159 354 114
166 407 118
187 350 38
189 397 50
117 390 100
195 331 73
164 335 60
174 397 119
149 400 67
115 406 117
164 332 62
157 368 88
138 362 111
186 401 47
157 365 124
208 375 86
169 315 50
173 380 96
186 387 109
211 329 103
133 390 80
117 370 36
167 315 90
115 342 91
156 378 33
120 336 123
132 400 77
128 397 45
201 376 97
161 398 126
148 375 132
204 340 43
175 388 74
199 376 38
149 376 61
163 325 73
176 411 129
198 392 65
143 355 93
135 376 131
147 359 132
204 398 56
160 332 100
144 319 90
201 404 82
136 337 120
159 391 38
192 353 107
126 389 93
167 326 64
195 367 58
194 387 108
164 382 94
200 366 72
188 331 97
154 385 113
156 398 107
124 396 105
149 415 40
156 327 93
146 397 60
121 388 97
155 406 90
198 365 133
213 330 63
139 357 121
177 329 111
203 342 129
130 379 37
199 414 41
158 355 87
119 369 94
169 379 36
115 350 69
199 365 128
142 325 78
130 386 110
144 411 88
179 399 96
191 367 63
148 353 102
157 395 63
136 399 97
162 343 123
126 382 59
167 357 89
166 409 83
129 408 69
211 338 103
194 353 80
182 403 132
124 350 49
153 339 86
178 332 106
171 410 120
199 345 37
178 411 40
200 317 50
211 388 76
203 340 84
207 347 108
158 325 99
169 371 102
125 328 42
127 335 81
127 390 114
170 326 90
129 395 64
124 323 42
197 361 62
150 319 47
128 408 56
189 370 118
166 403 85
162 400 123
149 355 49
122 393 47
203 410 46
121 352 98
147 396 76
214 411 121
202 384 50
187 374 57
159 398 54
210 337 81
118 355 111
201 389 59
142 325 130
203 348 111
137 325 66
192 378 115
118 409 62
185 336 62
128 398 82
153 381 85
131 376 78
213 316 123
173 371 102
161 413 63
143 321 115
173 334 38
177 406 45
183 329 46
197 367 109
124 390 75
157 400 104
212 382 87
136 319 112
169 412 56
173 330 50
130 342 112
146 386 87
