291 215 365
312 233 412
266 227 415
308 209 445
293 248 398
241 285 428
284 206 429
280 206 409
285 256 437
303 281 404
299 293 366
253 271 383
230 240 442
254 256 427
280 276 398
312 268 448
269 226 419
264 282 415
307 268 383
233 216 427
233 274 440
252 218 436
237 250 443
289 290 366
232 283 428
242 249 398
244 253 447
283 240 437
283 300 398
250 303 445
283 282 381
272 232 433
229 284 354
236 240 444
295 237 371
275 258 360
236 300 430
257 221 406
290 252 354
288 253 353
318 272 377
329 257 441
287 216 363
308 298 450
300 255 365
245 298 368
316 258 412
319 295 370
306 278 423
326 283 406
324 291 381
327 286 450
291 259 365
234 216 404
259 222 448
282 233 355
328 207 430
274 224 381
313 239 393
281 272 361
246 239 421
235 274 442
315 286 390
293 248 395
277 283 390
309 250 425
245 269 414
263 216 406
246 297 398
304 301 444
248 300 449
276 229 430
264 260 362
237 290 355
322 208 432
325 224 435
250 234 431
327 240 370
262 285 407
252 295 443
269 209 374
272 215 424
262 277 350
292 207 444
229 293 385
239 263 404
311 291 377
327 214 382
239 233 355
314 252 429
282 273 354
253 206 371
253 230 362
237 205 371
267 206 359
321 282 402
263 231 448
254 287 408
233 203 392
230 293 373
301 261 417
265 301 392
320 231 414
283 228 396
270 242 381
297 221 350
240 281 429
322 206 359
266 261 411
328 211 379
326 228 363
275 218 382
230 224 359
261 233 430
272 259 352
236 235 405
234 216 431
272 231 369
295 238 407
326 239 447
292 298 407
247 288 391
239 229 372
272 242 411
238 288 379
299 263 400
328 262 412
324 268 378
231 211 384
233 229 393
255 255 354
258 296 353
248 225 417
313 228 360
251 280 415
304 217 376
268 281 364
260 276 399
238 298 385
312 276 418
268 261 446
280 278 378
316 206 375
316 301 449
270 264 385
314 220 406
279 284 404
295 217 390
264 273 432
231 290 412
285 276 366
288 233 367
314 289 384
284 288 432
238 285 383
260 247 353
309 244 393
312 204 416
248 290 433
239 280 358
307 278 398
284 221 404
232 280 350
250 283 365
286 258 397
245 300 352
257 277 436
256 253 376
247 249 412
288 293 384
268 295 357
290 244 353
323 257 430
264 283 350
315 284 439
237 248 406
306 252 358
276 229 410
252 217 399
267 249 415
299 206 412
251 274 399
252 230 395
277 263 406
291 242 350
235 230 370
280 302 393
307 222 361
234 283 437
280 232 356
233 258 427
306 210 399
252 210 392
253 253 444
324 245 447
327 297 354
280 225 350
320 302 372
293 268 398
282 208 383
496 499 88
461 416 76
476 499 70
419 451 97
493 459 86
452 461 113
443 437 122
413 456 81
465 440 102
412 491 110
423 493 134
457 507 144
477 470 142
425 428 81
439 476 122
412 489 95
496 450 137
453 506 106
460 438 131
449 443 131
462 422 147
473 423 96
484 441 70
433 423 78
425 493 134
446 504 116
431 463 104
498 456 90
453 465 141
448 447 109
465 501 133
439 465 149
499 412 82
447 494 154
489 436 105
435 416 98
464 469 92
480 414 129
472 494 91
489 425 77
459 507 69
407 486 138
404 494 121
452 420 108
448 426 111
467 436 137
440 457 100
499 506 87
456 495 88
479 423 160
502 420 108
426 428 143
445 409 130
470 447 67
416 475 145
414 424 99
432 467 153
447 426 97
440 498 124
413 495 113
421 461 102
429 471 85
499 430 161
485 457 85
478 486 101
423 409 80
487 479 102
412 491 76
441 407 121
445 452 153
464 420 122
424 426 104
477 497 142
407 450 65
451 483 150
447 490 119
483 436 75
457 423 104
460 435 100
480 420 64
419 440 74
409 489 146
475 457 145
429 507 75
402 506 103
487 481 98
443 467 95
435 466 72
448 441 129
445 428 105
499 438 70
484 418 102
464 460 118
466 502 153
438 464 109
470 495 147
438 466 144
470 490 140
449 439 80
439 420 140
421 421 78
462 420 115
427 460 83
471 447 80
407 505 152
459 460 159
437 467 161
465 459 104
465 493 95
429 470 156
463 493 91
423 465 121
452 422 127
483 409 128
500 437 104
442 472 90
500 412 124
445 431 61
440 420 125
422 410 64
447 407 93
476 492 151
437 423 85
464 482 127
453 500 155
435 481 131
406 426 121
466 496 69
478 446 73
471 418 148
481 499 108
488 457 87
457 448 134
453 480 67
418 464 109
457 494 143
404 423 143
443 441 128
460 471 82
477 485 85
437 494 138
472 490 147
501 426 101
460 445 76
405 434 137
466 417 110
458 505 103
454 452 146
420 419 157
436 498 87
410 493 117
403 464 97
402 462 143
450 492 154
444 462 62
419 500 101
486 450 124
498 450 108
408 451 68
459 476 112
429 495 151
429 422 101
433 462 120
449 448 64
435 430 154
483 492 102
480 466 149
421 486 90
484 494 154
454 499 138
461 497 63
476 488 91
451 484 129
488 442 146
429 499 148
409 407 110
457 413 128
481 492 94
494 503 126
459 466 138
455 451 92
439 498 91
482 431 87
486 482 74
422 419 117
406 478 152
459 493 78
490 439 134
433 498 69
481 494 153
405 453 68
464 504 116
496 451 116
413 492 70
434 447 112
468 451 120
484 419 128
412 478 64
498 440 100
475 425 111
436 10 543
434 13 446
511 63 496
507 75 542
447 14 471
492 22 472
458 4 493
519 78 507
476 31 516
470 13 464
437 11 482
510 40 462
430 27 527
474 70 511
501 62 446
450 10 496
444 34 471
451 1 494
434 87 492
432 75 503
465 24 447
451 61 475
428 32 524
441 36 453
485 70 545
443 17 461
452 63 502
526 47 509
515 3 513
435 93 518
439 46 519
505 16 512
497 37 522
477 44 496
513 38 513
517 64 513
472 48 447
478 57 515
474 69 489
458 27 447
483 80 502
513 77 508
461 73 514
434 85 531
457 51 519
500 25 464
428 38 496
496 96 450
443 51 521
514 47 449
453 -1 512
503 8 446
489 38 522
446 -3 537
449 63 450
449 -3 464
437 33 448
504 40 466
468 90 454
505 61 473
472 21 545
452 65 496
499 20 453
453 87 457
523 84 454
484 23 542
466 78 527
447 91 474
473 55 543
505 80 507
520 76 501
474 50 521
523 -3 499
454 71 469
510 56 501
501 55 486
469 25 481
446 23 507
432 73 543
523 83 525
512 78 528
442 78 528
429 40 515
527 82 513
434 34 478
492 96 535
456 10 492
482 -4 535
501 83 545
452 10 541
503 54 511
521 77 530
464 89 457
429 68 515
452 92 464
430 37 528
448 25 454
451 16 478
471 24 464
475 24 488
427 63 447
435 85 458
487 65 489
526 78 460
499 10 545
466 84 542
522 75 485
523 91 474
430 23 498
435 20 534
494 26 487
428 11 512
526 68 533
466 44 520
474 45 478
429 -2 534
428 90 520
429 -2 447
485 31 492
460 13 474
449 18 476
456 15 499
428 39 519
520 9 494
435 60 516
453 9 521
493 81 524
501 4 487
510 23 524
494 -4 504
453 25 490
484 11 536
480 58 542
427 -4 454
429 31 514
517 60 537
497 -1 520
503 26 476
458 14 468
475 91 479
518 61 542
513 43 452
482 40 526
504 84 457
451 95 526
448 38 480
496 3 471
505 54 508
524 1 527
460 91 492
481 40 446
520 30 493
514 24 516
490 15 459
447 27 464
507 91 520
505 50 455
503 16 455
475 80 486
439 53 477
499 45 457
469 86 473
470 95 520
514 77 497
427 21 466
482 38 542
513 27 531
440 7 538
447 83 511
430 21 474
457 54 480
518 4 446
427 56 464
516 94 463
498 -3 538
522 33 513
459 37 494
447 43 462
439 82 454
505 79 493
498 26 485
432 93 453
521 95 487
492 89 514
527 34 488
449 44 514
472 11 529
433 79 525
460 21 518
468 63 466
501 82 461
432 44 478
500 32 476
511 56 465
427 27 523
446 77 526
526 70 488
445 53 513
515 22 493
523 78 485
400 106 288
447 96 296
406 135 296
351 95 304
386 129 293
419 124 319
393 60 315
419 137 337
434 98 300
380 54 348
408 99 347
432 96 300
390 114 353
411 82 312
445 69 350
422 108 318
360 91 323
357 55 306
351 121 336
416 111 326
367 98 359
361 107 267
434 105 327
414 52 336
427 55 348
361 49 357
424 115 310
445 130 269
396 47 341
387 52 263
352 102 263
426 103 271
368 119 274
373 134 299
357 102 361
363 51 263
353 94 286
372 128 355
386 62 327
380 128 331
413 124 289
361 108 341
384 119 346
420 146 313
375 84 344
412 89 318
425 79 310
445 107 320
391 79 318
427 123 333
401 51 282
368 72 339
381 107 331
412 89 323
386 96 319
438 78 264
366 81 318
384 80 303
394 137 268
391 58 327
382 50 331
424 126 284
362 107 291
429 94 278
422 83 311
439 63 335
426 116 271
370 91 291
416 59 312
417 99 314
408 47 273
448 49 269
405 55 307
401 79 324
396 95 305
368 133 300
437 103 276
383 143 335
397 103 337
398 61 291
370 84 316
402 67 302
401 144 359
417 133 287
371 99 297
434 82 361
427 129 323
407 113 344
402 85 319
368 100 309
432 117 332
426 125 277
381 134 269
429 128 316
388 141 332
382 137 305
431 130 306
377 91 262
375 48 337
376 73 329
372 145 329
401 112 329
409 144 267
435 132 278
375 119 272
375 105 351
389 83 296
389 130 357
395 59 307
399 75 346
359 143 307
378 129 300
410 107 349
363 108 275
366 121 327
393 93 345
419 115 282
438 102 317
378 63 278
367 129 331
441 111 343
415 82 336
424 65 322
398 110 310
406 116 319
385 98 292
390 108 291
408 114 339
429 88 262
399 62 306
437 51 276
359 51 295
432 104 282
380 98 268
391 141 353
411 133 307
411 83 301
423 104 313
430 63 327
363 64 338
380 67 292
368 106 296
422 75 336
446 58 288
382 79 292
440 52 293
411 135 319
427 89 343
366 122 358
366 78 298
397 60 349
404 126 272
414 70 310
447 51 335
445 130 299
377 82 317
418 125 352
388 50 291
430 99 315
364 84 295
392 134 298
445 76 329
355 67 332
436 91 314
442 113 277
425 134 334
436 52 285
432 114 287
389 114 300
401 80 262
375 109 354
369 69 318
402 138 341
360 98 284
384 80 288
391 121 324
370 119 313
395 119 295
393 120 319
376 89 274
364 106 310
382 80 356
363 74 280
436 61 268
430 99 263
414 129 305
437 51 296
441 135 280
427 103 309
426 84 267
446 83 355
430 126 298
355 125 264
420 64 334
424 128 320
419 131 287
403 52 294
366 136 263
403 100 305
435 86 342
35 3 136
104 54 160
41 4 157
44 26 130
31 14 90
79 -10 175
107 22 124
108 11 149
61 76 145
58 40 155
21 40 121
50 2 158
13 36 108
105 54 136
29 28 165
56 24 160
110 38 169
30 16 127
61 39 87
23 -4 173
75 43 180
42 38 84
81 77 177
69 73 123
30 10 132
77 60 176
91 -6 169
22 -13 137
99 -6 143
84 29 108
83 34 146
90 54 100
32 -11 131
108 43 176
105 81 85
40 41 158
109 -2 154
44 16 116
49 79 90
39 38 176
98 76 120
37 57 109
27 -3 145
93 4 82
34 75 135
41 -3 81
37 79 136
96 5 114
93 47 152
47 50 172
76 75 128
60 0 174
75 23 145
88 65 144
72 -15 147
50 53 160
51 72 147
74 6 178
108 19 108
20 58 140
68 67 88
55 29 123
91 72 106
15 65 100
54 79 111
101 68 167
90 -4 127
20 30 113
40 81 178
96 27 80
57 10 116
43 21 122
61 43 121
34 56 137
80 20 131
112 69 133
30 82 164
41 25 150
59 21 138
110 -1 139
96 36 104
111 22 101
31 19 140
22 85 143
44 45 100
64 78 96
64 36 127
112 8 91
42 81 151
73 3 170
66 31 136
28 44 172
97 23 148
14 1 85
56 14 93
37 54 156
64 5 166
81 51 96
40 5 117
21 44 90
97 57 111
51 12 87
49 17 149
90 -8 168
36 42 106
99 62 99
45 53 82
34 48 170
26 -8 152
47 64 90
39 67 107
72 65 83
79 40 170
97 63 161
16 82 125
15 1 88
104 28 149
57 -9 104
14 61 118
13 24 158
83 22 83
25 22 118
37 19 162
16 -7 158
89 17 146
68 46 115
60 17 134
111 45 110
28 79 146
23 -11 127
35 -3 124
100 25 94
88 74 167
97 35 114
55 59 108
72 14 125
37 -3 132
89 -5 152
57 67 135
23 46 116
81 -8 132
103 21 134
96 -8 87
85 64 130
56 -7 138
74 73 154
65 51 103
90 -11 162
88 67 99
105 47 179
29 40 171
32 60 103
16 62 128
64 70 112
23 52 82
72 63 122
59 69 113
84 11 98
96 6 126
81 -8 80
30 67 88
68 80 126
66 66 136
32 11 179
43 -15 105
102 9 80
56 10 128
31 60 169
35 34 110
71 77 140
15 18 131
40 15 90
107 13 150
53 68 122
65 12 89
15 19 117
55 41 130
86 55 89
74 60 137
41 71 180
96 42 174
97 33 154
48 7 109
61 39 97
89 29 140
111 1 104
72 12 168
22 84 126
91 -13 152
99 78 160
107 62 168
105 34 96
93 -8 172
95 7 135
107 50 175
38 54 127
111 6 129
54 27 99
47 50 84
34 39 165
