387 225 172
385 210 136
370 193 151
332 229 97
317 237 176
397 223 92
322 226 156
388 188 116
312 158 124
350 216 132
318 183 94
386 204 167
375 196 128
374 153 86
335 176 128
399 172 88
400 233 165
394 191 167
385 171 108
325 219 107
315 203 112
321 242 91
369 188 81
308 145 145
398 193 126
375 146 168
329 216 95
380 185 150
330 212 89
399 194 158
334 237 151
334 174 133
393 224 104
394 188 116
341 225 142
350 198 169
369 177 120
394 227 87
333 143 155
385 211 112
330 242 162
334 216 129
370 237 82
377 170 118
379 218 176
316 151 165
340 196 149
323 215 175
386 216 145
308 159 78
392 182 97
352 239 152
321 232 112
384 220 162
372 222 92
371 235 86
366 167 141
330 182 145
394 229 90
387 230 172
345 207 154
334 230 155
374 221 149
404 226 131
369 143 143
313 214 158
354 224 171
331 161 81
311 179 112
398 188 108
384 170 168
389 158 133
328 205 136
394 211 137
406 172 87
405 223 176
314 215 80
314 142 125
371 194 89
353 198 98
362 144 93
396 172 88
403 190 167
358 184 167
306 148 95
375 155 155
369 188 136
375 169 133
317 150 140
365 213 113
359 171 150
339 227 171
331 189 151
346 179 117
324 155 115
327 153 118
353 146 100
359 238 137
381 239 88
320 237 133
347 195 101
320 197 89
406 241 92
381 178 122
366 199 110
337 144 157
315 176 132
404 230 98
400 181 154
316 232 129
323 190 159
344 233 164
388 173 91
370 162 129
312 170 79
400 169 136
321 157 169
384 208 92
391 229 82
402 159 149
405 192 170
371 179 112
389 205 107
384 218 148
318 151 105
366 224 112
330 145 95
334 223 94
375 231 149
349 151 141
388 221 149
391 231 85
321 217 144
398 146 95
376 191 128
317 169 169
336 174 153
322 239 116
378 210 123
324 179 163
371 187 176
350 142 140
326 166 163
347 212 149
384 179 160
378 214 82
383 195 81
324 221 141
375 193 137
327 232 157
336 156 164
368 234 114
390 164 91
345 154 93
342 145 141
336 167 137
314 148 83
381 201 138
361 183 115
314 206 109
376 221 107
316 212 114
338 197 136
317 152 84
381 242 103
309 241 125
341 208 154
328 210 148
346 218 96
321 173 84
311 212 164
391 153 176
355 210 104
403 192 118
385 158 136
397 176 129
322 220 176
319 154 87
354 166 93
327 200 138
356 219 151
380 225 161
313 196 105
329 151 114
387 236 111
391 228 177
385 233 122
330 164 155
392 242 130
336 235 156
373 231 130
326 222 122
364 204 143
338 236 169
378 239 107
337 232 143
332 193 102
387 242 77
366 233 126
399 223 111
387 167 90
362 229 128
314 189 98
325 227 96
363 210 111
306 201 86
387 197 99
366 233 116
402 195 126
355 233 139
343 190 136
393 203 132
353 231 114
339 161 101
405 185 99
382 220 156
404 176 114
400 157 167
360 240 177
329 216 153
358 210 147
343 161 87
310 215 110
385 205 173
333 211 148
403 179 101
336 225 115
339 240 103
402 152 151
349 163 146
362 233 115
325 163 133
369 229 96
339 237 154
326 219 115
366 142 90
363 194 126
326 203 177
348 180 89
314 225 107
325 155 173
330 173 99
349 180 166
307 148 141
322 171 174
351 166 112
333 198 112
334 197 94
393 170 133
344 214 154
387 151 82
320 193 92
401 184 77
309 160 124
398 201 110
371 224 177
401 185 139
306 202 83
364 184 144
344 174 147
319 228 144
368 196 161
328 207 83
373 238 122
335 208 151
359 168 165
366 187 125
400 232 100
374 241 156
337 157 147
378 201 117
308 206 77
400 171 129
375 164 79
405 222 131
331 224 147
404 239 134
357 165 161
359 182 125
320 161 138
339 240 160
321 216 166
346 231 90
371 223 79
328 200 135
370 170 151
378 203 113
316 182 135
334 143 175
374 175 130
357 149 146
338 151 130
316 158 145
316 183 127
354 168 96
349 188 143
380 195 94
404 198 165
348 143 151
340 184 109
357 178 162
329 192 150
307 150 143
384 202 130
327 178 115
366 217 142
309 161 98
349 175 168
390 211 135
344 172 98
381 240 121
333 221 125
391 185 137
332 159 106
404 189 118
372 220 157
384 220 127
374 170 89
371 176 121
366 150 124
370 197 141
380 144 143
341 176 114
336 149 121
333 162 100
327 205 140
327 188 85
311 234 94
329 187 118
354 237 109
324 143 129
345 206 127
343 153 109
371 229 176
398 224 174
314 222 116
310 171 124
403 186 77
383 222 174
396 172 93
363 216 157
328 176 82
389 153 144
394 236 145
373 170 128
340 232 92
326 205 129
346 237 134
320 187 85
326 226 111
329 229 89
360 242 83
377 149 125
331 162 94
346 222 83
327 187 119
327 153 95
347 201 144
397 208 124
397 237 98
378 173 134
341 213 104
383 202 136
404 218 88
337 216 79
312 144 80
383 220 144
355 237 133
334 238 80
328 153 126
328 216 107
345 180 78
363 166 124
386 166 87
393 242 159
390 228 79
399 154 111
341 181 135
384 183 146
307 150 104
347 199 116
368 237 115
345 183 82
325 172 82
351 228 167
328 215 90
327 187 121
357 180 142
320 193 145
369 143 126
402 198 124
400 155 95
351 235 131
379 176 94
375 232 88
349 187 174
392 162 100
309 223 102
335 207 158
357 237 171
52 -19 221
80 -23 281
13 42 296
43 30 269
85 66 242
48 51 230
84 72 302
83 2 219
94 19 214
53 28 222
83 4 251
75 -21 277
74 21 214
51 35 247
66 71 243
98 30 312
30 60 219
14 26 296
50 6 306
45 64 299
74 30 244
76 -14 237
48 13 271
51 6 216
4 21 221
41 70 256
47 43 263
25 70 277
4 63 244
50 0 304
79 -21 284
11 33 306
98 -7 277
60 43 248
23 53 241
40 31 213
60 0 286
34 50 233
71 35 243
96 16 266
20 59 228
55 -8 232
2 7 228
97 -3 247
60 8 239
14 -9 289
100 30 279
24 -19 250
101 -1 271
28 57 282
62 20 227
63 54 250
21 -13 225
41 -1 218
34 19 291
19 48 221
84 -13 269
98 32 279
11 33 241
34 14 312
68 59 215
40 74 270
47 72 270
93 59 312
100 7 213
101 10 267
6 56 284
67 -15 256
89 3 308
69 -4 238
100 69 229
18 -7 289
59 69 248
9 4 311
20 40 241
85 -11 308
7 63 249
24 -21 227
61 -22 264
81 48 238
9 12 246
83 31 266
90 -13 265
39 28 238
88 46 259
82 77 227
39 -12 236
20 -3 311
24 -7 278
4 23 246
59 26 230
65 61 291
22 59 228
79 -17 261
25 40 247
35 34 262
97 48 299
24 43 294
60 36 308
43 71 278
47 -8 283
20 63 225
21 77 258
86 17 239
27 7 282
32 -20 256
8 48 311
20 68 260
29 6 290
45 65 251
86 39 297
24 32 244
34 60 270
69 1 228
74 34 289
38 15 305
97 -21 263
65 16 221
22 13 214
2 17 285
13 49 310
72 32 281
51 62 257
6 34 284
39 66 306
64 5 285
12 58 286
76 39 257
100 66 226
79 32 244
53 41 217
77 15 241
35 12 229
19 36 312
66 58 276
64 -22 302
65 24 256
84 32 251
5 42 285
47 24 280
64 60 305
56 34 250
19 -10 241
45 8 271
92 71 217
67 -11 308
82 11 275
17 11 306
18 14 262
48 48 238
16 34 242
8 8 287
25 37 298
96 15 260
79 -10 256
65 52 290
62 -2 251
25 30 228
65 7 228
59 -12 229
40 77 219
8 -22 261
94 -21 240
91 17 290
32 22 279
49 50 255
62 20 297
42 44 222
5 65 267
29 51 299
9 22 293
35 -12 281
25 34 231
12 51 306
51 -17 252
45 13 232
91 20 231
34 72 270
94 7 276
84 46 289
34 42 297
64 45 228
87 27 215
37 12 227
92 57 310
65 17 289
10 56 298
12 49 237
43 72 300
33 54 228
36 -1 262
10 -17 284
75 4 289
10 74 313
49 15 303
73 39 274
11 74 253
60 36 297
90 -18 244
39 53 267
15 24 221
34 37 265
24 40 227
81 35 264
61 6 250
64 76 214
27 -6 214
1 50 226
29 28 264
46 8 218
6 76 253
24 3 224
99 42 245
87 -22 258
21 48 310
72 26 266
31 -23 279
83 42 237
87 41 260
82 2 282
1 58 307
48 -9 269
97 4 299
15 66 262
13 39 276
80 74 222
23 50 265
85 -21 264
78 4 224
15 5 264
15 6 280
50 17 290
79 55 296
16 76 254
95 17 225
41 -7 231
62 12 291
86 70 282
17 26 297
27 8 258
86 -20 282
77 12 307
43 36 301
86 67 243
8 -18 271
87 49 286
21 72 246
87 74 303
11 7 282
47 53 263
91 -23 277
18 -4 302
52 58 217
100 14 272
11 -5 250
99 39 292
73 58 288
31 69 303
49 10 256
12 54 312
80 54 263
85 15 270
66 32 239
14 38 292
38 68 296
61 33 309
71 34 309
64 65 284
91 -7 288
53 32 235
83 71 292
42 24 262
97 13 225
86 73 216
17 -21 270
88 19 288
52 -14 243
55 36 242
87 16 232
85 75 284
36 53 218
77 5 241
81 -3 224
71 -4 228
33 -7 232
64 69 242
98 -23 284
15 -20 252
64 7 302
88 32 228
91 39 228
19 71 238
23 5 251
54 23 286
65 72 248
15 64 234
80 26 291
79 -13 286
98 -17 256
63 27 217
33 19 276
74 -11 299
51 52 283
10 -20 292
69 26 271
83 75 214
65 23 265
83 66 220
67 45 244
19 -6 231
8 20 304
68 70 267
31 -9 251
101 -5 238
4 -3 257
61 55 291
5 -8 225
32 44 274
74 62 254
24 7 213
18 16 299
41 -2 215
47 -13 306
67 77 300
83 -18 269
48 -6 277
92 72 224
94 39 284
87 18 235
38 70 267
35 -21 266
50 44 293
83 -23 250
16 -22 298
42 33 246
8 21 309
99 -21 242
66 -13 284
56 66 253
100 55 300
15 49 245
46 56 236
80 -3 266
63 -3 261
100 -1 236
12 23 291
46 -19 213
76 77 310
10 -23 236
69 -13 254
49 41 285
40 18 256
92 5 306
8 49 235
94 8 229
3 23 279
25 25 228
61 72 255
45 67 251
64 -1 277
79 31 233
5 -10 250
31 29 249
98 35 224
46 -22 278
15 -17 267
33 48 250
29 16 255
34 5 266
41 -7 296
90 -1 267
51 74 221
37 -23 271
25 72 278
66 65 227
93 31 255
3 -7 241
1 32 246
93 31 304
21 -11 245
42 55 263
70 -6 232
14 3 286
48 -16 252
46 76 308
53 38 234
100 -1 215
70 14 257
69 47 266
70 51 308
7 70 260
72 55 260
81 42 272
59 30 278
31 11 285
55 8 293
11 72 289
34 76 229
25 2 261
80 -18 261
262 118 217
277 137 181
304 112 211
247 124 213
272 174 245
244 142 200
280 117 264
264 155 192
301 96 276
258 93 274
314 118 253
254 118 255
233 133 260
247 152 273
260 151 213
313 113 193
250 134 212
234 101 274
264 183 241
311 135 183
234 137 273
285 158 254
308 105 216
269 152 201
278 155 200
310 130 244
274 131 267
327 100 241
273 150 271
246 160 270
322 135 274
227 183 194
270 162 281
309 165 184
287 157 181
324 150 251
291 152 191
232 118 213
280 93 229
241 175 200
327 150 200
247 183 256
268 100 275
269 170 213
232 161 214
263 157 277
312 103 204
312 108 210
248 147 212
311 155 212
322 143 210
307 127 184
277 187 252
310 87 270
288 137 260
253 141 182
235 146 233
313 96 231
239 127 241
280 163 210
279 166 261
305 170 237
268 177 192
307 164 217
297 164 208
228 123 247
253 181 281
248 179 241
231 106 200
325 108 271
318 89 227
277 89 253
242 132 242
231 149 232
253 134 257
282 147 190
245 187 236
248 186 205
245 123 226
282 132 269
305 180 261
288 128 223
240 105 197
323 105 269
276 100 222
288 108 229
293 135 195
271 163 191
243 133 255
231 110 236
283 161 248
236 151 194
299 95 187
322 177 212
301 134 193
285 100 201
276 143 204
236 169 196
237 138 195
244 156 216
243 108 224
322 185 235
299 154 221
227 141 258
248 111 191
255 186 238
287 161 192
282 130 235
323 96 258
242 139 181
235 176 227
260 174 182
294 90 228
244 116 247
262 171 183
309 184 258
247 129 224
309 148 276
268 110 246
260 120 222
227 108 250
318 167 197
273 177 260
277 145 233
310 182 241
305 186 232
291 173 226
230 143 200
293 147 231
244 101 201
325 141 234
288 155 210
259 185 211
289 125 207
274 90 202
230 150 245
321 107 184
270 114 250
261 171 226
296 109 203
297 104 280
308 185 230
312 131 205
290 169 252
287 145 231
308 106 228
322 102 204
283 115 213
285 137 185
309 101 279
282 138 257
233 149 281
236 125 217
258 158 251
307 126 188
228 146 232
327 173 257
268 179 277
231 182 269
311 100 247
311 183 220
326 134 202
290 113 191
290 175 227
283 139 253
285 129 237
299 141 247
251 169 249
261 156 271
279 135 267
271 134 213
317 132 221
270 153 207
296 186 207
325 101 216
234 117 187
247 131 192
317 89 279
313 174 212
252 92 243
271 133 197
281 159 235
295 176 199
307 138 186
239 174 247
256 157 252
294 121 211
246 139 215
267 185 231
314 139 267
286 128 241
302 184 222
242 88 261
293 185 201
275 142 262
237 100 211
277 145 214
286 133 224
244 166 223
269 129 231
276 127 209
242 179 268
246 121 218
307 146 213
291 109 277
259 90 254
298 146 215
237 87 226
311 155 218
269 149 198
292 133 223
288 122 204
308 175 264
229 149 233
233 114 193
238 136 197
314 172 242
295 161 216
269 144 268
315 99 253
290 92 224
305 111 201
272 185 236
290 146 263
313 173 277
306 93 238
311 113 222
238 154 274
263 181 210
313 153 192
291 180 258
285 131 241
257 170 263
289 105 224
291 128 208
235 104 216
254 155 271
279 120 185
247 121 201
252 174 253
299 158 182
249 154 187
277 90 203
321 173 182
260 128 255
293 108 215
236 181 211
290 144 216
243 121 223
233 147 236
289 97 207
287 174 265
321 146 235
291 124 235
279 88 194
288 132 229
296 157 192
275 165 240
257 99 270
291 159 252
303 180 219
260 168 226
318 168 188
307 144 211
303 165 245
318 179 212
281 178 181
291 169 218
318 124 265
238 164 194
327 109 204
278 87 210
287 97 201
287 181 258
282 91 233
258 98 215
278 139 251
280 181 246
258 147 183
325 142 241
269 90 192
321 135 194
289 173 185
239 149 233
321 119 280
236 106 218
230 134 263
253 149 191
253 167 214
251 167 204
230 133 278
279 145 274
317 115 244
291 122 233
283 167 239
324 151 276
239 151 198
233 92 222
305 117 239
310 127 232
247 93 280
321 118 251
307 178 232
319 157 208
301 164 232
251 137 271
256 110 229
323 101 193
291 165 213
228 177 186
288 146 217
288 103 236
274 124 213
249 120 227
276 169 231
249 119 248
279 97 216
282 158 192
258 145 187
268 95 248
247 187 242
310 126 232
320 172 257
256 128 211
310 166 276
259 150 194
318 100 232
247 110 206
282 98 261
266 102 244
262 111 183
296 172 257
283 129 217
297 124 231
290 97 233
275 103 236
311 134 206
321 109 221
286 159 223
276 100 222
240 152 237
281 133 204
245 91 241
243 120 193
278 105 224
302 117 222
302 181 203
311 124 185
290 170 226
261 123 220
254 152 273
318 123 183
234 149 268
231 131 244
249 106 279
316 187 193
253 117 181
229 132 275
254 91 271
319 104 215
271 176 191
232 104 201
240 138 241
263 141 240
285 178 197
303 124 201
255 186 246
298 140 214
274 100 263
287 99 235
315 103 263
316 144 237
324 146 265
272 124 281
262 131 277
276 145 218
279 162 264
326 173 230
259 177 220
312 136 243
300 99 233
256 146 235
308 181 254
272 117 215
237 123 270
292 105 216
272 132 215
282 130 220
252 181 237
291 101 221
247 157 190
308 152 268
301 150 279
315 144 207
293 166 185
319 99 189
236 142 222
303 134 277
287 174 219
261 130 220
363 430 79
320 409 46
286 501 91
283 459 76
357 496 33
374 454 61
329 432 63
374 418 23
312 428 22
363 477 3
303 434 37
294 468 61
334 418 22
328 458 86
302 458 20
290 455 66
379 473 -2
305 475 19
350 479 48
297 420 28
296 488 43
341 463 -2
358 487 87
370 420 58
373 474 62
323 442 86
337 421 91
296 497 85
317 449 54
323 405 92
304 462 50
302 406 0
292 454 89
296 487 25
333 442 -3
285 403 38
298 436 93
350 426 57
360 481 94
302 445 16
343 493 89
338 459 38
370 483 23
365 447 66
361 444 50
293 428 55
347 478 30
379 469 89
336 402 59
335 426 37
359 483 32
356 463 17
338 427 78
287 452 12
367 442 42
370 440 62
331 421 95
360 415 7
286 401 37
310 486 57
298 452 -4
345 480 72
305 455 9
315 476 71
289 486 23
316 426 46
370 479 41
354 433 44
343 481 74
380 448 47
376 463 75
329 468 88
372 428 83
340 445 78
333 497 53
374 484 77
287 479 61
342 416 44
294 434 12
383 424 19
302 455 77
362 439 72
310 442 59
321 426 47
344 435 17
346 427 80
327 470 13
317 459 80
289 439 44
363 450 89
364 422 34
353 454 23
368 435 82
309 438 91
382 441 26
362 454 18
366 492 8
375 460 60
308 415 80
328 437 1
310 467 54
300 500 48
284 412 8
383 415 65
373 413 17
369 424 5
378 496 86
287 442 51
288 434 53
373 478 85
346 422 87
373 465 15
317 451 27
302 408 84
288 459 95
364 417 46
359 444 52
313 433 48
358 401 61
316 468 0
284 446 64
376 417 69
296 437 64
312 442 95
299 471 94
310 485 14
360 499 25
336 460 12
285 438 5
348 411 86
379 483 25
378 501 32
326 482 20
328 433 60
369 458 21
364 500 92
287 460 56
301 501 23
373 457 17
376 463 78
382 427 22
362 444 4
376 442 25
345 494 57
308 463 70
334 476 92
321 432 30
372 447 3
355 454 16
373 456 68
356 439 1
344 422 12
368 435 52
330 444 96
353 467 47
366 496 41
371 475 25
363 423 77
363 484 31
359 402 62
339 403 16
328 452 25
369 431 15
301 491 75
289 441 52
316 497 81
370 477 53
321 450 93
335 440 26
303 406 -4
287 444 33
328 418 -2
328 439 82
359 484 4
344 437 75
379 471 24
332 468 34
367 485 55
371 407 40
330 461 43
294 501 24
302 419 95
312 402 25
293 439 32
341 402 58
299 411 35
307 423 46
291 454 9
294 497 73
335 452 60
295 467 95
309 478 22
328 496 8
295 439 90
300 467 56
367 427 46
319 407 57
345 454 15
289 439 80
306 422 67
356 481 44
331 460 90
383 441 16
328 476 10
375 470 50
382 499 37
370 483 30
344 496 83
339 472 0
347 421 83
307 401 6
332 450 87
323 416 -1
340 458 62
296 473 89
284 429 67
340 494 31
312 460 33
303 479 55
318 474 33
383 465 66
359 403 70
381 431 86
348 416 42
351 466 62
372 437 89
347 491 1
339 450 20
342 450 21
378 420 -2
294 459 72
356 421 11
296 486 17
369 435 82
333 422 37
311 449 -3
298 454 28
363 429 96
317 487 63
344 478 56
383 444 55
379 442 29
337 488 86
372 424 0
321 417 76
381 458 91
361 420 64
360 473 28
358 481 23
321 487 94
285 494 46
315 465 90
293 411 62
292 443 86
336 448 17
381 457 34
360 406 38
322 442 38
288 480 0
304 430 41
361 486 53
308 412 -1
307 434 48
302 419 61
293 436 83
311 448 58
352 490 14
317 456 89
334 442 96
286 430 91
367 416 79
376 447 71
376 408 92
357 480 71
310 499 15
379 484 93
364 475 5
364 466 10
296 425 33
346 401 22
351 407 93
298 428 96
364 445 86
342 484 25
304 431 94
300 499 66
328 465 11
286 501 35
308 414 82
341 448 80
349 489 67
292 423 0
298 427 54
353 487 13
340 411 39
288 428 49
320 438 43
328 407 75
356 448 30
288 478 10
337 410 75
289 412 17
285 494 64
366 440 40
293 463 92
347 403 55
322 451 50
346 485 70
304 427 52
290 430 62
286 481 94
375 431 51
310 493 27
336 472 76
302 501 86
303 422 -4
315 409 22
348 493 0
324 451 96
286 442 16
324 468 9
322 499 40
370 424 11
365 501 87
326 441 46
308 498 23
325 459 42
305 418 46
287 423 47
305 460 33
350 457 15
310 421 33
382 406 52
347 432 81
355 432 22
383 420 77
329 411 -4
376 473 34
286 455 32
356 478 -3
317 428 67
306 459 81
364 447 54
298 481 86
322 448 4
378 457 16
366 468 23
360 408 82
358 497 95
354 429 48
352 449 26
303 428 43
329 460 -3
369 414 58
283 458 22
320 500 4
318 471 59
327 464 85
339 480 17
364 488 4
318 447 54
375 421 46
299 440 65
292 472 4
320 500 22
373 478 22
369 454 52
284 499 20
285 487 20
294 460 67
362 431 81
344 489 64
369 432 59
294 437 45
316 496 51
348 427 12
372 449 95
327 492 0
293 405 59
350 480 84
331 498 44
296 425 72
360 465 30
285 494 46
297 437 31
308 416 58
374 470 72
363 446 76
337 454 45
342 452 80
317 402 80
347 457 92
292 464 52
324 428 8
292 405 70
328 468 4
305 412 19
342 401 45
284 416 4
376 430 45
536 267 59
497 275 62
526 284 19
500 282 -10
520 296 17
443 270 32
497 222 48
476 238 -7
465 207 56
459 205 56
540 274 65
472 264 15
491 259 68
470 268 -8
515 242 28
462 222 -17
527 259 3
497 211 -8
491 271 27
505 207 82
479 235 22
518 203 28
499 221 -11
538 239 35
505 260 80
452 215 35
519 211 26
466 238 47
498 277 27
503 238 58
502 220 16
467 203 11
520 212 -16
477 278 61
484 239 70
471 222 -14
492 262 26
454 222 -10
519 215 -5
473 278 58
462 240 -3
463 222 39
493 208 -11
486 269 42
504 274 78
481 213 24
500 264 22
480 273 37
490 222 82
543 221 0
458 236 -16
543 296 22
509 223 20
454 215 12
489 293 51
533 241 -11
481 278 50
498 269 38
484 247 9
463 198 14
534 263 37
521 250 15
464 263 4
463 237 74
515 212 34
499 224 4
458 277 39
513 235 11
523 277 39
534 253 81
483 230 10
524 291 -17
493 269 12
478 243 -10
462 275 61
500 294 72
444 202 2
477 201 54
482 254 62
507 258 71
523 275 7
465 276 11
444 199 71
464 234 31
484 255 6
522 261 60
472 244 66
493 234 76
456 206 19
477 273 73
505 212 8
502 285 1
496 201 -14
497 255 39
455 238 66
451 204 75
476 293 66
446 267 30
490 278 79
450 221 78
471 231 -5
462 201 10
460 251 9
487 204 44
472 206 66
485 215 56
526 283 62
530 253 53
498 285 -15
464 263 -4
531 291 56
485 253 -7
510 244 0
455 279 22
514 206 34
453 261 8
495 230 40
514 292 56
499 239 28
463 200 20
492 291 6
466 295 2
481 248 -2
467 219 69
498 272 -10
491 249 52
491 227 7
449 270 -14
476 253 64
510 268 8
527 272 -11
510 287 12
494 249 23
488 265 45
456 241 44
528 272 75
494 209 76
515 220 61
529 254 72
526 292 64
443 219 22
542 290 74
508 270 56
456 268 25
532 238 34
521 285 17
474 256 33
492 249 35
534 284 56
464 220 -11
497 251 -11
494 239 52
447 292 83
521 240 80
511 286 70
449 209 -6
479 222 69
519 296 -4
533 235 54
445 266 -15
493 238 83
490 279 19
484 246 -15
495 276 81
488 281 -7
501 272 38
475 197 24
521 275 21
505 230 33
514 293 65
450 201 7
533 225 65
464 256 34
512 251 32
490 287 33
466 276 1
514 247 65
496 296 23
520 217 46
493 239 4
534 280 -8
465 267 60
451 286 45
506 231 -6
485 222 72
522 292 76
507 272 77
443 209 62
495 200 -10
479 276 61
500 267 0
494 213 41
464 256 9
460 246 77
464 278 25
525 282 -17
479 248 82
472 294 68
538 206 37
506 250 34
452 281 -7
470 210 54
535 232 77
481 217 40
537 248 49
449 239 38
445 277 25
504 258 74
500 197 13
511 230 7
457 207 -17
481 278 1
528 283 26
508 225 82
493 234 62
469 296 25
452 197 53
525 216 68
507 294 47
503 287 37
473 258 4
453 248 74
517 258 13
521 242 81
447 229 11
483 227 20
524 279 46
452 265 4
491 287 -6
509 278 38
448 208 27
537 200 36
443 231 30
506 227 45
478 231 54
535 290 2
509 227 69
514 296 69
533 244 -13
470 255 34
474 293 16
447 283 33
493 238 13
460 223 39
459 203 2
533 254 16
516 275 64
476 271 48
508 242 24
539 241 9
454 285 30
462 232 0
525 282 81
501 258 42
453 218 53
470 205 53
541 295 -16
454 250 43
483 208 61
514 234 70
444 257 -7
496 229 4
482 286 50
487 217 -4
462 280 75
521 203 65
499 215 -2
536 257 43
449 276 78
464 241 55
476 287 71
481 252 15
502 224 76
542 265 -13
451 258 21
443 231 72
499 216 22
476 243 22
473 268 3
457 259 53
517 276 34
469 242 62
529 274 11
492 243 26
534 228 47
511 292 45
494 209 62
535 240 71
516 260 72
543 249 34
521 274 13
506 246 45
444 249 57
516 252 -16
493 214 28
481 199 58
535 225 54
481 250 -10
505 214 9
519 236 71
508 237 15
487 197 29
463 206 56
471 263 82
499 200 39
459 228 35
525 248 74
521 217 28
513 276 37
493 197 41
501 252 63
446 219 -16
459 271 44
463 292 39
477 267 61
494 219 33
511 234 -10
451 263 -13
519 237 5
498 214 46
464 211 -3
487 253 -6
535 254 11
486 221 47
522 214 42
485 243 61
540 231 38
513 246 28
527 234 9
468 227 2
461 292 49
509 237 -9
488 275 -15
539 263 75
456 286 56
506 204 4
508 197 18
510 273 49
485 234 17
503 227 45
455 214 -8
503 216 58
512 242 58
542 239 5
478 271 -7
450 293 -16
506 210 81
494 208 26
454 295 72
514 275 54
530 249 57
495 210 42
450 203 -1
495 241 -2
529 255 8
486 295 7
502 277 40
455 231 43
495 252 19
459 275 27
520 295 3
510 287 35
477 252 77
531 248 44
520 222 28
483 276 0
447 271 -16
492 287 49
543 214 29
443 286 63
479 217 73
529 243 23
445 276 -9
457 242 49
499 267 17
535 207 48
457 289 81
496 289 -7
476 296 82
528 240 68
496 240 13
475 270 9
476 277 -11
448 237 41
505 223 53
450 254 14
479 286 48
537 251 64
463 210 39
494 212 40
486 273 77
516 213 -16
523 229 19
453 266 0
492 281 15
477 260 66
505 217 21
454 262 13
454 270 39
514 227 10
