36 212 164
60 211 126
-34 204 65
20 205 153
-12 152 81
-34 174 158
-3 196 114
31 198 77
52 183 90
30 177 108
49 212 128
17 180 78
52 180 74
62 201 158
-23 229 146
35 196 100
3 240 165
45 211 151
-34 226 94
56 190 149
36 383 133
78 370 148
53 406 139
85 429 195
93 380 159
77 370 172
27 393 117
73 369 180
93 446 129
116 437 148
89 449 125
68 443 147
62 442 131
64 384 110
68 460 167
30 393 187
62 398 203
71 425 146
50 414 135
46 369 152
253 137 253
255 108 328
215 73 273
186 86 345
233 124 272
265 135 258
263 90 352
205 125 281
245 72 305
212 115 323
183 108 315
204 70 274
273 150 322
249 152 314
253 137 318
270 126 288
201 120 280
269 95 261
255 127 308
224 112 306
326 383 231
330 367 226
338 389 267
334 364 268
284 422 223
351 365 221
273 354 287
324 388 267
285 419 219
276 419 261
300 399 194
268 402 219
312 430 270
366 385 266
344 399 290
341 385 250
341 422 232
340 351 262
366 390 293
362 415 272
117 -1 61
156 14 52
193 53 31
111 -22 55
128 -20 97
170 5 79
190 24 52
141 -13 54
150 -17 113
187 65 84
179 -17 34
116 21 63
181 70 123
121 46 52
112 -7 119
199 62 87
191 -16 102
107 4 88
180 26 92
190 42 28
284 120 261
267 151 259
322 128 235
241 114 262
312 93 261
249 95 183
304 116 208
299 134 175
253 136 226
244 78 180
265 92 189
311 78 188
245 120 194
268 79 264
246 138 258
326 68 185
253 140 188
279 142 255
292 82 216
322 143 214
463 145 19
373 158 29
411 139 33
425 151 36
468 138 75
462 91 92
429 81 91
424 137 57
439 151 59
438 85 92
418 144 83
409 76 6
392 89 54
378 117 33
409 168 81
447 82 36
459 155 24
442 163 25
463 92 69
452 114 68
327 140 243
304 144 263
295 105 273
282 124 203
351 109 205
324 148 184
308 108 231
288 123 182
298 191 191
272 176 229
339 100 223
287 155 217
264 172 176
258 162 187
340 136 233
330 139 219
324 192 189
257 106 255
287 185 191
342 107 202
373 389 203
436 424 192
427 343 244
378 424 259
358 403 206
371 335 278
355 429 229
442 423 218
409 390 210
427 408 267
390 343 215
432 418 260
431 432 222
416 345 231
448 373 224
357 333 279
408 370 261
358 423 198
448 358 195
359 359 278
212 401 408
177 414 400
142 467 411
184 424 484
156 467 451
147 422 465
221 466 448
217 442 409
180 454 473
196 494 463
146 462 392
189 425 404
158 441 446
126 414 486
152 435 392
195 483 436
166 425 416
153 412 469
129 447 452
199 484 476
25 303 492
13 319 457
60 277 451
104 235 433
80 264 465
68 313 409
12 243 461
14 319 470
30 295 483
37 237 429
50 281 490
25 318 464
33 242 494
22 320 424
14 231 478
43 259 484
74 241 438
23 287 413
39 289 421
29 285 450
311 367 340
384 431 301
319 435 367
319 411 321
319 435 380
312 455 353
401 458 307
394 386 372
340 372 289
396 432 308
311 375 291
353 366 343
391 366 356
358 359 314
346 376 354
367 441 319
324 385 368
314 375 305
353 417 343
346 383 325
8 121 19
34 180 65
12 149 45
-6 162 37
9 201 72
15 198 44
33 200 84
9 186 2
15 176 75
61 175 86
52 123 72
-6 116 62
44 187 44
50 189 0
23 174 56
48 146 94
5 165 48
28 158 28
38 162 85
3 135 53
232 17 485
317 -1 429
244 13 409
291 29 420
283 32 468
290 -10 465
315 3 410
254 -14 413
261 36 445
311 -40 491
307 -42 453
230 29 501
303 -27 478
300 1 455
268 -25 442
270 -28 451
241 -31 462
243 0 485
304 -22 433
295 18 486
297 420 470
290 392 498
298 467 452
289 417 472
315 381 481
275 399 497
310 425 494
331 418 446
272 452 448
356 473 492
312 447 470
274 459 444
303 416 487
290 391 443
300 460 465
299 433 533
336 390 438
337 416 480
269 458 495
274 409 467
526 134 248
517 106 271
440 83 261
508 123 191
508 85 233
462 79 230
515 93 260
468 120 213
458 54 266
518 81 264
452 81 282
457 121 186
519 152 230
511 98 242
523 105 278
462 128 192
496 84 269
498 129 199
445 71 228
472 143 261
164 311 437
122 371 393
110 380 362
176 398 432
199 383 423
190 381 404
165 362 437
109 352 359
189 389 422
155 339 370
142 332 408
192 382 393
187 330 394
194 348 417
110 372 396
143 357 365
175 334 362
169 402 377
121 371 415
194 324 375
296 211 223
267 238 130
299 194 194
227 262 195
219 182 217
265 222 176
212 184 130
222 204 173
209 187 126
207 211 216
299 240 175
233 253 126
243 208 135
280 187 226
267 247 209
215 188 177
210 264 144
213 223 143
287 188 181
250 258 154
197 436 445
212 424 427
191 457 403
196 481 395
237 417 453
232 458 417
163 478 418
173 407 437
201 433 471
184 431 467
212 434 432
175 416 390
252 393 451
228 403 473
233 405 417
198 454 471
180 419 434
179 456 437
220 466 421
220 485 453
218 108 245
157 177 229
195 152 255
176 167 219
194 108 289
150 128 304
226 175 298
175 106 216
190 100 219
213 174 226
219 134 226
214 191 305
197 198 276
171 178 239
177 117 232
175 159 208
220 177 241
216 187 228
172 139 306
213 143 219
61 182 135
91 207 81
38 203 140
44 206 153
31 207 98
15 163 134
89 227 165
-7 230 165
6 201 115
79 222 136
76 190 78
88 235 143
17 228 85
31 246 76
19 243 71
81 231 115
89 232 123
2 238 105
61 202 164
89 176 132
79 281 85
147 226 138
122 228 57
121 227 95
126 243 143
136 253 86
148 200 106
150 203 55
80 286 142
76 202 136
81 245 80
126 276 113
158 239 114
107 244 67
95 235 52
74 218 138
145 239 72
128 265 106
159 261 124
141 225 47
18 260 267
-17 299 340
25 274 341
21 270 321
62 309 281
-26 262 264
52 328 307
24 346 337
-21 346 325
35 280 282
-4 312 267
45 297 339
-1 254 292
-28 331 306
14 267 289
30 332 347
66 329 345
65 317 327
47 311 360
45 282 319
304 7 398
311 16 344
296 19 344
222 28 346
280 14 333
254 18 390
271 20 352
284 10 371
236 28 324
217 63 383
238 -25 397
244 -4 373
222 -28 396
253 -21 344
278 -24 336
247 44 382
264 -6 357
265 20 383
239 -31 344
238 4 318
121 323 315
138 268 250
177 292 256
194 246 247
166 244 307
116 290 284
191 327 305
165 263 266
167 334 268
124 295 248
111 333 266
102 299 318
157 261 288
188 259 282
143 295 289
137 240 248
182 289 273
154 257 261
179 279 279
185 304 310
126 312 357
52 278 382
133 280 350
74 318 429
38 273 348
78 276 376
92 287 427
40 268 360
123 278 365
101 342 371
109 302 353
83 309 414
103 296 383
76 262 352
77 300 410
51 318 414
112 299 358
34 267 410
84 336 360
106 322 371
294 280 275
341 245 281
360 316 312
350 319 314
336 312 309
341 274 315
288 252 280
340 245 325
293 295 289
340 281 326
273 263 302
337 265 261
312 308 343
274 269 349
330 307 286
296 313 261
357 286 266
284 306 262
367 246 339
299 262 348
183 116 9
200 43 17
128 65 23
130 67 57
217 106 92
130 82 9
155 115 69
131 136 55
167 119 0
118 117 33
165 104 65
142 70 19
156 55 17
120 137 1
217 129 61
188 113 0
208 84 38
168 73 86
140 54 76
164 128 84
86 15 97
44 65 86
86 21 110
44 63 113
69 88 117
115 61 86
133 10 49
86 8 65
92 88 117
42 43 134
123 35 138
109 3 136
105 29 121
81 16 140
122 84 78
92 23 91
102 48 139
86 34 68
93 98 46
84 59 51
184 -28 490
175 33 495
150 -5 407
212 30 480
138 -23 409
143 41 501
171 -12 478
200 37 476
139 25 496
129 43 409
130 -33 406
119 34 409
182 -30 456
139 22 434
214 10 479
165 -28 487
138 23 476
153 18 463
117 -40 475
128 31 420
158 349 389
98 346 398
84 367 452
109 411 473
96 382 450
106 336 434
82 411 444
108 365 456
169 412 461
153 423 401
119 413 389
113 365 418
84 378 403
173 408 417
103 384 392
91 382 465
157 408 443
148 404 424
110 369 450
96 380 395
364 237 478
362 186 496
392 200 505
383 251 463
396 172 500
333 232 467
366 168 445
397 219 490
424 167 453
396 191 477
359 209 497
403 220 510
392 193 489
349 193 432
422 243 438
427 187 439
412 249 456
419 218 431
347 178 478
369 187 453
499 123 472
439 117 444
459 91 458
446 73 495
431 55 524
436 129 490
498 51 499
426 92 489
455 121 462
493 68 507
422 104 499
450 93 515
420 79 445
486 112 476
506 74 507
490 96 522
461 46 478
478 85 517
503 106 475
491 135 518
236 154 453
241 89 449
226 89 422
252 138 394
302 146 369
289 156 452
294 155 396
317 118 410
225 107 434
272 117 413
303 167 450
290 157 432
271 167 368
315 84 374
250 77 366
269 163 376
303 98 446
295 123 454
302 160 376
323 82 396
342 362 242
323 413 156
353 440 158
370 377 219
374 439 224
372 434 193
348 447 209
405 413 234
382 363 191
423 400 186
395 400 230
367 431 196
397 357 207
346 436 231
362 412 186
365 369 181
332 455 185
386 438 160
355 400 191
352 448 209
263 251 51
248 253 72
263 191 78
263 217 70
278 203 40
260 217 39
327 254 111
276 263 29
303 258 121
283 224 44
239 170 47
313 209 107
294 188 102
258 208 76
234 172 111
314 219 73
322 235 105
239 230 26
255 234 45
245 185 60
82 390 403
55 441 448
-9 357 355
40 364 442
82 403 439
65 385 436
56 403 440
11 402 435
74 434 358
68 370 390
42 363 421
32 405 390
39 359 423
79 400 433
86 390 432
37 420 383
-3 364 395
39 424 407
74 382 455
42 428 425
418 377 172
397 422 214
373 345 236
349 403 186
423 410 226
401 353 214
357 354 255
439 345 164
367 339 204
368 349 250
348 337 262
430 395 199
390 336 191
415 406 173
432 420 207
375 423 184
355 375 185
377 378 234
442 329 164
363 419 189
445 431 52
483 403 78
477 474 -1
439 468 -8
396 465 67
413 498 49
425 407 73
466 440 63
399 445 33
394 495 72
424 488 -7
450 499 -2
416 438 60
430 441 -18
434 435 -17
430 401 11
479 496 26
468 416 5
449 490 27
430 429 75
292 324 452
351 320 430
366 389 397
298 359 405
283 309 440
306 378 466
377 368 468
334 330 402
336 350 470
348 343 464
314 350 485
295 305 406
292 294 416
373 337 461
372 385 427
379 364 428
317 316 458
297 341 476
342 294 466
357 293 469
53 66 344
6 144 313
2 88 395
71 94 355
-12 151 334
42 136 353
-12 145 385
-11 94 337
4 138 323
67 80 318
15 116 405
-17 133 386
-21 88 320
29 101 322
-10 101 312
72 76 402
56 120 390
24 65 403
10 93 339
67 105 363
157 250 25
175 260 24
177 180 24
221 226 35
226 225 6
195 206 30
240 206 40
159 212 10
227 213 -8
217 192 40
177 254 47
182 173 11
244 245 46
175 258 74
193 198 37
184 234 35
186 245 31
172 240 42
203 199 46
239 184 17
196 441 228
199 449 254
141 473 244
190 462 319
203 436 320
229 456 247
150 417 281
158 451 288
216 444 287
167 458 235
149 454 271
218 462 294
145 418 257
162 457 274
169 481 275
169 483 255
170 457 266
191 466 270
175 435 254
194 415 268
237 161 281
249 150 217
237 156 264
215 154 255
202 119 218
253 159 220
237 120 285
257 183 225
209 177 234
267 135 286
206 175 280
234 135 214
257 145 221
175 109 227
218 104 197
210 151 204
256 179 244
175 134 256
186 146 268
195 171 263
439 538 43
417 445 120
393 438 131
403 442 132
410 514 135
393 461 44
481 474 48
395 464 116
417 524 94
449 474 112
449 506 89
427 448 95
424 467 124
479 496 115
394 470 46
415 516 50
399 470 103
432 496 74
438 481 75
444 521 130
268 382 464
314 402 488
294 372 432
349 412 412
353 423 402
354 380 404
309 417 426
358 430 464
277 355 453
286 403 422
273 347 453
286 413 408
316 390 410
317 343 478
347 395 470
317 433 459
308 355 456
337 342 414
329 394 403
364 367 417
291 178 456
323 127 436
277 174 490
307 104 496
330 149 456
245 176 515
292 121 513
313 129 461
283 114 478
326 187 478
251 123 436
260 184 433
327 185 490
263 125 466
320 197 502
301 166 460
272 111 420
297 180 418
277 133 507
241 136 462
158 434 362
168 449 401
124 410 437
81 439 369
128 494 425
121 499 440
156 422 368
120 435 402
136 506 358
102 442 414
124 430 406
127 479 402
140 489 376
108 503 347
108 503 389
106 422 359
95 410 362
127 494 360
137 416 412
114 448 419
356 427 -5
377 424 32
438 457 -17
379 360 -28
423 441 -15
432 391 -27
438 453 10
436 390 44
388 365 47
396 393 52
383 446 38
407 431 -7
372 411 29
350 371 16
397 444 -31
434 406 -26
419 363 22
348 398 36
362 396 -20
413 378 0
55 242 465
-11 284 400
53 294 448
68 243 475
-19 213 437
11 272 451
19 298 447
44 267 417
39 230 384
36 262 469
0 220 383
72 255 459
32 278 455
-20 289 436
7 252 424
45 282 441
55 288 437
-19 209 378
55 241 473
-7 230 403
