489 112 91
499 98 39
521 156 52
535 133 55
532 143 87
462 117 39
472 122 72
476 98 99
497 160 104
500 171 114
453 119 104
467 111 96
541 173 34
451 134 107
546 155 46
476 182 65
536 168 101
515 130 89
510 169 85
529 178 36
532 110 87
513 113 63
475 124 23
486 119 114
477 122 114
476 125 94
478 170 68
533 173 31
481 120 99
500 123 107
522 150 64
457 154 66
473 117 112
464 98 17
464 169 26
505 98 32
531 175 54
502 92 71
509 118 22
477 104 37
498 140 62
453 162 64
472 91 43
468 176 113
500 165 109
460 181 88
447 143 76
508 154 112
498 147 106
486 110 42
486 191 93
527 162 19
532 124 95
512 112 43
476 141 97
530 129 38
449 152 41
479 146 25
546 172 71
451 121 68
198 177 181
231 139 110
242 179 94
212 151 88
253 173 128
207 138 123
266 176 114
240 116 103
218 204 127
228 116 113
240 182 139
271 147 158
260 108 87
250 188 107
268 106 93
271 206 95
254 133 161
224 161 141
274 151 181
234 196 126
278 129 160
241 154 158
211 120 90
268 127 129
244 136 184
238 144 167
196 106 159
247 182 151
211 149 183
210 127 101
266 169 182
220 144 93
203 129 125
280 204 122
255 152 170
198 115 100
277 177 122
223 145 133
222 106 92
213 149 121
275 195 177
204 187 99
233 138 154
216 161 112
217 168 117
283 189 168
216 168 156
260 137 117
224 164 136
186 113 141
243 145 156
242 186 93
266 186 151
204 192 104
269 203 170
227 149 137
226 131 104
268 174 137
254 181 147
258 168 114
314 390 390
256 424 443
269 397 359
311 443 437
251 454 419
264 466 443
307 420 445
222 393 375
283 416 422
246 457 349
251 468 418
224 390 367
285 472 440
301 396 428
247 480 432
221 454 387
312 413 363
309 451 434
267 467 355
287 432 443
235 452 347
216 459 444
232 427 354
311 452 394
268 382 350
233 462 365
225 412 408
236 437 385
299 391 350
310 382 441
237 417 412
217 471 373
254 480 395
301 445 436
305 422 399
303 386 387
233 432 417
250 478 424
307 420 393
267 412 376
304 427 440
294 386 401
304 465 428
224 449 363
229 422 403
314 479 405
288 445 387
246 414 434
215 389 416
305 457 398
279 440 413
244 465 424
233 444 431
300 427 380
264 425 420
312 422 406
238 415 405
214 450 377
254 387 394
285 410 395
414 138 145
421 89 166
419 146 174
494 152 141
405 136 179
500 160 145
469 135 121
478 148 164
497 126 128
436 147 122
434 154 164
401 103 106
459 126 152
402 138 143
429 99 105
481 170 126
441 174 84
424 130 144
431 94 86
458 95 121
472 118 179
495 162 147
406 97 109
485 96 129
457 108 173
408 98 168
465 107 179
421 97 98
459 122 104
442 114 141
470 166 174
409 96 154
499 148 111
406 164 88
468 101 127
484 125 97
445 98 152
482 156 91
465 97 134
499 90 147
498 130 99
424 147 158
412 136 115
435 140 106
465 99 127
427 137 134
402 152 146
479 175 111
487 161 155
402 159 143
427 111 141
414 167 158
466 96 178
486 133 142
477 119 123
434 122 150
413 115 130
413 105 91
496 183 110
411 177 115
226 471 140
224 535 189
241 483 166
174 456 142
188 458 170
252 455 161
224 483 170
248 493 158
206 501 149
216 530 154
254 500 147
179 513 130
195 490 154
236 479 195
203 488 102
181 519 133
232 506 163
230 488 151
185 479 165
199 502 100
182 517 157
202 522 123
257 537 168
166 464 127
175 533 143
227 494 191
235 472 180
212 544 153
227 449 146
189 451 142
169 483 123
182 502 127
226 523 105
204 519 135
210 455 150
249 542 130
184 534 116
245 494 151
191 475 95
172 464 152
235 547 174
223 456 166
179 462 183
197 509 155
229 547 178
234 506 178
227 468 157
233 503 99
169 508 115
168 490 185
216 465 102
245 512 164
217 491 108
260 501 184
213 451 99
213 534 133
187 539 131
214 480 108
184 459 157
253 505 167
390 83 85
451 82 53
467 141 85
412 85 37
392 167 61
478 177 47
399 113 116
475 152 106
432 165 126
432 97 88
387 112 79
478 153 29
487 142 84
404 156 104
387 113 90
399 135 91
427 134 108
452 138 49
465 95 54
389 124 52
457 114 72
435 118 73
484 82 124
461 96 79
448 143 119
440 100 113
397 136 119
408 160 118
428 93 77
434 114 43
434 138 115
440 135 37
414 164 55
467 140 53
387 90 32
423 153 115
480 178 35
465 142 116
480 154 86
434 158 31
475 129 38
487 79 74
414 87 45
436 129 102
421 134 65
450 169 44
403 160 32
444 125 58
485 177 94
461 97 73
448 164 72
415 128 29
397 143 63
468 99 121
476 83 28
423 171 106
481 105 58
413 159 77
462 152 105
394 111 32
174 119 105
197 100 86
163 191 59
146 172 37
220 154 62
199 162 106
146 133 33
203 124 43
144 169 69
162 194 108
221 114 76
173 135 88
155 119 14
206 106 83
196 169 72
193 158 53
204 126 89
150 121 107
191 105 18
149 98 33
214 143 88
227 140 13
228 188 50
232 111 68
148 164 79
170 143 57
163 166 99
221 151 10
218 163 81
163 176 15
208 119 67
238 108 28
176 137 76
215 174 38
174 116 65
214 98 39
185 113 42
194 166 35
231 123 60
212 196 99
209 176 18
230 114 55
146 125 106
201 196 88
172 99 29
168 127 21
238 127 44
197 117 66
166 129 89
229 99 106
233 101 83
189 190 57
204 107 72
205 174 68
181 194 47
202 138 23
236 107 19
180 121 26
223 157 97
190 97 78
375 -37 128
401 -45 70
378 47 87
441 50 168
460 47 107
405 16 170
446 50 166
457 2 150
423 -1 149
412 -39 119
434 -36 135
397 -32 140
381 48 165
389 -49 115
462 -28 86
391 -46 114
400 35 160
410 46 76
397 7 169
448 -24 113
466 -30 109
389 31 123
438 -44 83
429 -14 83
401 -32 119
459 32 136
400 28 154
402 -31 85
427 45 167
393 -47 99
460 -27 97
443 26 154
472 -39 154
385 -47 89
439 -11 88
410 -45 164
432 -11 146
414 -39 115
398 44 134
387 -8 96
427 26 136
462 -7 103
426 3 168
466 31 126
458 0 116
431 -35 125
407 -1 78
458 10 167
385 35 87
472 -7 164
406 31 157
456 -8 115
431 5 159
430 -43 137
429 -33 139
399 19 131
427 19 86
431 -24 123
468 -37 148
392 33 162
39 268 188
74 308 227
19 291 266
44 287 192
67 287 190
48 282 181
57 304 260
67 266 198
-2 235 180
43 238 267
71 319 191
54 237 184
69 272 229
33 233 182
75 299 242
9 255 225
91 312 243
41 271 250
53 250 193
16 309 224
88 294 241
63 276 211
76 257 199
70 266 189
79 316 246
17 241 266
89 324 231
14 317 241
20 248 262
0 269 206
74 244 215
41 306 273
59 286 273
26 250 206
56 288 241
76 258 188
26 282 256
77 272 262
4 249 264
28 305 245
69 252 249
18 251 244
76 251 214
36 319 238
48 238 196
28 243 208
77 273 256
0 243 245
3 246 225
43 307 242
31 295 231
46 256 188
87 286 275
83 325 207
79 259 212
85 305 226
16 275 228
81 324 215
65 321 242
8 277 229
83 371 -26
87 432 1
26 361 20
71 373 71
83 377 40
13 408 33
10 421 -28
45 395 71
97 424 -23
48 409 -9
28 397 -19
24 393 -11
53 417 7
13 436 -12
26 367 1
88 398 50
104 416 2
108 429 -18
79 378 -13
89 427 40
107 365 35
107 367 -21
12 360 -26
106 446 55
99 454 -17
18 368 4
87 422 41
71 356 -24
19 408 3
45 385 -29
83 403 -24
63 425 70
26 370 -21
17 384 20
14 380 -13
15 364 -16
105 400 -10
99 378 43
51 453 50
80 439 55
63 440 0
56 404 28
39 451 18
27 398 -25
80 390 36
100 452 24
92 376 43
36 405 0
106 397 2
75 371 40
50 387 -12
72 435 43
109 422 12
50 432 13
71 419 32
58 425 52
98 406 -23
106 398 52
30 368 21
64 363 14
319 482 374
342 434 449
338 425 453
389 462 410
409 450 445
371 508 436
371 511 387
328 466 366
383 422 433
343 476 428
389 438 383
396 480 373
411 517 385
356 454 443
340 453 448
387 489 359
344 472 381
349 500 358
341 449 415
334 492 398
384 434 388
403 484 430
416 439 358
352 502 409
405 422 444
416 470 371
364 511 409
345 489 403
332 427 442
349 470 362
347 479 457
399 428 439
383 501 383
351 507 437
349 455 421
341 494 407
371 484 393
360 507 399
357 462 432
338 493 415
339 504 387
327 441 415
378 482 368
335 458 392
408 476 372
356 444 371
323 460 401
351 440 385
327 506 392
365 459 375
352 481 435
416 500 439
323 496 383
388 487 400
389 425 456
349 446 390
416 444 400
365 502 411
340 473 419
387 464 424
254 472 86
331 485 77
284 419 53
324 480 100
284 492 61
265 471 132
295 484 106
332 468 77
297 505 65
249 481 54
327 445 40
333 479 109
272 494 102
281 479 120
306 426 92
302 450 108
314 512 81
289 477 123
274 499 131
275 483 42
336 473 130
260 505 43
254 500 93
332 444 64
277 494 56
258 475 39
277 435 101
306 511 57
265 428 108
257 493 123
318 426 83
306 473 64
276 459 77
294 465 49
303 441 63
318 509 39
301 441 99
315 515 104
310 448 78
331 482 86
242 478 79
280 483 91
320 453 112
249 452 58
249 439 58
278 471 87
337 502 97
320 421 98
300 419 127
317 516 90
313 421 104
342 448 53
246 447 83
305 442 93
296 438 43
298 481 76
339 475 107
278 456 77
308 447 86
248 455 60
75 245 -44
110 302 -31
142 260 54
77 251 -19
149 333 42
148 253 0
94 331 52
87 310 10
67 253 -20
125 338 -37
141 245 -38
145 254 35
129 247 12
71 269 54
132 256 -44
67 335 9
103 282 18
82 311 -5
71 275 -35
105 339 -28
126 327 -35
97 309 -27
89 295 39
63 323 -6
74 312 53
148 305 44
88 256 38
118 267 42
59 248 18
101 292 4
94 255 -19
101 321 24
73 256 -10
80 260 -33
99 331 -6
115 331 -42
109 291 30
66 251 7
58 333 -1
145 322 0
127 250 -3
84 325 -4
80 305 -43
89 329 51
118 329 24
143 312 -1
121 286 -32
89 326 49
136 262 -38
72 339 38
132 269 48
142 294 42
156 298 27
134 277 -2
60 280 23
136 259 -16
77 284 -36
139 241 -32
132 265 -11
84 286 6
317 471 26
315 459 84
268 467 115
229 480 25
289 534 110
303 471 115
289 486 69
307 449 72
230 494 29
229 462 40
246 508 89
291 519 20
295 488 18
324 501 102
284 527 53
253 500 85
299 452 93
233 472 20
310 465 98
225 489 48
306 515 111
283 543 40
296 487 101
271 465 23
237 452 98
322 476 17
237 457 48
313 505 30
254 521 61
317 492 66
241 522 63
248 455 21
298 501 26
254 490 31
310 492 55
231 496 103
286 455 36
305 508 100
279 536 44
288 498 40
279 529 28
292 471 51
271 450 113
242 545 61
302 510 59
317 531 50
227 536 72
232 537 105
269 452 50
228 456 106
297 537 20
306 540 19
258 468 80
279 470 96
248 460 75
310 548 29
266 535 48
290 481 81
280 466 52
301 493 58
312 401 212
300 347 197
373 365 262
324 385 166
306 349 220
351 394 213
354 324 222
317 350 262
353 392 198
331 345 253
315 390 249
350 336 171
375 368 200
350 394 258
303 414 243
366 371 168
281 326 257
321 417 198
364 333 237
370 346 257
329 404 224
349 354 245
310 407 166
342 398 204
338 347 198
292 334 179
315 417 168
342 361 250
350 324 189
311 356 249
347 356 214
289 379 223
293 404 177
309 385 173
346 375 259
299 360 259
326 359 194
310 402 221
342 380 193
352 374 257
372 340 177
338 374 173
359 354 192
296 388 187
318 388 201
369 373 222
352 406 207
308 368 216
340 415 246
339 335 254
282 366 188
296 351 205
295 392 235
322 349 241
369 332 222
319 330 183
295 342 262
329 326 232
344 346 266
343 394 186
118 440 -5
113 441 55
86 420 10
144 426 -18
169 442 42
117 465 56
110 399 -12
101 466 -21
171 470 56
115 473 62
82 436 -13
89 466 28
78 438 5
124 462 37
154 482 30
89 466 62
134 465 30
146 461 -14
129 476 46
101 486 -35
163 463 -1
136 395 60
161 475 0
97 484 -23
83 464 -22
127 462 -2
87 400 34
160 466 -34
133 483 -19
77 468 -26
94 462 -34
152 391 6
111 443 10
109 406 53
112 440 26
142 429 -18
141 408 -15
96 406 36
157 442 40
109 485 62
111 449 25
136 393 26
123 412 29
139 398 1
158 454 32
105 460 63
133 410 1
165 473 5
91 395 -5
95 396 36
161 399 59
109 483 39
143 395 -33
145 396 -10
111 483 -12
91 393 -24
88 413 64
77 417 -16
83 386 2
176 439 11
224 260 264
252 294 207
214 234 247
231 210 193
239 245 186
224 215 276
223 259 232
282 290 238
283 273 198
204 240 202
252 296 228
190 240 260
206 271 234
211 301 257
266 288 252
220 263 204
190 264 259
248 264 231
211 267 188
198 249 251
237 276 201
262 284 217
288 237 182
258 236 251
285 253 219
235 281 232
213 253 191
272 262 203
235 301 201
216 258 225
218 295 217
198 258 189
254 284 266
226 246 238
247 254 249
281 268 178
241 215 241
248 295 231
236 273 183
233 261 203
235 267 248
285 240 265
237 212 196
225 222 264
196 239 243
269 227 265
242 252 193
234 253 269
228 250 226
237 305 192
232 306 225
259 226 202
226 276 238
258 261 264
216 210 265
274 276 260
272 230 219
263 210 247
278 263 199
253 225 234
287 138 254
319 133 285
275 90 262
364 133 281
350 81 293
283 96 293
290 73 220
280 115 238
284 55 218
351 80 282
326 139 224
285 80 252
305 58 277
292 90 290
367 106 304
364 77 278
350 152 300
369 152 267
337 146 286
297 82 227
272 152 217
325 123 219
331 86 215
272 74 265
303 100 300
363 61 259
358 105 280
366 134 259
362 60 246
297 123 301
343 147 226
303 113 278
279 136 288
309 87 277
363 105 264
338 129 244
323 138 220
332 151 225
298 140 268
339 87 280
363 55 280
336 61 217
293 115 251
294 141 275
320 67 265
344 136 236
356 109 252
305 139 218
354 107 221
346 64 214
325 82 244
335 145 241
315 73 308
316 111 270
327 83 239
320 131 235
291 84 238
353 60 218
284 64 236
347 122 226
263 440 85
197 408 90
183 360 121
191 351 152
207 415 111
270 415 70
242 427 100
184 398 97
236 409 102
270 380 159
179 342 131
252 350 107
243 409 109
270 435 166
219 411 136
203 414 137
260 362 67
177 359 77
257 363 77
199 354 115
220 377 100
223 359 166
258 420 130
218 382 106
232 435 103
222 344 162
274 402 140
197 361 102
200 388 118
187 412 117
225 341 134
225 436 115
223 416 111
238 412 165
235 383 72
178 402 143
175 405 91
202 350 111
209 382 116
184 369 116
247 407 126
178 424 99
253 395 157
205 425 125
274 415 134
227 357 152
181 373 104
189 423 77
270 351 69
220 409 87
243 440 125
219 411 165
230 393 133
264 358 76
239 367 77
242 409 76
237 406 150
217 433 71
185 361 165
193 420 81
146 41 80
99 61 88
149 0 118
97 -12 38
118 -12 104
173 17 78
106 79 97
88 4 50
169 -8 76
85 50 32
160 32 105
169 64 100
106 4 49
149 -16 49
112 18 56
100 -13 65
90 71 74
144 18 43
116 35 99
84 40 48
148 36 33
173 81 112
121 72 108
162 27 121
103 42 83
153 -12 102
97 51 49
156 6 128
162 -14 113
122 76 64
183 -5 40
88 26 70
102 1 123
142 30 125
92 12 97
98 55 67
159 35 110
111 53 49
147 14 74
173 -8 94
97 -13 53
183 15 84
168 20 88
137 15 90
160 81 77
176 35 76
174 11 72
120 49 128
87 27 119
91 21 83
86 73 82
140 67 48
135 40 88
163 75 97
115 34 78
106 60 66
108 39 45
184 -13 43
87 13 108
112 6 120
64 18 440
29 85 407
60 11 428
-15 -10 365
66 50 408
-18 27 421
52 11 363
44 60 381
71 51 377
24 19 353
63 12 345
54 24 390
69 -7 414
-12 13 442
19 61 406
3 57 433
4 43 373
40 77 345
57 55 379
-15 -4 379
-14 88 415
72 89 355
46 17 434
0 85 438
39 17 407
80 43 412
-17 46 379
4 56 399
-9 8 409
10 69 355
8 43 369
19 2 365
49 80 441
66 -3 406
7 53 433
8 51 366
6 5 372
68 18 401
10 15 412
36 21 443
51 14 393
8 -9 411
55 5 442
12 21 382
16 5 436
30 72 375
14 -1 408
46 13 416
13 40 360
19 42 347
69 71 408
57 54 412
44 42 435
67 -1 414
27 40 374
-6 73 417
-2 3 425
-20 -5 395
36 49 344
41 57 399
100 404 163
164 379 191
158 382 215
132 423 208
111 387 163
188 467 179
150 460 184
189 438 226
124 406 222
183 378 252
168 465 167
187 397 237
93 372 195
134 410 195
112 421 174
127 398 178
92 395 214
113 459 233
119 465 189
97 413 177
142 382 205
157 384 199
150 468 218
176 430 213
169 457 237
162 440 246
115 449 201
95 382 161
94 453 241
137 445 175
111 456 243
132 380 224
122 439 233
185 414 189
115 445 171
124 386 231
104 416 156
93 434 167
148 449 251
150 447 222
163 403 237
166 425 186
126 452 205
122 398 210
169 454 169
167 453 222
96 402 209
189 460 218
142 458 186
116 422 187
185 400 187
93 412 185
115 382 223
128 435 210
146 436 162
100 390 196
186 457 211
107 391 219
114 457 208
137 449 235
336 138 120
387 209 160
404 116 139
364 187 106
423 140 137
394 120 109
394 190 94
354 175 116
389 201 169
397 178 74
371 188 133
372 200 102
413 185 171
421 172 92
358 116 142
330 197 154
364 154 155
383 198 93
347 197 152
371 138 161
359 163 117
327 178 123
340 117 85
370 122 158
419 196 114
416 191 163
339 187 106
335 173 128
419 169 110
360 132 150
365 122 127
406 204 108
362 141 123
410 160 117
385 195 131
378 161 143
391 166 74
384 159 109
410 134 169
372 142 165
406 176 126
393 199 166
424 136 78
366 205 154
384 145 117
412 180 135
407 144 126
382 191 131
394 143 123
367 123 74
369 194 116
398 187 139
371 151 95
407 196 108
348 152 117
392 160 88
341 185 165
394 179 108
367 176 168
404 140 123
294 443 353
299 413 333
307 448 323
304 361 357
291 440 324
301 436 357
247 422 267
224 416 313
273 373 364
273 398 313
238 402 281
263 353 354
307 356 344
318 418 363
306 359 299
250 393 341
290 355 360
314 404 361
242 385 345
300 378 343
294 380 282
267 369 321
304 387 315
255 361 366
228 367 356
278 425 268
228 358 306
246 401 337
244 448 292
289 423 334
302 416 354
311 349 321
321 379 297
281 384 332
281 382 269
228 372 280
274 351 361
247 435 347
226 423 294
314 363 327
259 349 288
274 430 365
291 398 289
248 427 294
225 448 295
284 369 330
233 414 303
273 407 363
226 395 320
312 388 340
259 438 362
248 423 340
303 372 291
286 422 286
258 373 328
271 414 343
291 420 330
319 394 320
300 397 345
264 418 324
265 230 211
273 306 221
341 231 202
285 319 258
277 240 296
344 308 268
257 320 235
249 278 237
281 279 290
282 278 302
336 258 300
343 287 265
303 265 293
277 312 215
257 236 282
324 292 212
259 243 279
336 249 279
304 292 280
336 242 217
251 267 254
246 309 292
282 236 276
287 274 244
274 272 289
284 279 251
285 290 274
294 308 250
340 286 291
269 274 250
295 267 244
341 236 236
327 243 248
338 315 231
341 262 267
305 229 290
330 266 242
312 266 298
273 232 212
329 275 219
247 248 252
325 238 252
323 294 256
295 260 251
328 316 301
291 312 277
257 271 204
253 224 260
342 262 297
275 232 232
331 288 260
264 227 251
260 315 295
333 298 292
328 255 254
285 281 288
249 240 285
304 247 268
314 269 275
338 314 226
117 444 439
169 438 407
106 460 442
83 436 366
163 371 365
150 392 436
147 424 404
168 415 419
118 383 413
102 421 378
110 430 411
134 388 373
179 445 428
126 370 399
93 371 368
169 414 391
120 427 401
128 387 449
110 384 427
159 438 357
166 439 370
139 397 449
85 395 390
116 413 391
141 428 397
172 391 394
150 403 386
85 380 413
118 384 450
160 377 364
174 439 434
139 444 430
104 424 369
116 384 422
117 385 390
178 446 393
172 374 403
91 392 438
109 377 431
148 428 389
89 431 367
83 446 432
146 446 407
91 386 429
121 456 421
156 388 436
150 459 390
111 397 405
153 364 403
177 417 418
100 420 427
139 401 400
161 418 441
132 407 359
152 457 423
170 463 440
170 416 443
165 411 402
99 374 375
175 378 441
175 327 129
165 323 104
133 382 108
188 317 46
175 340 52
175 314 102
184 391 123
115 391 84
186 396 123
147 308 31
177 313 113
185 390 56
168 364 88
195 347 126
116 392 35
137 407 35
204 329 83
180 398 30
184 401 102
117 400 56
119 322 41
207 336 35
183 336 118
140 368 129
182 385 37
192 386 116
142 323 78
114 389 70
151 395 110
194 339 101
166 312 48
205 382 113
131 343 65
148 386 107
139 327 77
190 370 66
177 407 128
135 353 74
174 378 48
176 353 49
195 394 108
157 401 52
190 355 111
152 397 116
126 342 83
127 351 110
198 342 124
115 350 112
115 384 77
125 346 45
195 339 121
169 404 75
130 317 103
126 363 125
153 322 47
167 368 126
202 405 49
113 316 36
107 381 114
144 354 80
144 84 8
191 137 12
229 138 56
177 99 26
199 102 -7
234 133 43
175 101 39
187 110 45
203 138 -2
205 73 36
161 144 8
167 93 50
165 148 12
166 109 -29
209 81 -19
157 111 62
172 98 66
144 69 11
138 101 22
230 72 -7
153 58 68
162 151 53
171 60 -20
220 67 66
212 91 9
159 107 49
149 131 57
198 93 6
190 106 69
177 121 45
213 92 -16
221 110 65
212 104 -25
224 136 14
138 85 11
185 121 1
222 157 51
138 99 65
141 73 2
217 144 -25
172 86 51
168 68 51
159 152 48
166 148 54
170 144 2
153 70 7
233 87 32
168 85 26
231 110 16
233 117 71
210 123 57
174 62 -27
155 106 36
193 99 44
143 155 -10
164 81 50
168 117 -29
206 113 -6
194 72 8
206 124 -11
295 263 368
351 266 353
326 312 422
355 258 407
323 282 424
339 340 386
314 302 364
353 263 414
332 264 417
353 258 375
301 343 405
260 348 348
268 322 347
296 317 340
355 307 399
302 346 333
308 320 348
265 269 384
312 324 344
290 307 364
281 255 330
294 319 418
344 337 358
293 296 338
320 298 419
270 327 420
264 293 358
313 275 361
293 304 413
349 302 426
342 346 334
263 299 404
312 334 419
305 321 360
335 273 387
282 275 366
279 312 351
330 324 362
324 329 346
270 298 399
270 307 376
291 299 338
296 254 375
267 260 341
339 334 400
325 335 371
321 283 344
330 285 363
310 351 422
274 287 411
269 269 381
283 307 382
292 319 385
297 285 356
358 306 408
336 258 408
293 322 407
353 321 391
288 307 384
311 329 383
88 201 230
97 188 176
84 188 194
86 126 210
82 218 194
61 135 176
137 202 192
91 216 255
99 148 243
116 176 190
139 134 208
127 147 222
120 205 235
84 205 199
109 166 258
99 126 216
109 166 220
75 185 251
90 171 193
85 122 226
69 212 228
135 157 160
99 132 160
57 171 192
99 149 165
136 171 258
145 124 236
97 206 227
90 157 165
49 196 187
141 161 199
107 194 241
70 208 176
123 156 188
138 215 204
74 206 192
105 212 242
143 140 220
59 128 193
108 216 260
84 156 170
76 164 164
91 188 160
108 216 207
129 202 163
54 161 235
99 196 250
57 198 228
82 147 214
56 135 219
126 189 232
96 198 214
50 204 185
78 129 184
58 146 217
53 194 256
88 190 197
92 221 168
85 211 198
119 148 193
231 133 176
175 108 181
194 54 213
198 81 152
215 139 140
147 119 135
143 121 116
184 84 125
168 72 183
200 104 171
200 69 177
240 141 140
228 135 132
175 73 168
197 85 150
173 71 116
203 59 146
150 89 185
179 66 149
146 69 127
178 131 158
214 61 175
149 140 136
155 127 175
204 135 142
209 105 120
200 56 124
178 51 193
167 54 115
227 108 141
232 113 172
169 73 164
206 54 127
164 124 206
190 82 127
190 52 136
184 139 151
237 76 133
206 68 173
167 51 183
146 81 168
178 71 208
157 59 142
202 79 115
237 135 133
151 89 163
227 118 199
220 86 128
223 147 207
216 71 136
179 86 132
183 77 131
205 102 196
178 80 137
224 115 163
193 105 210
183 130 208
234 113 144
179 50 135
173 121 198
336 272 76
334 312 72
376 252 20
344 305 45
357 314 93
388 276 30
378 267 10
389 295 3
392 278 95
354 245 21
366 263 6
361 311 28
417 318 85
347 248 88
350 295 92
353 285 74
372 292 29
380 296 12
432 338 77
408 254 8
355 284 2
376 334 19
368 262 41
362 290 19
353 324 75
346 290 -2
385 331 92
385 313 96
362 339 33
379 338 35
389 317 47
349 324 77
357 257 82
411 335 10
341 243 39
354 246 75
386 283 28
410 310 18
386 290 80
384 287 49
397 248 32
332 278 4
394 292 46
385 251 81
339 321 50
393 283 86
346 248 2
391 309 37
395 287 32
394 324 11
352 270 79
368 254 74
382 333 93
383 248 43
400 299 46
386 291 20
432 300 72
396 249 68
382 337 13
412 258 71
47 337 227
-21 369 222
-28 328 190
13 381 229
-32 322 228
-3 360 149
-41 331 161
-16 391 216
-23 317 141
57 366 190
26 351 158
21 408 171
20 371 185
-14 343 233
0 317 217
-16 366 194
-41 324 147
14 387 217
-37 339 166
-7 341 212
-31 368 226
-17 313 139
-39 392 168
-24 365 209
-36 408 152
-37 368 133
13 312 172
34 371 196
20 395 171
46 339 220
-1 410 232
-25 406 184
19 394 155
-4 392 136
-19 409 179
-25 380 164
56 320 206
15 339 209
-40 362 150
-42 380 135
-20 330 228
39 387 199
-39 376 230
-6 321 205
12 332 137
-43 386 211
51 356 146
39 346 216
4 406 133
45 361 137
5 390 178
-18 345 228
-5 395 179
4 359 219
41 393 166
-20 326 200
21 372 138
-21 354 167
-17 321 186
41 346 200
193 168 330
254 147 310
217 161 260
271 85 325
200 76 347
198 148 261
216 77 301
224 144 319
235 86 272
219 102 326
249 164 263
280 76 253
247 155 274
286 148 264
230 113 310
191 100 281
235 140 283
241 94 316
240 121 350
190 154 332
202 69 297
237 99 313
259 90 281
222 154 277
212 114 279
258 136 303
237 133 277
254 134 281
189 126 313
251 101 294
251 114 335
187 120 277
272 119 268
190 91 304
243 106 315
241 134 284
283 162 325
219 98 280
239 97 291
206 147 339
228 92 320
205 134 281
243 165 286
285 129 254
233 108 322
285 109 339
192 167 322
227 144 285
226 139 282
269 92 261
215 104 314
270 98 304
236 78 286
263 71 277
230 161 347
238 165 294
235 149 250
285 93 320
220 100 253
273 120 323
351 128 214
352 202 257
290 204 182
285 127 174
260 202 247
289 212 232
306 162 191
315 128 262
352 124 224
260 189 250
298 133 270
287 207 224
343 160 233
292 147 179
303 128 249
292 117 253
291 189 186
322 194 179
318 142 191
267 120 225
331 213 246
282 173 237
300 199 240
278 122 261
261 214 176
346 118 221
302 127 174
329 134 180
325 134 242
312 164 273
265 177 236
352 126 241
344 176 203
337 117 223
260 159 253
273 172 224
305 203 209
346 217 225
315 198 196
278 195 177
348 193 192
332 176 233
342 146 249
346 178 266
336 214 232
328 168 209
269 163 221
267 204 198
330 148 260
310 197 256
343 178 262
357 117 224
316 207 183
294 120 221
261 153 249
279 211 272
317 181 238
294 160 204
267 156 213
306 136 208
342 60 189
397 26 221
356 47 186
355 66 176
396 20 210
359 47 252
355 17 186
357 64 169
319 8 174
339 24 231
335 55 231
394 14 176
369 59 191
410 72 206
378 27 220
357 10 215
397 68 189
415 83 178
369 32 229
393 0 243
364 81 185
357 59 173
322 41 196
318 77 210
409 30 223
349 84 205
371 39 183
370 47 244
354 -4 256
411 -7 178
353 85 181
391 66 174
317 53 256
318 92 176
358 58 233
359 13 247
406 15 231
410 69 168
356 -1 214
366 81 228
343 51 194
403 21 252
365 43 260
392 16 230
346 7 194
353 21 199
338 70 185
365 38 238
397 63 241
364 84 254
327 43 261
318 20 170
345 92 240
368 53 252
399 69 193
396 48 257
348 48 256
384 83 197
364 1 223
331 89 200
482 173 260
415 155 305
432 239 267
474 222 327
424 218 315
439 144 282
491 213 293
501 161 275
500 232 252
436 227 315
494 237 270
431 222 309
464 194 292
435 229 318
458 171 338
449 190 327
489 224 250
485 202 269
493 228 335
484 199 262
456 200 263
508 181 318
458 148 281
429 167 292
438 240 308
488 193 328
443 238 305
423 234 344
495 157 296
435 173 269
487 215 278
462 163 271
492 170 323
415 166 326
417 186 264
413 185 314
460 149 287
413 228 296
434 238 273
491 201 318
437 224 300
506 171 318
473 170 310
428 150 331
465 181 302
438 173 258
483 162 307
420 190 284
433 183 336
454 196 283
434 195 269
462 241 327
460 183 339
504 168 337
478 167 278
498 147 341
422 229 254
479 166 278
457 148 332
428 225 302
354 129 366
439 80 339
434 65 380
426 48 341
385 81 401
436 112 396
373 116 416
349 56 369
392 125 337
357 120 405
384 115 366
430 142 390
436 56 414
429 81 344
352 136 361
436 89 429
355 58 419
380 137 423
368 97 413
355 121 365
342 62 346
348 71 422
370 114 340
392 86 391
431 115 346
346 122 366
418 73 397
360 95 419
344 133 392
379 94 339
372 44 403
434 63 386
402 79 334
430 127 373
387 85 352
415 100 397
384 104 344
414 138 429
393 135 400
347 82 403
406 125 421
363 125 338
422 58 365
407 49 356
357 86 408
366 68 410
342 97 395
417 102 392
396 95 408
423 86 420
411 96 420
428 115 433
428 73 433
429 123 355
363 85 412
359 73 383
376 108 335
421 118 348
409 56 407
406 127 376
-29 170 122
-30 180 126
-2 223 153
66 196 155
-20 212 139
26 170 173
-33 235 114
-21 165 92
48 179 91
-30 227 159
-25 174 90
-23 180 90
-33 255 170
9 186 104
30 220 92
-25 201 122
63 225 138
-21 176 181
-29 220 133
-23 163 129
41 171 125
13 255 175
22 228 149
61 163 162
42 190 98
19 161 84
27 204 128
43 243 153
-10 197 117
45 159 169
51 205 168
-8 162 163
6 245 88
62 218 154
-4 252 171
-5 244 98
10 188 148
2 157 146
39 196 137
-22 246 88
-10 246 147
-27 194 102
-8 217 143
46 224 166
25 231 102
47 174 142
29 220 93
3 214 82
37 255 162
-15 217 162
-17 209 142
41 247 159
-29 245 157
42 197 166
47 201 156
-29 173 177
-14 188 129
9 189 122
56 166 141
42 246 161
340 68 274
332 128 231
370 71 206
356 56 283
317 124 238
363 84 207
360 99 277
326 123 286
347 114 276
327 29 249
345 95 282
377 118 272
356 54 210
349 97 263
359 108 227
312 31 239
297 41 206
348 94 225
331 107 282
376 92 302
355 102 291
389 34 218
364 85 237
386 71 269
362 58 205
296 125 272
338 37 265
366 100 273
394 60 247
335 50 241
358 117 259
311 120 289
309 93 261
296 47 226
389 39 206
330 117 249
297 45 239
353 52 227
304 107 264
322 121 249
327 98 299
355 49 298
299 106 274
348 103 301
305 101 265
325 62 228
355 86 277
358 113 272
389 54 241
375 38 233
297 98 285
310 78 277
394 129 239
355 94 275
382 105 278
341 41 245
313 90 218
349 101 244
318 112 254
357 113 207
470 70 366
464 71 280
520 30 335
513 -18 367
437 -27 355
536 13 291
458 34 362
491 60 314
526 -22 341
519 31 283
465 31 339
490 -1 322
492 -2 277
457 -24 309
536 26 277
451 45 353
522 -4 363
475 66 309
492 26 339
447 32 290
498 69 352
493 58 284
482 18 290
532 3 342
513 25 344
436 50 277
509 48 360
461 27 328
520 -11 276
485 53 278
524 54 316
458 61 367
515 28 276
480 23 291
463 69 284
440 6 298
482 12 353
506 24 317
448 52 286
458 55 348
520 22 284
494 38 269
468 57 330
482 -26 339
469 -18 306
468 20 303
472 12 296
472 64 363
486 30 294
507 44 312
463 -3 341
442 30 323
497 33 290
490 50 335
481 10 307
446 13 276
448 -3 296
442 3 267
469 22 277
533 4 281
461 106 177
482 100 193
536 95 239
452 101 187
461 78 263
537 41 207
472 115 240
485 73 234
504 132 219
465 81 224
515 64 181
525 84 270
473 120 211
525 74 241
522 122 183
456 133 241
468 78 183
468 61 236
509 94 193
518 96 251
457 42 222
504 51 185
513 47 252
460 125 248
529 87 214
529 70 261
541 48 173
509 43 208
466 126 200
524 119 237
514 107 225
463 137 225
495 40 209
494 102 177
475 84 181
533 106 222
462 91 192
492 43 182
503 131 234
502 134 193
463 76 214
477 116 257
515 129 252
545 134 232
454 50 189
479 94 245
478 123 171
533 92 237
462 43 197
482 106 197
511 50 194
482 106 200
456 138 233
516 80 224
523 51 238
526 126 258
496 136 258
481 74 254
470 98 223
542 62 264
272 498 24
266 447 53
260 478 15
204 402 16
205 468 86
282 425 83
214 399 18
291 413 4
220 485 52
282 455 78
247 417 64
267 423 21
210 436 -7
245 398 70
204 447 23
284 407 33
207 429 85
206 426 66
216 466 25
291 451 52
227 416 63
281 421 -5
225 423 12
220 400 84
240 467 43
223 440 8
300 433 41
245 452 24
206 472 27
282 487 91
289 458 56
251 486 27
205 400 84
242 445 -1
292 404 87
258 491 25
297 417 27
288 428 55
249 470 18
203 459 60
275 496 53
300 482 49
255 400 -5
293 431 42
276 399 87
237 423 76
202 416 12
252 470 72
218 413 -4
211 418 5
241 435 69
265 442 6
269 455 32
255 483 2
251 446 40
278 403 5
248 419 41
254 470 57
297 427 59
279 424 57
124 118 457
104 144 427
95 171 429
133 199 458
145 178 466
179 113 381
147 186 375
108 111 368
86 174 372
182 139 411
112 147 414
100 149 398
163 184 404
145 109 373
179 140 468
108 121 412
135 173 385
133 188 463
102 149 468
116 183 451
134 196 460
86 197 393
107 140 375
177 188 422
92 150 383
97 175 413
131 192 465
132 193 459
84 107 370
168 198 386
125 132 412
133 164 455
95 203 407
169 145 421
169 154 388
155 167 378
112 198 425
88 166 404
177 156 411
95 132 368
82 162 402
149 167 463
117 194 466
166 144 457
134 169 390
89 172 449
152 140 461
100 139 390
153 168 385
136 122 449
116 122 372
117 171 458
83 121 379
100 159 425
182 206 409
127 107 411
134 182 420
179 177 427
134 178 380
134 165 411
390 330 332
443 335 318
391 361 307
453 400 368
443 388 291
415 397 367
444 389 297
392 406 363
414 326 318
385 416 345
445 393 322
368 382 370
418 422 347
377 328 337
382 371 355
390 350 363
430 406 300
423 327 284
425 323 375
390 364 314
401 372 337
371 372 297
365 390 333
413 334 325
383 373 306
442 352 342
362 389 283
432 336 311
380 332 346
423 417 355
427 375 324
384 379 346
418 396 338
428 352 342
368 330 318
362 398 344
364 380 346
443 330 326
369 364 348
449 417 291
375 386 304
430 353 283
428 374 343
392 343 304
452 389 284
438 405 286
389 336 310
422 322 322
361 363 285
410 368 376
411 348 291
441 412 307
443 324 286
431 377 341
382 413 301
394 343 329
391 351 323
455 341 338
438 332 300
449 386 337
148 473 135
176 445 108
145 497 163
164 500 82
131 474 133
146 439 82
138 441 98
177 472 121
152 457 114
113 415 136
190 434 164
131 443 111
102 450 151
170 443 100
179 444 95
154 465 161
159 422 75
103 491 132
152 469 162
129 408 90
168 481 145
181 419 135
165 425 158
172 408 87
98 448 167
170 497 111
97 430 104
186 507 147
150 443 89
165 470 145
153 435 155
157 434 156
191 431 95
158 415 80
128 440 163
189 449 76
106 467 107
120 423 160
161 486 150
164 423 134
153 412 169
150 425 127
185 428 95
108 478 125
131 420 101
130 439 119
148 495 102
101 493 111
105 466 125
119 458 156
125 500 144
141 497 104
163 471 80
102 506 123
182 460 95
190 419 163
175 467 122
105 410 166
150 435 142
176 459 144
75 395 367
134 442 380
95 476 351
123 482 444
54 427 387
114 429 393
82 444 401
104 428 418
112 470 427
99 418 372
75 430 401
117 412 369
46 419 365
135 391 423
118 390 380
132 403 396
89 436 366
139 451 427
141 449 358
70 385 358
131 435 404
94 473 357
136 482 444
50 440 374
97 451 424
103 420 385
90 435 411
99 384 437
67 475 398
90 441 411
106 445 442
55 414 417
141 457 422
65 396 387
114 389 429
58 437 360
106 471 354
92 399 444
102 444 373
115 453 374
48 432 377
142 449 436
112 442 448
51 461 398
119 472 361
86 474 425
138 476 403
53 410 350
112 395 429
100 401 396
83 474 433
92 435 433
102 471 418
123 416 368
136 453 437
99 454 381
135 481 348
129 432 364
65 448 406
43 472 441
512 253 62
497 254 48
464 291 31
484 297 -2
474 340 70
511 328 64
465 306 56
498 339 6
470 264 65
428 325 -7
477 250 70
453 325 -2
440 272 6
416 329 20
464 324 5
419 281 1
501 287 -11
456 265 45
440 280 45
483 297 -4
431 322 36
459 338 54
419 244 73
448 280 -14
475 312 43
482 287 12
464 266 46
460 329 68
429 264 68
511 304 74
490 288 66
465 337 60
428 255 52
467 331 49
479 310 0
436 297 38
474 340 47
485 262 61
507 324 45
433 253 59
502 297 76
467 328 37
503 266 40
464 241 65
497 303 72
470 322 -14
437 318 75
496 241 45
474 289 60
435 323 33
446 307 41
457 287 57
496 254 56
500 259 8
437 311 75
431 340 30
499 293 37
433 318 36
453 324 -17
425 257 22
93 275 164
153 257 175
132 286 180
106 259 127
155 287 109
168 270 184
131 281 172
176 278 173
186 285 128
150 297 182
107 295 118
91 333 123
174 244 107
113 329 191
105 302 173
156 243 191
117 251 171
161 328 197
140 299 176
181 292 196
122 251 174
170 334 124
141 251 127
178 314 202
127 267 144
117 296 181
119 252 188
123 306 163
152 289 104
175 330 176
185 284 164
93 275 131
149 252 112
180 333 168
160 307 194
97 262 137
132 315 179
160 311 105
144 258 151
153 316 121
158 323 108
118 303 190
133 307 145
91 262 126
126 271 203
136 241 172
187 298 127
152 270 188
141 293 196
128 329 107
174 285 146
140 256 200
122 272 178
114 300 106
131 323 125
117 301 156
187 327 193
161 318 118
116 322 108
138 269 204
252 339 194
245 351 279
233 378 193
242 386 254
293 401 204
268 423 256
296 411 255
214 391 225
264 403 253
255 403 283
240 333 204
253 366 192
278 374 207
264 349 229
214 426 280
275 411 222
217 423 227
210 427 235
236 349 214
199 332 231
241 350 183
200 415 222
295 377 218
203 359 189
234 385 203
280 412 219
288 402 210
274 409 282
198 427 221
263 338 278
264 389 223
224 342 217
288 366 257
288 343 264
232 342 260
295 421 247
204 418 251
221 341 251
219 352 258
247 422 189
247 394 212
197 363 183
259 422 243
214 428 184
206 378 199
277 419 206
200 329 231
226 407 211
254 336 276
260 428 204
287 391 210
269 363 194
287 338 277
227 335 220
215 400 228
266 397 196
291 396 251
243 379 193
243 398 239
234 331 208
