360 345 334
385 362 400
334 331 361
364 356 308
417 366 358
331 361 388
388 279 392
341 287 326
374 301 367
379 336 320
418 310 329
376 301 391
386 298 341
362 346 357
398 332 346
427 301 354
429 353 341
429 362 381
390 369 369
334 335 321
367 344 341
415 289 369
395 369 304
404 348 357
396 294 320
416 289 374
356 346 324
364 291 344
350 328 391
398 362 396
420 332 373
369 324 339
410 332 337
370 346 353
407 357 315
377 347 309
371 279 311
344 376 350
339 356 359
346 286 354
375 337 375
338 327 384
349 341 311
383 311 335
383 288 311
423 300 404
392 307 348
331 285 381
419 342 372
419 301 351
397 372 399
335 335 304
393 374 358
414 343 308
394 325 367
337 293 337
364 347 363
409 322 308
338 376 387
415 331 392
376 363 400
339 325 403
346 333 333
402 304 319
430 349 393
423 339 306
421 350 395
407 342 314
425 338 404
405 355 386
420 302 397
384 371 322
424 329 404
426 301 310
334 291 349
384 369 359
403 279 330
413 330 394
401 292 356
377 280 404
401 10 235
358 90 289
426 86 274
417 25 301
431 69 294
376 24 209
369 52 204
387 12 246
405 91 205
421 66 255
436 5 212
385 10 253
406 24 291
405 64 257
407 93 237
432 61 281
359 15 253
379 5 248
440 30 301
380 71 254
409 72 264
425 51 232
451 61 293
439 93 304
401 52 279
401 87 303
444 -5 223
387 85 265
403 81 226
405 5 297
397 57 258
358 -6 275
394 86 238
407 72 259
407 76 264
356 -3 258
383 50 269
379 60 239
362 58 279
381 40 234
381 79 223
412 77 304
379 92 230
372 40 268
408 85 298
422 32 271
385 12 276
415 14 290
451 42 261
443 29 230
436 58 287
376 28 302
436 68 245
434 53 239
389 27 242
397 35 207
427 21 275
414 14 216
401 64 237
426 57 299
384 41 210
436 35 238
416 79 220
448 17 288
447 81 300
445 4 256
401 91 294
436 76 235
387 -7 219
367 76 272
359 57 243
455 85 241
437 38 252
404 68 273
431 1 286
371 90 234
357 27 206
397 38 299
372 18 263
422 76 265
204 352 49
210 428 86
229 366 65
291 439 37
232 357 127
301 378 68
298 362 30
268 369 69
288 369 55
237 382 100
261 403 107
246 379 31
250 434 69
226 415 97
233 351 81
221 378 108
210 358 120
279 354 100
243 397 94
265 428 95
297 400 118
285 424 87
247 384 86
250 389 110
218 419 51
260 383 87
222 380 105
211 384 84
287 441 130
215 402 36
203 379 82
241 385 44
299 382 74
223 401 72
259 408 53
225 395 107
215 421 112
272 346 125
228 414 85
223 414 118
242 377 74
274 402 79
282 403 53
208 387 95
243 405 77
236 404 62
271 430 114
256 427 89
216 420 33
286 425 83
267 406 68
244 412 104
227 404 44
218 422 85
297 357 126
231 369 35
205 437 56
294 405 92
250 343 117
237 381 116
286 375 33
254 387 68
215 429 112
230 356 62
294 386 115
253 407 72
270 390 64
301 385 86
250 438 56
269 413 110
234 348 72
240 413 84
217 441 75
236 406 118
258 439 85
206 355 32
249 342 41
225 410 120
246 398 32
213 441 92
316 427 294
262 439 304
318 482 224
327 438 256
257 413 256
324 395 225
312 467 243
338 473 257
327 432 234
326 479 235
248 382 220
271 427 231
339 449 234
266 467 293
340 405 261
338 382 256
318 426 247
345 449 285
253 464 294
317 420 254
266 439 245
266 427 229
276 475 302
274 411 288
339 426 270
309 391 261
328 406 305
282 413 262
329 404 300
272 426 214
278 434 233
253 423 258
318 437 302
315 474 300
256 443 219
262 464 305
263 393 240
289 405 262
303 475 290
282 387 283
292 405 296
339 395 267
290 419 267
300 382 285
343 384 259
292 431 303
320 411 252
337 448 285
299 411 260
320 444 254
326 479 301
272 443 283
334 398 258
316 476 222
296 466 256
345 456 302
331 439 304
324 430 289
252 479 292
344 467 281
263 458 293
272 462 249
275 397 295
328 425 229
299 455 282
336 443 249
277 400 307
283 385 230
341 415 239
346 451 216
298 474 304
284 453 247
282 480 237
254 419 274
299 417 272
326 438 248
301 412 227
338 442 215
344 384 256
316 403 289
212 61 31
201 58 -9
196 64 15
172 69 53
201 35 34
187 79 15
149 38 -16
211 52 -41
224 38 54
197 64 24
180 114 4
153 83 50
202 71 49
189 92 24
195 116 -38
203 42 49
223 125 7
201 109 15
153 114 -19
173 115 -5
132 77 47
162 64 -14
164 38 -40
193 112 24
206 92 51
159 57 -3
196 80 40
219 98 -36
177 128 -3
190 120 16
194 40 -13
144 106 -37
146 118 -27
150 91 3
214 90 14
206 67 -38
222 107 23
207 122 34
170 115 -40
131 119 50
177 102 27
226 57 50
141 54 -22
133 78 5
198 72 -1
213 60 -18
159 95 52
159 51 4
187 78 -41
197 58 -24
198 59 50
190 118 -1
205 86 36
159 89 18
178 121 50
154 104 -11
145 76 -41
187 50 -36
223 43 46
214 62 42
143 54 37
163 59 -36
229 49 -7
158 109 46
195 30 29
146 73 22
165 117 55
147 128 3
160 47 34
210 117 -18
134 32 -33
141 33 51
146 61 -21
164 76 6
157 112 -11
133 111 -3
145 61 39
191 60 30
206 48 -35
205 36 -22
313 75 43
277 38 89
295 86 51
298 63 42
315 73 69
359 83 64
280 109 70
354 73 107
335 77 102
338 97 106
311 60 29
370 105 58
343 94 55
363 42 86
321 120 107
303 28 97
315 89 63
278 37 45
299 108 109
280 82 34
373 53 52
275 104 65
303 45 40
311 99 103
290 20 81
323 55 95
324 63 25
371 99 72
318 76 40
305 60 64
315 114 62
285 56 84
350 65 19
343 65 69
284 49 67
308 74 20
362 21 55
337 74 44
283 106 105
332 25 42
334 52 20
352 69 52
303 47 113
340 73 98
349 73 76
311 76 90
277 118 81
336 22 59
314 82 35
365 43 27
288 20 83
293 70 20
288 91 86
351 107 73
333 85 68
275 36 94
291 36 31
332 106 76
323 80 28
365 97 84
361 65 79
309 120 28
360 66 43
315 50 43
279 100 69
300 31 56
320 35 41
316 87 72
325 34 57
328 29 22
323 92 71
327 66 103
330 40 33
321 86 49
355 27 110
291 69 65
338 75 37
294 62 114
325 97 106
332 77 40
267 254 429
280 185 412
320 205 434
282 233 402
344 182 459
264 249 468
304 234 488
285 165 435
320 241 449
276 217 452
319 191 416
343 237 447
302 250 433
323 247 443
349 234 463
271 234 435
339 239 455
334 199 466
295 184 430
313 232 409
344 245 441
348 234 423
275 220 488
304 166 409
283 258 461
315 242 467
280 180 404
287 225 429
275 251 460
353 247 424
324 244 487
357 206 417
327 222 418
304 221 489
270 239 446
319 249 463
296 215 449
335 165 485
332 178 475
310 250 444
295 183 405
325 242 411
303 175 481
301 251 406
358 192 419
264 238 412
292 250 484
357 237 413
285 173 394
334 170 447
352 202 461
348 243 483
327 191 399
307 240 487
288 181 442
331 158 418
281 201 409
332 189 400
348 164 411
329 165 430
335 231 473
324 202 456
342 257 418
326 231 396
263 180 413
282 165 460
324 172 456
286 240 485
286 247 465
295 255 404
338 190 485
300 186 486
345 221 475
347 181 437
349 158 484
309 237 437
309 222 407
357 188 455
267 191 461
298 247 438
-21 385 103
57 419 30
45 361 98
-29 355 17
64 367 88
-21 351 60
-24 387 67
46 340 59
33 382 21
-30 374 110
2 348 84
3 414 15
-6 422 53
-21 391 83
35 369 49
-21 334 49
5 357 16
-11 392 31
20 340 90
-28 340 39
65 423 39
38 381 92
31 421 95
36 381 63
14 380 28
26 394 39
-33 399 87
56 365 65
7 423 43
6 430 58
44 389 109
-26 337 46
55 361 103
-3 419 62
-15 431 82
25 427 81
-25 412 51
21 389 77
22 381 88
12 362 21
53 372 75
-9 415 16
44 430 39
10 428 67
38 370 75
55 369 43
4 356 33
1 369 54
15 385 42
52 390 28
52 421 89
36 429 29
9 376 34
3 432 104
27 369 54
-18 379 35
23 370 84
12 359 97
-27 335 105
13 404 44
-34 364 31
39 387 20
61 387 18
14 335 93
13 415 37
-25 424 40
-1 432 94
7 412 45
43 429 110
44 414 83
-1 429 27
30 377 27
-12 400 68
-28 334 81
-6 373 67
27 397 104
22 371 74
1 376 84
8 428 97
19 418 51
517 293 314
540 354 363
449 336 327
517 302 316
447 281 312
537 303 334
505 291 324
468 377 314
487 296 356
492 366 366
500 285 330
508 374 364
495 357 308
511 294 275
455 335 273
487 365 313
493 370 329
450 366 346
471 345 370
455 352 369
497 322 301
508 347 370
520 331 340
527 364 336
457 313 350
466 362 282
520 293 297
492 356 348
512 373 331
442 368 349
456 340 304
460 283 325
514 371 288
523 292 317
487 292 301
459 362 271
530 349 281
537 305 271
533 330 321
471 354 354
533 349 319
471 281 315
533 340 335
525 336 313
522 301 297
505 277 349
467 309 310
469 346 363
501 285 330
461 370 272
472 318 280
532 341 307
475 307 343
516 322 283
442 361 353
454 301 282
469 298 308
536 367 305
455 309 306
452 335 280
537 316 294
458 318 305
444 283 302
510 318 313
458 354 345
521 365 356
487 362 281
508 323 274
457 333 319
475 333 300
478 327 357
511 277 332
448 368 366
507 283 288
512 346 319
521 328 276
507 366 338
482 321 363
533 369 285
482 282 360
405 342 436
336 352 477
353 256 423
352 318 446
404 337 406
383 259 461
358 327 485
408 303 461
358 344 415
351 296 453
368 280 487
311 326 454
341 284 445
397 275 479
348 340 483
347 254 414
384 258 419
351 274 501
368 320 477
394 277 425
315 254 499
354 306 451
393 262 440
334 340 459
377 298 470
394 321 451
333 293 477
328 332 504
373 300 490
346 289 492
323 336 449
392 274 450
382 350 471
326 275 443
388 272 500
310 288 462
373 287 416
394 295 422
317 334 503
343 293 452
363 353 420
325 329 474
350 349 433
324 286 478
369 280 448
347 304 421
338 274 499
385 320 492
325 318 483
387 315 501
405 268 405
318 349 420
398 257 429
320 311 444
343 259 414
378 342 487
318 275 457
339 293 482
340 264 446
329 256 431
383 310 448
320 318 492
316 332 442
333 332 418
384 281 408
348 273 461
353 268 463
372 287 502
409 319 489
318 290 502
342 352 434
364 262 420
357 295 494
383 345 473
309 316 451
389 328 431
336 297 473
338 288 486
314 346 436
361 329 482
41 479 448
-3 477 452
16 475 381
-10 485 436
-14 432 403
41 465 465
44 404 429
4 458 438
48 442 443
18 474 437
24 493 377
49 479 451
-23 436 391
35 442 433
65 446 382
62 491 389
35 414 383
27 424 386
32 429 403
-18 404 404
30 494 379
56 500 379
6 408 384
58 469 447
73 461 394
30 430 374
-11 495 460
-4 407 401
55 502 372
20 442 439
12 462 402
13 403 399
12 454 419
50 433 467
33 484 450
44 494 463
-18 474 455
2 404 447
21 421 419
51 433 407
74 478 445
31 458 444
53 491 388
25 442 437
-21 453 403
54 442 389
55 422 467
35 465 412
-13 404 463
13 449 388
3 479 417
59 418 408
-23 487 419
-16 480 453
-1 485 404
37 500 464
49 425 377
63 436 435
34 465 449
-19 439 461
-16 451 373
0 450 437
-6 464 371
60 475 469
74 443 387
38 502 411
-2 456 464
41 436 429
18 502 412
73 410 471
67 405 453
8 432 426
11 440 386
5 407 466
-14 456 403
-16 469 424
2 477 418
29 444 387
31 404 445
53 442 375
283 299 95
241 327 89
238 276 111
241 344 129
218 269 149
244 355 160
202 365 145
275 323 96
250 318 132
269 312 74
257 314 162
202 289 68
233 358 141
284 334 111
252 341 100
224 333 77
210 297 67
201 352 137
246 345 125
188 360 112
210 266 131
256 333 146
250 349 104
197 341 159
242 290 146
194 294 134
207 342 157
244 352 166
199 302 91
261 315 94
274 305 68
272 350 117
250 356 165
191 270 94
236 327 122
262 305 160
189 360 165
247 341 137
208 339 112
223 336 105
226 303 144
285 307 120
249 348 122
243 290 139
244 309 117
246 289 90
195 282 69
211 363 157
195 295 85
248 267 89
256 339 98
189 356 67
254 351 139
282 354 85
266 312 118
190 349 80
218 272 97
229 288 127
196 360 104
281 308 134
216 365 89
270 285 153
244 273 83
250 352 99
230 324 127
227 347 76
256 297 126
209 267 66
223 363 150
189 318 122
266 279 146
260 274 123
252 311 100
256 348 130
233 317 76
260 355 67
257 306 124
272 333 92
248 289 131
242 277 68
446 390 198
461 423 179
529 443 166
499 393 200
495 431 181
542 423 158
447 377 203
445 432 213
527 446 166
541 462 147
523 387 167
451 409 194
531 438 207
505 389 201
453 398 143
476 442 180
533 393 191
471 434 184
537 435 174
459 437 200
517 387 196
514 449 169
458 413 178
449 438 163
514 368 149
485 385 175
495 371 127
525 464 211
497 441 128
462 430 187
458 382 214
447 418 144
517 429 121
539 444 161
474 431 137
469 463 173
489 425 140
488 371 181
446 451 182
487 370 145
518 388 213
526 416 130
518 413 204
450 448 208
524 424 157
543 454 174
498 439 144
529 403 194
472 456 191
506 414 126
497 397 181
501 423 195
484 403 211
462 374 122
460 439 197
538 441 125
534 377 130
475 447 141
454 409 215
545 465 191
482 425 133
513 445 155
464 410 146
536 391 210
451 436 209
457 392 191
458 419 156
521 414 168
455 442 209
449 466 143
512 456 174
513 377 213
491 432 118
455 462 119
536 441 120
485 454 146
495 401 179
462 425 205
465 448 135
495 419 150
80 449 -4
39 427 4
117 369 -12
67 379 34
66 416 -4
91 452 68
88 457 -5
79 465 63
109 459 75
113 388 -7
84 370 66
84 439 20
100 417 82
122 444 -8
125 418 9
53 456 80
73 369 41
102 427 61
102 371 80
55 375 71
66 447 52
107 466 71
55 429 31
45 463 19
63 428 51
120 411 10
86 389 66
116 404 72
47 420 68
100 402 28
120 455 47
42 428 -2
59 388 50
36 431 85
122 395 17
98 437 -6
53 446 65
80 417 82
127 446 77
45 428 54
37 429 21
75 426 27
44 422 38
48 421 29
132 413 29
112 459 56
54 382 87
40 456 47
52 403 53
107 428 3
124 375 71
135 418 5
107 390 69
47 380 40
67 374 57
94 410 69
105 452 80
101 423 10
125 372 69
42 377 45
71 388 53
77 383 7
68 381 76
37 395 -10
47 428 -1
84 414 18
39 411 33
90 382 58
38 379 48
86 404 11
120 440 36
112 424 35
67 379 49
119 443 55
47 390 51
101 369 55
41 385 50
43 395 63
62 380 14
123 400 26
213 95 513
159 123 494
240 163 460
239 117 454
222 94 506
194 178 478
177 123 498
196 83 451
207 160 514
177 147 477
237 163 472
197 136 462
169 172 448
160 106 475
224 122 495
223 89 420
171 144 430
226 170 449
250 171 495
173 160 491
234 156 441
180 138 453
231 175 450
206 99 492
210 98 434
189 100 482
166 135 455
160 163 501
169 163 490
215 97 442
167 106 451
182 108 434
158 114 449
240 146 435
226 99 512
167 137 497
203 136 464
166 124 508
255 145 460
180 177 458
206 176 481
217 123 430
184 108 518
190 149 485
249 171 486
216 109 466
204 170 488
229 129 500
193 161 504
168 138 454
247 96 499
243 122 487
240 94 440
192 93 496
167 92 447
182 148 461
185 97 423
209 106 449
236 151 445
170 111 497
169 173 516
197 180 471
185 111 435
160 139 453
164 172 434
184 162 468
254 131 487
228 159 420
182 142 505
200 88 425
205 104 458
195 98 471
200 170 516
250 155 498
204 123 453
166 181 484
168 117 463
227 120 447
240 109 478
183 154 440
502 384 60
490 455 120
513 389 127
439 402 63
450 436 87
510 441 32
452 397 66
485 404 97
514 458 126
437 464 34
433 388 106
459 439 33
463 441 68
443 406 93
488 448 55
496 441 52
474 415 98
467 415 31
524 428 41
485 393 129
504 440 69
469 376 49
526 442 30
444 445 110
473 460 113
494 402 79
429 440 66
438 449 110
443 433 128
435 413 110
497 438 98
491 434 62
471 427 80
484 417 45
470 440 86
510 445 40
440 442 78
518 443 96
436 398 128
518 389 111
460 469 121
486 417 67
468 457 74
447 455 105
475 388 102
493 378 82
435 385 71
485 418 60
522 411 129
469 443 32
484 417 35
516 468 56
489 447 82
444 467 38
497 457 56
436 460 70
457 440 70
457 417 61
473 408 47
506 426 111
451 465 89
519 387 60
435 402 94
439 455 95
504 445 93
492 455 101
431 456 115
472 451 68
436 410 42
458 416 85
454 415 79
446 421 87
437 471 66
503 395 55
488 384 123
488 376 97
472 427 76
519 388 78
492 429 124
444 421 54
470 339 91
467 288 114
471 312 94
500 281 116
449 373 72
468 288 161
437 352 168
491 328 165
458 362 74
493 291 156
480 321 93
434 364 103
508 336 92
471 320 133
422 347 88
424 344 71
464 316 72
495 321 148
477 294 114
430 335 74
515 353 168
445 297 72
519 328 162
495 374 159
477 318 102
489 277 100
475 284 130
461 325 167
494 370 78
482 325 80
507 353 90
464 286 85
424 321 159
503 334 72
421 285 71
462 285 153
458 325 113
502 323 146
471 349 166
486 330 161
421 281 146
442 302 122
500 369 103
490 341 142
486 318 77
505 371 107
433 343 149
473 335 133
438 330 117
506 355 76
470 281 166
517 343 148
461 359 129
512 291 162
517 281 138
461 336 86
464 360 161
444 360 99
463 277 169
443 363 73
425 311 92
510 308 119
482 288 73
488 305 168
440 317 86
465 369 121
470 363 95
423 287 125
446 321 131
425 308 94
428 295 122
424 339 148
423 281 167
511 295 100
443 288 132
484 328 94
478 339 141
463 335 148
437 355 167
519 348 147
293 41 48
306 46 71
358 52 38
333 22 0
351 26 6
349 92 65
346 103 74
277 81 73
350 98 75
310 100 16
339 55 -9
265 114 52
315 78 19
282 98 58
280 95 27
331 21 24
290 33 62
279 49 -20
278 38 -14
288 27 17
339 96 76
356 72 -5
358 84 1
288 51 23
279 116 53
274 26 49
324 54 36
334 110 8
299 40 -11
312 109 5
314 18 9
341 31 42
331 73 26
335 75 -20
267 46 -5
333 70 59
282 51 42
297 66 -5
305 113 63
274 91 79
361 111 11
322 22 28
270 88 0
338 77 27
319 109 62
361 107 -8
302 63 50
271 24 60
359 40 41
285 27 13
331 53 34
315 67 26
312 113 69
345 89 -7
321 117 25
314 107 12
332 113 66
321 58 6
354 85 20
302 33 23
326 61 34
314 110 -21
279 27 66
303 96 37
311 96 37
346 28 73
333 101 13
277 28 -13
294 104 72
268 116 64
307 69 -9
351 33 54
311 54 -6
350 45 19
333 22 17
343 38 28
324 89 8
275 106 -8
314 18 76
275 71 77
323 410 97
269 435 54
276 364 75
272 439 31
281 369 43
283 409 30
253 377 80
250 368 26
275 439 95
249 448 27
319 413 86
236 412 64
276 396 111
257 357 100
287 397 120
309 376 113
310 401 69
236 377 81
302 392 112
327 353 98
289 367 94
311 416 91
228 404 119
294 408 54
256 397 77
294 401 99
271 448 39
309 393 55
248 411 118
300 427 47
262 417 40
241 357 119
320 365 105
231 400 121
304 370 111
238 405 32
253 374 99
307 392 50
262 410 106
307 394 38
245 415 24
276 365 101
257 370 41
285 376 87
282 376 71
243 422 35
235 420 95
323 436 64
301 410 59
236 418 70
326 442 120
260 443 97
246 403 95
249 427 64
227 396 108
241 402 35
265 435 88
246 360 51
238 375 105
275 359 98
297 357 29
296 416 89
309 448 46
259 414 69
256 404 76
305 442 111
324 358 113
251 382 82
322 369 100
305 414 41
287 415 42
321 388 96
276 440 86
267 364 54
294 451 87
319 353 102
280 418 97
290 381 107
248 404 96
232 446 69
176 155 239
233 233 191
145 205 259
169 173 254
202 192 227
192 245 266
223 184 266
139 209 214
198 228 175
191 183 241
208 171 173
200 244 169
231 231 243
197 189 222
217 223 232
201 188 246
220 174 194
167 210 217
194 240 195
138 232 178
205 241 257
192 157 197
222 208 201
205 207 226
156 153 192
209 226 246
148 212 221
143 188 245
176 199 178
176 190 208
183 158 181
226 182 224
208 169 246
214 225 219
221 195 174
167 200 233
153 163 255
178 215 222
179 174 224
193 239 228
208 153 203
218 198 200
214 225 208
208 241 170
229 192 202
234 172 239
214 241 186
168 212 231
202 157 172
192 240 218
213 157 230
177 222 258
177 148 182
214 148 256
162 235 254
146 181 170
154 198 176
220 201 203
159 224 222
202 161 205
210 208 266
213 148 188
202 219 213
208 245 184
206 226 186
215 206 236
195 194 213
219 157 227
157 199 237
144 214 205
150 168 217
178 147 220
228 175 235
201 229 192
173 153 196
174 225 194
196 212 178
177 156 230
170 147 192
150 180 189
325 106 166
308 75 147
324 80 119
372 77 133
366 112 96
359 113 117
336 76 81
370 106 111
360 135 89
327 96 133
353 144 110
380 150 127
293 159 136
341 160 120
352 154 111
351 109 169
291 121 79
302 80 146
349 108 158
338 115 130
316 150 127
365 77 135
314 116 134
371 99 108
342 116 78
361 72 84
364 79 167
339 164 164
297 80 138
303 154 106
365 112 76
371 72 111
301 146 145
384 105 76
344 154 155
352 143 167
334 99 93
331 145 164
381 128 129
356 118 115
339 79 169
352 89 101
358 159 81
310 117 113
336 79 76
348 81 122
387 149 133
343 164 80
362 94 97
298 150 160
361 103 90
287 157 115
333 144 85
379 120 164
292 92 123
351 162 113
316 156 119
325 164 162
353 114 146
386 125 95
357 131 162
379 114 84
370 146 157
377 164 171
336 103 102
310 102 128
354 87 78
345 105 131
298 166 167
335 76 129
377 116 156
349 85 150
347 159 113
353 97 118
296 141 89
377 83 122
302 166 124
369 93 131
361 129 118
367 161 82
130 431 191
125 438 186
132 405 131
101 433 156
153 399 187
81 412 105
115 446 109
95 436 107
83 458 98
142 449 98
86 389 175
90 402 122
89 452 174
120 481 187
69 474 178
118 428 117
116 415 189
82 415 155
105 415 145
106 469 192
78 470 139
115 397 176
120 385 185
120 471 110
70 475 133
154 382 95
130 383 137
67 474 99
106 395 147
132 425 146
66 450 97
128 472 109
74 385 121
104 482 162
130 402 172
64 461 186
132 401 118
148 408 165
118 426 109
144 399 176
74 393 130
130 410 96
63 438 104
68 471 162
156 466 99
160 413 176
149 436 172
99 452 119
104 436 181
111 473 145
96 474 135
125 477 148
139 415 185
156 396 105
110 467 124
72 452 118
84 388 124
104 461 127
78 464 142
159 397 157
107 425 99
122 464 124
151 406 158
129 397 95
146 480 145
74 410 117
153 408 170
163 438 163
124 385 185
120 405 141
72 426 95
136 391 161
134 471 166
110 416 158
143 397 126
160 425 93
83 402 144
108 424 167
78 443 141
81 391 168
500 260 121
509 168 185
524 244 130
503 164 135
511 211 179
485 248 176
438 240 138
451 167 108
516 222 106
519 226 175
438 183 114
454 195 142
479 186 120
484 176 158
525 258 167
511 206 165
507 168 146
457 179 178
439 182 190
450 219 191
429 233 144
496 193 168
481 179 157
497 183 148
476 206 167
497 189 113
492 238 138
524 221 173
500 262 186
493 192 108
495 164 200
481 189 111
482 199 121
508 225 157
466 220 152
504 224 154
448 166 134
472 252 167
449 207 140
517 207 122
460 190 164
487 199 167
451 174 171
448 252 166
489 200 187
460 198 164
509 239 121
484 172 139
512 171 158
483 175 130
462 253 150
442 208 198
482 263 118
488 180 123
503 226 147
463 211 122
457 222 141
507 211 145
441 236 155
499 243 195
511 168 132
443 196 187
491 231 205
513 259 144
452 201 188
454 251 111
511 228 197
506 212 149
512 203 118
494 165 176
516 218 169
505 165 116
444 190 176
503 262 180
507 190 127
477 233 195
498 261 203
461 167 112
427 167 167
478 221 147
402 369 68
445 367 6
473 435 49
467 395 -11
440 359 20
452 368 72
391 404 37
397 346 -2
404 435 -8
412 368 60
456 357 -7
443 410 58
401 394 12
410 378 80
430 434 -2
479 359 11
411 425 -13
444 436 36
443 432 56
468 366 43
411 416 76
438 436 58
391 415 30
439 396 35
414 366 23
445 437 -9
401 418 -9
422 413 -14
474 358 24
382 443 79
433 399 40
439 384 59
414 439 13
442 423 69
474 354 33
404 391 13
463 394 23
425 346 5
463 432 68
396 434 -1
438 443 63
453 361 48
455 370 -18
426 372 36
457 440 5
475 359 38
450 405 28
435 374 53
386 376 24
471 367 11
402 381 69
403 388 -10
392 365 56
425 443 -2
469 442 35
408 371 -11
423 409 66
383 400 -13
460 355 64
441 369 21
459 403 -2
430 343 -17
462 380 67
396 405 58
398 393 17
434 383 64
419 421 63
415 364 77
412 393 71
428 365 29
453 360 1
443 373 -12
440 425 66
461 397 41
478 416 47
416 389 19
398 370 75
428 357 -4
433 379 48
390 400 22
153 269 233
189 301 191
148 234 246
223 315 216
148 249 277
211 230 237
145 236 245
226 309 193
169 255 227
192 258 240
161 290 262
161 235 203
236 233 199
160 280 231
148 236 278
198 277 284
150 256 217
139 247 224
144 237 222
219 239 280
201 279 203
183 263 227
203 323 202
203 312 208
228 249 232
177 228 236
233 231 238
187 309 250
236 233 279
184 274 212
169 245 224
150 258 197
221 316 197
203 223 225
146 227 190
156 307 274
166 315 189
209 247 219
202 260 265
206 256 228
226 269 253
172 279 258
212 225 266
160 237 205
203 234 232
174 315 274
183 318 268
181 318 273
228 265 213
188 227 202
141 272 219
198 323 266
183 293 244
221 319 237
187 286 225
233 308 226
144 315 246
234 251 277
232 273 262
154 274 284
223 234 276
155 284 256
223 282 279
183 314 243
204 232 278
168 246 225
218 303 252
225 305 234
160 288 193
232 255 207
160 321 276
152 259 271
141 239 268
136 225 203
181 320 192
211 316 246
172 256 234
196 260 270
150 294 251
146 299 225
-9 238 106
21 248 83
21 253 30
30 287 57
-3 250 93
32 292 59
41 234 59
22 242 98
-13 289 33
-27 283 23
-1 209 36
70 213 66
-22 239 47
59 280 24
-29 286 13
1 246 63
46 208 83
-1 218 36
-16 242 25
29 277 34
21 246 19
70 211 49
17 214 65
70 258 107
-23 279 36
-13 285 82
25 237 15
-7 229 94
-15 233 89
48 250 71
42 219 99
21 219 75
7 250 81
69 241 50
65 291 13
-27 208 70
47 212 87
18 284 12
-28 243 100
46 285 72
42 234 52
-12 236 34
42 229 17
12 201 52
-28 228 38
-27 267 104
-22 259 81
-11 262 42
-10 286 67
-24 198 15
-13 275 66
46 268 101
-10 279 107
45 230 101
-12 275 53
38 214 90
0 265 33
58 233 48
-5 243 93
8 282 64
52 255 23
64 291 47
45 272 11
62 296 95
3 290 48
55 226 62
38 239 21
13 247 54
-20 230 49
-5 232 76
15 237 96
-4 229 82
24 210 57
-9 289 89
-10 225 49
68 280 99
1 268 18
12 227 66
15 268 75
-14 218 55
145 124 79
162 204 26
142 153 38
128 124 93
163 118 57
134 168 0
178 123 71
136 209 78
127 121 5
89 166 54
164 140 36
128 168 -3
114 145 37
107 174 57
100 150 35
109 143 13
115 124 20
105 154 94
179 202 26
85 195 22
124 174 12
159 204 91
94 158 6
91 152 57
116 162 47
150 201 18
154 184 52
118 113 86
142 165 10
175 119 90
115 166 13
132 142 23
86 171 38
183 171 83
117 137 94
157 146 28
148 158 47
130 194 84
145 140 23
114 211 89
124 129 4
116 140 86
95 168 48
177 152 49
128 194 85
102 177 76
182 145 45
135 198 46
163 174 73
86 115 9
161 193 91
171 207 50
156 129 45
175 153 4
146 161 78
93 147 32
117 167 7
85 152 13
90 112 10
163 134 16
146 172 13
117 128 72
121 196 63
161 159 27
143 204 -3
130 196 16
112 176 15
133 123 71
175 168 38
136 195 75
179 210 58
112 125 15
182 149 39
114 159 53
120 182 7
135 130 13
136 183 16
105 168 49
123 206 39
138 171 37
23 373 190
18 364 132
72 369 159
80 384 160
60 387 125
29 359 154
78 344 169
3 411 166
63 328 123
68 369 133
3 362 154
69 398 152
41 346 185
78 331 94
-2 387 160
36 323 125
7 324 116
18 337 129
76 413 123
16 404 159
-3 375 91
43 389 132
22 381 185
80 381 104
78 415 104
69 410 109
11 404 142
15 349 120
-9 346 119
-7 360 119
73 360 182
5 327 151
57 340 97
80 376 181
75 336 123
15 339 121
-4 388 191
23 332 144
0 384 164
28 409 152
84 373 139
57 334 108
38 372 125
26 320 152
40 378 142
69 397 123
60 375 124
35 414 128
15 324 118
62 343 151
54 384 129
85 371 131
54 410 124
26 403 153
91 331 146
60 380 124
83 327 105
41 362 184
8 385 156
37 400 104
-4 403 156
19 359 106
48 389 137
34 323 151
59 364 100
-1 372 136
-7 326 111
80 392 190
34 344 182
32 316 97
-1 376 184
22 317 121
23 329 128
26 346 140
25 388 130
5 323 151
80 376 115
42 347 184
33 360 126
86 327 156
39 386 214
42 376 180
37 345 149
-21 432 150
70 333 187
36 426 152
2 404 238
23 398 180
5 410 173
36 419 175
26 378 179
4 405 231
28 417 227
-2 351 209
31 360 183
67 337 144
14 425 232
-1 348 158
43 420 143
30 371 151
-13 369 154
51 385 165
72 415 225
-18 396 174
71 362 204
52 409 172
-5 367 238
49 421 151
75 351 166
-6 410 187
-18 334 145
43 378 216
-1 333 207
0 358 229
53 344 217
51 369 140
5 408 150
61 363 173
63 371 171
40 362 144
22 351 154
39 372 210
-21 410 228
-9 335 159
54 409 217
14 389 155
9 359 169
13 360 163
76 335 166
71 395 231
60 416 206
-18 333 224
26 358 209
62 333 149
-14 429 148
33 424 162
22 342 222
68 363 206
5 368 158
-6 415 152
5 335 227
-20 407 158
11 345 180
3 356 156
39 336 207
-2 421 184
22 419 221
-17 386 170
22 358 216
51 346 197
-9 382 225
33 379 172
70 338 220
-4 407 225
6 399 161
39 400 195
-17 392 176
54 401 212
6 358 177
77 350 238
213 74 377
127 144 371
164 144 355
171 107 409
201 74 350
189 93 356
157 136 347
124 87 340
193 121 335
143 96 406
212 109 338
207 161 413
160 149 384
125 150 418
199 161 391
155 99 364
190 107 415
153 112 377
129 138 394
192 114 350
179 118 350
137 98 415
166 100 371
143 96 347
214 124 355
171 107 382
197 102 358
157 105 416
223 77 380
168 161 410
222 162 392
187 117 377
164 113 360
169 108 430
146 137 376
207 135 374
164 166 343
162 118 421
139 119 344
203 116 370
220 85 361
179 133 416
141 85 355
178 138 374
139 155 383
174 167 344
174 115 345
170 124 411
181 93 345
182 89 399
194 126 403
212 140 367
183 94 345
202 104 413
149 134 334
211 119 417
136 98 418
212 82 337
215 153 333
206 144 355
190 152 360
185 158 410
154 170 384
136 145 331
157 128 387
123 123 344
188 114 354
137 96 380
185 158 338
221 142 361
178 143 408
149 142 333
221 148 394
220 149 362
216 96 420
213 133 341
161 134 389
207 146 404
193 138 402
214 130 379
140 165 293
103 122 381
167 110 367
109 186 371
138 128 314
149 182 299
145 195 377
110 135 301
114 129 298
156 126 335
143 103 353
143 159 313
172 101 285
136 145 379
171 145 346
89 111 287
113 154 348
168 200 335
178 181 364
153 161 301
183 141 311
118 171 316
101 124 378
162 142 336
183 194 354
87 155 315
141 189 310
180 169 361
180 172 357
160 140 369
174 162 357
183 135 302
159 121 378
102 159 352
146 140 300
109 170 343
101 168 304
164 117 292
141 157 294
150 199 311
94 137 360
146 174 378
132 123 362
87 137 373
173 125 364
104 156 366
89 145 310
159 185 338
108 142 325
180 173 310
97 137 305
145 141 321
175 130 332
133 191 343
152 172 346
163 188 298
176 174 351
171 142 374
137 175 343
117 119 297
174 101 359
132 170 378
116 186 366
123 194 282
127 107 287
161 149 345
136 123 334
136 148 379
114 151 299
139 167 341
118 131 304
90 191 287
102 139 349
127 140 295
90 163 323
156 174 285
163 181 347
175 161 312
88 149 359
99 200 339
177 499 58
170 417 24
144 406 6
135 461 4
153 414 52
215 463 6
143 469 23
177 469 -2
144 474 38
178 419 0
177 415 3
159 455 -10
142 419 2
133 463 50
210 466 44
140 420 37
175 404 0
201 487 47
220 460 65
200 421 51
193 436 17
228 476 38
153 441 18
143 494 -18
214 473 42
214 498 16
219 504 0
191 421 -6
210 492 55
152 414 -31
188 477 12
130 480 -25
146 446 57
179 404 -26
197 454 55
129 425 60
212 407 27
205 453 5
188 491 31
208 441 27
148 486 -27
136 404 66
156 414 53
225 452 63
200 492 23
147 431 -28
200 419 -26
155 408 44
203 502 16
152 448 66
221 451 11
199 503 53
225 445 67
160 462 3
213 503 37
137 454 28
160 423 -30
172 431 5
132 461 56
166 419 53
191 455 23
149 504 51
132 432 15
157 503 8
228 495 51
156 421 37
160 428 -18
144 496 66
170 452 18
218 456 51
128 413 66
132 484 31
163 503 68
216 404 60
146 501 -11
200 482 -19
207 494 32
160 458 1
128 435 48
204 441 32
257 401 524
316 366 525
296 342 477
307 389 446
293 427 510
305 415 454
284 410 473
271 379 458
236 350 490
319 381 510
295 377 530
291 341 464
283 359 509
225 377 511
259 394 504
223 428 522
227 389 448
262 381 546
291 370 530
255 389 517
255 386 481
302 405 496
309 354 535
310 372 482
257 424 471
298 379 532
230 398 491
257 388 465
266 429 466
233 379 465
303 372 537
275 396 521
249 353 456
308 367 449
262 439 453
232 432 501
286 344 450
230 406 515
220 389 508
269 350 479
241 427 447
318 392 483
222 396 468
290 420 492
293 349 541
293 342 486
247 408 449
235 341 463
230 350 540
265 418 458
269 359 466
245 391 527
272 415 516
247 399 534
226 403 523
250 389 481
299 432 478
299 409 480
259 377 534
315 354 488
277 435 543
247 353 521
297 397 480
291 379 512
241 417 457
283 360 522
300 342 483
317 381 536
315 432 526
302 349 521
301 352 514
220 341 530
304 428 498
252 392 462
318 379 536
251 373 499
246 358 516
306 401 538
259 396 521
286 419 535
292 346 217
288 259 237
284 348 191
351 340 237
349 274 227
365 354 177
348 340 202
275 333 190
287 310 201
355 347 235
351 321 187
325 278 197
269 297 188
274 354 168
360 344 177
309 268 234
298 267 180
300 284 182
325 310 244
355 281 239
269 304 235
334 332 167
300 259 172
290 301 170
304 264 235
322 319 150
284 260 203
368 303 243
330 333 199
275 268 223
330 312 199
360 283 226
302 342 195
347 327 223
347 333 229
328 349 245
298 288 230
345 355 199
361 310 225
304 344 178
301 277 205
292 334 174
314 358 240
368 267 159
272 358 220
338 265 230
279 288 238
351 265 160
293 264 167
326 307 210
306 307 225
293 343 236
269 291 235
319 265 177
302 352 183
273 294 172
339 313 181
315 289 229
355 317 244
319 294 200
273 277 216
298 356 232
322 268 224
366 358 189
305 283 173
291 320 227
279 281 201
320 306 176
348 276 229
312 339 217
310 348 162
350 282 191
283 302 181
279 271 216
336 273 225
270 333 221
352 289 235
347 351 210
274 276 217
320 286 199
220 60 375
227 109 452
163 94 417
195 56 423
191 134 369
225 138 379
216 135 397
178 67 430
171 60 358
178 94 429
222 64 357
153 44 455
159 124 420
214 49 418
212 100 417
156 94 433
214 61 372
169 70 430
193 102 421
188 57 429
212 89 371
188 121 382
200 61 389
233 116 368
200 83 388
173 50 403
144 108 430
222 104 443
196 43 408
162 99 455
185 52 385
150 91 368
227 129 366
213 105 448
215 49 356
210 137 376
192 58 416
181 125 430
141 95 441
165 90 456
193 70 453
228 108 369
139 40 456
170 121 396
139 86 412
196 116 412
184 40 356
173 109 445
212 90 384
227 58 430
231 131 444
207 125 376
188 123 452
144 92 443
174 121 432
183 115 364
187 60 417
165 116 418
151 72 437
230 78 395
183 71 380
148 118 400
167 56 385
216 59 398
187 54 430
200 75 430
169 131 374
185 137 446
176 69 368
232 52 439
211 103 442
198 102 394
221 124 397
189 63 406
163 52 409
164 50 365
157 100 432
159 80 447
183 53 358
212 70 453
42 217 333
38 178 344
33 180 329
-11 164 337
37 261 318
-1 251 365
-16 176 339
18 220 349
-39 246 297
36 221 318
43 239 350
11 208 394
-40 214 359
-34 199 309
20 235 316
53 170 352
-41 249 295
1 177 386
21 167 361
-29 237 378
-18 196 388
49 249 334
-8 199 370
52 240 363
-4 210 391
54 226 324
-35 220 372
32 261 373
56 194 307
7 176 360
26 179 303
25 165 299
-13 170 359
-30 254 315
-1 190 333
-27 260 352
-3 255 383
-16 201 382
-11 229 335
45 247 374
-42 256 318
-43 257 335
-23 251 368
17 247 335
-40 237 395
33 181 350
52 225 356
-35 179 374
9 241 378
13 229 358
-12 246 319
-39 218 344
55 254 345
-30 170 390
-44 232 382
9 163 348
13 229 390
50 213 366
-16 261 347
47 171 359
37 244 361
32 233 375
6 201 319
-39 216 340
-11 238 317
-9 242 343
47 208 358
-17 209 305
8 178 338
-17 170 336
-8 179 317
18 169 323
-1 169 394
-20 255 395
-35 207 388
26 233 295
19 183 337
11 193 365
38 185 357
-23 205 340
274 190 324
342 263 384
288 183 353
275 275 379
317 197 376
319 238 346
315 258 320
255 273 345
291 278 318
260 216 341
289 239 343
341 270 347
258 219 371
295 184 340
275 242 340
339 246 312
251 260 373
341 272 334
324 254 329
247 222 336
293 237 343
260 196 347
296 231 310
271 208 358
306 222 311
340 225 363
300 279 394
342 223 370
310 213 342
326 236 335
310 220 327
325 233 366
306 220 379
300 228 314
254 243 389
283 200 393
340 262 385
326 194 317
292 209 368
313 241 338
285 258 371
294 205 385
337 275 310
339 181 392
292 192 312
301 261 325
281 236 306
258 246 330
307 192 321
258 239 373
250 279 342
311 248 369
270 182 359
344 226 347
271 232 373
310 197 326
310 185 384
250 187 391
321 242 326
303 244 339
259 206 364
257 244 302
252 264 363
267 211 298
255 247 300
325 211 382
333 193 336
326 219 319
337 226 341
252 253 305
281 198 365
256 195 309
255 212 301
291 259 344
252 180 392
326 270 338
310 261 357
317 229 352
250 265 308
341 194 377
148 455 255
157 493 303
189 488 279
177 445 224
206 441 302
132 465 290
164 470 285
128 503 277
207 412 237
188 416 209
204 470 234
132 417 293
174 455 210
195 414 303
147 413 263
184 411 234
154 491 262
208 483 298
194 439 254
159 416 231
172 414 268
152 463 283
193 421 253
129 451 221
141 477 223
190 467 284
208 462 236
201 481 228
166 482 280
208 496 213
219 458 217
129 451 304
208 420 240
164 464 259
222 487 300
147 433 231
181 406 296
141 459 258
212 492 232
200 438 308
202 417 235
191 415 309
140 493 285
142 466 273
164 443 243
205 413 276
188 475 257
187 433 252
213 453 305
130 452 256
131 480 291
135 441 237
193 473 232
165 406 280
216 495 286
147 487 262
216 438 285
136 501 250
199 476 277
209 491 249
168 502 281
194 448 258
208 411 249
153 463 295
127 408 263
156 466 295
150 418 275
219 483 220
138 456 292
175 429 293
143 408 290
181 467 259
215 483 288
145 451 301
131 414 254
181 469 245
197 483 299
180 472 233
206 475 265
194 475 229
183 108 379
158 86 378
232 89 437
224 113 405
244 140 372
158 85 430
245 117 354
227 93 376
233 125 403
186 119 387
230 151 353
184 106 344
182 90 433
160 112 401
205 125 359
197 71 366
211 112 407
195 97 419
195 83 423
174 154 361
158 74 364
183 103 355
202 91 342
202 103 432
211 112 377
233 110 394
168 147 348
219 132 402
183 81 357
204 163 392
211 78 351
202 107 411
156 80 351
244 105 353
223 102 392
179 107 417
191 128 373
214 97 385
224 107 411
237 162 413
150 137 364
208 102 391
242 89 413
232 82 411
239 127 433
245 147 365
171 122 354
227 126 347
188 131 387
153 91 366
218 129 398
191 75 431
164 109 371
236 159 404
205 127 422
246 88 359
201 91 356
165 79 424
228 170 403
224 89 345
187 153 416
174 94 355
175 128 368
193 99 396
241 138 383
212 170 354
235 115 396
219 135 418
215 147 408
216 99 400
221 107 374
225 99 347
183 161 359
248 117 383
171 105 337
217 162 359
166 94 413
157 156 393
156 75 423
169 135 352
277 280 441
274 258 434
332 266 453
315 237 463
334 291 399
354 291 447
353 321 459
284 270 473
303 321 429
353 315 403
287 253 490
301 296 417
298 304 418
308 251 429
347 302 392
338 250 402
335 249 454
286 268 462
295 271 420
271 310 455
313 264 450
359 228 399
364 238 430
319 274 395
324 266 469
362 255 401
278 291 428
325 278 438
307 304 418
274 290 398
308 230 405
300 231 486
328 237 461
325 255 414
325 291 466
350 239 404
324 296 449
273 279 479
299 286 419
335 259 396
361 319 407
277 289 477
279 241 483
272 280 422
342 306 473
334 291 464
287 304 483
323 298 397
362 253 433
363 266 401
292 258 486
371 242 479
358 317 399
341 233 485
304 303 400
334 242 459
324 319 392
345 318 406
285 249 415
304 304 440
310 255 418
369 237 407
354 312 398
311 258 440
275 271 404
360 234 408
329 225 449
338 270 394
321 315 483
317 322 410
332 225 488
300 262 466
325 268 472
282 272 430
339 293 407
271 269 440
335 315 390
300 311 445
342 320 437
368 242 455
53 28 390
-2 88 403
-1 45 452
59 116 473
21 28 425
5 108 465
14 114 441
14 22 419
43 38 472
32 26 437
-1 85 457
19 70 467
19 108 440
52 72 451
24 96 454
51 28 408
48 85 395
20 85 382
73 21 461
12 46 377
75 90 382
-17 90 412
21 73 421
3 68 427
25 50 393
-6 39 459
16 43 409
-22 68 389
45 48 387
-6 112 461
5 61 422
-3 29 431
7 30 449
-23 42 376
41 92 398
54 24 451
-1 33 412
-1 46 463
32 48 406
48 104 380
-14 35 452
-2 71 469
51 77 390
50 90 377
16 54 456
-6 49 465
14 119 463
0 33 390
35 39 402
58 89 457
-13 30 388
-24 49 376
18 44 461
2 112 406
-25 33 399
30 32 420
7 27 408
-6 78 402
26 101 380
46 99 467
15 100 425
-1 27 432
11 120 387
35 99 429
65 95 377
61 104 388
-15 23 395
62 82 411
40 76 451
30 103 466
-7 81 387
-4 56 431
58 60 387
61 31 387
52 25 391
55 102 443
-19 93 417
50 85 442
14 49 461
-9 73 417
415 42 362
343 100 356
365 56 379
403 52 340
382 73 399
361 71 325
344 108 407
386 51 353
360 80 339
347 102 386
368 100 407
413 93 378
330 114 328
400 112 409
333 116 321
392 134 330
399 71 351
357 75 343
347 125 387
369 95 377
322 135 382
323 138 396
323 44 333
351 43 360
357 135 318
364 119 321
351 77 408
320 136 327
349 82 344
328 51 394
340 67 351
371 46 314
415 82 379
327 124 361
315 131 334
326 85 314
359 72 381
372 73 356
331 69 340
333 45 410
373 108 330
327 135 344
319 60 334
326 106 339
393 84 316
335 39 397
319 55 361
394 98 399
401 120 324
379 132 402
330 116 332
385 105 386
319 105 356
344 103 405
331 53 390
320 55 337
377 40 324
398 125 371
329 90 335
352 131 378
323 116 342
394 94 391
352 119 357
346 108 391
367 48 337
354 131 348
347 100 412
333 123 382
367 129 390
336 75 408
327 67 350
409 51 414
385 74 346
349 132 338
394 55 414
414 63 324
318 52 354
339 63 401
344 48 358
342 53 319
485 6 311
508 47 308
505 1 254
502 66 326
455 62 283
447 -22 318
529 -16 332
457 43 311
473 -27 274
474 66 234
482 -29 307
485 58 293
516 56 307
523 39 273
504 5 277
453 45 263
468 65 298
467 45 258
464 -18 235
498 -22 288
513 0 289
467 1 244
449 5 261
532 -25 319
479 24 295
504 31 306
506 42 252
522 -29 279
527 54 279
461 -6 233
506 7 290
481 53 308
440 55 252
503 -6 247
459 -7 300
512 19 252
526 -2 275
455 -17 265
440 15 236
449 12 234
502 64 290
444 51 236
507 10 294
438 -10 267
452 -21 274
457 7 294
532 13 243
437 33 234
509 38 303
478 65 288
488 37 312
465 -25 266
502 48 241
484 54 238
523 38 304
501 66 269
535 30 237
510 40 261
500 -33 251
443 -20 316
480 -17 260
528 33 315
469 25 289
454 -5 310
454 -16 332
457 -11 234
518 36 327
503 9 279
452 3 300
464 -9 245
489 54 301
477 -18 290
485 58 235
458 42 313
480 61 308
471 35 310
497 54 303
436 18 317
475 28 299
505 43 302
444 237 385
521 181 396
482 252 381
459 211 377
445 212 395
488 245 369
460 186 352
435 237 319
466 194 378
447 179 355
500 237 404
517 259 406
456 184 362
450 197 392
516 192 403
479 251 329
425 222 325
431 245 364
480 195 381
494 275 333
516 203 408
482 250 357
517 222 352
515 227 361
444 218 399
436 215 381
424 248 357
433 268 410
508 258 348
468 266 367
520 271 351
483 234 392
445 261 334
426 218 388
509 180 395
462 270 399
462 265 381
461 230 402
476 200 353
465 178 400
468 232 383
501 214 368
508 179 407
504 212 342
454 269 342
459 270 330
519 247 324
460 205 359
434 272 405
478 241 349
483 188 313
514 234 391
471 272 369
511 237 390
458 212 386
424 236 343
474 271 403
422 222 356
513 224 366
446 274 384
447 181 314
433 230 343
447 205 395
482 177 374
442 231 399
505 240 383
476 223 370
481 250 358
475 271 359
433 186 322
494 187 404
422 236 357
507 241 369
451 222 357
508 183 318
438 221 376
509 262 328
449 193 392
498 213 365
460 267 346
446 84 385
390 18 379
384 71 352
450 -7 344
419 61 375
430 41 395
465 51 362
426 18 377
454 26 322
434 70 403
460 91 386
405 48 403
458 63 374
432 22 362
438 6 332
391 79 311
445 37 327
420 -5 362
445 -3 373
447 -7 363
403 36 388
437 57 354
405 93 314
438 56 340
465 54 352
428 43 313
389 77 330
444 75 308
413 87 398
450 84 380
386 84 322
394 13 318
446 62 329
470 2 342
457 14 362
451 33 371
433 80 335
418 92 366
404 48 308
469 53 313
402 43 384
397 85 307
453 41 390
378 44 309
445 53 403
414 1 316
383 59 390
412 7 404
401 89 389
394 7 358
409 32 349
377 42 388
410 42 341
421 39 319
416 41 406
383 52 377
386 62 343
411 47 370
394 -2 316
474 18 379
444 17 366
472 -1 353
403 56 381
374 40 328
445 39 367
422 43 307
398 24 339
423 2 324
388 77 347
431 73 334
401 38 402
455 22 354
425 14 329
393 61 399
442 16 349
469 -2 346
381 87 383
401 35 343
446 79 354
393 1 325
16 421 262
67 395 325
32 416 246
74 482 252
6 480 282
61 443 276
79 441 296
36 473 248
30 421 273
11 432 285
67 468 242
82 454 264
15 444 247
-5 469 250
4 450 270
63 411 281
24 457 260
9 458 330
47 434 254
28 453 317
23 401 315
-10 483 282
4 416 245
36 439 288
37 409 311
79 404 251
22 474 314
10 388 308
77 399 231
-10 480 273
16 397 258
16 434 237
56 389 307
45 388 294
-2 459 306
64 402 318
35 392 252
70 456 299
18 462 255
84 401 252
19 476 304
9 474 280
75 401 313
24 404 252
81 481 283
46 474 319
39 477 256
86 423 264
70 396 316
15 463 234
63 390 319
79 425 266
70 396 296
42 431 250
50 441 245
-1 422 310
82 455 286
46 389 320
39 416 267
38 406 257
-7 472 279
45 435 258
65 420 329
3 405 265
54 445 230
26 459 330
76 456 234
48 391 304
33 409 239
4 425 271
32 390 329
76 433 261
28 468 322
-6 388 249
71 457 296
18 449 281
-3 421 307
45 459 295
20 434 259
34 417 262
242 230 415
268 239 401
240 169 401
265 170 367
244 231 377
250 230 443
233 207 410
201 170 448
281 228 458
260 174 457
292 146 381
226 181 455
279 153 378
280 188 450
212 223 367
252 215 443
235 166 373
279 194 428
293 182 431
264 147 404
268 195 458
200 198 405
201 151 399
295 182 374
296 189 424
264 214 444
230 186 457
292 192 407
216 205 387
213 196 448
202 150 377
297 154 399
260 174 367
267 230 381
204 241 440
243 184 396
253 144 398
265 213 446
234 159 425
267 181 443
216 168 455
249 159 429
257 219 456
210 198 430
269 168 385
283 227 382
213 214 445
225 177 463
264 179 391
281 217 407
248 208 392
250 173 375
274 161 411
224 214 389
232 193 419
298 225 405
289 152 396
293 209 464
245 226 384
221 150 448
271 199 396
215 180 428
212 189 455
230 190 416
272 203 400
269 217 435
288 205 457
256 242 389
236 211 380
256 222 450
276 158 396
259 145 467
238 144 370
276 227 417
242 208 377
234 174 407
281 213 371
255 223 406
285 223 443
247 207 460
283 107 -31
225 121 16
235 73 40
245 60 59
237 58 -27
270 102 -35
220 94 19
253 102 26
219 62 -14
254 127 53
233 55 57
271 79 55
260 116 58
281 118 12
259 54 -30
261 111 53
289 74 12
227 51 36
303 60 58
224 33 3
279 130 1
250 45 28
262 62 -5
245 122 -13
282 121 -30
224 128 -21
262 122 12
268 122 54
297 106 1
281 98 -32
251 122 9
250 46 25
236 76 -17
222 38 25
308 118 -4
300 33 -1
250 62 54
309 83 50
292 122 -14
239 78 39
315 88 7
280 53 25
299 61 47
237 54 -21
303 57 10
228 88 -22
313 130 19
261 95 51
258 77 1
271 87 1
269 109 34
279 107 3
252 44 -26
277 102 -14
305 102 11
239 58 40
236 39 4
311 62 4
221 44 -11
294 60 19
305 76 20
239 69 53
257 64 -28
249 82 59
249 98 26
252 69 28
241 101 -10
282 87 -23
295 121 52
241 94 -34
265 121 37
234 88 -12
309 47 47
303 109 53
309 39 43
221 68 55
274 33 -2
287 94 1
312 69 -19
234 45 59
2 159 511
-2 223 450
42 199 517
-21 154 529
53 178 484
18 237 482
2 176 479
-20 183 441
-15 219 447
47 244 437
59 187 437
5 233 438
56 231 491
68 164 438
-4 195 440
-25 166 462
18 224 470
19 243 468
3 203 435
-13 152 507
58 181 482
-24 245 524
-8 222 496
-28 173 466
30 194 452
33 162 504
15 209 459
19 221 528
-7 235 497
0 196 501
26 170 521
56 231 460
39 242 436
52 176 447
1 244 473
11 234 471
24 155 531
14 248 520
-20 160 435
68 211 438
60 151 527
-17 156 464
54 241 480
56 209 472
-9 237 456
7 242 532
-22 149 436
-13 169 476
-22 243 477
54 178 502
12 186 448
-26 240 474
-25 161 435
15 190 470
19 160 464
51 197 512
-9 218 467
-12 217 455
46 239 495
-10 191 527
-18 217 453
-5 181 519
7 204 465
-24 149 445
45 226 442
42 199 469
54 226 494
-28 161 490
34 236 435
14 229 491
28 210 513
-16 238 529
0 183 498
43 236 530
58 232 439
67 159 503
16 247 531
-12 212 438
70 162 511
54 220 489
307 134 319
371 150 256
322 143 318
376 78 240
359 121 303
359 118 265
332 135 234
393 129 327
381 156 306
315 88 258
321 158 261
306 88 291
379 108 278
342 95 285
324 84 279
310 110 279
389 90 295
336 133 247
302 103 243
370 106 242
311 89 281
336 128 324
346 159 276
400 70 244
308 68 311
396 74 316
302 162 305
322 122 242
339 116 300
330 112 255
334 86 279
304 69 280
393 62 281
347 119 257
346 116 247
352 88 283
387 128 319
347 95 282
327 79 239
369 122 272
349 133 241
338 75 313
344 117 262
390 62 296
326 102 263
322 136 273
322 113 236
397 130 295
347 113 260
306 153 323
330 126 268
352 85 310
394 118 248
380 86 273
344 130 272
347 111 302
324 134 328
384 112 282
305 138 252
394 64 317
383 119 245
345 133 237
334 131 260
385 117 239
388 100 246
338 139 276
394 104 298
334 114 231
372 93 298
394 76 264
389 66 280
335 100 269
321 87 329
316 62 327
300 127 258
324 100 314
326 62 292
335 98 299
356 122 329
332 72 281
