159 403 271
245 447 286
167 443 295
163 443 315
213 435 284
202 439 244
227 392 334
161 403 299
164 465 313
161 477 342
197 463 272
219 442 315
246 473 267
251 481 293
213 413 279
252 417 308
214 426 338
237 475 293
210 456 301
193 392 337
181 420 309
186 418 270
207 385 290
222 428 311
170 484 319
251 450 245
214 452 290
229 458 295
216 426 270
175 396 261
200 418 309
230 444 251
168 408 323
157 463 261
169 435 293
157 421 298
154 476 256
217 435 322
217 388 243
172 386 292
163 448 248
222 405 337
169 403 273
235 388 283
214 403 256
168 384 311
179 428 261
225 415 308
200 472 322
249 437 247
195 470 336
170 406 260
219 423 265
252 456 269
164 483 300
169 430 253
157 413 325
235 445 341
250 410 318
177 426 275
237 422 303
220 443 304
177 455 314
248 423 295
249 416 282
185 480 342
207 453 312
207 387 271
248 427 263
196 454 312
220 484 265
176 419 301
235 396 291
175 442 268
181 403 302
191 419 255
227 471 261
178 441 276
245 408 339
244 427 324
205 456 266
223 434 263
202 429 285
179 443 281
224 429 325
158 472 249
184 393 317
156 399 299
164 480 329
184 419 341
216 419 292
229 390 266
160 395 308
232 394 275
177 482 291
222 440 246
195 478 339
156 392 271
226 412 303
240 457 243
474 95 495
467 34 495
470 15 501
479 70 494
401 41 424
486 85 439
454 10 440
431 14 422
456 53 506
422 85 410
441 67 504
469 99 435
479 21 454
406 103 414
472 73 488
476 49 439
455 72 506
422 41 450
442 69 448
415 63 443
430 21 423
425 60 408
422 34 504
438 18 439
413 105 433
422 22 467
458 20 444
417 109 442
485 106 434
399 83 498
403 65 412
472 68 427
418 68 407
389 30 456
462 86 499
440 15 463
394 43 472
406 14 451
459 50 489
448 17 415
429 105 439
430 107 410
396 110 450
431 58 429
476 18 490
441 77 500
486 16 418
396 49 413
458 17 474
429 57 481
406 14 498
400 83 414
425 107 414
397 107 434
392 63 407
444 67 438
404 10 467
413 58 490
430 77 414
454 29 419
467 18 487
429 62 489
422 42 435
476 44 426
400 71 450
456 14 444
443 25 416
425 81 470
447 31 413
432 85 495
474 37 500
409 68 458
432 87 504
449 49 412
475 28 420
483 74 440
404 28 501
425 30 473
475 56 481
434 93 410
426 56 473
443 87 411
393 38 460
438 27 477
428 102 471
464 104 459
455 37 448
437 106 418
418 49 407
434 32 415
414 109 413
446 29 407
448 46 504
433 69 471
446 51 480
414 50 435
488 74 473
446 102 410
404 65 412
462 106 500
91 373 368
43 401 443
103 349 436
122 314 417
90 333 417
105 388 364
59 321 450
89 399 431
107 392 416
87 343 412
92 386 410
65 331 396
121 322 440
52 339 354
118 333 393
73 313 445
86 341 368
73 343 447
113 406 393
104 313 410
50 315 360
117 383 421
46 366 450
97 335 363
59 350 371
89 314 420
133 354 371
56 382 375
82 395 357
35 355 389
65 381 369
117 352 360
50 344 368
88 329 404
94 373 382
88 349 415
45 395 358
132 409 420
94 371 418
67 348 409
80 338 399
59 363 375
73 382 421
70 372 409
121 346 359
115 372 446
122 309 363
83 333 432
113 356 446
87 365 442
38 369 392
67 388 435
80 361 422
134 312 434
48 406 397
69 323 407
96 360 424
81 386 351
73 348 449
115 380 431
83 342 404
94 400 358
56 351 381
104 388 396
67 378 417
50 323 372
67 318 443
128 398 380
120 381 446
58 371 403
52 388 436
53 326 367
48 341 414
50 315 351
121 380 362
81 397 416
65 318 434
109 321 358
105 312 379
53 319 399
105 398 378
41 342 411
120 358 362
86 405 435
60 343 370
127 311 358
85 373 441
113 390 440
49 409 389
103 312 447
104 328 398
120 375 435
122 323 431
87 377 372
60 330 433
53 316 387
85 335 451
65 322 447
38 373 397
107 329 358
383 347 161
353 324 168
320 360 176
328 279 203
385 340 134
362 273 163
310 309 109
339 332 139
375 314 196
310 307 134
338 282 114
296 334 164
324 343 185
320 288 181
382 357 147
296 330 129
379 301 147
374 298 169
366 332 114
332 330 160
383 302 163
299 299 170
345 295 142
340 267 124
323 359 129
384 357 143
326 337 148
332 275 132
365 325 175
359 315 162
387 338 198
309 361 202
374 351 110
332 291 179
311 293 182
362 359 181
391 284 200
358 310 162
346 280 167
302 338 158
330 342 182
324 330 121
370 314 191
332 327 175
358 326 123
361 365 146
302 312 171
331 296 199
312 298 140
365 343 122
336 342 136
291 285 141
317 321 200
352 339 158
358 270 135
361 358 130
355 348 127
307 321 128
296 326 149
292 359 190
342 267 146
309 365 153
382 333 109
333 291 195
369 318 166
315 339 159
372 330 122
326 340 112
353 327 196
363 322 174
307 340 160
382 323 136
331 334 142
309 358 199
316 275 115
323 334 147
391 278 142
308 282 115
391 337 144
373 292 133
329 342 132
307 271 172
389 281 141
356 317 137
318 288 158
387 267 120
387 344 187
361 286 182
327 284 191
359 325 120
302 271 162
356 318 204
296 267 196
354 313 175
371 310 163
380 309 133
298 357 156
331 272 169
333 286 176
341 336 194
270 271 34
214 253 53
237 281 2
198 261 64
194 302 26
237 266 32
273 285 42
193 264 61
250 299 30
198 246 33
190 287 61
226 214 -9
181 307 29
198 260 50
198 297 18
274 269 59
219 259 -6
253 283 56
206 299 24
251 235 29
231 249 43
277 307 26
267 233 5
177 265 51
250 262 60
221 293 29
239 299 59
269 293 14
226 265 14
270 303 49
272 270 72
190 285 25
273 220 79
274 244 62
239 229 14
214 217 47
208 224 79
210 221 55
229 239 21
259 235 -17
257 286 -5
232 285 15
227 253 41
263 218 18
262 211 63
185 219 44
236 282 24
187 255 47
204 259 -14
276 253 24
234 288 53
243 237 67
252 273 33
198 252 77
259 253 9
224 217 6
261 225 -1
264 243 33
190 287 75
220 255 25
207 298 3
238 219 1
236 292 6
215 302 10
192 295 24
219 230 39
178 307 40
193 270 35
261 285 45
215 229 36
273 268 46
236 231 64
272 214 -9
185 300 17
219 274 -16
258 253 76
258 222 -15
223 309 37
239 305 53
229 247 31
271 238 -2
227 267 8
179 304 28
259 240 66
232 302 15
190 307 -6
220 221 67
212 269 55
181 217 2
271 288 21
197 282 20
246 243 75
214 222 69
227 231 -15
201 300 51
222 306 -14
198 256 63
272 270 30
254 274 -5
243 286 74
115 -23 73
83 51 -16
173 25 67
113 60 5
107 -13 61
114 32 8
85 48 -15
127 -19 13
161 3 3
161 44 27
151 -33 4
139 -10 9
161 -27 -1
160 51 4
121 59 20
132 7 16
156 63 -3
120 19 22
97 10 34
110 51 -18
88 48 -24
95 40 20
102 60 20
118 -16 34
114 -5 13
132 33 -15
166 8 22
173 4 6
91 49 16
104 43 12
134 2 42
177 37 17
91 2 42
159 12 -16
165 50 -3
96 58 32
137 55 14
157 53 55
143 -10 37
156 -14 18
148 60 40
154 49 40
111 22 39
121 -31 51
120 17 18
102 36 -15
113 -6 -15
145 -25 42
113 -20 65
94 5 -19
169 21 24
100 -11 8
174 9 54
145 -8 35
107 -33 -2
150 58 -2
143 57 16
93 33 64
88 -29 3
122 0 -21
139 13 20
178 27 22
148 -4 -25
105 3 55
166 41 17
96 32 68
127 50 31
144 -4 62
116 53 -7
148 53 13
132 -27 -21
126 -36 4
83 29 33
144 -37 -8
173 -19 50
171 6 67
131 15 -4
114 55 12
127 -1 23
109 28 38
119 17 2
125 -33 37
174 7 20
167 -28 49
148 -30 -5
89 16 14
175 -20 24
96 45 24
175 -20 46
156 29 66
130 55 15
177 8 67
183 -17 56
97 -34 60
172 57 1
120 50 10
131 12 60
129 -35 18
163 48 23
119 -18 58
222 203 102
236 186 152
259 151 88
221 129 138
185 120 125
243 179 88
224 182 149
179 166 130
236 201 114
237 175 175
208 143 102
192 113 152
248 137 177
198 130 128
264 135 168
220 114 161
244 128 128
190 157 98
223 149 118
212 206 146
187 191 105
178 185 140
244 184 155
240 169 139
257 185 169
270 122 103
189 182 167
216 160 169
193 164 164
200 207 157
270 128 129
274 193 103
252 187 178
211 189 160
197 202 117
191 177 147
229 205 119
253 111 173
221 176 140
246 123 99
219 180 119
254 128 111
274 200 178
194 191 123
257 194 166
268 197 175
197 151 152
278 167 101
258 134 165
180 155 131
190 198 87
221 119 149
219 117 92
189 135 89
225 114 109
262 143 92
195 120 158
223 113 157
182 146 128
182 193 147
269 193 143
220 126 173
233 178 115
204 195 159
246 128 101
206 143 95
268 156 82
196 150 79
250 109 136
203 198 165
193 115 98
207 192 120
272 136 88
211 172 179
245 204 152
259 195 126
180 201 91
263 146 134
253 176 146
205 118 132
278 192 162
233 198 154
235 115 172
238 121 90
272 125 137
215 109 149
229 180 127
238 146 136
240 109 173
194 122 79
240 113 119
203 151 129
222 157 153
198 200 105
267 200 89
228 157 176
227 133 137
205 142 145
230 172 124
248 184 92
178 226 265
145 288 306
125 244 237
182 281 306
155 216 281
133 210 320
88 269 251
172 285 291
111 232 304
150 205 270
186 230 244
104 207 236
124 291 285
141 220 299
138 270 282
126 240 281
89 250 303
145 222 255
174 262 307
158 249 327
117 209 287
153 221 328
143 229 233
89 239 266
186 212 286
180 222 312
103 218 285
151 293 324
130 249 288
104 207 241
182 223 323
167 197 236
140 250 264
107 243 229
90 265 286
110 221 327
91 272 258
114 284 247
138 221 232
165 255 322
97 237 283
174 234 288
164 275 309
148 229 308
171 204 287
106 258 234
140 233 249
118 270 286
178 290 252
100 203 253
87 211 248
119 212 316
145 266 283
171 274 283
143 225 259
123 290 286
140 287 297
136 292 289
104 284 229
131 219 300
182 268 302
187 265 253
150 214 252
161 202 274
120 271 278
167 211 302
98 264 265
131 236 316
155 258 292
139 202 295
152 282 238
138 255 302
137 201 243
173 236 235
105 244 298
144 251 284
108 269 264
165 243 239
185 199 249
107 214 322
169 236 295
89 290 270
182 241 257
173 211 322
104 245 275
125 290 233
125 242 235
95 236 281
105 205 239
185 282 277
145 223 267
98 201 249
123 233 295
87 217 240
102 221 255
130 246 258
92 290 275
107 241 304
179 201 242
147 297 325
396 258 233
351 301 313
436 320 315
343 307 248
379 342 264
436 266 319
420 269 244
426 323 312
394 277 283
429 247 251
433 301 313
377 247 253
419 342 297
435 334 234
416 324 314
428 286 259
393 305 266
377 284 286
421 253 245
342 262 284
391 319 266
362 265 230
407 261 318
399 310 316
354 283 251
408 274 261
384 265 316
434 291 308
361 273 285
381 313 234
431 344 255
369 328 298
426 278 249
358 255 237
413 252 271
361 270 240
339 250 304
413 295 258
394 267 242
417 256 285
384 331 272
429 291 250
342 328 309
395 325 272
430 335 289
349 303 226
400 247 248
376 267 233
401 326 274
428 283 319
363 304 246
376 328 227
359 246 265
436 289 249
370 247 307
395 299 242
381 330 225
361 310 297
406 331 293
348 323 290
342 268 282
384 271 276
374 249 293
351 333 278
386 314 305
421 277 262
383 297 228
394 310 306
431 268 318
436 282 235
404 266 225
352 307 255
345 313 302
350 289 222
384 272 267
392 323 245
340 337 279
369 253 306
428 329 243
397 254 267
379 271 270
427 279 276
430 256 225
338 339 314
411 257 297
383 321 252
341 280 231
346 302 286
350 319 303
367 328 295
341 338 274
343 255 292
411 325 251
337 277 265
371 266 285
366 315 230
369 251 295
369 318 291
348 311 251
430 313 255
172 34 80
181 39 115
209 -45 68
206 -29 25
220 -25 65
225 16 89
171 -38 29
149 28 85
152 46 113
193 16 81
155 -25 76
188 43 76
225 31 59
219 18 64
147 -4 23
170 -1 89
196 -49 51
188 27 84
151 23 89
150 -32 44
188 22 90
147 -49 63
191 -3 21
133 -17 24
225 39 54
162 -39 110
169 -12 41
206 17 87
218 12 25
202 -34 107
218 -29 71
184 -46 74
218 -9 58
182 10 53
188 8 56
199 -30 52
139 33 59
202 -47 100
197 -18 115
152 18 31
193 50 97
210 38 45
222 -7 95
176 13 97
132 -13 44
198 26 87
168 -4 30
198 1 44
135 39 97
158 -32 42
203 -49 96
128 19 93
155 -26 85
221 -46 19
141 -35 29
157 4 85
209 -2 89
219 -48 41
151 -31 26
219 -7 50
223 34 105
147 50 18
145 46 114
197 47 90
192 36 101
198 27 79
137 -17 105
152 -34 107
149 43 114
228 -4 66
189 -21 81
211 24 109
136 -5 63
177 -31 40
193 41 36
129 -48 19
146 47 59
191 33 53
161 -34 116
216 -31 86
153 -31 85
222 24 106
198 12 69
192 19 34
135 -11 71
174 30 113
170 29 60
170 24 109
198 44 77
158 18 49
160 9 34
182 0 115
185 38 65
219 37 95
228 -9 19
223 -48 39
202 -8 39
142 -28 43
187 -46 28
158 -41 17
140 60 419
181 46 413
128 26 496
134 63 403
133 23 485
109 32 459
102 71 438
98 59 398
112 73 416
121 27 438
137 24 488
143 36 483
109 1 465
176 -4 455
101 78 461
149 13 456
136 66 434
150 22 434
105 65 486
132 18 487
178 36 454
165 -1 450
192 46 420
135 58 451
192 0 436
120 3 441
147 11 447
189 -6 414
190 10 411
164 28 408
124 87 446
110 25 492
117 26 456
187 85 430
158 14 443
133 8 454
136 64 497
170 15 435
99 30 403
108 49 474
147 1 417
116 65 404
145 -2 494
109 9 429
174 76 420
121 57 423
104 5 420
126 70 404
156 75 420
132 -2 478
160 1 441
142 49 478
121 41 439
95 -8 461
106 1 399
132 74 410
107 59 446
99 56 493
141 54 422
183 15 444
110 80 436
164 65 429
119 41 496
153 9 456
145 -1 440
108 -3 412
147 63 413
187 88 448
130 57 484
174 25 439
186 42 478
120 79 492
186 64 493
177 17 450
149 34 412
102 8 405
131 29 442
194 69 460
102 42 416
105 14 444
165 -8 456
121 22 416
131 47 496
188 44 455
119 16 430
177 -9 398
174 39 433
99 20 471
166 20 486
194 15 426
137 20 476
164 67 488
101 24 496
176 28 463
120 88 439
146 1 474
96 24 432
133 -4 471
193 42 473
190 -2 488
168 10 106
207 4 120
223 -11 37
183 15 73
235 -12 90
163 17 131
158 28 116
199 -46 75
158 -10 114
222 43 80
226 -26 76
219 -10 89
228 14 128
196 46 32
235 -5 91
165 48 37
204 -42 110
177 43 83
193 10 35
179 31 127
218 17 71
209 22 87
175 -45 52
200 38 58
200 10 97
236 42 102
192 2 130
175 -24 126
229 -30 51
165 -34 44
183 30 72
200 27 73
181 43 90
225 -37 39
237 34 46
236 46 46
238 14 80
207 25 98
181 -33 118
205 7 57
191 11 79
170 37 35
170 -17 43
222 -40 101
173 -47 53
231 8 124
179 -9 47
208 44 85
242 15 68
161 -36 108
174 -2 39
246 35 130
241 -48 91
151 -49 57
163 12 46
237 -25 47
206 -12 96
238 -14 73
241 17 132
221 47 52
209 9 69
201 38 32
225 -46 115
243 -38 81
176 13 127
185 -31 64
217 20 38
158 -16 58
162 31 74
198 -44 52
249 -31 110
243 41 127
203 -41 82
192 -18 46
241 41 117
185 -43 122
199 -33 45
217 28 91
226 35 100
200 -11 97
218 -25 131
169 36 38
156 32 92
210 27 61
155 -40 50
219 -15 79
230 -7 69
212 30 120
188 -16 79
209 -36 79
149 -12 73
199 -34 97
187 -14 58
177 -33 62
235 -3 94
178 -2 43
249 21 36
240 51 107
215 -2 57
154 -12 36
250 -2 431
281 52 413
310 9 417
221 37 441
261 47 347
216 -3 418
285 11 358
295 10 440
245 -19 363
230 57 350
293 -3 410
224 6 357
226 -5 344
308 47 418
276 36 418
218 -20 417
213 23 403
264 40 425
266 32 392
285 29 364
246 44 375
265 21 349
296 -12 364
280 -19 367
243 -6 351
237 61 375
217 53 352
230 -19 357
230 2 344
290 64 400
284 12 387
272 19 391
241 74 344
246 52 428
295 58 428
274 71 342
234 -3 382
237 48 404
273 -17 379
239 60 433
235 8 354
256 -9 342
243 -18 378
261 -4 382
248 0 397
234 31 409
276 75 384
252 -18 392
295 6 364
271 21 387
266 15 348
238 35 376
254 6 411
307 13 372
225 66 391
304 4 362
266 7 415
220 29 386
247 38 392
255 43 383
269 20 398
303 24 409
225 -2 380
247 32 375
279 68 342
266 54 424
233 56 402
222 -16 426
284 12 411
259 3 367
233 54 365
229 46 342
263 19 439
212 10 433
228 20 357
282 46 400
297 56 377
255 -17 416
272 60 383
297 16 406
299 -8 385
308 -5 402
236 -1 438
269 -25 374
225 53 380
282 42 383
306 40 440
308 53 358
234 12 405
307 30 396
270 34 437
255 -10 375
288 67 432
287 60 352
277 58 397
212 38 416
235 -10 372
268 55 374
258 47 381
222 -8 345
475 96 91
416 110 106
473 71 96
470 58 111
456 59 87
419 65 68
432 21 66
470 110 85
470 72 94
487 37 123
422 27 110
437 51 31
475 110 64
465 79 66
472 102 113
489 95 51
510 113 93
470 60 117
477 83 75
452 32 53
442 38 34
446 98 45
469 29 27
472 75 91
506 36 108
479 105 122
505 47 46
486 53 97
487 58 120
453 55 62
495 36 43
427 30 47
499 95 123
433 72 86
460 55 29
479 84 50
442 85 39
427 97 73
503 71 107
510 74 118
424 36 89
493 101 56
510 102 54
464 79 77
415 61 64
492 54 53
446 98 54
436 17 24
475 70 55
505 65 120
490 42 99
451 79 60
476 20 50
492 80 52
489 95 112
486 74 24
468 73 54
500 81 32
457 106 78
505 62 41
419 90 122
419 30 103
451 59 48
486 113 78
424 60 28
488 55 111
435 66 59
430 59 43
421 99 72
478 81 55
448 47 73
493 106 80
427 67 76
467 81 86
493 19 102
464 73 29
423 24 96
446 43 84
499 13 31
419 30 89
472 69 85
484 50 71
460 44 31
415 86 37
462 93 41
477 63 56
495 54 51
501 34 26
449 112 59
420 87 81
413 42 99
511 111 78
449 60 39
475 112 63
462 84 111
452 19 26
466 75 103
499 49 53
479 85 54
458 108 34
398 99 441
413 49 440
388 97 439
411 104 458
440 85 513
443 52 513
432 94 518
405 126 439
436 84 432
444 44 472
433 117 492
439 74 500
454 128 420
441 130 486
458 65 502
431 80 446
417 120 431
406 41 466
444 100 451
470 124 467
428 69 454
423 78 459
445 68 432
446 55 498
419 68 503
413 79 500
473 76 502
404 65 481
458 83 451
463 39 451
430 81 463
461 56 492
450 60 445
412 74 475
447 111 475
449 65 518
477 101 429
434 74 429
442 38 495
426 67 509
449 38 518
392 36 481
463 102 494
443 93 428
457 127 500
449 109 497
401 101 479
464 104 438
408 103 462
441 95 438
419 53 453
443 111 480
386 121 443
457 115 451
407 44 464
474 78 518
409 125 448
431 127 449
400 77 433
408 117 437
446 58 491
476 107 518
448 82 483
438 89 492
413 34 505
403 90 502
428 35 430
405 128 434
417 37 504
442 72 517
466 41 493
423 131 470
468 98 428
444 58 468
457 120 497
396 54 493
461 89 506
424 52 459
400 106 432
428 55 463
383 79 452
432 106 475
410 106 439
473 103 468
399 71 420
395 122 497
478 84 503
425 65 482
401 48 466
398 104 436
459 93 451
466 77 509
479 101 498
419 56 460
480 82 442
456 63 479
403 60 477
442 126 519
463 36 455
396 132 470
193 84 177
113 135 119
154 150 213
97 79 158
189 106 218
137 84 125
99 123 193
184 150 152
169 112 119
182 122 151
124 66 131
164 112 148
181 128 215
164 122 142
155 60 136
178 153 192
124 144 181
119 112 164
127 93 136
181 102 205
193 140 173
144 68 161
195 129 215
158 152 179
186 83 206
161 70 211
160 148 121
107 129 149
116 136 217
99 117 181
117 92 182
183 159 207
189 105 189
124 124 197
173 121 154
108 150 144
159 118 178
180 101 137
136 61 131
161 69 134
110 62 128
116 84 208
184 156 132
121 143 126
162 63 157
167 86 176
152 124 206
175 156 130
97 79 175
137 96 203
114 119 143
146 90 169
127 76 199
117 154 200
103 122 156
138 132 191
109 81 124
125 88 134
138 101 194
168 142 135
137 149 174
119 132 138
190 109 195
183 100 123
197 100 219
187 92 136
177 71 186
98 85 144
155 74 212
142 121 163
175 112 158
136 83 174
150 143 199
113 142 197
183 117 163
151 115 198
112 91 162
100 79 185
114 66 148
163 149 191
161 149 215
117 92 213
131 59 180
164 123 187
182 87 133
139 108 172
197 65 183
165 137 198
143 89 154
110 70 170
113 149 161
192 122 196
136 98 159
190 130 182
120 105 217
171 123 161
108 87 150
153 101 219
189 97 119
153 107 216
91 305 353
86 339 400
47 325 429
107 292 368
79 382 396
84 322 405
30 291 347
49 364 342
37 307 386
55 329 389
90 366 392
65 338 364
47 318 392
44 321 372
55 383 435
37 360 373
120 312 378
36 370 408
124 346 365
92 333 357
80 363 346
116 371 340
79 370 385
43 294 345
72 389 372
57 356 414
52 321 420
116 348 383
65 365 357
38 379 343
30 314 407
40 309 423
89 352 433
112 342 434
45 291 370
92 354 347
102 380 377
33 305 417
128 337 358
117 348 343
107 323 410
64 291 439
75 318 361
50 363 390
81 293 382
30 375 424
63 346 395
43 349 406
78 375 345
41 318 402
102 381 439
40 361 417
116 333 431
59 356 342
76 372 368
71 296 380
72 364 352
123 355 368
128 296 378
94 335 428
111 378 414
42 324 437
126 343 397
83 344 396
107 366 391
36 349 406
58 387 421
118 305 439
121 311 356
95 386 341
45 342 425
92 306 365
71 322 350
121 338 357
39 332 342
45 311 432
43 308 387
81 342 365
53 311 423
57 322 362
68 379 356
124 374 372
76 389 395
78 368 353
45 346 397
60 350 343
118 360 349
110 352 377
61 336 346
45 317 370
104 364 387
33 362 408
94 362 430
102 334 420
102 363 349
47 307 373
41 365 440
66 360 344
60 372 438
59 362 400
126 295 340
94 233 283
113 304 333
140 322 284
53 303 299
61 311 352
121 242 306
80 247 304
100 285 308
48 306 346
116 306 334
78 287 272
102 270 279
145 324 270
106 326 330
119 304 319
60 312 330
79 314 326
79 232 296
121 290 364
119 319 295
68 299 284
72 284 355
94 263 333
114 255 361
79 302 269
119 251 270
83 306 359
126 242 303
59 284 332
66 256 318
106 268 323
60 262 327
81 253 342
127 283 363
58 321 351
53 267 345
51 254 270
63 257 271
141 234 321
83 251 294
71 231 282
72 276 317
46 261 268
101 315 333
95 302 307
116 241 333
144 291 281
75 242 349
120 280 365
85 268 339
122 230 293
80 248 340
142 265 345
140 287 296
135 300 316
105 258 322
74 279 310
84 318 346
83 260 316
73 280 346
128 282 299
129 313 335
116 238 324
117 292 363
68 269 272
102 311 333
63 259 349
115 310 299
62 256 275
79 272 338
100 293 332
56 317 352
84 307 351
133 330 269
145 320 295
112 250 364
68 281 307
132 274 365
80 262 284
47 248 345
76 299 295
100 233 357
67 282 300
122 311 292
88 324 329
134 316 287
107 263 306
65 310 291
137 307 304
81 264 350
127 286 299
103 291 283
144 320 308
75 319 360
61 283 279
105 309 331
46 310 365
114 284 277
47 262 359
301 502 4
292 509 -7
295 472 6
314 503 -39
270 487 3
314 446 -23
293 509 -3
333 527 -23
316 511 -27
255 458 48
329 478 -27
311 479 -31
266 461 -21
249 518 -27
264 456 53
292 458 28
307 501 54
277 508 21
316 526 44
334 459 35
254 497 -4
314 466 -42
272 535 -38
290 509 -38
325 491 -21
276 475 55
279 451 -42
246 538 -18
295 509 -11
339 505 52
262 539 16
340 468 42
287 532 -40
334 507 41
306 487 34
289 485 38
307 466 1
322 463 -23
295 503 37
305 538 20
288 479 45
249 528 -25
302 539 -40
290 450 -28
293 526 24
274 522 0
260 507 -25
308 514 -19
270 526 29
304 445 32
248 494 8
291 440 -17
281 533 52
292 516 31
286 498 16
306 479 12
268 524 -24
304 506 -39
263 489 49
245 455 51
277 524 34
304 512 1
310 479 22
263 473 -9
266 508 40
277 514 -21
260 486 -12
292 533 -31
345 500 5
308 491 -15
276 458 3
254 449 4
266 451 21
257 471 -15
281 515 28
301 498 -7
288 464 30
302 528 -41
271 462 -32
255 446 24
322 473 56
320 456 -41
293 519 -30
278 533 -26
245 524 30
300 507 3
327 447 -41
277 447 40
330 452 28
293 481 -10
276 533 13
248 462 -35
306 469 17
309 462 50
250 454 18
303 538 47
308 503 -18
321 476 44
296 512 -34
294 453 46
322 255 225
248 224 243
337 206 215
257 230 253
302 205 252
345 249 186
307 207 186
257 209 195
277 202 209
277 237 217
326 208 243
276 249 226
310 256 257
275 176 158
311 190 206
292 164 250
333 202 254
268 168 234
340 174 175
326 216 243
328 240 218
323 208 245
343 170 251
305 249 241
286 249 237
339 216 251
308 168 222
310 167 218
281 197 199
326 165 237
292 201 213
252 170 162
297 245 176
319 168 244
314 225 233
337 262 227
326 239 255
283 241 247
310 204 233
254 249 246
280 194 159
290 222 232
340 182 246
276 164 235
307 226 223
262 178 203
294 253 169
325 257 189
320 233 158
298 190 184
256 222 227
318 235 219
325 175 244
298 242 169
301 225 224
284 197 159
284 207 197
338 258 257
276 230 242
335 163 226
297 222 168
335 175 230
291 238 253
313 233 211
314 224 220
344 209 207
341 241 228
280 222 203
333 210 249
271 191 206
316 215 249
294 241 209
295 238 198
319 233 162
314 219 190
286 181 234
252 206 208
274 215 236
252 203 223
275 230 163
272 238 217
330 230 192
280 237 223
284 261 216
265 230 231
295 256 206
342 189 240
323 193 221
255 196 207
252 185 208
305 201 240
324 190 179
284 172 256
260 208 169
316 254 201
282 201 185
310 203 228
268 225 235
324 190 232
288 233 184
53 391 198
99 367 286
30 413 242
9 430 291
84 438 266
92 434 238
66 365 223
46 413 229
75 401 244
4 368 249
16 424 290
71 434 231
53 388 216
11 353 220
97 362 255
18 406 192
22 399 255
93 376 267
8 374 193
57 396 253
75 438 210
99 367 192
5 413 276
48 356 262
84 396 211
76 389 193
15 417 206
68 374 229
24 389 251
8 378 251
46 424 288
86 415 198
87 345 203
48 393 241
58 364 200
61 369 271
77 396 204
7 367 231
82 432 204
77 354 215
62 365 213
5 369 247
15 393 278
66 401 194
65 439 282
66 406 250
93 425 237
37 361 224
4 353 260
28 429 216
54 432 238
96 377 276
24 435 223
68 352 273
38 352 196
89 429 212
21 384 259
69 360 291
84 339 265
81 363 287
31 402 237
97 413 206
12 415 271
66 358 215
71 427 259
7 414 241
70 407 216
68 412 233
6 387 275
81 349 202
90 410 275
27 433 246
40 388 206
35 385 291
90 362 197
54 420 228
77 421 225
22 420 225
36 394 266
47 410 208
51 356 266
55 411 214
89 339 261
46 388 266
52 345 281
84 431 227
92 406 244
24 438 209
46 439 238
59 396 207
84 434 291
43 346 192
102 362 251
73 352 234
91 359 231
45 421 271
6 353 256
24 405 241
64 359 270
24 389 252
99 356 88
140 343 102
78 329 60
146 388 85
146 342 116
94 368 92
145 421 68
150 382 49
146 335 102
122 357 47
73 346 36
116 416 57
141 348 122
118 367 121
136 397 110
75 371 41
135 415 81
84 348 95
119 415 129
83 335 67
148 355 125
103 391 50
163 354 101
106 400 129
153 386 103
90 408 46
127 361 134
116 338 124
146 375 73
139 422 47
151 358 132
108 397 48
125 374 77
124 360 104
152 383 59
74 377 122
108 374 95
71 400 80
98 349 64
107 411 120
116 356 74
148 334 38
169 376 51
166 362 40
79 357 132
74 344 135
103 353 97
73 330 106
100 346 40
159 325 126
107 360 130
164 411 36
136 410 42
128 425 117
152 413 36
168 424 126
76 387 105
114 359 84
166 410 80
98 354 58
92 419 44
123 425 69
112 375 38
98 358 101
165 423 124
107 353 47
93 411 89
108 334 123
124 377 100
137 341 48
79 388 128
164 351 43
76 425 92
96 403 38
160 339 71
149 365 118
154 411 55
140 378 88
132 361 135
158 395 93
129 379 64
148 355 119
121 398 63
135 331 59
117 424 63
145 422 83
105 338 60
124 351 71
92 354 88
136 383 119
169 369 99
165 327 72
157 379 84
94 401 105
107 402 39
161 391 94
169 366 40
90 335 92
122 354 44
78 347 46
190 -2 277
217 82 234
241 13 228
221 6 260
171 76 237
195 23 205
227 90 264
189 58 282
174 48 260
199 -1 198
182 81 246
161 89 292
247 92 251
154 97 295
208 39 264
199 21 277
230 2 285
215 68 277
182 31 238
234 1 290
217 45 208
229 44 198
164 15 284
205 5 245
152 15 268
174 50 286
167 73 241
177 1 265
183 83 280
205 70 243
185 46 284
223 38 215
214 75 292
162 74 272
208 13 249
231 35 278
235 88 201
193 29 224
185 8 238
237 3 227
156 28 210
174 22 217
223 60 298
218 46 244
198 64 248
220 23 227
231 86 217
193 19 213
240 0 254
227 13 225
206 80 234
170 24 245
198 35 208
166 8 246
212 91 258
156 94 293
170 93 276
251 97 247
159 82 258
225 75 227
156 43 246
205 35 221
194 34 200
187 15 206
206 32 232
178 69 292
238 96 275
205 67 296
162 29 213
168 85 229
210 40 204
219 74 281
151 69 298
183 4 283
152 4 288
169 37 203
195 -2 199
217 43 253
244 82 203
217 15 211
242 24 283
250 93 209
223 53 241
215 80 259
180 3 244
248 24 289
234 39 214
247 6 296
220 11 265
210 16 298
200 79 272
188 5 255
221 68 233
154 84 262
182 59 208
203 59 271
227 1 243
173 64 269
238 29 250
222 63 233
394 402 107
461 452 64
430 431 103
372 399 125
390 393 31
445 439 56
418 478 126
430 387 72
435 442 110
376 443 89
455 477 122
371 434 92
373 460 62
439 411 109
396 401 95
376 442 71
444 473 71
425 457 38
401 407 90
424 394 120
413 409 97
410 411 84
386 416 53
386 434 87
411 465 81
442 474 126
368 462 104
395 451 125
361 454 124
410 480 76
386 438 91
410 398 113
376 405 96
393 385 117
431 458 97
427 384 96
433 429 127
429 435 119
435 391 89
436 432 76
411 470 125
408 449 54
434 472 62
455 392 29
410 405 68
366 393 103
414 391 85
412 465 113
457 435 65
437 407 112
398 414 109
390 403 87
395 429 115
436 475 107
387 441 87
395 384 61
368 407 87
453 474 105
425 398 87
430 438 55
389 444 51
420 479 62
401 395 86
384 409 68
433 433 119
413 417 121
399 434 30
379 430 93
369 395 122
422 475 62
427 398 55
404 430 87
455 473 36
456 472 107
418 388 30
431 475 66
410 435 101
440 428 80
416 465 61
416 392 31
362 428 50
370 408 107
411 396 35
427 450 127
460 479 37
404 477 107
372 420 44
403 466 59
386 439 85
402 408 118
421 476 47
370 418 55
460 418 80
389 403 30
405 431 78
429 467 94
410 452 49
371 404 86
373 434 102
438 465 109
94 64 513
54 5 508
67 -20 488
60 -25 523
104 -18 456
34 51 508
85 30 528
101 23 465
32 53 517
123 68 452
69 28 491
31 34 538
54 7 538
102 -22 512
123 24 478
59 12 498
64 17 463
73 27 528
63 34 524
95 46 441
102 57 533
26 28 441
30 8 445
57 -9 532
97 -2 521
123 62 463
40 10 443
88 67 485
47 64 490
88 -27 512
86 38 521
79 -22 497
117 -18 515
94 22 505
31 21 509
42 22 505
51 62 482
111 47 476
29 26 463
68 -13 507
42 34 525
64 13 485
45 52 504
51 -15 451
63 62 495
47 -13 474
34 -13 517
97 35 513
108 -29 493
39 23 474
96 -23 476
92 36 534
101 51 453
90 7 489
96 65 539
59 13 492
90 67 471
81 60 464
58 -28 469
25 64 490
27 15 523
89 17 539
109 -22 539
85 70 461
80 65 449
89 30 461
59 69 496
116 64 509
82 24 507
122 47 513
63 29 494
31 53 505
54 39 506
62 47 452
87 66 495
113 64 519
119 15 541
103 65 444
118 35 470
36 -28 529
44 0 448
74 40 480
36 3 509
64 46 504
41 12 491
56 17 535
95 35 509
24 -20 489
33 39 482
113 48 471
48 -17 449
94 10 443
55 35 536
97 -29 463
57 0 447
46 -15 541
86 65 522
50 -9 463
28 40 522
74 68 521
458 214 343
408 256 295
434 226 270
477 248 273
407 288 303
441 228 348
451 276 256
415 210 344
445 262 290
458 280 259
441 208 277
415 222 264
406 261 264
473 304 276
476 229 285
451 238 308
450 210 351
488 207 306
486 233 322
453 268 345
499 274 334
502 216 278
458 303 280
457 228 346
468 258 299
494 265 266
459 239 314
417 269 293
422 253 324
433 259 289
481 304 343
481 233 312
503 273 291
428 274 257
407 300 339
432 267 307
493 273 312
450 301 299
453 235 354
465 287 277
449 263 263
473 291 279
456 291 256
502 237 300
424 240 311
420 225 353
451 273 336
498 298 342
453 288 288
465 225 275
459 281 312
497 220 351
470 302 331
486 272 352
497 288 353
468 263 262
499 283 341
428 224 321
495 302 294
480 252 329
462 254 330
483 207 342
443 233 302
504 265 290
493 241 309
500 300 307
469 237 290
430 267 284
466 282 332
408 230 296
475 283 284
501 302 296
481 307 260
498 243 264
483 212 296
447 286 314
481 268 279
491 225 258
430 230 256
463 234 276
483 230 289
479 253 337
455 218 344
456 263 274
424 283 323
488 295 321
477 305 324
444 278 306
482 306 321
437 211 321
470 207 300
481 210 287
497 277 310
498 237 289
468 295 310
418 258 327
493 302 302
487 234 319
427 267 311
501 242 262
520 25 332
514 39 313
439 -2 393
427 51 394
457 8 369
518 2 347
504 27 305
491 43 306
433 7 319
467 40 402
518 -12 390
482 -17 339
445 52 349
437 36 319
428 35 390
464 79 335
463 71 349
464 -13 383
439 56 324
456 -16 378
480 -17 309
443 17 398
427 5 390
523 -21 386
465 -4 357
477 34 319
521 -20 342
467 -8 380
491 8 369
516 23 380
475 62 313
476 -10 381
462 55 381
438 60 366
448 -17 393
456 7 367
456 2 334
479 -16 386
456 63 308
500 66 320
424 -11 340
471 63 329
434 62 383
448 60 347
476 35 369
443 43 398
452 24 302
516 0 325
450 53 354
445 6 379
488 78 398
430 34 354
495 -16 338
449 -9 387
472 -12 382
431 61 396
508 24 335
519 16 310
448 34 307
436 17 307
440 54 382
451 36 335
470 0 346
449 14 401
474 2 395
470 -10 378
496 46 332
443 -18 380
516 -6 401
463 48 388
513 76 326
443 30 371
443 -7 365
440 -2 375
456 77 354
441 56 398
457 -5 324
481 -6 326
430 31 356
505 12 334
465 56 379
516 -12 376
478 73 347
449 -2 390
469 44 388
469 64 330
515 49 351
444 21 348
468 -3 392
494 77 380
492 -4 389
492 7 327
459 -21 344
468 -12 352
444 -13 322
458 12 336
512 21 396
471 16 333
517 37 400
476 51 332
276 104 105
310 73 114
350 46 114
330 66 131
317 50 60
291 58 137
351 30 82
347 59 78
330 86 143
290 98 64
294 105 109
348 109 100
296 51 111
358 103 104
334 40 64
339 104 57
287 121 73
294 113 109
329 92 86
298 38 101
313 101 71
359 53 97
361 69 94
291 33 80
322 33 121
274 70 104
323 124 133
303 33 62
284 114 82
318 62 66
296 67 45
364 121 51
339 67 45
330 91 58
291 66 96
356 76 89
366 37 53
287 79 93
292 35 73
336 68 98
299 84 73
314 76 108
294 60 52
371 49 107
351 121 135
292 46 112
280 44 92
306 64 78
298 111 86
348 116 145
291 103 109
341 74 110
278 108 80
283 124 120
333 40 131
373 31 105
344 31 125
282 63 140
304 77 79
308 32 50
334 51 134
348 101 60
303 95 132
310 105 81
311 101 126
326 124 142
276 104 132
331 43 52
304 64 110
308 41 137
289 45 118
367 115 84
277 112 83
289 77 123
330 51 88
313 113 80
350 67 47
324 58 58
293 37 68
318 31 45
334 73 92
283 41 145
288 90 112
325 124 46
323 44 116
332 87 123
288 40 57
367 33 49
355 44 117
314 43 58
297 128 109
296 90 64
319 121 73
279 51 48
372 78 53
361 54 88
358 82 49
362 76 102
327 55 121
365 77 68
131 497 40
71 518 108
88 469 103
73 533 86
137 440 99
96 447 92
118 464 65
73 490 48
138 448 78
71 468 16
50 531 19
120 468 63
53 458 58
95 440 43
121 450 47
107 526 82
136 488 68
61 515 113
57 493 76
66 519 54
63 446 55
65 444 87
120 457 67
86 448 115
52 503 106
46 455 26
40 495 92
51 474 96
53 492 45
67 526 51
102 444 18
137 510 73
48 443 95
45 451 114
82 466 75
125 466 54
80 512 61
99 494 77
124 458 92
132 471 52
82 449 33
108 439 83
89 502 107
46 504 107
133 452 109
101 471 115
139 494 93
128 510 107
116 446 43
107 490 103
43 449 26
70 509 70
99 479 62
105 513 80
96 437 115
133 487 62
140 528 106
95 435 51
80 448 24
78 450 82
67 465 20
106 529 21
102 520 32
51 472 23
82 494 30
123 482 53
114 445 43
133 452 109
62 520 22
129 524 79
114 494 109
110 496 78
40 521 33
117 528 41
99 515 102
46 526 17
79 492 73
96 524 102
122 439 61
93 497 99
85 435 46
45 494 88
79 504 55
92 534 68
113 509 23
134 505 99
47 449 97
56 507 19
125 502 99
100 506 100
79 483 94
120 459 86
43 449 79
101 482 32
123 522 81
73 482 16
42 468 85
138 511 65
133 519 52
101 464 87
252 147 135
218 105 98
256 161 125
265 201 171
261 146 104
236 114 92
220 172 103
293 165 162
269 200 173
239 125 78
216 142 104
223 159 156
213 173 134
247 171 85
279 107 107
263 175 151
248 186 125
255 191 86
294 193 86
234 192 131
217 134 163
276 145 105
265 186 83
304 122 127
226 189 172
289 123 90
255 164 168
283 126 98
300 139 112
213 118 113
257 102 98
307 101 113
246 165 165
266 175 164
228 196 124
244 124 138
300 181 86
260 181 84
224 174 144
282 159 136
307 185 100
293 192 81
215 118 165
300 174 174
257 141 108
307 149 170
218 118 140
282 179 130
228 115 114
267 177 142
216 199 139
284 197 102
282 200 150
294 103 97
267 140 82
254 181 126
257 108 125
244 140 116
262 171 152
258 102 101
216 135 109
272 142 77
227 156 167
208 193 82
298 135 125
264 175 89
236 198 146
279 153 109
226 194 81
240 152 90
259 191 83
306 107 127
218 149 141
236 191 108
243 132 100
288 113 173
255 152 144
280 119 143
245 110 145
306 141 85
214 180 171
268 194 142
236 146 167
294 147 152
243 102 152
254 188 169
252 156 86
261 166 100
274 133 156
297 138 137
244 154 123
243 177 98
274 168 130
235 136 127
302 162 83
250 116 174
299 148 89
307 101 115
265 171 161
251 171 140
-22 277 405
54 285 450
44 358 389
29 269 385
-6 273 435
-27 298 394
-16 353 454
56 314 457
50 294 383
46 266 396
-25 341 455
29 330 426
42 272 390
32 280 421
23 350 402
-29 283 455
-5 277 455
-28 362 474
7 294 394
-4 337 418
10 276 410
10 311 401
3 323 450
20 264 437
-31 305 472
42 352 378
46 338 461
-40 360 411
12 290 398
54 339 450
22 331 376
15 271 385
38 313 418
-20 265 416
2 319 379
20 317 447
-14 320 459
36 352 381
17 288 417
19 304 401
-39 268 431
4 289 470
46 283 380
40 350 429
57 349 436
16 282 381
44 298 476
-23 355 435
-31 302 441
30 283 385
44 280 451
-19 264 453
-20 267 474
30 268 396
25 348 468
5 317 405
-36 364 382
19 312 398
46 275 393
23 290 383
-13 328 469
-13 268 472
-26 327 378
-11 272 443
21 344 384
11 318 387
-19 341 438
55 363 470
11 311 452
32 265 432
3 339 410
42 284 475
23 357 395
57 302 469
38 323 440
-19 364 400
-34 355 463
-6 349 465
37 355 475
41 347 449
34 288 419
-32 349 450
17 319 378
32 358 437
-36 323 428
-30 306 456
-18 363 420
-8 279 475
12 299 440
46 354 406
54 265 426
15 287 433
53 361 406
-5 275 382
8 290 385
3 293 433
13 296 390
-6 322 430
54 326 390
-8 287 410
434 151 109
454 201 108
441 172 146
468 148 123
419 163 69
410 211 141
471 162 92
463 195 107
420 168 69
410 211 59
491 141 133
456 189 113
492 161 154
445 159 109
416 191 105
446 154 127
461 208 133
433 221 153
419 180 157
466 211 85
449 229 137
463 193 133
445 193 126
457 233 147
484 219 74
449 141 83
493 225 83
433 218 157
462 162 87
454 240 158
503 165 71
461 167 97
449 173 139
464 174 93
429 176 143
480 152 59
404 178 114
503 149 153
468 207 65
464 170 147
410 145 70
419 206 62
439 227 146
409 186 64
490 185 156
448 145 86
493 225 116
429 212 74
440 206 96
480 144 69
410 188 82
459 186 141
503 186 104
500 159 131
454 227 138
455 160 159
422 204 66
429 170 61
424 146 93
453 215 87
412 169 140
422 179 105
496 207 124
429 225 96
407 221 88
460 202 66
432 197 86
430 180 135
428 229 121
487 209 71
465 143 110
474 181 106
490 234 145
483 225 93
468 184 63
433 234 76
446 212 79
449 189 86
497 207 157
496 238 142
446 148 158
438 140 147
421 173 110
465 166 129
459 166 132
447 207 98
459 158 131
421 160 154
490 231 151
409 203 85
452 183 61
497 170 83
504 201 141
433 193 143
452 148 92
462 142 75
476 193 152
488 238 67
436 211 128
468 191 115
329 463 38
256 501 132
318 440 76
315 408 108
349 410 45
341 467 81
268 477 109
351 496 116
282 447 41
264 425 53
285 457 86
328 445 94
270 407 51
348 455 94
330 437 103
265 431 79
338 437 69
295 482 127
349 431 69
292 498 36
344 467 40
347 486 108
290 443 101
265 433 119
275 430 53
256 481 105
265 420 128
330 459 80
336 479 46
329 493 115
269 440 135
326 443 93
329 471 63
319 412 120
317 479 61
261 467 107
346 423 85
334 481 127
289 446 69
285 436 65
323 437 64
354 414 118
322 493 116
345 478 85
327 450 94
275 495 78
312 483 100
301 406 64
298 485 60
353 411 112
315 440 38
313 428 94
319 416 63
302 504 79
315 495 61
258 469 80
257 452 78
269 465 75
282 407 90
273 492 72
315 498 68
300 498 74
344 414 59
298 468 124
296 495 40
288 431 48
344 407 105
266 449 100
307 493 114
260 484 43
307 459 53
280 421 67
283 502 134
266 458 63
302 426 111
350 501 80
267 481 57
333 478 124
281 423 130
306 419 99
346 418 96
326 446 128
271 409 102
320 435 36
271 471 107
336 411 60
309 483 58
316 481 44
348 465 79
349 414 71
275 437 135
310 479 51
308 449 39
317 503 38
317 439 115
322 448 52
307 422 55
259 420 73
345 450 37
341 436 80
312 470 142
245 419 210
290 461 182
263 401 175
345 397 199
343 442 174
301 496 235
299 451 157
287 450 141
323 428 217
316 398 211
268 457 233
318 495 235
280 494 226
248 473 169
344 490 163
252 475 168
289 425 199
261 420 212
258 424 212
333 463 165
289 451 161
281 399 193
252 481 198
325 410 188
313 493 152
306 440 166
284 445 169
333 413 199
343 477 198
332 478 143
250 435 202
266 465 188
316 437 214
284 447 179
253 466 182
321 481 200
276 476 193
272 422 180
335 465 178
260 442 164
315 423 193
297 437 178
328 412 197
329 458 139
275 458 226
305 493 207
260 448 195
267 398 200
267 408 203
269 496 195
287 408 160
282 445 180
316 466 190
258 408 223
336 480 215
334 442 179
276 415 186
268 452 210
255 426 173
294 413 229
328 416 237
344 397 162
249 463 236
302 468 212
322 477 161
263 460 200
304 427 185
300 416 226
296 471 156
333 417 163
338 452 217
246 460 217
286 490 182
284 401 237
287 486 171
315 483 209
334 435 193
335 444 237
261 429 161
312 445 193
266 475 173
283 450 144
252 433 205
293 456 204
321 455 195
322 463 146
283 434 220
268 455 170
292 423 151
314 472 206
268 480 215
245 407 199
298 485 181
299 490 208
282 465 143
289 483 198
263 461 204
340 427 214
291 400 226
159 515 179
160 490 101
214 513 135
181 498 126
224 523 131
175 464 118
235 467 134
232 499 162
194 509 128
255 464 130
175 458 175
230 544 150
159 478 119
236 478 150
218 538 91
249 498 127
202 462 118
180 515 142
196 507 161
239 462 118
210 508 153
185 460 119
176 531 151
177 501 155
187 453 99
205 528 143
170 495 135
186 495 130
200 446 171
166 485 154
186 506 147
238 543 175
187 520 110
173 503 127
216 445 116
187 464 166
203 496 106
221 495 181
182 512 119
234 474 183
242 468 177
225 521 167
189 489 178
258 496 116
179 473 120
257 523 141
237 479 146
201 519 144
222 467 153
165 503 103
188 471 160
170 538 116
166 541 160
248 521 162
249 487 129
174 504 180
166 508 120
170 539 124
171 483 151
181 448 133
221 520 176
225 503 92
231 479 159
199 469 112
168 455 128
237 478 172
186 523 112
175 496 116
256 480 170
184 529 94
211 483 117
237 452 95
249 515 128
171 509 97
219 477 92
243 541 168
258 499 106
200 523 93
249 455 157
166 522 152
234 523 97
170 535 122
201 453 114
237 544 93
216 500 97
199 493 176
245 444 105
162 526 144
211 487 99
163 460 89
166 459 121
236 500 161
239 466 147
200 468 162
211 497 147
243 500 169
232 491 162
209 512 172
221 483 143
217 527 121
108 188 38
131 194 39
111 179 39
98 152 25
123 224 70
151 234 68
84 225 42
81 156 59
137 156 13
138 162 44
136 155 71
133 236 53
106 167 58
142 184 52
157 143 53
96 217 1
147 169 48
103 203 7
128 170 6
141 173 71
123 178 -22
111 173 49
107 199 -11
76 168 46
153 227 37
150 178 42
78 196 47
130 185 69
124 156 -8
137 199 20
63 145 -6
91 231 -17
81 207 -8
154 185 69
158 174 16
137 171 36
142 197 5
143 235 -17
118 231 -12
104 149 26
106 148 0
139 225 25
69 167 74
148 234 75
125 163 60
94 170 1
102 164 22
121 149 20
66 164 -19
79 216 48
60 155 54
143 217 4
120 216 34
91 182 66
97 237 72
100 184 -19
82 207 16
88 183 -14
131 163 49
82 155 20
90 175 43
120 158 -14
93 187 21
74 155 5
98 195 -20
135 227 38
62 177 30
66 153 25
63 151 59
91 144 52
60 233 43
86 204 64
118 203 69
117 186 43
75 232 50
102 157 1
99 234 65
99 154 -10
83 196 18
122 139 36
137 225 27
118 194 -20
144 232 44
145 190 73
99 233 77
99 174 7
93 165 -22
96 194 -14
137 203 42
75 223 52
103 221 46
116 177 41
131 186 68
75 168 21
85 237 12
126 173 23
125 222 -21
68 145 73
123 164 -3
151 230 7
220 170 383
295 220 348
245 197 410
251 222 402
225 197 327
243 153 400
281 177 349
289 154 372
243 167 404
238 217 334
215 167 391
275 144 328
277 193 354
235 180 350
263 150 375
226 183 354
238 147 385
243 179 330
202 173 383
200 193 321
261 216 372
292 144 337
255 219 354
237 128 364
234 127 382
226 218 342
255 207 353
217 192 334
203 125 377
227 141 356
288 152 394
277 139 391
232 188 387
297 150 328
225 125 357
209 187 316
282 151 352
212 180 404
292 133 355
210 171 324
239 198 406
276 218 355
286 198 382
233 183 329
235 167 342
235 145 400
222 188 379
226 146 328
252 141 327
234 174 371
241 145 359
259 144 346
291 163 392
283 132 322
276 182 403
211 163 374
270 142 388
207 193 317
206 207 351
281 141 322
253 202 349
271 221 399
217 224 394
210 186 362
216 221 406
212 143 341
268 156 315
247 152 339
210 179 317
206 176 354
267 156 378
275 155 409
291 196 351
227 146 343
220 140 330
246 161 350
272 177 313
269 210 328
273 133 335
285 208 402
250 151 380
299 127 380
228 205 344
203 211 403
294 223 315
296 150 347
210 134 366
298 134 339
206 144 353
282 185 391
267 136 376
239 140 387
218 137 361
214 184 383
256 188 385
277 163 343
239 206 388
239 183 355
248 162 337
266 212 409
222 311 285
188 226 241
254 302 322
165 297 271
180 256 318
182 284 267
224 246 282
161 276 324
244 230 312
208 279 273
196 303 305
184 277 245
207 282 277
202 294 278
259 226 289
188 291 314
187 298 252
197 267 263
237 258 294
199 312 236
161 302 271
249 293 289
196 308 249
230 276 278
193 301 309
178 266 318
202 275 319
258 221 294
180 250 289
190 231 316
190 293 304
191 283 303
226 275 279
167 243 283
230 240 323
236 273 284
202 286 296
216 272 308
243 267 246
221 227 265
222 297 268
243 237 251
198 307 315
182 294 289
243 279 333
211 298 334
224 304 282
191 278 322
181 244 318
189 282 291
254 293 293
245 272 321
245 313 286
242 270 286
229 243 241
164 311 246
183 296 299
196 291 239
210 316 253
168 279 302
213 254 304
209 266 267
175 234 324
179 298 331
183 306 251
197 245 241
184 260 322
201 244 332
216 314 285
253 291 318
232 223 295
234 275 325
207 298 254
255 275 288
168 289 290
193 299 329
237 257 304
203 232 305
246 244 255
260 294 330
203 302 296
169 286 272
198 218 256
207 309 240
186 239 317
210 237 298
181 235 320
181 252 263
171 237 298
218 232 322
253 259 250
239 229 292
253 266 312
250 271 309
204 239 246
216 269 240
219 304 286
256 281 270
166 263 273
257 297 277
65 247 42
76 270 73
141 330 75
103 236 20
145 332 96
123 275 104
115 312 82
65 329 104
102 314 80
86 250 22
108 308 13
132 272 67
125 322 30
83 317 93
106 298 73
78 313 73
121 290 84
112 325 73
92 289 6
124 271 52
70 329 74
49 266 20
100 245 30
86 301 88
55 240 55
128 336 87
125 274 41
96 271 61
88 318 77
102 240 76
70 296 10
124 236 35
129 330 101
124 269 13
148 315 33
122 291 20
102 308 90
129 257 85
109 292 90
81 270 90
132 326 33
113 286 63
114 256 6
131 329 103
52 260 93
71 333 103
84 269 79
136 323 86
121 272 62
141 280 23
58 268 43
75 310 87
52 314 52
49 312 95
130 323 70
97 320 22
143 278 62
146 301 78
54 287 38
110 295 67
106 319 101
103 236 34
138 332 76
94 268 22
96 332 41
88 291 36
146 277 97
142 334 57
119 323 16
49 322 85
145 275 63
94 274 93
148 330 20
59 298 59
115 251 12
105 256 21
97 238 57
89 268 41
116 321 94
59 304 34
137 291 76
70 309 103
73 282 14
63 283 73
141 275 52
96 265 18
149 283 77
120 321 71
135 292 51
124 309 80
53 273 61
134 321 8
69 303 29
109 255 8
136 284 55
104 326 78
98 321 39
52 258 64
101 304 93
89 275 64
439 79 95
472 132 87
440 67 116
482 105 118
464 120 66
451 135 34
429 64 90
426 124 40
470 129 30
471 44 61
487 73 108
438 85 99
418 93 34
479 86 103
431 68 115
444 56 51
452 115 103
436 113 113
430 85 49
497 55 71
415 68 117
428 56 69
462 69 78
479 103 63
466 73 81
441 67 72
494 80 121
471 87 31
459 86 51
439 112 84
400 58 121
486 81 93
437 112 113
458 68 83
485 114 75
422 58 81
478 41 57
478 77 87
463 61 23
403 101 99
485 100 34
405 107 86
496 129 57
469 74 35
400 123 26
466 56 75
494 86 96
475 116 51
482 89 88
478 87 64
405 85 101
413 56 45
439 78 28
448 94 85
452 101 43
482 49 61
400 126 91
400 101 59
408 61 107
485 60 92
478 90 63
407 131 63
403 67 28
454 46 43
482 83 94
427 102 106
405 131 116
406 115 118
434 94 98
468 112 55
462 109 106
435 100 45
473 47 82
497 118 67
443 66 75
467 70 70
485 101 64
478 37 99
433 92 49
471 107 87
498 71 84
436 131 26
430 71 76
496 110 42
493 107 48
415 52 97
419 75 77
493 35 95
495 48 32
480 118 56
466 99 86
416 85 121
426 87 51
478 123 105
446 125 29
475 77 86
402 82 29
492 67 49
430 44 68
440 55 84
56 424 407
75 422 360
109 480 415
121 457 380
88 391 338
134 441 333
124 468 376
118 425 374
74 398 363
123 446 384
61 424 395
121 423 334
145 466 379
117 486 365
55 440 417
121 456 407
106 388 407
145 426 401
132 438 409
53 462 334
83 393 346
146 473 408
105 424 366
103 435 358
103 456 359
131 446 392
93 444 345
59 425 341
132 389 328
127 416 321
88 431 364
79 465 395
115 450 368
120 469 331
53 434 366
75 459 401
121 415 337
92 395 419
49 422 345
77 410 382
60 422 326
111 455 394
118 442 405
63 397 359
136 392 415
115 411 349
60 468 407
148 408 390
90 409 365
78 398 417
92 397 320
83 441 346
125 404 395
89 405 356
109 440 391
49 480 335
83 443 345
66 416 394
75 435 358
62 416 337
69 447 360
134 436 370
127 398 331
94 425 393
121 414 402
55 465 323
141 452 357
81 429 346
58 430 398
53 461 354
103 391 333
134 463 350
104 480 338
108 450 388
125 464 384
82 440 340
117 440 337
123 472 370
104 465 386
94 472 354
109 438 398
113 468 355
49 481 406
73 395 357
78 474 329
81 403 394
90 430 377
82 468 373
83 447 333
59 452 381
68 454 335
131 395 375
113 438 354
117 442 358
51 423 404
132 395 403
54 405 336
148 430 373
86 479 345
111 394 401
298 276 233
237 302 249
278 284 209
299 360 241
293 341 215
253 328 255
331 327 230
264 364 206
264 308 280
290 290 273
308 334 284
298 302 271
263 288 252
283 308 231
263 292 249
301 339 266
239 334 286
261 350 224
263 294 263
332 323 294
285 355 215
301 296 206
319 333 300
260 321 247
297 366 264
279 280 283
237 295 242
278 339 302
275 365 208
330 321 262
317 364 227
305 282 293
279 336 297
305 342 245
279 338 244
303 327 223
303 297 225
321 300 278
245 274 280
236 341 290
316 333 220
285 281 299
247 336 211
308 283 257
268 317 206
285 291 257
283 342 270
277 326 207
271 336 222
313 331 219
306 337 297
272 284 218
263 338 273
282 355 263
271 273 273
307 312 219
322 313 277
295 355 284
261 345 303
310 273 230
284 280 296
254 307 239
322 276 253
329 339 222
267 331 304
311 270 250
280 293 207
316 331 247
275 299 255
311 298 302
324 358 304
245 290 295
303 365 224
304 325 219
271 293 299
284 335 210
272 356 206
312 325 306
288 286 303
305 288 279
287 301 255
318 356 275
272 343 256
236 287 244
267 322 287
236 361 216
280 345 229
245 270 299
248 291 302
284 278 246
324 344 253
239 276 276
240 284 226
329 320 293
237 326 262
284 279 279
300 352 270
303 369 300
248 317 220
262 269 225
384 246 391
362 223 357
361 269 348
381 208 380
369 291 355
390 202 383
441 278 344
441 211 347
373 212 378
414 259 382
359 256 381
383 286 331
428 229 350
363 293 425
364 261 348
403 265 414
375 257 381
375 218 394
432 220 420
361 294 349
360 249 347
434 221 391
369 292 368
444 260 403
410 266 336
375 227 348
351 266 405
410 285 396
357 258 390
348 220 385
420 204 374
407 233 428
388 272 340
365 276 363
350 292 365
360 251 334
383 234 339
351 214 374
359 248 409
420 203 428
381 297 406
375 241 357
347 270 414
356 252 352
355 238 415
430 233 408
394 207 348
442 251 381
438 283 345
440 300 356
426 272 377
353 213 383
374 281 344
406 238 399
444 222 355
392 245 393
362 224 340
410 208 383
393 218 400
436 276 344
385 236 418
357 297 425
371 240 368
434 250 354
347 236 415
389 216 424
442 283 337
402 286 331
389 281 345
442 286 378
423 221 359
402 256 382
384 232 376
384 245 412
384 254 428
432 287 404
358 251 343
380 273 412
360 252 352
377 250 383
418 282 426
367 246 335
351 260 422
443 205 391
348 206 383
351 264 399
409 219 340
419 290 352
368 273 420
354 237 383
394 247 333
434 254 369
435 275 418
353 248 399
347 267 334
371 235 350
370 237 418
389 247 416
429 217 339
346 229 387
160 447 378
181 414 374
142 403 354
98 400 428
97 434 368
168 389 380
117 411 386
103 393 426
147 442 410
124 381 380
135 452 347
140 379 388
182 367 374
133 458 369
137 404 355
196 460 386
162 414 398
185 390 403
119 399 340
187 390 423
169 379 393
190 422 405
136 450 417
159 451 335
154 457 340
101 415 344
164 384 343
182 454 402
129 411 415
107 370 421
104 434 371
161 413 396
159 453 370
143 392 360
150 425 355
101 393 367
193 431 431
150 459 414
107 449 356
195 436 424
102 442 370
100 446 341
172 375 429
125 419 341
190 457 399
128 375 346
152 398 377
189 446 370
126 411 347
149 384 400
152 425 414
151 450 434
151 410 415
162 366 405
127 398 394
173 418 392
157 454 342
167 415 388
189 411 416
105 455 427
175 419 367
182 442 362
161 434 359
105 435 433
182 403 363
136 441 396
146 439 427
142 427 336
108 461 392
179 441 379
113 434 373
196 452 359
133 378 427
151 429 352
138 466 347
188 450 362
173 419 357
182 454 369
175 399 427
129 416 377
98 454 335
143 390 390
121 371 400
97 390 340
107 410 390
141 451 417
99 441 428
100 389 423
192 379 365
107 400 391
118 428 397
194 430 358
166 458 352
141 445 399
186 461 411
100 385 376
174 446 339
127 463 341
151 416 410
167 369 368
517 288 417
487 226 446
476 268 435
482 255 434
481 301 456
483 274 403
533 319 490
441 263 474
522 245 480
523 311 411
462 243 452
503 265 465
462 260 497
529 271 411
485 274 409
494 278 494
499 282 409
442 241 456
467 228 399
447 262 413
523 272 420
496 266 481
500 253 415
466 240 484
529 230 482
473 282 419
443 321 450
500 285 444
514 229 398
482 236 457
482 303 484
525 310 453
480 300 452
459 239 490
533 232 442
517 294 448
488 286 446
536 318 488
437 305 409
536 234 401
498 248 459
505 274 457
466 296 403
493 326 470
479 278 487
519 252 491
465 326 402
444 271 490
504 322 418
488 296 459
516 253 465
523 246 495
492 288 437
500 298 485
481 288 420
513 252 427
481 296 488
490 230 405
444 299 473
448 299 459
527 244 427
501 239 429
524 256 472
534 321 456
500 323 414
503 322 448
470 252 471
526 278 422
449 266 416
488 257 477
445 256 428
465 307 450
443 242 445
509 246 437
500 289 479
509 271 466
472 284 419
511 272 455
503 238 435
462 282 488
482 291 434
505 249 484
520 242 400
446 276 467
479 243 408
477 257 426
471 312 440
493 258 400
471 241 483
461 239 438
457 228 452
499 228 484
466 270 448
483 300 456
475 265 441
436 229 481
451 324 440
527 303 426
445 273 460
502 308 450
297 252 508
320 324 472
281 321 491
346 306 440
332 298 500
329 278 441
256 310 513
271 236 506
266 324 455
276 321 460
258 305 463
348 283 516
307 253 450
261 287 523
302 313 448
261 243 480
308 236 483
332 327 501
286 333 456
316 253 520
317 303 525
260 318 467
350 310 502
297 322 435
302 245 460
355 295 487
298 274 465
283 328 453
326 241 485
333 259 505
354 329 517
336 257 459
329 299 524
333 316 452
338 247 521
346 281 436
323 332 491
289 333 488
272 294 512
344 237 481
313 265 483
342 312 441
306 299 482
274 234 523
351 288 440
316 280 438
294 242 523
295 234 523
352 238 440
271 290 525
326 244 427
303 308 432
269 267 481
350 296 471
305 303 502
258 331 435
286 303 484
312 265 456
317 283 507
269 326 502
299 305 444
305 271 465
311 283 434
282 262 478
270 308 502
260 282 492
290 288 481
347 319 493
293 276 455
353 324 525
273 321 505
294 262 426
350 305 452
307 241 506
310 293 505
350 247 501
333 314 503
348 303 491
262 234 485
314 318 438
314 237 465
278 234 478
262 247 443
309 256 487
314 319 487
343 332 492
307 266 501
307 303 427
324 291 525
331 257 448
266 259 453
264 298 430
268 267 498
351 274 526
319 252 524
314 246 486
270 269 452
329 314 447
276 329 457
354 247 508
417 483 300
426 441 305
431 454 264
479 470 292
476 448 303
434 520 264
387 507 242
435 438 311
410 454 274
476 522 282
381 499 311
429 450 279
408 499 284
429 496 300
474 485 271
469 478 233
469 476 288
450 504 268
460 531 238
454 495 303
463 501 271
470 497 320
397 459 300
474 446 260
457 465 313
449 491 311
430 507 252
412 476 240
400 499 292
420 492 318
381 490 304
382 440 324
431 522 308
404 441 281
418 473 278
414 499 284
430 462 316
457 442 303
462 454 295
406 474 250
426 506 268
449 437 273
454 449 295
469 448 235
398 437 304
438 515 307
443 462 241
385 500 288
383 469 259
462 494 299
427 450 243
403 495 280
418 514 263
398 433 278
449 433 307
455 455 281
474 496 316
424 533 292
407 440 264
387 511 229
452 513 255
394 457 272
382 506 275
405 434 225
434 479 315
462 510 249
403 482 263
425 471 227
416 494 309
480 439 306
380 530 229
447 491 279
478 461 272
427 507 261
412 462 269
457 480 315
474 520 238
462 456 318
478 458 259
461 522 279
479 513 264
399 440 260
403 470 303
475 462 293
436 498 313
464 493 301
395 514 259
479 524 312
444 508 230
408 448 278
473 519 255
381 436 263
471 522 317
396 477 278
455 454 244
406 455 230
381 500 230
472 468 262
405 530 285
419 530 269
90 275 462
55 267 423
108 230 474
66 296 457
67 316 473
122 267 476
50 326 459
124 273 434
112 276 453
51 242 482
74 327 488
129 315 447
125 243 485
102 262 463
106 272 411
39 289 481
74 259 442
66 270 455
113 290 409
124 301 396
59 262 406
70 285 394
73 273 454
47 289 433
52 325 433
40 330 476
65 273 409
127 328 436
67 246 422
39 282 479
120 258 489
127 289 447
48 241 489
121 304 433
129 329 487
82 260 462
62 269 393
112 237 453
54 285 431
40 233 435
65 250 465
88 266 424
128 287 406
129 302 422
49 262 413
81 241 466
86 327 477
85 301 460
107 285 460
122 296 434
123 235 394
53 230 414
48 247 454
134 304 464
81 285 424
111 259 451
58 262 472
117 231 438
67 299 425
37 264 460
126 261 408
52 242 464
121 299 473
117 278 483
73 324 435
78 307 474
103 239 476
80 242 485
66 258 475
130 308 487
40 306 419
105 258 428
85 241 427
72 314 424
45 325 470
119 269 426
42 314 488
122 260 467
128 237 422
42 297 406
95 308 431
68 325 425
113 316 403
59 330 473
132 289 466
56 281 463
95 273 404
62 299 401
62 232 394
56 242 411
93 313 466
120 273 431
129 310 402
122 299 476
82 256 437
75 262 464
41 275 405
63 323 398
45 260 455
101 264 435
268 97 358
242 150 329
197 145 364
198 77 330
270 79 344
214 151 367
224 67 313
236 112 374
207 65 351
235 110 313
192 113 325
274 121 356
226 86 368
250 85 375
228 94 369
196 104 322
275 77 365
227 65 321
279 87 340
247 136 342
236 140 335
259 76 355
256 154 364
227 145 347
251 117 328
251 125 291
192 66 332
281 124 370
254 145 365
270 65 368
261 143 358
231 78 383
231 65 362
239 66 334
220 154 344
210 64 325
268 100 376
200 79 365
249 132 368
192 149 327
187 134 320
192 94 358
250 130 316
242 142 379
282 128 318
209 152 339
190 73 382
225 124 366
242 133 380
232 107 304
204 144 331
254 103 311
270 85 297
208 132 324
222 146 382
231 78 380
219 85 381
285 69 291
190 138 371
266 85 346
221 122 344
270 99 381
270 144 339
193 76 351
217 117 334
274 136 324
233 103 329
262 149 363
217 69 312
196 127 311
257 123 330
213 66 364
280 87 358
276 67 378
244 159 328
192 133 309
263 99 315
274 155 348
222 162 354
273 68 382
203 78 328
238 106 370
258 72 332
274 92 340
228 137 379
249 115 286
187 106 351
205 119 334
255 119 368
220 126 325
190 115 363
209 127 373
254 112 316
214 72 350
196 94 367
268 132 360
253 157 308
259 90 325
239 78 376
211 74 291
475 237 288
523 312 211
460 284 230
442 261 288
438 331 272
530 290 279
512 329 245
499 295 277
440 309 300
460 244 238
504 274 299
449 293 251
531 271 232
477 328 269
511 303 291
466 252 242
517 240 217
502 276 297
510 330 241
501 330 257
444 280 210
445 312 243
454 277 292
476 307 214
504 267 239
450 245 259
446 238 240
513 303 233
529 243 259
485 302 303
448 245 302
456 279 217
456 238 247
497 239 250
434 246 301
483 312 252
486 273 280
525 267 209
495 242 273
465 270 210
471 253 230
469 265 224
462 332 294
441 310 269
472 272 269
484 259 287
462 320 206
515 245 282
446 234 243
454 331 220
531 269 299
515 265 211
521 259 225
435 279 231
478 266 284
521 283 300
439 246 223
519 313 207
483 326 244
503 251 279
476 245 217
438 241 252
431 238 266
480 307 277
522 298 218
447 293 272
524 331 226
460 272 283
530 252 274
495 299 265
436 262 206
461 302 251
471 314 208
510 332 220
513 293 216
433 269 298
519 272 268
530 325 251
477 280 269
470 256 231
518 279 271
434 256 259
450 323 218
462 250 279
463 280 252
504 253 279
516 317 237
452 233 303
435 299 282
455 265 253
494 313 268
466 332 239
492 285 276
477 245 211
523 307 226
440 248 287
495 293 277
501 262 232
472 252 304
445 248 225
