340 249 216
389 291 273
331 258 191
336 237 256
372 316 234
348 308 247
346 273 245
425 291 260
400 284 240
419 330 245
364 314 200
383 266 219
390 299 206
382 322 265
409 245 222
348 284 194
413 314 207
401 280 218
404 265 195
372 328 236
339 318 261
423 322 265
382 307 235
413 291 224
400 283 271
404 330 247
425 314 234
346 311 255
420 315 240
420 253 217
361 305 221
345 270 229
352 252 191
402 236 260
356 307 244
343 277 267
399 246 199
329 253 189
343 316 223
417 259 259
345 306 237
399 295 236
342 245 204
367 244 236
377 283 222
395 327 173
361 255 265
379 282 223
329 306 273
403 319 237
396 318 273
402 314 262
385 264 180
345 328 231
353 302 214
419 255 231
338 284 251
389 313 222
350 291 201
364 270 178
423 322 246
373 277 265
343 297 264
350 284 209
385 299 262
349 281 245
364 297 236
383 309 233
371 291 251
427 323 206
394 303 178
390 293 211
385 270 221
357 237 244
374 280 205
346 305 220
405 282 243
356 308 192
349 277 191
388 274 175
342 242 205
344 292 185
360 236 246
354 236 252
393 262 247
414 242 210
364 294 178
415 269 195
418 305 185
339 315 205
380 274 221
330 299 199
386 302 219
337 277 256
342 314 216
348 234 225
387 285 193
427 307 250
361 325 264
349 244 218
358 297 182
349 324 231
403 237 251
397 293 219
328 266 200
404 272 190
333 299 236
369 292 238
399 246 268
423 278 264
406 248 209
405 251 224
380 265 191
422 282 188
422 286 271
339 255 251
352 251 197
388 256 203
396 277 174
397 261 186
368 296 181
361 328 247
386 279 193
399 247 215
382 250 208
330 272 223
392 320 196
370 304 262
337 255 225
386 329 236
356 231 243
356 271 261
405 290 256
396 242 250
341 276 219
383 259 181
349 294 245
338 246 257
394 259 264
423 268 263
160 371 190
195 410 259
164 410 225
219 364 249
204 355 185
143 350 210
140 353 188
202 393 246
158 342 163
186 324 261
192 408 230
149 418 242
230 396 169
204 375 225
150 368 223
216 343 209
219 354 205
171 397 204
213 399 216
195 378 245
176 403 212
224 356 213
156 340 206
235 345 242
215 351 216
158 395 235
152 342 215
193 382 221
190 326 239
141 337 192
232 374 226
163 339 261
231 415 178
139 413 186
144 400 163
161 376 209
155 331 208
153 392 195
190 415 252
182 348 222
176 325 261
217 369 204
164 407 193
152 385 172
232 417 256
215 359 246
229 333 230
159 348 175
189 344 178
170 354 190
183 360 248
153 370 208
208 333 238
180 326 225
193 415 248
186 353 194
223 370 248
138 400 179
213 414 211
226 414 261
178 420 221
161 412 262
217 359 237
175 369 212
151 393 218
213 372 172
169 389 182
165 323 232
164 342 195
220 414 257
178 399 204
221 325 173
175 366 245
144 379 217
154 417 196
168 362 238
173 327 213
231 344 195
205 414 235
147 402 190
221 370 254
167 405 179
140 389 231
237 340 216
156 320 241
211 344 183
148 336 180
226 370 228
224 387 167
141 396 207
156 407 237
155 340 177
154 364 187
162 330 224
163 349 187
187 381 231
161 420 176
225 344 207
185 366 200
193 341 171
149 390 182
147 404 242
162 387 183
237 346 260
216 345 235
140 411 231
210 402 238
197 383 188
143 323 241
187 355 221
143 352 194
184 381 238
205 372 260
158 366 162
183 400 256
141 367 262
226 333 242
206 416 204
154 398 171
192 322 227
146 342 201
138 357 190
229 389 234
148 407 240
186 420 232
238 365 246
220 404 206
181 410 261
174 398 247
220 377 180
169 408 197
155 330 253
176 327 260
177 339 178
181 375 212
157 416 246
209 402 256
149 332 187
193 394 163
154 358 177
352 298 25
301 327 84
361 340 61
315 339 84
351 294 45
335 320 26
320 298 65
375 326 48
353 341 23
357 267 56
319 283 110
326 320 73
340 282 114
366 294 92
302 331 110
347 259 23
333 336 34
384 274 47
353 248 96
364 326 24
355 262 69
368 323 72
322 327 105
350 332 35
293 323 101
287 292 58
378 318 33
301 265 34
320 338 101
297 311 110
324 282 101
303 311 106
303 339 61
350 312 120
316 288 117
367 335 80
296 326 63
329 333 52
292 254 39
375 312 79
350 289 49
359 266 69
286 289 67
381 284 36
348 320 69
309 262 31
379 268 69
356 300 96
371 301 75
327 258 77
377 284 117
302 277 99
358 339 45
382 307 58
371 258 43
358 335 123
366 249 28
335 328 32
357 330 37
299 308 102
383 275 66
365 324 90
353 253 58
331 305 28
332 315 105
300 284 121
368 275 64
293 278 115
310 295 71
333 272 92
352 282 62
367 269 43
308 309 103
380 329 110
350 269 28
300 313 59
351 279 60
370 312 94
377 281 103
355 257 104
309 276 47
355 264 106
317 290 61
332 336 75
346 299 60
327 315 115
296 304 83
345 335 107
306 280 103
332 252 116
339 336 105
351 279 37
351 256 38
365 325 100
369 289 23
338 325 67
378 286 115
377 269 28
295 279 47
333 291 117
369 338 108
367 329 81
376 275 23
373 302 71
381 346 103
364 306 67
326 308 52
303 272 90
353 326 113
343 254 79
321 306 53
354 272 32
337 346 83
376 278 36
305 334 74
342 265 105
352 313 106
373 285 26
383 272 37
313 322 117
357 319 115
293 292 62
350 271 86
343 253 100
384 278 121
316 313 33
289 270 26
319 340 94
301 292 43
377 327 77
296 292 110
373 329 32
297 259 61
330 290 61
377 338 25
357 307 78
295 276 105
385 299 40
332 306 106
379 285 103
352 14 389
320 25 386
390 -19 342
348 19 395
337 21 387
348 -8 299
323 49 354
326 -13 315
338 -11 353
303 38 357
302 52 340
393 60 383
348 57 363
295 -21 334
338 26 306
350 -15 318
350 -10 312
394 55 299
319 61 299
380 60 310
317 66 352
295 21 344
378 25 313
332 61 309
303 -1 386
308 56 393
395 -20 384
343 23 376
348 9 347
376 7 386
323 12 333
340 62 340
393 22 298
308 64 365
382 10 307
388 43 305
313 59 353
312 14 302
324 18 349
356 65 304
376 23 375
393 48 324
344 -9 321
325 4 312
390 57 349
343 -13 318
311 62 336
323 18 332
358 -5 352
345 -26 397
394 -18 396
369 -1 348
309 62 393
314 -29 393
379 -14 343
343 9 322
366 38 304
359 65 393
324 -5 362
377 -2 302
309 38 331
358 -22 298
327 33 349
385 22 311
359 21 386
356 25 318
377 -28 336
341 -15 394
386 29 361
369 -24 368
338 4 323
325 -27 338
386 31 335
384 55 313
370 18 304
356 9 384
333 -8 397
330 -10 386
301 66 391
353 40 314
357 15 369
305 -29 336
362 57 360
340 -28 375
376 49 387
391 2 304
333 15 305
388 68 368
298 13 310
381 52 338
374 23 384
386 60 317
336 54 299
321 -7 391
343 -3 362
351 -2 344
322 -5 322
368 60 306
371 23 352
356 -6 375
295 17 365
299 -10 311
365 17 370
329 -26 357
332 -12 318
362 0 354
366 51 303
330 -3 344
301 25 314
391 -30 345
319 13 304
356 -19 345
307 0 388
340 68 323
330 -30 300
320 13 314
362 -20 362
307 25 377
336 15 373
356 66 327
338 -23 350
394 19 389
375 66 355
380 55 300
356 -30 357
341 -5 372
330 39 362
354 18 334
384 -9 330
351 66 329
309 49 304
328 28 330
378 48 380
378 -23 388
327 11 381
384 50 324
356 6 394
330 12 385
296 55 318
339 62 318
20 298 4
66 309 73
80 319 35
59 274 61
44 246 -18
115 248 30
17 304 36
41 279 -13
85 292 -9
41 322 42
74 253 61
117 324 47
27 276 7
38 270 57
101 287 9
36 256 15
19 316 70
103 296 22
20 234 63
112 271 76
19 256 67
17 265 20
34 297 43
74 318 72
116 261 55
34 234 40
97 325 14
103 297 50
25 272 -14
104 312 73
86 270 38
68 228 9
79 328 11
60 281 67
23 260 76
21 298 44
106 285 -6
98 319 56
90 228 46
83 260 2
65 238 61
109 253 43
96 294 17
93 285 33
34 309 31
56 296 26
30 319 0
32 255 12
61 266 45
106 284 51
23 268 72
17 299 25
32 270 70
86 248 -6
76 268 80
19 294 23
75 274 63
113 267 9
60 269 -11
28 283 49
27 233 50
58 242 -1
112 326 33
100 255 46
59 273 10
61 253 69
27 288 81
62 283 66
43 323 81
51 229 5
23 326 -5
117 273 52
74 249 41
60 228 -1
22 269 68
109 246 37
116 297 11
106 249 62
99 231 61
86 267 -10
44 271 45
112 276 56
30 246 12
54 260 29
86 318 26
88 286 -10
41 264 1
64 289 -12
70 314 42
109 251 -8
86 244 -9
101 290 32
22 309 -1
90 256 2
62 263 36
24 311 -15
63 318 62
66 320 16
72 302 59
52 288 56
72 263 5
114 292 81
30 316 51
86 257 26
92 293 36
35 326 82
22 229 59
18 231 3
111 232 63
65 299 20
90 323 30
106 275 0
106 273 17
83 255 -12
107 328 -14
104 323 18
35 317 -10
93 312 27
26 262 29
30 289 32
81 288 23
89 286 75
102 256 -2
30 286 47
29 263 72
37 251 -8
58 296 81
89 234 16
87 308 76
57 291 28
79 251 12
21 292 21
57 300 18
25 243 36
33 283 21
65 237 25
90 253 10
107 327 0
31 249 69
45 234 -15
366 378 145
376 315 99
389 401 68
382 389 61
392 385 138
357 321 86
378 358 113
322 408 140
353 400 89
398 362 100
393 356 66
366 344 106
405 316 114
367 352 122
366 331 75
385 338 153
404 371 92
410 375 119
373 324 153
345 374 79
334 398 127
324 353 150
349 333 141
371 358 94
387 362 60
380 374 61
360 341 141
394 334 158
326 370 146
341 354 156
378 402 84
318 316 108
401 405 137
317 404 138
341 390 142
354 356 92
377 311 75
388 372 102
381 352 68
412 359 156
356 381 122
335 355 62
378 324 72
375 336 114
367 394 107
415 357 137
363 389 75
342 329 100
365 394 128
352 408 157
351 333 133
337 364 85
334 408 65
372 325 152
373 327 68
396 332 124
363 402 150
327 342 160
350 339 83
396 315 115
388 325 126
377 395 133
410 359 70
317 394 105
408 349 81
367 349 154
345 311 63
398 384 78
402 311 77
353 393 112
348 381 108
327 328 114
382 329 153
360 388 145
401 322 138
353 386 68
414 406 143
328 352 72
330 384 117
342 381 78
370 382 78
317 313 127
409 308 74
344 313 73
327 366 152
414 348 112
340 327 121
395 341 90
340 315 125
372 363 115
394 343 79
392 360 122
409 324 126
375 334 121
365 373 105
346 324 71
351 316 92
399 365 151
392 408 159
333 406 134
342 312 99
357 327 131
317 316 104
411 386 130
369 408 157
367 312 90
329 345 94
328 354 88
350 407 78
332 408 72
410 316 105
360 407 106
346 404 128
327 356 155
347 367 94
393 372 111
345 368 128
394 317 63
390 407 103
347 360 71
320 355 62
325 311 99
387 367 148
389 380 124
380 337 106
416 342 61
368 336 86
317 339 110
414 375 64
410 382 109
354 401 65
384 407 157
344 317 81
339 378 103
323 390 71
351 393 85
341 386 86
359 337 160
373 401 62
381 361 148
138 406 436
128 475 461
165 474 456
170 466 501
100 405 488
155 425 475
179 471 474
138 457 471
168 436 458
109 409 483
104 430 478
102 491 518
139 400 434
189 439 453
190 397 506
189 408 434
160 458 451
158 421 479
189 476 467
164 420 518
113 480 522
174 463 514
131 474 501
115 436 465
140 477 523
120 420 456
185 424 502
111 441 498
101 410 433
192 399 501
102 444 433
121 480 496
154 457 519
136 400 495
142 469 469
182 422 428
103 437 491
152 392 475
160 453 426
111 412 442
159 466 446
190 464 512
196 392 437
181 491 507
191 426 436
145 477 499
150 457 502
193 443 511
115 407 457
158 490 513
100 415 487
174 395 480
195 409 482
116 488 514
126 414 473
156 420 481
168 402 453
98 412 461
169 432 521
133 436 521
142 403 461
129 423 431
121 481 460
178 447 472
174 458 495
173 490 478
134 441 448
108 473 511
130 454 508
110 433 520
121 461 446
162 458 453
192 427 452
121 392 486
129 435 461
169 469 439
183 425 470
162 440 438
156 479 505
99 400 481
174 398 429
182 415 453
161 439 512
146 415 435
119 410 486
96 467 506
166 426 483
157 451 471
96 479 491
132 452 519
150 441 424
119 458 481
169 469 470
145 410 427
122 421 516
186 441 524
159 491 502
186 473 433
150 418 460
115 460 522
118 484 426
174 465 519
168 436 441
189 472 437
159 397 442
131 395 460
188 400 494
125 438 435
104 395 515
102 401 502
193 397 512
140 491 480
142 491 459
107 393 448
110 394 522
146 480 441
139 449 461
136 424 506
148 391 457
104 428 521
120 481 464
117 438 475
182 485 426
176 399 500
134 430 494
122 464 458
148 407 460
172 428 479
137 440 476
162 491 461
104 399 512
141 399 428
169 475 518
116 445 511
138 391 450
111 454 464
107 450 458
122 422 503
160 407 449
180 459 507
539 433 292
441 480 333
463 479 255
467 491 332
457 461 338
502 488 306
446 469 324
465 500 265
491 514 311
458 467 305
521 458 290
501 468 284
450 499 278
445 521 255
523 483 304
449 474 255
457 473 286
464 453 292
538 504 277
539 451 257
445 437 258
445 456 280
516 431 297
506 506 313
513 457 280
470 443 344
517 473 289
455 519 286
496 429 340
473 439 252
475 440 264
537 477 271
478 506 311
496 449 257
506 505 330
481 428 309
492 482 287
446 517 304
447 513 299
539 484 292
496 523 250
492 432 301
449 516 336
504 431 255
534 456 249
466 458 272
489 458 268
511 490 322
481 466 255
489 480 338
479 512 274
536 468 264
519 456 250
533 464 347
483 436 289
505 468 286
532 513 304
479 459 298
526 463 273
442 436 293
538 467 266
516 484 262
457 516 250
477 472 286
479 492 257
476 506 313
529 439 342
515 433 257
449 496 252
516 494 265
445 470 302
500 455 318
500 483 304
526 505 345
536 435 331
467 458 284
444 459 317
521 464 283
539 486 309
533 509 330
444 459 277
454 448 294
484 433 266
528 524 257
475 479 326
528 482 266
505 500 280
534 527 280
487 442 255
441 452 347
506 502 344
442 468 345
462 505 257
462 499 323
501 511 346
447 453 338
508 433 302
472 508 339
456 479 295
517 432 253
447 438 249
441 454 331
532 435 256
500 488 250
471 475 324
491 518 324
512 518 292
482 477 309
534 438 341
452 482 285
441 488 340
445 476 279
483 431 261
496 472 278
507 514 254
502 436 320
504 441 314
525 444 268
473 524 268
502 432 314
448 444 308
524 481 286
457 473 283
500 456 291
484 482 340
530 511 271
530 483 337
522 493 328
500 504 276
535 473 255
485 515 300
538 517 275
470 454 309
528 506 343
458 516 322
529 434 262
447 506 322
522 459 268
455 501 329
498 485 324
268 402 355
314 392 354
248 343 304
315 353 323
276 345 372
225 329 332
299 367 314
251 341 311
250 376 378
294 362 310
279 384 340
275 383 329
282 367 343
248 358 345
305 388 342
281 395 385
296 397 320
279 382 332
276 406 292
261 383 325
317 352 375
266 321 341
233 370 288
280 408 291
303 413 367
306 335 381
283 391 361
259 362 349
272 417 383
312 391 344
282 404 350
275 345 385
249 362 317
303 331 308
238 341 379
288 338 298
218 364 343
303 380 353
266 320 374
270 400 338
222 374 299
268 395 367
317 368 342
271 367 308
312 369 338
312 376 329
224 367 373
274 343 325
235 331 327
249 365 298
288 331 339
241 416 383
257 368 363
220 333 295
227 417 323
265 383 316
308 406 346
236 397 372
224 365 368
272 331 380
249 363 356
295 412 349
284 382 320
233 359 293
277 401 296
241 412 357
229 330 316
310 332 300
300 410 298
256 364 329
281 417 327
251 383 307
251 333 355
270 381 344
307 330 353
304 380 380
303 405 374
221 379 296
266 410 309
300 341 364
252 336 368
228 361 326
230 352 346
251 355 318
263 412 335
246 402 386
303 351 304
278 409 347
299 346 371
236 376 368
236 384 343
236 354 294
317 353 341
288 390 310
256 398 324
309 386 323
279 418 345
229 409 347
310 325 319
277 366 292
257 320 309
297 418 387
224 391 338
229 389 359
305 372 291
257 334 387
228 319 370
304 340 374
317 380 290
267 398 300
255 327 291
302 381 334
248 354 329
291 347 370
295 413 305
219 341 291
240 340 368
282 396 364
235 394 306
311 399 345
224 381 330
252 376 372
238 380 377
238 357 379
228 382 337
317 395 324
271 353 290
223 411 300
250 351 338
247 348 324
296 345 351
276 401 294
290 360 325
314 336 289
262 352 336
249 409 363
277 365 378
226 336 386
255 386 368
277 334 334
442 236 -23
436 191 18
450 210 -32
411 230 -17
477 165 -39
408 193 35
480 204 10
468 174 0
471 166 0
481 244 17
480 210 53
454 245 20
443 159 -21
428 190 2
412 204 32
451 171 6
470 185 -31
434 170 43
494 251 13
415 185 -25
432 224 -1
425 159 50
493 194 -12
475 217 54
449 188 47
503 214 2
415 164 9
502 154 22
419 250 -19
503 225 -43
446 158 19
486 204 44
425 175 46
426 228 54
417 225 -21
484 217 44
483 173 19
416 205 24
496 228 9
428 154 -11
426 155 32
503 242 19
468 235 -27
470 209 -35
450 212 12
480 206 9
455 214 -20
501 218 -17
422 229 24
413 182 4
454 200 53
425 156 38
488 231 33
431 242 -10
486 179 -27
500 176 7
438 158 -4
459 204 -39
456 242 3
465 174 27
404 187 19
412 218 -41
473 214 27
425 186 51
410 156 -8
437 211 -9
443 226 -32
425 238 -12
434 191 -19
466 223 -32
456 205 10
469 230 25
423 193 -2
446 155 40
409 250 -36
481 192 10
471 184 49
459 250 11
418 209 10
412 170 -34
436 236 7
431 197 18
494 169 -18
478 242 29
432 178 -18
482 207 46
453 240 48
496 211 53
459 205 34
464 228 33
491 190 -43
456 218 -42
409 163 -12
409 166 -12
408 185 -40
496 165 48
468 209 23
426 188 -28
449 213 55
456 247 52
479 167 -42
483 172 1
416 185 39
403 162 10
405 230 16
459 236 40
444 210 -20
498 180 -40
475 235 37
433 176 -15
406 176 -21
439 198 15
422 182 -12
482 196 -18
406 251 -31
460 248 -10
428 218 50
481 189 -40
494 168 -14
499 242 -8
446 213 -19
490 210 -25
494 167 25
433 184 -5
426 215 -19
461 241 52
492 208 36
413 184 41
447 244 -13
484 233 21
497 236 41
449 233 -8
456 171 50
426 230 -4
502 153 -28
405 203 -8
484 234 -34
494 192 15
488 186 -39
429 203 35
411 279 456
414 260 464
369 263 511
344 245 529
334 293 438
404 293 514
385 258 444
367 285 477
391 245 461
368 289 485
407 320 437
323 268 520
354 275 479
324 328 455
342 334 465
350 252 525
336 294 436
386 254 526
326 318 449
402 248 475
351 342 520
367 330 455
339 325 449
396 320 519
400 342 500
355 258 513
402 338 479
346 244 524
402 325 481
361 244 459
365 274 492
350 261 484
372 320 525
416 301 520
347 302 444
340 318 510
356 277 459
412 289 479
391 342 446
381 272 507
386 242 473
384 311 451
365 282 481
416 333 477
366 330 468
352 261 433
385 325 509
372 285 450
369 274 431
362 341 523
355 247 465
366 267 430
410 306 506
334 311 478
326 259 445
341 331 529
383 327 485
383 285 473
337 259 524
323 261 479
347 287 470
392 288 477
408 323 441
378 340 451
394 331 437
405 274 479
409 312 445
407 320 443
400 272 430
361 310 504
414 337 441
334 301 456
412 266 486
395 246 457
356 335 507
408 290 480
360 318 460
397 339 461
390 309 482
350 258 494
333 252 438
372 252 506
369 305 434
399 320 488
367 320 525
350 243 521
406 242 504
383 251 472
370 288 443
412 311 436
384 327 456
418 321 434
350 307 527
347 256 497
376 248 488
407 244 484
395 287 451
358 256 432
377 265 455
393 298 491
408 305 467
410 341 474
384 271 463
416 300 438
365 342 464
394 335 447
365 281 469
385 266 468
372 248 466
377 330 430
368 335 508
345 304 438
381 269 519
415 266 460
398 278 468
418 243 450
354 253 480
333 275 492
379 257 520
344 282 486
368 268 509
333 331 443
342 292 440
356 317 503
328 335 506
347 291 509
357 249 502
379 256 491
343 296 465
410 312 502
401 263 430
345 262 441
411 339 497
366 311 510
417 284 497
374 306 502
324 315 455
362 258 463
377 307 454
375 307 506
161 96 18
201 67 39
223 57 48
181 52 14
242 32 -50
150 36 49
233 26 -15
150 38 40
190 93 -39
208 85 -4
166 66 -45
181 47 -7
170 26 -26
236 50 -39
228 27 28
243 92 16
244 56 46
203 15 48
237 13 -4
209 31 38
222 21 49
239 97 28
185 20 -19
192 85 -2
183 88 31
197 61 18
158 56 29
172 69 44
222 32 26
196 54 15
176 14 3
216 57 -49
156 92 16
187 83 -14
235 87 21
202 63 -26
170 47 -42
206 40 34
222 61 4
231 59 15
183 97 -34
240 33 8
184 59 -6
235 68 22
195 5 23
234 100 21
226 34 39
227 11 -1
210 93 9
210 1 25
200 20 -28
158 64 -46
188 96 30
236 74 31
230 14 46
225 69 40
240 52 7
239 87 38
227 49 31
175 19 8
165 21 48
187 18 38
216 92 49
211 51 -24
171 57 27
236 54 4
175 54 -32
150 82 -45
184 25 47
210 10 31
163 36 -5
214 53 13
229 95 -18
167 7 19
203 31 48
231 68 -40
149 88 23
166 37 -46
234 75 37
163 47 28
228 21 3
229 87 -19
243 38 -4
181 14 -43
207 13 -38
215 92 38
200 50 -6
223 50 -14
194 87 17
213 18 -50
162 16 42
204 51 -17
186 92 19
177 57 -26
202 87 -13
235 95 -1
198 82 8
229 65 13
187 97 -14
191 67 9
186 79 -35
213 30 -39
213 35 -26
237 3 8
192 3 -27
152 62 -43
152 23 -35
172 49 50
191 31 -7
207 39 -44
193 7 45
171 101 3
220 52 -49
245 67 19
173 17 38
173 89 -13
156 90 -10
245 88 14
196 46 -23
168 75 -45
199 9 -49
150 34 49
219 82 23
170 63 48
236 36 22
234 11 47
244 81 -38
167 15 -15
185 72 27
189 38 9
171 65 3
157 90 34
204 48 -46
232 90 8
156 78 -26
247 95 26
152 95 -38
189 43 22
238 69 -12
157 17 -20
488 45 60
493 7 96
467 75 79
478 54 25
513 17 21
463 35 41
433 33 91
497 44 64
432 29 63
522 -11 40
521 -17 70
437 -8 86
426 27 103
453 40 44
457 42 57
477 26 22
481 32 34
474 74 24
451 -11 30
477 -3 24
488 78 73
433 21 59
466 37 11
490 -5 4
473 22 39
456 19 87
443 42 5
492 24 102
508 50 52
512 61 84
511 -10 53
437 72 63
464 38 88
505 5 47
462 69 50
487 53 74
424 12 51
455 59 35
517 4 11
430 76 103
425 -14 24
487 7 57
472 41 9
505 36 90
442 42 70
471 70 91
518 66 58
492 74 70
457 -12 46
434 15 82
494 -15 61
438 64 72
441 4 5
455 77 6
478 19 84
462 -15 74
502 40 45
465 7 21
485 35 60
515 38 59
467 60 87
509 23 78
443 8 70
433 13 102
493 71 71
485 61 22
500 76 52
443 25 93
438 14 27
463 27 99
452 29 43
511 65 52
518 77 18
488 18 54
505 40 64
458 10 60
441 35 44
467 61 57
508 -10 75
511 16 92
469 57 96
428 -18 53
434 67 14
436 26 18
504 38 96
496 19 39
507 38 54
449 61 12
504 14 35
479 18 80
493 49 62
524 45 62
485 -7 51
493 -14 83
495 22 64
481 28 5
467 15 21
524 64 97
438 4 19
503 36 20
505 55 26
516 40 95
497 9 56
474 -19 26
424 18 79
460 -12 103
516 77 13
509 -19 33
479 9 87
430 69 78
492 63 29
518 21 90
495 5 7
522 70 25
458 78 56
500 75 61
466 45 6
434 -19 72
502 20 32
464 39 54
499 40 74
500 16 72
483 32 103
487 21 101
464 20 33
454 10 84
507 79 67
493 -9 22
440 6 73
481 31 4
470 56 51
519 63 65
479 70 42
510 64 53
501 -19 32
474 61 57
472 28 66
462 37 87
520 49 21
453 47 53
410 139 250
365 156 218
446 94 232
421 183 222
360 175 230
353 142 265
414 177 255
422 119 221
375 131 172
431 138 197
396 120 185
426 163 174
399 114 174
385 140 267
390 162 194
407 169 200
374 160 224
429 180 260
364 160 234
443 90 219
405 139 209
445 171 195
371 98 218
436 122 227
443 169 245
372 170 180
379 151 208
354 115 173
441 131 202
370 129 250
432 114 212
430 159 208
384 89 169
367 146 210
430 125 257
427 168 169
406 121 181
416 138 232
443 123 184
451 167 193
452 167 215
364 138 206
411 127 239
421 126 208
377 97 200
378 92 171
440 118 180
396 108 173
429 93 186
387 137 246
420 133 185
360 103 171
399 118 200
382 113 204
422 117 213
395 95 204
431 104 182
364 134 197
433 152 175
416 157 248
443 104 208
385 129 177
378 152 252
367 108 229
387 87 227
449 129 191
401 111 207
412 84 206
414 114 207
446 174 187
430 148 250
422 142 219
396 117 227
370 159 184
360 150 169
446 88 230
435 122 213
420 130 242
423 166 261
419 179 232
395 118 268
399 115 228
426 126 196
395 146 254
382 157 239
434 121 171
378 94 264
423 91 265
395 157 256
413 105 198
433 139 243
453 102 178
357 110 199
377 176 195
392 153 192
441 106 213
419 171 239
415 161 201
385 117 204
411 158 251
430 106 189
397 179 207
448 93 242
444 158 235
392 104 240
449 97 213
388 113 190
368 131 247
423 168 220
419 89 235
356 178 184
392 144 255
380 132 208
441 183 231
411 117 185
359 139 176
418 87 207
385 119 250
442 176 231
439 109 243
372 170 240
416 180 242
359 134 234
383 133 266
357 148 208
425 165 260
446 180 245
356 151 241
367 151 204
374 174 240
382 134 249
363 144 184
452 125 258
398 116 268
417 152 242
450 136 191
370 122 234
393 172 204
449 157 185
379 100 189
339 320 285
427 356 270
400 343 314
416 383 233
382 317 271
388 334 289
342 337 312
357 358 287
416 383 282
334 336 306
395 353 279
384 374 304
407 355 266
362 410 297
406 354 292
406 373 262
426 349 218
360 409 223
346 410 276
369 388 258
425 329 281
361 338 263
434 405 296
353 345 224
381 414 313
434 356 223
426 389 258
410 347 231
339 403 218
416 353 260
416 411 285
400 397 278
335 377 292
415 317 248
398 400 246
351 369 296
370 382 274
399 317 296
426 376 221
413 362 311
381 317 249
346 397 293
414 323 251
399 359 311
389 321 239
341 335 283
413 371 225
344 317 242
398 362 218
417 364 277
349 335 310
394 334 241
383 319 223
382 384 255
370 411 221
366 329 238
397 360 275
352 323 215
358 354 293
431 340 249
373 339 232
409 349 220
386 355 307
418 412 252
371 362 295
370 407 230
385 398 250
360 413 292
383 340 249
388 328 252
409 399 260
405 380 237
420 415 279
396 396 233
418 341 290
405 367 245
408 317 226
396 355 307
384 337 286
431 374 269
400 351 300
375 372 296
428 378 231
379 373 257
334 409 281
416 350 237
423 330 219
425 359 314
346 387 292
429 395 241
425 385 235
399 365 275
384 373 245
334 382 284
353 408 248
336 345 267
339 373 237
382 355 230
414 375 286
389 375 291
383 337 255
370 379 232
365 406 229
366 387 215
352 365 312
367 334 290
425 413 296
391 353 215
354 315 303
425 330 274
354 396 308
389 372 287
424 388 249
348 408 224
343 351 242
357 413 282
362 345 237
414 354 306
355 321 286
403 345 247
408 353 297
409 379 258
335 323 294
366 321 219
434 400 303
432 329 291
356 336 271
349 411 267
414 351 301
373 398 285
370 378 253
422 338 291
402 374 276
408 377 224
401 324 302
344 343 304
363 327 297
426 407 266
409 324 234
417 371 269
486 71 348
469 8 326
434 22 395
511 56 403
421 44 398
415 6 326
441 51 375
473 43 361
454 38 333
464 96 340
435 45 387
492 66 322
450 39 347
495 30 410
479 9 380
440 85 387
474 84 381
461 99 398
511 72 332
515 83 408
477 40 381
432 19 378
501 67 367
422 11 346
455 71 397
462 70 324
451 13 343
484 82 341
468 84 412
462 51 343
502 30 346
418 96 391
468 19 380
436 6 346
514 88 322
426 69 392
432 58 360
435 66 398
498 37 417
443 51 399
442 82 372
463 35 388
441 61 331
419 43 408
417 98 388
459 79 329
440 57 372
487 79 351
495 11 383
453 73 326
450 58 339
501 32 374
454 19 352
435 78 325
480 23 399
442 88 369
431 6 409
423 52 396
422 13 325
490 69 385
469 24 327
440 71 368
480 18 366
513 19 356
423 82 366
421 78 371
449 33 411
420 22 392
437 29 336
472 69 349
480 42 356
443 8 372
497 83 416
419 6 416
456 49 410
441 48 339
468 1 323
514 44 394
459 38 341
492 65 384
495 4 371
498 50 384
429 44 372
503 56 412
481 56 397
439 0 409
422 62 404
415 16 371
488 19 337
437 91 402
444 17 333
455 49 383
487 95 387
467 9 327
464 41 411
488 23 326
505 42 321
473 1 347
445 93 347
470 15 400
490 19 404
415 20 335
489 3 341
494 36 339
479 69 388
482 17 325
469 64 328
469 25 352
454 41 353
469 77 349
496 2 392
506 24 334
507 100 387
456 61 341
431 7 372
436 50 330
433 74 405
488 23 331
445 96 382
492 32 338
419 21 406
473 61 391
477 59 322
461 72 331
507 73 358
495 50 319
472 80 395
465 54 402
464 18 397
467 69 323
474 72 411
441 5 338
496 43 387
485 79 389
415 33 386
512 86 359
495 22 326
445 23 342
442 80 413
457 16 362
226 246 173
209 234 116
251 223 157
170 200 129
252 193 126
177 174 132
165 208 132
153 184 103
228 170 82
153 225 102
163 160 180
228 178 114
210 151 154
173 236 144
200 165 149
176 195 136
177 195 133
236 173 169
209 167 105
230 205 133
207 212 133
245 208 107
162 221 142
154 151 155
247 193 101
167 171 136
250 164 93
177 227 148
171 179 92
245 216 92
171 225 110
200 242 145
242 201 95
204 151 96
209 200 121
183 231 145
216 241 112
221 210 160
180 218 97
183 243 120
221 246 96
197 241 109
169 242 175
193 234 109
235 201 151
194 147 113
203 153 132
161 246 172
222 205 163
211 162 93
156 150 123
166 174 136
219 191 117
164 156 88
195 164 90
224 151 164
161 159 90
169 222 127
182 218 136
160 218 121
209 200 158
240 238 150
220 215 138
230 238 144
188 170 110
190 146 171
238 195 161
240 244 95
220 210 120
200 246 149
165 196 157
164 214 134
165 159 113
235 168 160
178 175 121
235 146 97
208 243 98
166 223 167
201 179 178
181 222 118
195 180 144
199 170 159
228 196 137
190 171 86
218 171 172
190 147 98
219 177 130
160 193 135
180 217 157
247 185 159
225 184 81
172 245 137
172 170 100
192 245 146
230 211 90
194 209 139
173 196 158
241 241 125
190 222 124
228 164 177
234 221 128
165 179 91
174 211 137
167 206 100
239 210 147
190 222 106
221 233 155
190 160 178
163 160 143
245 148 168
244 246 123
229 237 143
245 209 106
218 232 96
250 242 154
180 154 147
233 199 145
196 243 172
207 181 153
152 182 173
191 242 170
242 168 174
191 172 119
235 186 171
220 158 120
153 216 165
242 173 83
182 178 113
239 179 133
239 219 149
229 222 174
221 236 83
198 236 92
192 244 151
251 202 161
156 160 145
228 202 89
243 164 88
232 235 136
219 194 88
281 93 330
219 165 280
263 162 261
219 116 337
258 160 292
231 110 338
192 119 336
279 124 252
216 164 335
234 92 288
225 81 273
287 104 264
245 115 250
289 130 258
201 152 274
243 141 307
257 136 271
253 110 326
224 144 256
196 145 256
196 111 295
218 98 261
217 153 329
209 147 315
278 99 256
213 134 250
288 131 309
246 147 246
202 151 246
250 126 293
238 156 279
266 97 322
254 87 316
258 85 239
224 97 258
195 160 256
243 127 336
206 80 263
262 140 323
219 128 268
252 99 297
204 147 271
239 139 255
279 161 300
230 88 286
245 149 283
226 151 318
236 171 269
208 163 258
215 166 301
211 97 332
263 137 338
224 133 279
265 76 296
214 120 266
279 141 255
251 112 274
227 166 278
205 151 247
253 101 306
198 143 242
256 145 285
235 77 242
279 86 330
218 101 300
230 134 298
214 111 315
239 115 332
216 154 329
247 83 242
290 117 329
255 94 279
273 166 327
259 174 291
201 107 292
212 87 338
256 76 248
193 110 291
240 76 287
260 141 286
259 139 278
257 75 333
217 128 259
269 103 311
261 173 299
209 124 244
256 100 303
226 84 299
210 93 304
194 81 300
198 156 310
260 110 302
267 160 303
260 119 266
209 151 321
254 79 301
234 116 276
203 93 308
218 119 314
204 147 317
281 89 269
221 142 250
268 120 291
258 109 333
256 107 293
251 148 313
252 106 337
230 97 288
284 173 330
227 86 260
195 144 321
247 103 302
286 91 311
275 171 276
224 147 257
222 138 337
256 131 260
249 105 298
228 131 239
232 76 293
260 88 255
202 139 275
246 158 300
280 88 322
265 170 282
256 152 239
271 134 299
205 166 332
230 112 239
290 103 327
267 130 282
279 138 328
282 94 248
215 116 314
252 112 242
198 106 246
246 125 319
259 91 297
209 132 242
194 111 298
353 519 248
430 509 254
379 495 204
408 520 221
416 473 223
377 499 198
435 475 201
392 516 236
358 542 264
452 458 223
382 500 251
370 507 256
376 538 234
399 509 184
446 540 242
362 541 221
434 503 250
359 528 250
414 484 199
377 517 263
408 480 272
387 464 243
401 454 272
368 523 226
383 539 251
362 469 202
435 510 234
440 519 190
411 515 255
453 487 237
407 527 249
426 508 222
372 532 233
436 491 213
432 516 222
412 546 260
402 490 249
375 494 259
382 465 251
357 535 205
428 541 284
426 538 238
380 478 229
446 485 283
396 528 198
450 457 236
407 525 202
378 492 277
412 462 215
415 540 243
427 498 263
377 454 232
400 462 226
427 507 279
439 489 241
376 522 244
362 460 229
431 451 232
412 470 208
437 499 260
399 521 186
446 483 260
440 493 199
439 500 258
376 523 244
433 529 231
424 506 267
392 503 198
446 446 216
353 484 219
431 524 185
417 524 232
365 484 225
451 494 229
378 508 208
438 525 194
429 513 185
381 471 213
386 518 247
407 507 263
408 542 213
436 471 203
386 541 204
353 518 280
404 449 279
371 453 188
355 464 274
421 528 187
372 457 244
382 493 252
383 480 242
353 517 272
372 467 220
390 484 245
448 453 192
385 469 284
448 498 199
412 465 248
378 543 251
422 454 273
365 523 209
380 471 225
432 538 254
436 500 199
377 525 278
379 475 216
383 499 226
390 510 244
448 483 251
354 470 237
452 482 281
417 474 282
429 530 273
399 525 279
423 494 184
409 527 239
453 479 253
381 508 272
368 466 194
424 531 250
411 498 261
450 519 235
413 451 198
397 546 281
426 466 259
451 503 235
380 453 217
384 516 208
406 493 252
404 508 239
431 486 252
397 458 216
394 474 232
377 471 236
424 540 273
384 483 236
378 496 221
427 515 248
359 489 254
359 495 208
26 27 361
62 42 384
35 -18 381
11 7 325
39 37 376
22 17 379
47 -4 382
-4 -19 420
48 -31 390
46 54 406
38 43 329
73 11 414
66 29 369
-18 -21 384
68 41 391
-3 57 417
-14 -19 351
50 36 392
68 -1 359
61 -16 374
28 12 325
50 37 330
6 -38 348
26 -39 407
5 -19 420
41 23 379
71 11 380
10 -21 392
51 25 333
51 40 329
71 34 380
4 -27 339
71 47 350
41 -10 354
-15 12 405
44 44 390
10 -1 322
26 52 395
47 -29 403
12 -3 343
74 37 406
49 56 390
-19 -31 388
6 21 328
23 -30 403
70 11 373
18 -39 370
16 -23 359
18 41 333
-3 21 386
51 42 363
66 11 326
52 54 402
0 -7 411
-5 51 402
20 4 378
-5 0 373
68 -35 374
15 44 340
-10 52 372
41 -8 381
24 14 401
34 21 378
-21 7 322
17 -39 362
70 17 348
18 -34 357
27 -4 417
61 55 373
67 46 346
53 -26 415
32 2 353
42 37 377
33 -18 347
1 -6 411
-22 55 357
44 -25 416
3 22 364
-22 -13 333
47 -28 389
41 -24 328
55 3 421
62 29 330
-16 -3 375
58 -34 418
10 -33 382
47 -34 414
-19 14 422
50 -42 387
47 52 419
12 -10 400
8 53 370
68 -42 342
71 -8 347
31 -9 347
-17 32 367
37 0 326
72 21 361
74 58 350
-6 29 397
33 -17 388
31 47 331
-12 58 381
-8 -14 365
0 -16 332
20 32 402
-6 32 339
19 37 410
56 20 385
70 3 334
42 57 373
72 12 421
11 -42 333
39 -22 383
7 36 352
35 37 383
64 -13 370
73 -22 404
8 -17 421
-23 56 384
44 -31 406
21 49 346
47 8 415
28 17 374
45 33 347
76 -41 418
16 -10 403
0 6 399
-3 7 367
-16 -20 351
-12 15 375
33 -10 355
52 15 391
57 2 406
36 49 349
52 42 330
2 23 360
32 -16 361
26 -26 381
18 55 354
292 88 375
287 68 452
254 96 371
250 133 438
232 87 409
216 42 386
218 45 393
296 62 402
290 131 402
255 76 410
219 63 428
294 72 453
238 115 374
278 78 431
251 102 389
234 88 458
272 121 412
236 123 416
303 99 431
284 96 378
303 69 452
290 55 367
271 72 451
272 77 382
218 58 457
237 137 427
285 99 381
302 83 368
284 87 416
225 39 391
226 54 367
306 131 454
229 123 446
295 58 390
208 55 427
229 71 389
296 136 359
246 65 362
231 61 438
230 109 358
236 93 445
257 101 436
228 49 415
295 37 391
244 97 395
274 61 429
214 75 431
206 98 377
296 64 446
257 58 415
279 118 442
229 74 390
207 133 400
235 134 455
250 116 445
293 97 438
263 84 407
237 137 434
279 133 404
258 44 362
280 81 416
232 104 365
230 114 368
272 99 411
210 61 448
245 110 433
264 133 398
211 94 413
293 89 359
267 134 413
282 75 378
303 53 360
216 111 397
305 57 411
219 80 456
222 40 365
241 121 428
266 136 410
262 58 406
236 114 440
207 96 432
296 105 383
220 128 363
251 103 411
241 55 400
211 51 392
217 137 406
298 64 371
245 95 388
275 52 365
267 118 397
238 72 432
270 58 413
260 117 423
274 122 371
272 75 407
224 91 380
207 129 386
242 135 389
298 109 387
264 134 381
220 74 398
295 86 455
277 119 437
207 127 413
269 110 446
210 137 418
273 103 434
275 68 401
296 107 369
294 41 408
247 54 448
258 51 365
270 96 365
289 48 386
226 49 434
269 69 415
281 105 380
277 128 410
241 73 410
304 97 391
282 98 440
287 69 448
209 77 448
256 45 419
298 67 441
292 47 408
278 134 429
256 47 374
294 68 448
297 67 447
249 50 444
299 37 387
265 99 413
292 77 440
236 42 360
270 105 446
272 103 376
257 64 413
214 70 438
112 449 300
105 422 359
120 478 380
158 436 304
155 411 315
167 429 366
119 439 318
89 392 379
153 390 355
125 394 338
93 449 326
105 474 334
129 410 341
98 391 313
131 466 362
147 465 299
154 382 333
103 408 298
122 439 328
96 454 346
93 387 289
164 394 371
155 426 306
72 397 281
144 442 324
150 413 342
72 405 339
120 439 343
78 440 353
158 393 333
148 479 380
80 421 363
83 434 343
141 471 310
144 451 283
163 422 326
78 407 354
150 397 283
149 479 367
77 460 288
132 400 318
138 392 311
163 383 370
82 465 341
110 389 363
142 386 372
125 450 306
69 390 353
134 429 330
91 402 318
107 458 333
67 399 364
164 460 365
146 438 301
82 390 331
106 447 344
159 388 338
138 395 357
127 450 371
159 414 377
106 431 379
73 396 340
159 387 310
145 466 338
124 414 289
78 463 341
151 480 317
130 390 282
144 417 369
143 434 288
167 468 320
74 431 345
88 409 317
114 445 327
85 395 373
84 430 378
127 408 302
67 435 319
130 388 323
129 480 290
82 416 335
118 451 297
165 380 301
154 430 361
88 427 332
167 415 353
142 435 367
144 432 333
69 453 335
105 455 360
73 417 374
73 440 289
167 446 337
112 452 309
103 439 379
158 458 356
149 448 361
167 407 338
161 423 354
84 451 351
79 472 363
143 418 325
125 433 357
130 458 348
116 404 317
127 446 375
91 382 312
132 397 295
86 397 331
70 426 355
78 455 353
121 419 361
95 448 317
141 383 327
138 468 358
159 477 338
111 382 333
138 464 356
83 405 306
104 401 381
130 423 327
118 392 380
71 468 313
70 434 363
160 410 316
68 409 374
134 444 378
140 430 315
162 431 381
127 474 305
107 437 368
82 466 354
122 416 358
104 424 300
110 421 336
68 431 284
105 455 368
138 461 372
76 414 299
161 402 309
460 237 38
413 192 17
433 187 12
410 199 77
458 223 47
494 224 37
465 252 62
471 241 69
455 175 69
408 261 93
473 205 3
476 175 69
490 198 80
483 243 50
464 174 96
447 164 54
494 189 88
442 244 100
472 235 50
475 166 19
471 240 22
474 254 95
420 240 9
464 164 35
415 163 72
507 162 97
412 182 13
414 236 44
411 187 76
485 202 66
482 180 83
433 259 3
463 194 72
412 242 90
426 255 39
413 204 48
420 216 90
446 198 34
414 222 48
502 241 45
433 176 28
428 192 34
445 202 10
460 254 99
483 201 48
470 195 29
411 220 22
445 254 21
480 209 72
433 217 42
415 226 38
440 222 34
420 233 69
487 230 61
504 212 94
507 226 74
492 207 15
411 257 56
504 233 28
423 201 25
498 215 85
438 215 62
422 186 63
435 247 39
455 232 52
432 176 76
484 201 54
409 198 99
410 245 68
452 238 92
501 162 81
478 221 103
495 261 28
426 227 63
446 228 34
485 260 98
485 179 84
417 199 82
447 204 92
446 250 60
502 181 96
433 205 18
503 248 64
421 178 19
423 215 7
462 190 99
446 186 74
470 192 5
456 240 19
436 243 66
427 257 56
479 260 36
440 223 88
427 184 41
501 222 37
452 244 7
464 184 12
434 218 70
435 222 68
502 207 94
450 199 100
408 237 82
425 186 20
407 203 32
505 193 7
461 204 66
472 243 63
444 185 87
453 195 40
490 203 57
476 223 39
461 225 34
465 196 75
504 166 57
459 247 91
414 185 86
482 217 29
484 260 16
506 215 3
424 246 15
430 201 63
501 247 12
480 251 99
471 216 31
472 255 64
476 210 56
461 215 48
468 226 34
483 240 100
474 185 50
448 170 66
448 211 23
488 250 3
458 236 68
422 178 21
496 193 97
499 251 58
423 234 41
486 190 52
451 210 33
409 467 434
360 462 485
397 460 519
383 485 487
327 423 522
362 482 463
342 434 442
384 475 507
352 411 520
416 482 449
407 435 476
416 458 463
410 492 484
406 463 470
405 438 429
347 470 450
361 498 508
330 482 485
354 445 477
328 403 478
392 433 523
335 435 471
360 462 478
330 462 498
370 426 515
426 430 462
329 435 438
409 494 502
392 413 495
405 494 495
389 479 480
408 419 429
417 409 493
422 472 435
392 410 484
388 445 499
358 466 528
351 438 485
389 431 434
377 433 466
350 428 443
411 481 472
415 423 498
359 443 515
347 441 436
331 435 465
405 476 436
394 439 486
416 418 515
416 447 500
397 415 448
401 405 459
366 445 494
361 425 429
337 477 468
326 469 491
326 489 528
422 452 521
388 466 458
350 494 451
358 439 479
408 416 509
355 474 528
338 479 431
365 435 514
345 467 447
365 422 473
344 415 469
349 463 455
331 454 522
383 496 514
417 458 452
398 477 464
399 423 505
408 501 462
402 420 472
426 444 481
420 457 431
364 459 433
373 450 435
386 433 452
327 433 468
417 428 439
342 479 481
425 497 504
392 488 430
389 425 518
424 422 507
410 502 518
366 500 471
377 441 437
380 413 446
410 467 495
343 461 433
394 450 444
351 445 511
399 409 510
423 415 481
373 497 475
402 434 468
357 498 468
384 420 493
369 442 447
360 465 527
422 456 509
345 469 450
336 452 522
377 440 468
390 447 440
358 419 485
392 460 475
382 498 489
414 460 459
423 404 463
424 448 443
426 427 513
424 490 432
419 473 437
407 431 505
415 438 476
345 500 431
359 421 526
364 418 516
351 462 519
400 423 495
422 494 434
409 408 521
402 417 446
360 458 479
340 480 460
366 482 494
424 469 454
375 443 484
421 413 431
391 496 477
375 488 493
360 460 466
343 442 491
403 422 506
376 425 517
80 331 277
6 362 262
76 324 249
10 362 299
60 395 328
94 340 265
2 373 314
16 321 257
34 368 303
32 319 256
58 394 343
44 389 282
7 369 342
92 343 276
32 321 296
13 378 250
28 411 263
6 317 339
87 328 311
80 408 334
15 356 328
9 366 270
84 404 336
5 333 314
61 385 326
69 316 319
47 401 288
30 390 298
41 398 254
4 350 331
88 415 251
10 385 307
42 409 251
82 339 325
85 344 268
99 339 331
53 414 337
23 410 267
95 323 335
27 370 264
53 401 274
17 354 262
25 329 248
70 377 304
3 354 323
65 346 273
76 394 345
50 380 274
18 391 289
37 403 287
36 344 323
33 364 281
93 324 316
0 318 292
81 348 253
62 368 288
30 392 251
69 340 259
27 407 266
97 407 322
57 409 300
7 390 330
31 366 285
11 409 329
72 357 295
63 341 343
38 332 250
17 360 246
83 396 251
9 390 304
93 336 269
26 391 339
80 322 308
55 372 318
66 387 328
26 328 317
85 403 299
15 393 305
29 403 341
98 369 251
91 350 332
81 376 298
29 359 267
76 372 257
25 366 303
4 381 257
96 340 250
76 360 306
63 399 299
30 349 277
90 402 261
65 328 335
53 348 276
68 395 268
9 381 302
45 365 340
12 355 322
16 333 302
5 403 255
51 319 304
18 368 314
21 399 280
50 382 294
46 334 322
56 413 289
12 321 337
82 382 275
49 333 292
6 345 321
14 372 338
27 340 279
46 397 264
74 413 279
99 405 260
65 353 345
38 348 329
54 358 259
2 349 317
39 367 256
94 355 261
38 319 257
54 393 305
38 415 312
91 338 267
90 329 285
-1 414 288
78 378 265
47 360 340
45 404 334
96 375 307
77 329 258
87 393 250
45 403 297
20 387 267
75 328 299
20 360 308
50 409 279
92 413 323
18 364 339
17 377 328
364 489 208
414 450 215
410 477 212
370 495 178
370 441 168
390 475 176
392 482 182
390 443 138
415 524 137
388 512 187
408 467 205
390 529 216
351 492 193
360 505 194
426 518 191
355 450 209
367 529 194
372 451 195
390 476 173
424 498 159
329 456 189
373 455 143
382 445 185
369 497 223
396 458 176
407 467 150
361 534 195
412 478 225
356 505 182
333 500 168
422 452 205
425 455 144
405 442 174
389 518 136
374 501 137
414 443 213
416 495 188
423 508 185
424 494 203
391 494 221
385 468 207
332 465 230
342 451 161
339 491 200
335 450 203
401 441 192
376 456 132
350 528 152
386 531 217
388 487 195
343 445 187
391 442 197
411 525 185
337 472 201
420 481 170
350 533 176
374 474 211
421 484 136
383 478 213
396 457 149
386 456 165
390 520 207
406 445 164
413 466 169
390 494 139
377 438 179
380 472 169
365 510 177
407 492 217
339 446 214
419 501 189
389 474 213
380 449 170
354 438 141
342 504 217
353 468 168
354 491 145
342 465 158
370 480 167
374 525 200
401 495 132
379 478 158
408 509 177
406 444 147
425 447 221
408 517 192
343 529 169
374 464 204
343 438 216
338 529 217
386 460 230
348 530 221
335 460 155
422 442 225
377 464 196
340 492 138
414 524 210
425 472 195
368 499 224
365 490 219
362 521 216
411 484 194
420 454 206
409 490 145
398 440 179
374 514 199
417 484 168
422 489 165
337 492 208
373 471 206
416 517 191
330 518 196
402 453 154
351 459 221
387 495 174
415 437 185
389 436 143
380 515 203
339 501 146
401 523 189
376 447 188
408 461 229
337 494 189
353 518 198
331 487 206
358 527 160
409 488 196
388 484 140
379 533 217
388 477 227
385 522 210
381 436 196
407 492 138
369 440 158
404 468 159
347 497 199
340 519 227
389 482 198
345 451 180
360 520 209
256 431 258
288 428 226
305 429 237
310 469 285
252 413 246
312 492 319
247 435 266
277 455 233
241 485 243
294 418 230
240 406 308
262 419 280
257 462 265
224 434 283
237 444 311
315 465 233
312 477 302
295 444 301
312 454 235
223 410 308
229 448 236
293 400 285
220 441 268
240 493 258
269 475 307
274 469 266
266 438 321
222 425 258
315 492 276
243 481 229
291 397 243
222 402 268
290 454 272
252 482 248
275 402 236
277 434 253
233 450 253
307 417 311
281 434 303
231 409 307
216 448 316
244 464 240
250 407 311
221 436 264
217 486 250
236 420 283
298 414 246
260 433 255
307 482 270
298 427 303
231 433 230
306 429 262
312 397 288
283 412 227
311 441 225
237 470 298
282 450 286
272 420 263
291 460 300
257 476 268
226 438 231
237 455 259
224 493 281
241 496 324
300 455 229
216 436 277
289 481 295
241 416 324
270 468 246
264 399 251
280 492 233
275 480 238
252 469 280
265 399 301
280 454 321
260 441 248
311 489 268
215 494 240
230 469 310
218 466 247
217 493 280
230 464 249
229 480 279
227 457 251
264 421 316
254 461 306
261 462 304
255 410 303
276 402 267
307 444 308
236 453 236
302 398 268
236 421 281
215 444 278
231 426 303
304 419 253
275 489 230
295 404 296
291 469 288
220 424 250
233 403 260
269 493 246
275 471 246
270 450 236
256 496 278
306 423 276
232 464 275
297 442 286
248 475 297
250 470 294
223 422 306
239 492 306
215 485 238
291 410 267
305 490 318
246 399 312
218 408 317
248 465 256
294 430 231
223 419 239
233 455 313
310 449 303
270 402 279
286 487 316
271 446 287
264 472 273
271 465 292
260 421 283
261 493 294
307 484 262
305 481 304
249 449 255
271 441 282
290 449 250
259 407 317
272 417 291
273 497 237
264 464 307
260 445 280
284 446 275
301 401 21
310 332 16
365 367 35
383 353 4
301 350 -1
328 399 3
332 432 32
376 383 7
376 345 52
350 417 21
327 366 -5
369 366 0
351 429 41
334 341 43
358 362 26
347 379 -12
393 412 14
355 332 73
302 403 12
348 348 58
370 422 5
390 362 -1
384 363 46
334 393 30
392 402 -24
297 427 66
318 424 -1
339 349 58
333 427 32
376 415 14
334 404 18
310 426 31
336 428 44
296 335 1
364 359 21
300 414 -20
340 382 -6
342 406 -6
344 429 29
374 355 -24
311 421 -23
350 402 -25
346 421 46
361 431 54
372 347 51
338 380 53
341 431 25
303 339 -16
352 408 61
353 432 62
366 336 23
344 342 13
375 405 68
387 347 -20
357 339 68
386 425 -12
316 361 22
302 419 -20
390 359 29
357 429 49
372 395 50
318 412 21
297 402 -5
364 374 -5
351 431 27
298 390 45
346 358 4
349 347 -19
370 371 -16
352 378 1
303 352 63
300 344 34
358 429 55
357 412 -10
390 368 -26
364 420 -5
334 332 2
363 399 46
317 411 13
314 419 27
369 386 54
309 360 50
347 342 -18
346 338 57
296 342 73
309 425 -13
327 402 -5
353 385 0
359 410 74
311 337 61
361 430 12
310 367 71
364 403 69
318 371 34
296 337 29
298 405 52
363 350 65
306 355 35
368 361 31
364 339 26
345 346 55
364 339 45
329 371 35
348 404 59
319 388 41
358 369 19
392 347 10
341 347 39
296 392 65
321 367 48
343 361 69
320 365 50
396 374 -3
386 333 -22
369 350 -9
372 405 23
305 432 40
325 406 30
310 428 64
323 393 35
359 404 -9
324 402 71
307 369 11
369 394 -25
373 393 -5
365 354 74
394 364 37
384 348 44
337 356 -9
354 418 71
354 423 59
325 341 66
362 354 12
336 419 -9
371 430 -1
320 348 12
313 338 43
375 337 -20
385 386 -20
376 352 30
93 504 338
83 463 345
134 492 302
134 462 328
110 456 313
91 511 271
162 473 266
177 423 315
174 518 330
146 449 275
96 443 285
102 462 347
152 444 313
108 496 333
174 450 326
79 469 317
145 429 287
140 450 311
176 449 283
166 459 270
98 507 262
102 514 276
122 474 342
101 517 310
167 505 295
147 490 320
84 452 275
116 454 258
113 489 308
162 506 340
104 476 329
93 430 271
165 493 266
79 428 250
169 479 279
114 462 341
174 427 279
124 514 346
135 476 331
82 509 305
110 468 287
173 436 342
95 520 308
144 486 312
151 423 292
176 509 296
150 485 262
91 445 285
163 462 326
163 456 285
105 465 323
134 500 284
120 483 349
161 518 251
176 454 349
151 426 304
133 469 300
156 512 257
108 448 324
113 513 327
116 490 249
156 446 347
145 497 290
81 500 269
145 460 324
144 433 265
156 493 296
116 484 261
124 503 278
169 498 250
131 426 347
178 462 279
169 431 282
165 485 276
111 516 250
143 427 257
177 466 295
87 425 331
154 496 264
127 489 322
133 484 297
174 444 341
126 479 302
169 436 261
139 428 346
151 507 301
171 507 326
90 444 344
101 484 316
111 477 326
99 497 313
80 512 260
96 470 344
150 469 300
167 426 281
133 450 278
160 453 338
167 434 278
122 437 336
142 473 348
86 499 277
172 423 311
139 462 338
164 506 300
101 502 340
100 428 315
134 521 333
158 435 331
124 488 335
126 514 295
141 463 312
116 440 273
135 507 264
115 448 260
163 478 286
100 427 322
95 437 302
154 429 311
103 428 303
166 481 259
92 503 303
106 442 288
120 515 275
124 499 338
132 439 291
128 512 314
106 445 313
120 486 303
90 469 316
126 490 335
170 476 325
129 502 286
152 474 315
161 479 279
143 461 310
172 492 263
171 497 273
82 457 286
100 504 324
92 514 313
216 87 458
230 49 467
212 96 406
179 54 448
232 130 451
217 86 431
255 136 394
242 62 418
247 83 385
198 101 445
234 93 400
244 109 480
199 116 445
262 80 397
199 70 414
252 113 404
175 100 410
241 82 440
211 130 387
263 112 387
234 126 433
256 142 442
202 126 443
176 54 459
198 86 476
260 52 478
272 55 440
274 81 384
175 106 469
257 63 478
199 135 419
270 80 415
249 87 428
238 51 409
213 104 469
205 122 425
247 125 449
238 119 399
272 64 473
193 58 389
235 56 480
204 116 428
195 59 406
253 83 455
177 111 401
227 58 481
217 134 468
272 58 405
243 115 435
253 103 411
230 86 473
183 144 464
205 143 467
240 129 420
206 133 459
266 96 394
214 97 432
188 119 453
177 135 384
221 117 394
254 141 422
257 66 464
261 48 386
245 50 429
188 133 438
203 134 400
208 109 460
193 86 441
258 124 410
199 124 458
222 60 436
219 83 405
233 124 390
181 107 443
223 89 482
248 49 390
203 143 413
198 85 474
188 49 390
191 95 458
202 106 478
262 112 398
214 68 427
238 80 398
204 65 469
252 54 390
243 92 446
193 67 477
237 58 456
255 93 454
233 93 447
202 140 472
243 64 422
240 130 457
254 50 383
187 119 391
211 138 402
235 98 473
228 48 460
252 83 434
221 112 464
178 63 388
184 81 460
191 78 401
196 146 437
235 115 450
242 46 425
175 98 397
223 63 480
224 55 383
195 143 390
186 51 410
262 103 418
274 144 471
247 117 451
263 65 463
233 84 429
243 141 459
234 112 416
210 127 466
201 89 444
219 62 470
206 98 462
175 84 434
272 80 480
201 90 425
210 85 483
198 96 428
237 145 450
272 107 435
230 97 471
204 143 393
192 59 424
232 132 393
182 132 415
203 89 434
257 63 410
176 52 468
203 77 406
226 146 447
328 410 251
333 386 264
391 389 308
403 412 296
424 371 317
333 371 252
356 359 249
346 344 255
415 394 340
341 413 251
388 325 326
421 387 275
421 360 324
358 394 273
419 343 335
398 407 261
407 365 311
416 346 308
350 400 266
394 356 314
390 343 279
378 337 308
382 411 276
403 337 301
417 385 294
330 412 321
340 375 279
373 417 306
343 323 259
338 328 255
400 409 338
404 375 318
398 382 302
346 331 341
391 373 253
331 342 345
425 358 279
406 397 345
332 382 302
337 405 277
376 355 345
359 374 248
407 398 261
384 370 272
350 371 324
360 360 286
418 412 270
393 374 336
418 327 317
411 364 270
330 398 294
351 359 271
375 338 295
333 366 343
340 329 331
369 387 268
427 412 348
419 377 283
375 374 313
417 345 270
393 374 277
373 418 261
345 329 348
418 419 315
425 389 278
357 335 278
394 396 284
359 343 280
372 397 278
368 369 288
423 395 329
368 398 311
399 418 259
407 339 334
339 418 336
338 379 280
374 331 266
378 323 331
405 342 278
341 379 326
414 362 292
380 325 326
355 407 324
379 344 262
395 378 348
364 327 344
369 393 310
328 354 314
359 342 251
373 341 266
359 343 316
396 338 284
359 395 307
417 393 331
412 416 301
331 398 256
414 348 315
397 370 347
350 382 250
347 375 260
337 352 274
351 376 333
363 341 336
371 348 341
396 404 319
389 405 285
413 358 323
346 376 330
353 354 285
403 349 323
389 408 252
355 365 278
365 390 259
424 352 264
339 399 326
412 411 341
391 384 270
423 332 332
355 402 321
351 386 342
418 368 347
364 356 311
348 382 333
360 344 272
418 379 318
423 386 268
405 328 292
382 395 249
369 340 309
330 334 294
386 348 277
404 342 262
345 364 321
390 371 280
373 396 277
417 326 271
346 383 316
400 406 280
406 385 286
389 364 348
92 89 117
84 69 23
34 20 99
74 41 116
89 96 110
74 85 53
113 94 110
61 107 105
97 34 25
39 16 72
52 88 29
63 79 61
75 109 67
108 101 23
31 84 67
34 78 91
69 60 54
55 41 30
23 18 80
105 60 114
21 95 68
62 87 114
63 63 64
92 110 96
59 59 118
77 88 76
88 105 25
55 17 49
89 16 31
70 78 108
79 84 68
93 101 105
117 71 90
40 99 47
21 83 53
92 77 111
81 69 94
40 40 65
25 41 117
110 18 43
75 17 78
46 91 43
71 82 25
90 70 113
97 53 115
78 38 58
108 95 101
110 64 64
19 91 87
53 72 117
87 47 102
21 107 36
47 73 48
53 62 38
59 65 28
81 82 82
26 55 103
116 59 68
18 71 105
62 107 37
18 101 38
104 109 56
26 65 62
75 112 108
31 93 45
36 21 61
78 66 38
115 50 49
78 63 48
90 107 89
48 56 94
37 107 75
58 103 93
30 72 59
21 22 116
61 39 83
112 51 88
72 26 51
99 89 66
44 27 96
95 98 55
110 12 106
101 17 47
29 79 62
73 25 109
112 100 74
115 47 59
34 55 54
111 65 70
65 28 97
75 51 114
63 15 32
83 95 38
18 81 97
74 98 114
87 32 53
20 74 45
105 21 35
19 60 104
30 32 76
75 13 49
26 90 43
50 95 27
43 50 106
39 66 50
19 25 107
61 22 96
66 56 29
48 48 99
38 68 117
111 75 72
39 106 42
94 68 86
67 66 59
52 64 74
72 76 29
64 63 87
69 39 45
19 98 29
43 68 101
51 111 110
63 69 47
26 93 75
95 27 113
58 68 82
28 103 94
67 30 46
96 81 110
34 48 66
105 21 48
41 89 109
38 18 46
61 55 43
69 44 90
19 104 27
109 106 54
85 81 115
111 12 47
38 46 83
58 32 40
478 244 219
510 256 196
505 276 239
448 235 228
532 248 210
464 264 154
504 230 159
480 293 161
455 257 238
508 249 187
511 234 226
443 297 159
506 282 181
471 281 223
479 270 159
528 247 162
466 316 221
479 312 230
485 229 211
495 259 154
451 279 206
508 275 201
451 229 245
458 324 202
467 278 220
510 324 232
512 257 225
515 248 171
444 273 223
506 269 239
508 296 233
458 256 203
526 274 232
456 265 250
509 238 166
468 297 223
455 255 208
475 262 174
465 277 188
518 305 181
526 290 198
536 275 226
461 243 205
479 309 246
501 289 192
503 298 182
488 259 182
497 319 214
461 293 164
467 311 171
487 246 153
519 321 153
510 308 223
457 305 177
457 297 159
474 253 192
512 307 185
489 266 243
501 243 168
448 268 180
477 262 170
511 279 168
505 229 186
507 325 208
535 260 193
463 313 242
454 257 206
445 254 177
440 231 206
477 298 196
463 286 229
453 271 224
509 306 168
489 323 184
508 240 160
528 301 249
534 257 218
479 284 252
502 289 190
451 308 158
511 312 234
500 277 185
476 245 191
469 233 185
519 307 206
475 231 216
513 249 164
489 237 217
534 317 153
497 261 159
510 299 252
499 296 214
517 321 249
450 277 246
443 326 155
506 322 235
490 252 235
441 254 215
535 319 222
510 255 194
454 279 236
507 315 193
521 262 190
501 252 190
467 229 175
540 269 166
511 317 198
443 296 233
506 301 213
493 321 183
538 271 168
469 304 207
472 229 170
477 315 165
534 278 251
484 310 236
478 230 188
451 244 203
540 272 216
512 288 204
455 311 194
509 323 208
500 247 175
469 312 210
533 264 161
456 265 154
481 303 218
535 269 233
480 257 212
525 326 158
478 322 168
501 313 238
487 256 201
498 321 179
494 295 213
535 244 232
470 241 184
459 234 190
446 322 205
529 276 152
172 470 79
164 447 160
159 462 107
121 438 79
152 447 111
193 418 114
150 437 163
204 484 101
121 429 73
110 506 168
186 413 80
192 419 85
133 445 76
114 454 172
197 468 146
133 435 169
123 450 154
130 500 153
136 417 135
142 419 80
140 489 111
171 506 98
201 442 168
156 423 107
202 452 125
171 438 120
131 415 112
184 444 72
111 499 109
118 430 157
151 432 113
149 454 117
155 453 94
150 497 93
165 420 170
142 464 77
180 452 162
207 478 162
176 470 89
124 453 170
176 418 74
189 471 146
206 492 80
109 424 154
141 492 130
169 469 121
187 427 168
122 509 120
147 489 74
157 413 110
163 417 87
197 428 143
165 462 154
193 480 114
198 415 156
160 492 154
175 459 112
204 435 154
160 459 122
119 432 123
189 461 164
134 454 140
130 491 90
128 413 166
140 421 171
137 427 117
132 435 160
146 494 146
161 493 158
122 450 131
178 429 120
160 477 153
148 508 75
169 487 109
123 436 136
164 495 84
147 507 81
129 426 103
191 504 102
124 470 142
163 476 83
196 432 82
206 492 148
132 435 99
184 447 119
131 425 72
180 497 91
195 487 133
166 460 74
140 455 166
192 471 78
153 456 172
169 446 104
137 473 164
164 435 143
158 422 109
153 452 76
145 449 129
116 425 137
161 421 147
127 439 154
194 450 106
152 420 85
186 478 85
124 430 154
134 471 72
130 422 78
186 478 142
197 451 119
167 468 132
137 423 166
186 468 160
149 416 154
152 421 165
205 437 108
156 413 135
186 460 81
141 498 140
182 430 169
202 465 89
170 475 79
110 486 85
121 420 99
122 426 102
158 494 146
134 438 130
148 486 113
160 458 83
109 428 132
167 487 128
126 483 170
165 439 109
169 422 123
133 508 74
205 469 110
127 450 93
138 448 145
117 430 123
129 461 103
131 484 122
487 377 118
414 383 126
423 315 119
459 313 212
418 374 197
512 376 181
433 392 166
446 371 144
422 298 183
492 384 210
498 320 137
429 321 183
504 343 136
438 309 190
454 296 125
454 361 187
509 376 124
427 313 169
513 317 149
421 396 115
473 336 170
498 381 211
502 381 149
434 324 156
461 352 175
479 383 174
460 330 148
464 386 182
446 392 200
418 365 181
493 350 134
493 355 157
489 370 195
438 388 187
488 315 160
416 326 188
422 296 137
470 394 135
456 361 185
485 354 123
433 337 168
417 379 113
419 383 207
492 301 168
501 394 212
448 396 133
460 347 152
508 327 139
512 300 130
482 393 124
459 305 153
420 335 207
440 391 127
479 358 149
485 327 191
460 319 153
459 328 173
491 330 124
465 310 169
429 393 209
443 305 198
431 375 116
431 311 127
445 386 119
449 367 182
421 350 169
414 357 187
491 304 151
422 297 189
508 384 185
489 299 211
483 347 192
472 333 202
500 339 141
445 368 123
436 361 170
505 353 208
458 356 141
477 384 188
443 341 169
480 313 176
513 355 142
495 312 173
450 307 203
439 346 117
425 347 211
450 383 198
513 387 157
485 365 200
440 343 117
505 353 126
512 353 189
438 300 213
505 306 147
420 335 199
463 338 126
456 341 205
467 380 200
478 303 203
475 305 169
509 321 114
482 393 210
461 390 177
485 305 157
463 394 141
463 307 173
445 299 117
457 319 204
434 356 164
460 386 126
455 353 129
476 308 190
501 300 166
496 309 156
485 309 145
433 302 169
455 348 143
415 384 128
489 357 149
512 325 193
503 299 146
474 320 183
422 363 134
491 297 150
494 359 164
474 335 132
436 379 148
428 326 168
424 307 129
416 344 130
509 396 140
453 341 115
420 305 137
419 352 150
419 395 130
490 316 189
448 396 158
450 376 187
460 339 145
481 348 157
471 357 235
453 368 225
410 361 194
465 392 225
446 337 200
445 327 194
457 395 235
478 386 147
412 327 176
487 338 200
472 357 195
396 367 225
460 361 189
415 408 228
391 331 172
429 358 149
416 341 183
454 315 205
418 410 190
433 398 181
471 337 138
439 394 138
412 375 220
481 377 169
445 325 183
434 399 138
405 387 226
451 396 208
405 342 150
460 336 188
421 380 168
489 340 176
484 335 211
458 371 207
488 328 142
426 393 202
471 347 184
408 395 148
450 352 204
450 405 166
452 332 203
431 405 230
390 349 168
480 375 205
437 344 142
457 350 191
430 334 190
474 358 228
413 407 202
488 312 229
414 395 210
469 391 153
466 335 168
434 349 152
396 376 140
438 361 206
454 353 185
440 328 197
424 397 144
459 317 204
483 319 167
478 364 203
439 352 155
428 359 168
463 319 138
443 351 223
446 399 192
445 351 213
400 381 177
482 408 159
482 349 194
421 348 153
404 374 167
443 403 139
402 373 201
481 355 190
470 318 221
422 318 235
467 384 146
416 355 217
394 393 146
437 408 163
480 370 236
400 310 166
446 392 189
486 318 199
424 333 154
483 390 173
425 407 169
437 374 146
459 403 220
433 389 140
451 375 224
465 397 229
410 398 184
479 400 142
477 367 184
393 347 235
431 392 182
428 364 186
429 312 139
413 396 233
400 386 152
441 361 226
489 319 218
415 322 150
423 387 233
449 395 235
445 391 169
486 338 149
440 340 203
473 338 216
471 407 198
410 339 155
426 325 219
440 319 172
403 340 203
482 344 203
440 324 183
430 406 138
422 314 150
421 404 215
472 404 229
399 403 142
445 405 147
402 364 147
462 403 171
400 311 171
485 373 207
460 312 171
460 397 205
452 346 146
452 328 201
449 405 175
446 361 212
448 336 142
488 315 200
445 389 225
471 373 219
434 359 154
508 101 444
501 54 457
478 116 475
469 116 467
490 75 495
520 127 481
540 79 456
539 82 415
500 134 420
473 114 447
477 57 491
497 67 474
485 61 414
532 143 411
460 58 503
515 112 432
484 87 434
489 90 488
458 55 478
440 82 436
516 104 492
524 114 477
494 139 438
522 72 437
485 139 425
480 108 419
475 67 481
517 124 489
520 114 445
485 95 467
518 63 484
440 100 434
463 102 496
527 106 405
450 71 479
470 63 467
513 93 445
441 141 474
442 66 413
477 139 432
519 103 453
510 105 503
521 57 411
499 58 427
490 73 481
442 102 455
538 72 489
469 61 437
450 109 457
507 121 460
446 98 416
519 65 481
518 85 461
469 111 494
505 59 476
539 53 468
471 135 408
457 78 416
539 125 422
448 59 448
477 83 437
451 131 412
512 81 503
449 88 504
443 131 406
540 123 488
538 103 486
485 125 415
534 48 458
514 117 499
515 51 453
526 110 497
479 80 466
467 121 490
485 69 462
498 79 409
473 148 468
472 123 454
537 99 471
477 94 492
471 144 435
525 117 422
468 115 502
457 54 491
484 109 466
515 82 478
514 51 499
530 82 456
478 79 478
527 112 437
501 138 456
448 48 453
531 131 487
519 58 452
537 102 409
525 93 481
517 88 423
466 132 435
452 123 464
472 117 449
496 53 492
526 95 409
525 113 483
444 66 473
495 98 430
463 86 404
511 65 451
494 88 461
459 65 415
474 129 482
504 56 484
532 102 460
440 115 466
528 122 465
468 100 492
477 62 405
518 79 443
484 87 472
535 121 414
452 56 433
532 143 416
442 74 470
457 143 413
475 59 428
485 98 441
523 136 497
527 78 440
503 52 494
512 61 483
530 125 404
489 107 492
446 116 413
518 146 411
454 126 485
451 141 494
517 72 472
466 56 443
525 126 417
442 140 504
449 63 484
81 46 76
90 -4 101
98 -13 23
41 17 104
73 38 21
33 45 32
5 71 22
57 31 68
60 72 67
71 -17 97
58 3 58
7 67 26
4 -12 38
76 23 18
71 -5 72
21 67 30
46 72 5
13 5 54
19 -10 44
9 44 64
95 37 79
34 -10 50
0 50 96
73 -5 89
91 57 39
89 -2 67
7 63 34
26 5 73
83 46 6
0 67 15
48 62 54
21 22 55
73 82 41
42 82 19
68 36 73
96 48 75
67 -15 36
58 14 24
57 62 60
98 75 31
54 38 58
59 16 63
95 -9 59
94 -14 31
84 62 7
42 36 75
66 -11 20
2 25 13
78 82 60
19 -12 76
72 -18 76
27 -1 63
35 4 4
69 27 95
67 35 96
71 -3 54
39 65 28
99 13 53
78 20 93
85 28 18
69 0 41
3 10 49
13 69 36
85 -6 8
2 35 29
54 1 89
95 -17 79
54 50 96
72 35 43
39 47 22
13 15 10
61 41 94
70 -2 27
11 44 29
73 3 69
18 35 63
8 75 51
70 20 73
28 15 82
44 46 28
50 54 71
20 59 86
99 37 10
47 41 35
84 55 18
74 17 101
77 16 43
80 48 38
3 -6 102
21 -2 4
18 47 83
6 -10 19
83 -8 21
2 31 104
13 -4 28
84 61 44
0 74 74
65 26 92
44 71 11
2 75 71
78 42 12
86 54 44
53 -6 20
100 -4 55
99 35 61
15 33 21
51 23 50
13 57 4
40 -2 11
61 39 6
92 23 78
75 36 15
26 43 57
69 74 49
39 64 76
91 21 104
58 73 51
46 67 79
44 0 89
45 50 16
17 -4 14
85 33 37
64 63 40
34 -13 80
6 48 88
79 81 39
97 70 15
77 46 32
33 -7 39
4 21 69
82 4 18
81 47 99
86 42 44
71 67 14
100 32 101
65 4 26
65 43 47
47 7 67
99 67 63
96 73 66
416 144 424
345 147 520
404 119 510
361 118 448
399 206 477
424 140 505
354 158 488
405 125 506
341 161 468
377 203 516
379 125 463
408 182 488
427 147 506
395 125 511
421 115 480
403 109 475
419 192 487
415 119 504
351 189 483
365 118 518
354 151 478
378 183 420
376 127 496
372 109 455
392 137 453
342 206 462
404 196 427
360 113 438
423 201 496
391 164 444
388 196 446
334 166 471
387 177 423
408 171 423
368 108 496
425 165 485
404 152 516
348 145 475
388 204 491
410 154 432
415 123 510
355 159 471
347 169 437
424 190 493
403 112 451
358 120 482
429 182 486
381 143 485
418 129 510
429 186 508
431 158 457
338 203 464
391 172 446
431 199 498
401 182 496
430 130 466
361 194 501
379 128 438
357 181 518
375 147 424
347 155 482
370 190 501
415 119 456
342 114 422
367 136 508
431 206 440
409 196 486
406 202 513
341 204 497
422 111 484
335 153 449
385 160 441
367 145 432
378 140 455
419 202 505
419 176 507
337 134 451
365 117 456
335 186 492
420 138 433
423 128 512
338 130 498
401 117 482
381 192 455
335 112 495
347 145 479
379 177 501
352 194 467
383 152 491
425 112 450
384 129 464
374 122 439
393 120 507
353 141 429
396 175 519
399 114 487
335 146 514
380 143 424
361 136 475
411 114 488
332 155 457
426 112 502
412 191 482
391 128 491
378 135 432
419 161 473
338 201 474
416 159 469
424 187 478
413 128 433
392 171 488
364 173 443
362 160 421
409 125 498
389 179 487
393 190 465
418 159 453
356 142 428
385 197 513
410 146 428
370 181 442
369 176 492
408 194 481
336 183 436
342 176 473
399 148 449
421 204 489
417 171 455
389 145 440
425 182 478
337 115 495
365 181 512
413 134 453
360 181 511
412 136 474
337 166 466
374 177 444
370 171 421
395 117 511
352 124 501
461 295 463
438 279 465
449 274 510
471 248 517
497 292 502
434 323 470
492 270 464
458 331 424
480 283 523
437 268 446
432 325 465
415 331 519
467 301 479
479 269 437
473 296 496
485 247 446
452 275 471
444 256 509
485 326 463
468 244 475
444 319 489
492 317 512
403 300 435
403 300 520
479 319 464
406 293 447
439 241 439
482 245 473
492 327 521
491 271 521
438 279 461
428 295 505
399 284 517
418 296 522
406 268 423
471 277 509
421 266 456
485 271 473
497 306 459
488 247 521
449 304 443
464 324 454
467 313 497
479 332 490
449 297 485
422 235 436
459 254 484
467 300 517
482 235 455
493 290 481
434 285 475
493 239 448
412 251 469
458 312 492
412 325 464
478 264 427
476 320 503
403 279 469
471 304 519
411 271 463
471 265 430
417 236 430
401 331 481
477 313 470
423 270 521
491 272 432
499 299 438
482 244 512
461 252 459
427 235 450
495 273 443
401 271 511
405 302 461
468 304 470
400 298 523
435 334 449
483 234 463
441 315 475
404 270 497
470 312 467
412 289 490
499 274 493
448 291 485
492 320 496
467 246 494
436 300 432
463 281 478
432 256 449
405 282 456
461 234 521
474 237 423
407 245 493
468 291 471
403 269 489
430 247 511
466 322 495
421 312 518
467 283 473
457 261 468
419 242 444
400 312 445
483 311 486
420 242 480
461 322 501
486 258 445
435 318 468
436 266 482
475 260 509
410 238 513
468 307 463
422 322 430
423 332 467
459 302 491
413 300 470
412 321 427
419 245 495
455 243 439
488 326 438
434 249 453
478 257 515
409 306 440
409 280 436
453 283 476
492 314 473
476 295 467
452 287 517
463 279 446
403 264 464
457 314 520
411 237 486
490 265 486
482 283 466
491 261 475
459 299 434
433 297 444
413 245 471
447 316 438
436 270 491
442 288 477
449 263 506
-27 -40 483
36 -24 503
44 -24 488
43 38 522
-25 13 443
9 3 456
26 2 430
-40 -30 485
-34 2 446
43 -42 515
-3 -48 514
-26 13 500
1 -19 435
-29 22 442
24 36 463
24 -14 464
52 37 493
26 38 524
51 -37 464
6 -47 498
49 43 432
45 -1 515
7 30 511
16 -5 495
47 -43 500
20 20 525
30 6 477
8 -35 438
-9 47 502
-39 -21 429
-8 42 484
-4 -39 490
-23 39 469
-14 48 520
43 -47 517
6 -11 483
-24 -34 517
-35 6 428
40 17 495
0 -5 474
23 24 501
34 7 458
48 11 448
1 21 510
11 15 520
30 -24 428
50 42 459
-44 27 517
-43 -35 525
-6 9 474
15 27 495
35 -25 491
-23 43 523
38 41 513
32 -48 517
44 -34 449
-2 24 497
-4 7 433
21 48 442
13 40 432
-15 -3 441
-26 12 504
-33 -3 441
-20 -10 507
13 -37 430
44 -12 434
7 49 430
-24 -25 512
1 35 445
-12 26 519
46 16 467
6 -48 472
39 -9 467
26 -40 501
6 -28 507
-28 3 448
8 -21 487
-10 -5 483
29 -45 483
-9 -17 425
-21 -22 445
12 -32 489
-31 -47 433
-20 -48 473
-17 -19 501
25 -13 494
-28 19 458
-30 45 516
53 39 449
10 15 465
-39 44 441
-34 20 467
49 15 430
-22 -28 484
48 9 505
26 39 491
2 -22 457
43 -4 525
-15 -17 474
-17 -23 509
24 18 455
-39 50 501
12 -48 500
-14 -39 492
5 34 436
3 -13 445
-46 -23 513
-34 -14 460
-25 -24 426
42 6 517
46 16 498
2 -48 525
-41 51 484
-14 -18 481
47 9 504
33 -20 426
-44 23 478
23 -5 446
-45 33 427
-20 24 500
-30 6 525
7 -40 465
-38 19 485
-10 46 443
-3 -5 510
38 -38 455
-25 23 452
13 38 522
9 -37 447
-32 -12 439
2 16 521
-42 38 508
46 2 476
-11 40 431
46 48 504
31 48 471
-28 -42 499
54 -8 469
36 21 470
47 9 495
231 501 378
222 418 426
243 490 420
195 430 364
219 472 364
209 434 381
211 442 349
246 416 430
267 419 387
192 482 414
267 516 394
240 454 426
265 500 377
233 466 404
273 465 353
222 513 434
184 455 403
245 472 401
250 485 368
245 514 350
197 482 341
179 443 405
212 438 414
272 441 372
219 463 345
206 492 353
180 482 437
199 426 420
264 488 438
195 449 415
198 420 418
225 466 357
182 455 394
186 474 408
179 456 386
183 425 430
214 497 347
192 501 380
260 469 405
257 451 359
247 486 426
211 473 374
179 470 410
261 482 433
238 443 415
262 435 379
218 482 352
183 468 403
213 507 405
236 513 367
206 425 419
221 480 394
178 444 373
244 418 427
251 492 374
267 416 424
247 485 365
213 468 434
259 474 359
211 479 351
252 461 396
259 464 381
238 492 391
224 458 419
223 513 376
212 438 414
250 427 416
258 506 345
208 478 364
205 430 386
176 508 436
253 490 379
265 455 357
202 421 403
230 418 399
244 448 434
228 421 357
273 420 430
196 429 346
207 484 362
188 498 434
196 501 427
219 424 378
222 506 406
221 502 341
221 483 394
258 513 385
219 515 368
274 455 355
191 514 416
235 425 367
195 464 437
258 458 430
256 418 353
257 509 354
251 463 428
197 439 394
217 498 344
207 496 398
271 504 397
241 444 423
218 433 421
265 501 425
220 493 376
237 422 438
249 478 348
199 505 367
232 468 341
208 467 351
249 502 363
177 442 423
265 475 385
242 450 373
231 422 373
235 422 431
234 449 352
208 474 378
236 484 405
195 493 417
188 482 432
175 488 433
242 504 380
241 446 425
183 466 439
216 483 342
245 445 383
221 475 382
256 478 351
224 447 420
226 454 343
230 429 426
217 510 346
180 432 421
269 449 364
225 497 387
209 451 401
215 512 371
268 501 425
251 422 356
178 506 440
180 264 -36
173 281 -43
148 265 31
193 275 35
136 265 32
194 233 -13
172 235 -12
166 248 1
180 260 7
145 277 -10
196 249 4
130 279 -12
132 237 49
110 192 -27
154 218 13
103 286 22
112 201 20
132 197 50
123 227 28
127 230 33
119 213 16
196 197 -2
123 213 -40
194 235 40
179 232 -3
172 214 12
150 251 43
133 248 15
112 235 28
163 244 -8
157 273 -39
101 222 -25
187 227 -35
117 281 -28
183 257 26
132 278 -3
109 258 32
173 286 26
119 188 -29
182 243 10
188 267 23
159 281 36
143 191 7
197 276 53
183 202 50
118 248 -38
190 228 -10
151 269 5
128 247 -28
186 200 40
155 254 -17
142 188 42
149 222 16
102 232 33
129 262 -24
166 225 -38
137 230 30
149 201 47
196 282 16
135 269 28
186 267 43
154 276 1
167 277 49
173 210 -18
195 274 3
117 243 30
142 283 -42
173 284 -28
189 237 52
166 206 -10
142 211 -16
115 251 21
157 275 -35
135 188 51
105 212 -33
184 274 -27
169 211 51
164 223 6
173 240 -42
162 266 5
142 215 42
115 208 53
178 186 -37
105 239 -25
148 224 52
106 203 14
173 281 47
111 207 44
172 224 -17
196 252 47
164 188 -21
146 200 29
150 197 1
182 229 41
101 283 33
151 236 50
183 266 -22
195 235 29
168 199 -10
161 237 37
116 248 0
123 267 -35
183 266 -38
149 257 -2
171 200 42
143 213 -35
131 189 39
171 221 43
107 188 -32
117 249 29
194 242 45
179 223 33
116 204 -32
172 261 -19
188 245 -13
115 196 10
132 225 12
172 261 37
148 200 -13
128 279 -34
180 192 44
114 276 7
160 285 -35
118 208 23
104 224 -35
185 225 33
185 276 -24
168 223 -25
164 262 35
196 280 20
140 236 -35
189 242 46
146 214 50
133 227 -40
130 246 0
190 216 38
130 266 37
156 215 43
102 198 23
131 201 -7
184 302 86
185 285 9
172 215 20
221 219 73
184 284 40
234 250 5
198 212 51
170 274 48
186 235 33
188 232 33
215 278 60
178 296 14
137 249 -7
202 274 8
144 264 7
226 264 81
144 236 13
152 237 -11
165 310 39
148 280 -10
150 243 17
178 219 -6
178 226 24
230 310 13
234 309 58
195 213 51
185 247 1
185 309 10
204 278 56
148 292 12
222 227 -4
181 231 52
210 257 71
223 225 83
161 224 44
213 288 -5
168 268 49
204 223 85
226 227 60
185 240 62
191 228 22
235 295 19
165 287 31
207 273 8
135 268 63
178 236 31
201 297 74
139 280 81
231 224 86
207 213 59
224 282 5
234 303 19
206 289 34
173 225 42
155 294 11
191 288 55
201 305 80
150 272 43
145 291 15
223 285 55
213 269 85
198 211 49
182 292 46
158 309 79
222 233 75
161 210 -12
231 225 22
193 294 23
157 217 3
210 286 67
135 238 12
151 230 39
153 290 0
223 306 67
146 305 13
148 212 70
179 211 49
197 309 24
194 212 39
202 306 10
194 225 68
166 293 18
213 252 34
149 268 49
149 309 69
180 216 61
216 220 -8
144 279 -9
216 272 12
198 296 34
183 289 64
150 280 86
135 292 22
145 227 42
205 257 38
166 229 30
214 282 36
231 228 11
220 305 59
139 227 35
185 306 63
176 211 56
141 277 -4
206 237 76
187 266 75
175 210 26
166 210 7
174 308 4
144 279 -5
159 238 -8
158 219 20
172 221 52
168 282 4
159 214 -4
204 235 61
190 252 10
187 224 3
174 300 51
204 263 69
187 263 3
235 253 16
166 297 -12
167 248 20
203 279 78
149 279 65
232 293 66
163 243 72
187 247 86
198 294 20
196 235 36
164 262 50
214 215 -10
174 210 11
234 254 -4
175 252 22
219 303 4
171 230 0
142 230 81
168 293 14
146 256 38
125 91 112
91 35 75
80 72 70
89 26 121
99 60 118
49 102 133
116 32 150
127 74 101
102 90 101
140 60 140
115 18 161
89 61 143
70 98 134
87 34 120
64 65 83
58 42 117
104 81 92
120 11 130
96 8 106
75 76 129
47 30 72
68 51 147
133 50 151
132 8 69
114 22 110
142 46 93
43 65 131
80 98 116
134 40 73
114 80 139
98 33 80
59 36 154
134 88 129
82 81 68
60 51 138
88 65 86
84 63 142
91 13 68
93 79 114
123 95 140
106 85 137
119 75 130
61 17 69
51 19 115
59 24 77
143 21 143
89 37 101
82 15 86
71 27 163
79 54 147
94 27 90
106 21 75
88 45 119
110 55 124
67 69 123
74 61 139
74 54 119
140 28 156
121 90 90
105 28 73
116 22 124
57 57 106
85 34 84
120 44 66
115 102 103
126 5 154
119 75 80
86 69 138
102 12 145
100 23 72
55 48 142
121 31 108
102 18 106
72 77 146
60 94 144
108 19 115
47 105 145
81 28 87
138 52 77
138 30 97
98 22 138
99 33 151
57 19 134
64 27 151
53 34 125
89 12 83
122 63 115
92 29 104
49 59 144
59 90 131
142 24 121
125 24 144
60 25 127
65 41 73
81 30 113
133 32 140
69 21 137
113 69 126
137 59 138
131 93 98
55 50 84
122 18 117
112 76 127
59 61 127
113 97 87
67 70 102
83 71 122
85 84 90
81 10 117
128 81 88
68 32 114
46 90 101
50 95 70
102 43 111
135 16 99
51 82 109
143 88 80
102 93 68
131 87 81
92 78 138
72 8 99
127 55 156
109 64 152
50 100 84
65 103 86
59 14 143
66 17 107
81 29 75
100 29 76
114 63 117
48 32 100
81 38 137
101 12 133
46 95 81
76 70 161
111 12 127
98 44 157
44 103 66
66 24 83
88 105 150
210 446 454
248 497 418
243 477 436
252 533 413
221 505 409
235 535 442
266 476 457
198 447 407
269 470 407
219 463 391
198 449 468
267 450 382
218 453 391
241 506 475
268 457 479
241 514 450
221 482 456
248 512 401
198 500 410
283 490 477
234 450 425
211 477 379
264 476 459
223 543 463
199 477 465
234 521 393
218 523 436
194 528 424
209 484 401
206 447 391
235 531 387
256 443 440
207 528 412
240 465 464
184 461 379
261 471 415
193 449 392
268 508 405
255 522 384
264 470 458
213 478 435
213 499 424
276 491 475
270 457 429
218 491 436
241 496 445
235 455 419
277 454 428
186 489 450
280 528 384
249 508 380
195 459 413
191 443 379
230 502 445
221 483 465
252 541 421
278 493 437
265 476 405
226 492 410
227 524 473
268 471 457
244 469 452
216 539 452
211 543 418
217 509 420
260 444 417
277 505 403
249 515 413
273 473 410
262 523 413
281 495 454
272 488 448
252 464 415
257 451 458
205 463 454
218 504 407
198 467 425
226 468 388
270 495 398
260 513 427
257 456 399
193 475 459
210 543 468
250 481 389
208 503 387
245 443 379
206 510 442
239 527 392
247 457 435
250 537 433
259 467 390
254 451 465
254 537 456
198 484 394
253 462 479
197 541 454
212 474 394
185 495 412
231 532 448
207 539 433
238 455 407
271 458 405
278 449 409
195 541 441
242 485 411
206 525 458
250 527 433
216 538 474
255 508 466
214 473 478
205 521 397
204 528 474
255 499 385
225 512 427
258 471 460
283 478 463
270 535 388
212 487 451
199 448 422
185 540 422
215 534 407
260 457 454
260 497 463
219 505 380
184 506 406
206 462 384
196 465 460
246 503 404
198 513 416
206 515 472
240 450 398
238 519 391
190 482 382
241 448 414
247 472 405
215 504 438
272 500 420
282 478 407
223 534 397
264 470 427
197 48 -8
205 85 -14
222 74 51
146 74 44
185 24 14
202 49 -13
188 -4 -19
217 81 21
176 40 66
211 84 -14
238 63 38
147 20 -10
195 47 51
183 51 59
221 34 -9
171 78 -14
198 66 6
246 11 23
206 25 22
232 52 66
167 43 20
193 63 67
190 84 -25
204 10 -12
200 89 -10
155 37 58
208 20 -28
246 51 19
183 53 60
150 28 55
203 72 49
149 39 66
197 37 2
186 95 66
186 16 6
154 -1 4
188 66 -6
168 53 6
238 28 36
155 27 23
181 41 20
171 6 1
233 88 6
221 23 24
217 49 -23
165 2 58
167 38 15
173 42 13
226 -2 -20
168 25 69
148 73 72
240 25 16
235 15 56
147 61 53
175 89 33
227 4 57
196 50 52
152 47 59
164 3 72
176 -1 8
190 52 27
218 14 70
153 10 50
237 5 -1
168 35 35
201 10 38
153 24 23
246 69 -5
163 43 43
236 -3 -28
198 38 -24
187 78 55
220 78 22
158 28 22
191 75 65
243 83 -16
234 16 -23
173 43 14
232 33 -18
221 47 16
206 19 1
205 21 49
220 5 13
229 12 18
164 65 -11
203 64 -15
157 92 9
224 67 27
206 14 72
148 8 42
221 56 34
167 43 5
157 51 49
159 11 -5
229 92 -17
172 8 -17
161 68 -3
241 10 37
223 32 -9
174 52 38
164 53 7
181 25 -23
162 17 2
208 13 66
194 -3 11
197 -1 -1
206 2 22
211 74 26
162 11 65
156 17 61
202 96 51
222 71 62
168 33 -15
232 39 -9
168 31 49
170 62 37
164 59 36
190 74 18
156 -1 16
193 3 4
167 64 67
201 10 -15
193 58 20
242 88 -15
154 39 22
199 21 62
172 79 -21
211 75 -22
157 40 67
231 19 18
216 95 54
228 48 -9
176 30 29
207 11 24
187 79 26
191 30 43
169 28 -28
176 41 -3
226 15 71
237 38 18
334 475 422
326 489 412
379 461 447
322 443 436
384 472 481
363 455 471
346 480 499
312 511 502
315 459 491
387 498 496
343 457 501
307 459 441
397 438 478
333 464 423
321 465 485
349 503 423
344 449 482
328 482 463
394 455 409
305 481 423
394 466 402
309 430 498
323 490 443
318 482 414
338 472 489
299 460 460
344 479 441
395 486 474
334 477 424
305 446 434
301 519 433
316 426 473
386 511 462
390 521 495
360 477 501
374 426 457
312 514 424
330 441 497
354 429 453
373 478 444
373 451 409
370 516 441
301 507 446
346 468 477
370 439 468
382 510 473
327 505 468
325 429 427
318 509 498
362 429 475
350 430 495
307 439 435
302 510 405
390 481 437
302 436 414
312 446 402
369 467 442
398 472 418
376 465 437
391 451 426
309 442 441
369 472 464
354 470 501
391 447 487
393 446 488
305 441 445
351 515 496
395 497 419
360 482 420
383 517 455
301 438 431
318 460 433
317 460 422
340 430 424
299 470 487
353 438 477
370 457 477
377 492 484
331 482 459
300 505 483
369 503 491
368 471 428
390 505 502
343 436 405
306 493 421
348 431 438
318 493 484
315 447 406
369 450 482
386 449 459
333 438 471
339 492 420
312 432 404
309 471 408
397 506 439
326 459 422
390 442 488
369 513 434
312 492 460
397 511 468
303 496 434
373 522 427
392 466 476
343 441 458
346 488 435
339 446 452
319 515 435
375 487 432
302 453 484
357 461 439
349 492 416
365 501 446
299 500 427
310 495 441
361 451 426
304 521 450
301 511 454
378 450 479
303 525 429
363 439 456
353 491 463
339 458 421
374 462 500
347 448 486
369 430 412
300 482 456
378 457 431
399 457 474
348 513 466
380 480 424
309 500 501
357 445 435
331 456 498
384 473 437
375 456 461
340 457 481
309 522 470
392 427 428
389 436 466
334 515 405
285 118 76
278 85 98
299 118 120
226 75 102
283 66 125
300 99 152
282 128 126
227 129 138
241 72 97
260 77 136
231 130 119
295 66 111
313 99 155
240 93 114
311 128 97
225 152 131
220 130 146
260 59 153
298 93 67
274 135 110
285 144 76
266 117 134
227 125 92
283 155 147
245 83 136
241 117 105
257 95 80
247 146 106
288 66 74
273 132 142
308 125 64
237 128 81
216 101 85
225 71 79
280 104 127
256 87 72
289 142 121
232 145 104
290 112 151
216 90 126
227 122 114
307 135 135
251 81 94
299 119 160
260 95 103
308 67 120
264 95 137
219 89 70
248 116 82
260 95 88
270 152 86
283 105 145
229 127 156
280 145 159
232 80 120
294 77 122
259 130 92
235 105 73
307 88 137
275 87 136
273 141 75
287 80 161
230 95 126
227 69 79
296 126 87
247 89 75
302 73 122
274 85 108
237 62 96
233 111 99
215 122 142
226 108 141
245 126 79
246 84 157
283 79 118
213 109 147
246 96 79
311 131 91
306 106 158
293 63 90
245 96 70
242 136 131
294 59 151
246 96 141
242 86 135
277 63 85
219 119 125
241 152 143
260 98 91
279 73 110
226 55 115
228 135 149
305 57 103
278 88 133
275 101 152
270 76 109
302 88 102
253 109 131
270 154 159
270 149 117
233 72 103
301 77 73
226 91 82
244 109 76
214 82 103
278 85 123
284 102 122
263 86 138
298 116 64
218 124 122
225 85 137
232 93 136
250 153 164
245 147 109
232 120 105
287 151 112
221 121 148
305 92 136
285 113 150
308 119 125
281 98 141
270 127 80
253 92 84
214 134 64
285 148 109
272 58 124
259 153 129
242 119 81
258 145 158
293 75 88
288 81 101
234 125 153
259 109 157
268 102 143
294 115 123
271 141 145
221 145 67
296 112 85
308 126 133
236 124 73
230 163 348
265 188 261
246 206 279
290 175 317
227 165 292
256 161 340
237 175 262
212 132 305
209 113 300
192 183 250
276 128 284
288 164 303
281 151 267
191 128 280
192 144 346
257 192 271
244 156 305
267 118 305
196 123 321
207 192 333
276 161 285
274 144 284
285 178 277
264 209 288
250 192 329
226 159 344
231 148 304
268 157 343
240 171 336
217 200 343
217 188 281
204 127 311
253 151 289
288 177 348
219 183 333
224 150 316
244 173 285
222 196 301
278 188 347
219 167 287
209 145 262
215 131 251
269 124 260
250 139 336
211 120 332
271 177 294
222 119 332
258 132 321
247 162 264
246 202 277
264 200 262
228 201 251
258 161 252
254 151 280
289 180 281
250 133 318
236 162 307
204 160 276
258 185 297
269 134 317
198 123 261
289 139 262
240 177 279
282 194 319
244 205 324
231 116 295
250 171 301
273 113 267
242 151 347
243 154 258
254 210 338
287 120 323
205 185 298
205 123 298
206 198 280
233 131 300
250 162 329
233 188 326
289 140 295
217 196 265
241 167 257
252 186 329
261 134 294
207 190 340
285 149 339
194 129 279
222 157 316
223 143 332
206 190 291
262 164 342
199 189 294
284 116 309
216 192 319
288 126 290
192 122 350
260 123 285
201 206 281
232 210 319
271 202 348
260 142 316
231 121 321
190 209 345
192 207 334
196 203 306
273 162 350
282 129 294
276 210 330
287 122 334
201 123 328
285 118 274
278 135 332
279 172 255
267 131 345
228 202 260
228 191 344
214 154 343
208 145 289
219 146 316
282 179 313
282 161 299
283 123 316
197 134 280
194 139 250
254 170 285
233 143 317
222 169 271
249 188 287
215 192 296
231 137 313
239 199 309
278 166 320
228 202 314
229 146 292
256 125 326
253 166 338
211 167 346
240 156 295
222 183 269
264 180 317
245 129 342
