345 53 517
318 65 503
369 72 476
371 29 471
389 62 525
322 87 520
358 68 538
317 35 503
356 51 504
364 13 486
329 23 464
368 60 474
351 83 490
314 21 475
305 40 449
311 38 507
349 39 503
330 10 452
377 26 462
333 9 455
320 33 535
378 104 463
377 95 491
388 29 468
336 39 478
346 92 486
332 87 492
345 93 454
311 98 525
344 60 470
373 88 531
371 53 512
336 25 538
347 74 446
387 90 492
344 81 445
394 10 540
362 57 502
361 33 497
305 35 488
302 20 522
348 100 512
311 32 495
329 51 537
315 69 504
393 55 499
379 86 501
316 34 466
391 79 535
337 106 526
346 35 509
352 8 505
315 8 491
378 73 505
339 8 449
393 74 459
320 94 461
340 82 471
390 61 475
397 50 514
383 52 494
388 54 533
316 42 483
326 59 467
362 33 516
313 35 528
380 103 540
330 20 482
368 22 520
343 32 522
329 104 489
320 65 456
314 72 446
393 98 476
302 25 458
314 84 529
397 87 519
373 40 540
340 81 481
335 43 457
321 96 516
380 73 496
338 56 463
340 21 511
337 8 525
321 92 493
350 99 493
349 83 487
326 106 513
385 28 482
354 27 509
360 65 526
335 91 469
324 95 466
370 60 450
339 24 465
308 37 450
341 45 534
309 92 444
357 14 507
340 95 519
356 23 455
366 97 518
390 42 467
302 62 480
347 7 505
351 102 486
351 54 544
385 100 464
352 42 480
388 15 501
366 57 504
363 22 454
349 62 518
359 52 500
393 41 470
298 87 505
336 56 467
367 97 514
363 60 514
362 48 444
329 35 522
365 79 501
366 44 472
320 59 493
303 15 446
383 27 479
316 22 513
314 62 506
330 43 464
355 31 509
372 90 455
367 58 529
388 101 539
297 23 527
368 39 459
385 98 476
319 106 532
332 98 532
397 62 465
303 27 497
383 38 475
304 101 516
325 59 445
303 56 484
358 87 483
331 37 463
343 26 456
387 48 445
303 26 486
339 25 487
316 69 532
342 96 505
338 86 485
383 20 503
326 22 453
334 46 469
371 106 528
310 17 462
379 39 515
209 105 44
130 139 113
201 163 96
131 99 94
157 130 94
215 131 89
129 156 47
162 107 100
173 147 32
193 180 48
176 147 77
156 115 90
159 124 111
172 184 20
143 180 30
183 129 115
228 115 62
129 149 46
218 98 77
132 93 115
167 122 64
206 118 72
130 145 67
212 119 69
216 106 95
151 182 39
216 146 104
169 171 69
205 143 110
189 94 63
217 92 32
149 103 70
190 188 45
163 168 25
193 118 52
144 140 115
226 163 83
173 135 74
156 151 76
185 180 87
221 133 114
133 141 22
168 141 22
208 180 50
129 106 108
203 176 58
176 125 97
134 119 47
182 156 113
216 138 90
214 111 32
186 128 108
152 118 30
215 159 32
214 163 70
163 105 78
152 132 113
186 145 50
154 110 84
154 143 102
177 177 37
226 168 118
213 101 78
161 104 79
159 174 49
171 92 95
203 142 35
185 141 33
202 188 69
145 109 52
190 95 66
176 128 92
202 145 118
178 185 68
188 130 87
149 176 59
192 145 36
147 117 32
184 104 117
133 156 18
163 170 67
133 179 93
200 153 62
158 172 105
205 122 72
203 172 101
178 90 35
196 156 110
188 130 49
145 99 49
194 136 52
147 148 35
204 176 114
208 121 27
194 152 99
153 171 42
201 170 50
166 183 53
159 122 41
146 91 84
149 177 82
177 134 60
192 102 76
135 178 57
140 102 76
131 91 114
158 119 95
211 176 68
182 154 48
177 169 114
170 158 22
215 101 78
185 113 108
204 113 51
148 128 18
140 107 92
130 103 88
134 174 36
182 153 86
141 175 60
162 133 42
171 141 87
146 103 61
204 112 35
167 181 80
218 125 109
156 164 92
131 142 41
133 167 77
158 188 21
223 90 114
174 185 74
202 162 36
134 105 19
228 182 92
216 102 63
228 101 113
206 181 49
194 114 75
203 106 18
130 104 82
192 114 68
156 186 46
140 121 104
146 114 29
225 119 95
160 98 18
157 185 108
201 132 31
144 159 107
152 109 58
134 125 74
176 190 36
159 108 21
227 184 25
162 146 21
129 156 38
154 155 30
225 137 72
202 107 68
76 449 414
86 481 401
134 472 407
135 402 417
117 417 443
113 426 435
110 396 393
114 397 375
150 428 466
122 436 446
164 427 395
90 462 405
85 485 421
80 439 461
163 475 463
139 464 391
161 421 410
110 402 381
149 419 448
151 464 433
89 453 430
123 404 444
97 433 438
146 483 472
170 477 445
111 460 404
126 425 405
157 479 425
116 471 410
83 437 418
77 473 403
120 450 393
161 397 400
111 420 427
73 407 465
165 464 461
135 399 380
109 413 383
164 472 449
152 455 422
94 404 378
150 464 410
125 461 404
157 427 429
144 405 446
132 396 418
103 466 422
148 407 446
155 478 453
93 478 458
76 434 434
115 406 384
129 454 442
73 455 454
129 476 406
79 470 415
152 410 423
133 422 471
141 412 442
160 462 469
107 473 446
136 411 426
118 477 463
101 441 444
92 427 422
122 405 462
80 416 445
109 466 435
90 476 472
145 449 404
146 450 456
81 479 423
101 416 465
113 476 450
135 476 388
149 471 455
155 454 387
151 424 379
93 491 425
168 439 418
109 455 406
91 454 426
147 483 374
94 423 455
71 487 405
162 489 474
123 487 388
148 441 416
113 419 374
92 489 399
169 460 396
127 435 398
95 449 376
80 474 466
147 486 467
138 438 392
162 424 445
150 417 398
144 396 437
142 410 394
74 492 436
103 452 411
137 473 382
103 431 439
115 472 415
106 479 431
102 428 423
144 435 427
80 417 414
97 409 411
144 478 455
124 445 454
163 468 436
98 436 408
133 446 390
159 397 416
136 405 387
143 457 427
110 425 397
90 488 446
158 439 429
130 417 416
70 437 392
110 485 387
122 397 431
108 485 384
98 459 443
101 426 395
130 407 399
74 437 430
153 423 435
153 427 418
126 480 442
129 487 426
142 469 434
70 439 466
161 476 423
115 397 416
89 469 460
80 456 433
160 454 387
119 436 473
168 477 468
148 426 374
83 405 433
166 421 441
147 427 423
149 412 458
143 430 429
113 422 418
76 458 456
149 476 442
166 440 471
109 410 378
83 471 444
88 425 430
151 469 436
114 409 445
142 444 407
135 418 397
105 242 40
160 299 123
69 243 85
136 238 38
155 284 61
158 274 55
72 234 111
131 210 84
109 287 94
141 228 97
98 295 122
88 290 46
154 258 72
164 257 48
137 232 60
86 253 32
140 301 89
100 289 53
161 225 31
166 294 81
160 245 116
77 298 112
76 225 71
116 248 73
144 216 112
86 251 33
122 253 48
68 305 91
99 292 72
89 227 52
130 265 91
137 215 121
145 274 104
77 225 43
162 274 48
117 254 109
78 219 41
154 231 26
73 283 26
97 271 123
84 266 29
144 231 41
162 301 94
121 239 121
87 270 89
109 272 66
79 271 91
127 271 29
68 277 111
77 294 119
145 232 68
130 256 126
73 284 39
109 234 104
166 235 64
70 208 107
123 289 70
117 306 66
74 298 113
112 303 111
83 301 100
145 241 63
166 221 80
128 260 57
130 273 91
79 277 90
152 279 92
112 306 118
89 257 87
92 254 107
114 301 124
82 264 79
78 273 79
109 214 63
160 212 125
104 258 100
168 287 58
139 256 90
103 303 113
126 279 90
153 241 68
123 296 51
87 260 107
79 253 40
162 222 70
111 302 71
83 266 82
107 258 71
143 288 91
83 253 66
106 280 59
113 252 116
79 220 92
92 218 45
107 234 59
160 257 100
106 218 84
128 244 28
91 287 123
79 296 86
109 265 57
74 236 93
124 231 68
94 253 79
93 259 74
116 237 40
69 283 99
161 218 79
81 250 70
137 299 97
144 263 77
77 275 97
141 241 47
75 210 96
79 225 87
148 289 98
159 281 89
127 253 90
97 215 65
92 278 41
107 296 125
154 273 40
111 248 112
161 272 79
156 230 61
89 282 77
85 307 61
85 272 64
128 255 123
137 227 38
137 235 52
165 244 30
88 218 126
88 237 47
143 208 117
164 227 121
153 266 87
145 245 34
124 273 66
118 280 125
159 272 123
105 227 125
87 283 118
150 243 101
102 304 72
150 223 38
168 243 71
113 297 57
156 238 111
123 267 55
153 210 72
108 215 77
132 251 39
118 285 29
97 269 101
110 263 53
137 297 33
162 275 80
132 243 124
89 209 111
464 1 181
466 -10 163
453 23 226
517 16 206
478 -17 161
436 31 167
499 -36 149
445 45 228
445 -6 188
521 10 196
504 -27 228
519 33 180
433 7 213
522 13 226
524 -11 161
448 -32 163
438 -5 240
450 9 211
472 58 162
527 23 188
468 -22 171
455 30 218
462 27 186
450 -14 199
523 33 186
428 25 238
492 48 240
486 38 211
430 -5 217
471 18 204
496 53 225
466 16 236
477 10 219
475 -8 156
485 -22 228
526 38 186
509 52 191
442 11 205
509 -37 181
450 21 190
511 1 151
479 8 151
463 -25 231
517 -4 225
520 24 217
505 57 140
480 32 183
455 -10 151
526 11 198
517 25 232
483 -17 176
443 31 211
434 1 236
471 -15 210
458 37 145
435 32 214
430 -18 239
464 -29 219
513 1 231
459 -33 229
481 -3 196
449 58 163
506 40 224
483 20 197
431 -14 193
447 -17 185
445 41 177
523 -28 236
447 59 144
480 51 165
448 -24 215
438 38 198
500 44 193
446 -3 160
506 -3 207
457 -31 196
517 22 156
527 53 178
525 -6 155
430 34 147
522 -5 160
492 19 181
467 4 164
461 -13 204
465 3 159
434 31 208
461 -12 190
486 -12 186
497 -34 213
514 35 214
500 53 187
482 -11 229
510 17 152
496 40 141
476 14 219
524 54 170
517 43 239
496 -17 155
470 58 200
485 48 215
494 41 158
439 5 240
520 54 235
496 -27 234
504 -2 205
441 -32 179
469 12 180
492 40 150
434 31 162
491 5 217
427 9 169
445 -34 219
510 -2 235
481 60 157
482 -11 239
468 24 155
505 20 210
511 17 232
486 7 140
457 42 235
481 -22 237
485 -3 157
457 -33 202
431 10 219
432 15 230
484 17 201
517 16 222
492 -4 165
472 26 185
501 -40 197
470 32 169
462 59 216
486 -12 228
479 -36 214
433 31 206
445 10 144
513 -20 236
437 53 197
517 -40 207
519 -30 204
470 15 144
445 -20 146
504 -18 192
456 14 219
527 41 164
508 -22 222
479 46 189
489 54 212
456 55 162
494 49 201
498 39 166
443 -37 212
501 57 153
519 13 151
434 -30 235
436 18 240
510 -13 234
516 48 208
476 -11 148
441 47 227
439 527 232
501 432 236
441 516 189
422 502 263
430 454 216
417 531 240
504 517 238
476 522 201
509 486 176
466 514 262
506 462 267
462 435 257
418 472 175
433 510 250
483 481 193
511 496 254
455 520 250
424 472 261
458 486 263
501 523 196
489 476 191
455 497 186
514 486 196
447 476 239
427 495 196
470 461 259
465 502 216
454 508 261
489 494 273
444 498 184
470 507 189
508 514 226
457 456 260
459 484 214
422 493 245
506 474 204
435 444 267
416 468 211
486 450 230
453 503 220
418 484 205
444 446 195
472 513 274
505 510 234
501 500 191
419 509 237
453 517 192
446 503 271
476 508 260
445 478 192
458 447 247
462 475 220
453 516 192
489 446 260
512 459 175
421 451 177
473 519 258
516 509 185
448 453 238
488 455 272
445 458 259
487 446 201
418 493 192
431 513 222
487 492 190
429 470 222
468 479 265
497 499 252
423 447 238
503 435 251
474 480 260
420 483 225
500 462 249
450 489 196
506 501 193
469 440 214
441 502 208
435 454 213
468 525 252
471 505 261
505 434 243
505 507 184
500 514 250
496 510 239
514 466 227
437 527 274
441 486 211
423 445 243
454 504 197
443 526 231
464 434 217
433 463 201
459 485 226
497 456 232
461 462 238
510 511 179
432 443 247
446 444 234
422 502 182
471 458 246
470 491 187
450 442 260
426 499 248
454 498 234
464 456 219
463 470 251
508 506 180
425 513 194
476 448 177
503 445 212
498 488 202
435 468 233
510 496 182
419 480 228
497 531 216
466 501 240
451 479 249
479 512 237
460 495 188
475 512 245
458 443 192
455 529 222
484 448 246
421 531 271
422 504 200
441 473 214
503 468 239
455 515 257
500 523 175
503 446 194
437 509 180
457 528 196
506 443 237
478 510 198
455 449 197
484 476 190
515 503 251
515 531 233
468 439 201
458 453 198
453 493 272
504 435 221
497 504 236
455 442 239
452 491 215
468 452 212
426 489 214
439 432 264
516 503 243
475 437 188
426 511 186
472 449 204
464 483 233
509 486 231
481 445 210
496 500 271
475 442 207
499 517 176
506 464 235
448 432 203
204 426 320
241 420 346
192 469 361
177 477 325
195 432 356
220 427 354
231 454 391
193 396 376
211 407 371
222 480 381
183 421 394
193 463 357
249 430 333
233 436 318
214 416 335
197 462 353
157 448 319
167 480 390
175 492 341
234 471 372
217 423 339
240 465 311
195 460 357
161 440 393
227 492 338
248 454 319
199 398 373
190 476 333
211 464 336
163 473 349
161 463 345
212 410 299
169 467 305
154 414 355
195 430 363
248 442 383
202 429 333
225 425 345
226 397 315
249 457 382
212 463 313
198 418 378
198 420 384
220 473 390
216 481 340
251 472 366
165 438 362
200 417 381
182 402 298
168 459 373
154 417 372
208 476 373
244 452 305
211 458 356
183 470 350
230 426 309
186 478 376
202 463 324
243 482 361
171 492 368
226 435 368
193 396 355
239 434 320
248 477 315
198 472 300
219 411 303
156 445 342
245 403 296
245 476 382
152 436 326
170 439 332
192 437 307
190 425 323
165 443 326
197 464 302
175 418 365
235 398 389
157 476 383
159 394 325
225 393 319
171 433 320
188 407 334
224 429 383
236 453 339
228 454 367
230 455 330
162 453 309
191 445 300
200 443 304
201 408 382
209 406 349
208 433 302
204 453 318
219 402 381
187 418 297
226 443 383
186 464 373
194 420 353
230 446 308
218 466 367
224 443 364
247 436 374
252 398 386
176 424 385
177 446 317
244 454 299
161 481 384
178 424 310
218 408 361
250 458 297
236 478 362
220 461 316
176 413 376
184 473 347
194 419 367
173 432 372
189 489 392
178 465 381
158 457 296
252 396 316
233 415 370
192 454 385
225 442 363
235 418 332
203 427 383
169 393 300
222 483 308
203 450 381
183 456 390
196 437 321
175 487 393
152 412 391
158 431 392
202 471 346
181 402 332
185 457 349
199 435 369
191 470 387
234 428 315
174 394 388
208 412 368
215 424 341
251 448 390
203 439 386
156 456 322
250 471 379
227 474 390
230 452 327
206 402 319
213 414 331
244 419 345
251 395 319
219 487 368
183 485 303
163 406 376
188 477 326
197 422 379
246 491 381
173 441 302
214 412 343
164 95 77
97 107 90
112 115 33
105 144 79
137 57 62
97 51 87
163 111 89
153 96 9
187 115 70
98 111 55
184 106 25
99 136 39
171 57 28
179 89 88
100 128 20
113 74 51
175 134 78
175 93 21
119 108 -6
101 98 67
140 55 54
178 129 16
182 117 67
185 66 -1
107 57 32
128 91 21
187 95 84
126 97 57
181 127 45
157 123 33
129 132 -2
193 73 69
130 140 10
136 74 8
123 122 53
171 135 41
142 48 15
116 144 33
104 53 63
102 92 71
183 96 43
126 120 61
117 144 68
195 70 42
158 115 34
135 118 71
168 128 -1
141 146 67
123 76 24
160 127 67
158 52 33
195 113 82
155 107 43
185 67 28
172 111 26
130 146 -7
143 96 24
190 131 -6
145 103 64
143 60 25
156 103 80
178 140 84
105 98 28
139 74 76
118 80 83
135 60 44
159 99 27
99 134 44
124 65 3
101 103 77
144 115 1
165 96 15
151 77 10
150 133 85
101 130 85
159 69 84
109 81 73
152 107 23
126 132 13
183 55 9
157 141 67
159 47 4
167 94 51
175 54 7
113 91 -5
175 48 73
113 86 -6
116 53 90
135 48 83
118 47 3
103 120 30
125 69 51
110 73 85
160 87 79
154 123 9
103 103 57
147 78 -6
172 82 67
119 53 25
115 107 32
151 103 85
181 67 88
163 48 26
163 111 12
190 71 83
116 125 64
136 140 38
154 53 88
139 55 55
143 87 60
95 59 -3
168 90 3
101 87 7
154 52 26
149 120 6
177 95 80
181 112 -7
107 109 65
114 91 38
194 90 83
178 145 82
164 139 38
109 132 68
130 110 18
109 80 86
111 67 56
178 97 15
105 83 70
138 133 42
164 95 -6
152 133 1
157 79 36
178 74 84
171 96 51
104 66 74
138 140 57
192 59 92
106 145 46
181 59 44
169 102 81
119 98 78
173 58 26
122 94 89
184 132 -7
171 88 31
150 124 15
114 90 56
175 122 5
180 109 48
105 71 62
145 101 10
145 144 -2
195 144 79
176 114 67
109 56 71
135 86 21
134 73 27
104 87 84
157 105 84
163 122 22
25 87 425
1 85 430
55 93 421
-19 62 456
44 58 401
-17 1 388
-26 80 398
25 87 405
16 10 461
48 22 476
39 0 443
30 82 478
-15 59 432
-2 25 432
-24 97 440
-15 77 449
56 24 476
3 19 389
62 9 463
53 58 452
-22 88 454
-5 55 426
-7 71 484
22 23 473
-28 66 391
53 16 454
1 76 440
-11 72 438
-22 41 402
-27 93 410
30 26 427
-10 97 483
2 38 404
-26 16 445
-28 87 407
16 40 429
1 22 415
-22 0 447
-5 47 482
68 17 435
27 55 454
69 97 449
14 83 407
-3 4 449
49 56 460
-14 45 479
24 20 401
67 39 444
-6 22 403
38 97 450
33 86 458
3 32 423
65 90 474
25 65 427
8 11 487
66 29 394
40 84 468
2 6 458
-7 93 469
61 66 432
45 72 415
66 92 456
21 15 400
66 40 388
31 50 405
-7 85 447
-8 31 403
55 91 419
21 16 469
-27 63 459
27 8 456
9 56 415
13 1 456
14 20 395
-25 93 461
69 51 416
-26 4 463
49 28 441
-12 50 454
2 70 468
18 76 481
7 50 478
2 17 398
62 40 471
54 5 393
52 50 434
19 22 414
26 3 441
-15 58 426
52 67 455
47 53 475
10 2 451
66 53 487
-8 73 405
40 48 396
32 37 398
59 68 389
66 9 398
55 60 479
34 10 403
-10 3 418
0 30 436
36 50 458
66 37 454
61 43 408
6 47 470
20 92 415
15 6 400
-12 28 433
47 62 486
18 74 449
-28 25 462
23 9 474
21 46 415
-28 7 444
40 38 480
25 71 442
-16 91 408
20 37 487
66 51 425
7 0 414
63 40 396
28 22 397
66 30 444
15 8 458
-24 43 444
-6 63 473
34 16 411
14 11 481
0 55 409
19 62 461
38 41 470
-1 68 403
-29 57 410
29 96 433
25 20 459
-8 37 438
31 59 441
49 39 470
-25 64 421
-15 87 389
-15 40 472
18 72 417
-10 0 403
42 38 451
7 59 472
38 4 465
16 31 403
-8 -3 399
45 82 455
-13 47 412
-14 35 415
36 90 413
-9 47 444
41 16 442
33 42 444
53 -3 446
-27 29 395
57 -3 404
-9 9 453
278 72 221
281 151 207
313 110 245
289 98 244
289 74 248
287 95 214
278 138 212
248 109 252
272 65 174
260 90 210
283 133 230
316 150 236
302 138 239
250 146 220
266 135 210
321 89 206
260 141 260
227 54 199
283 102 164
257 102 218
296 140 191
245 66 254
276 104 240
274 56 257
272 148 246
322 119 215
318 109 257
273 85 207
287 120 185
231 110 208
284 132 241
307 135 225
276 75 251
280 103 227
250 75 201
314 87 216
301 58 194
324 105 252
296 123 196
319 115 178
279 121 184
257 71 163
311 140 228
294 56 211
255 91 173
250 133 173
231 148 191
284 82 180
238 87 256
259 151 255
301 133 209
317 116 246
277 68 188
234 77 218
250 137 174
297 121 241
245 102 163
298 147 208
308 106 230
250 63 184
300 55 160
306 135 184
288 118 184
306 58 174
282 120 250
298 63 209
231 79 228
292 150 203
292 105 192
292 113 248
313 95 186
224 142 187
271 107 192
291 67 225
253 77 209
324 119 185
269 120 217
324 138 249
226 94 226
243 149 243
248 67 260
241 94 181
322 108 167
301 70 201
304 88 192
317 87 175
303 111 233
284 97 188
229 127 227
258 132 181
252 66 188
247 118 206
241 67 245
251 67 195
279 142 247
308 65 191
250 115 183
284 55 173
250 61 230
248 151 160
314 125 170
322 127 187
310 145 202
252 147 169
308 124 165
267 68 246
301 113 218
273 74 208
273 67 178
313 98 203
320 115 236
252 67 229
314 70 259
292 125 219
260 53 205
323 100 224
271 102 164
311 133 165
256 124 234
296 68 168
252 108 253
280 92 225
293 119 166
266 60 172
249 63 260
283 68 192
242 103 244
266 146 217
231 56 259
246 97 210
323 148 186
264 54 203
287 83 189
245 119 197
237 139 236
232 106 259
227 84 232
311 132 219
315 82 220
224 110 175
235 107 187
303 127 172
304 100 208
271 83 256
298 87 212
265 118 260
299 87 189
261 124 167
316 74 188
247 67 177
266 103 257
238 107 207
268 147 178
225 128 178
228 135 208
231 59 221
324 92 207
310 81 204
285 89 246
316 93 216
-10 203 133
-17 221 135
4 245 165
53 194 106
-20 231 136
-32 201 138
17 280 135
60 275 156
40 238 165
35 276 115
5 243 128
-19 277 78
7 279 109
-40 230 93
-27 225 135
-30 203 159
51 240 160
-39 251 98
-27 216 157
60 271 158
13 213 105
26 220 96
-1 252 93
33 206 108
10 264 113
-10 201 169
47 194 99
56 262 149
-33 189 103
-35 236 103
-36 252 105
12 239 92
28 247 107
-17 284 170
27 196 98
-37 209 105
-11 258 175
24 218 165
31 266 155
-28 206 132
58 210 99
40 237 118
-9 247 112
54 269 78
14 235 155
-29 264 156
43 207 152
-2 213 84
-30 212 87
34 233 103
-12 230 134
43 244 84
-18 237 154
-18 264 128
31 262 173
-24 277 154
-15 215 86
-32 202 110
-18 196 105
55 214 154
-21 246 92
25 250 159
55 279 140
-15 225 124
31 262 80
1 275 119
-37 248 145
7 242 155
35 250 94
20 253 167
-33 233 130
-18 207 177
-9 276 143
6 236 138
-9 214 147
60 197 85
21 273 174
-3 261 90
35 201 172
58 279 96
-8 255 134
30 187 165
48 196 141
7 194 157
41 209 155
-34 203 85
-2 191 88
-4 225 177
-20 278 151
-3 256 126
-5 234 150
-29 254 107
0 235 100
13 218 133
38 218 86
18 219 119
-19 199 93
42 275 112
-38 219 124
-18 272 140
27 216 173
-18 229 90
50 260 99
22 229 127
4 252 174
-37 204 117
38 271 142
45 204 137
15 275 111
-11 270 144
-23 284 110
-32 227 166
0 191 154
48 196 169
58 243 80
-25 220 79
35 253 105
2 244 88
-28 278 113
-31 263 154
43 189 166
25 269 175
-16 207 102
-32 219 80
12 194 131
14 233 80
-24 236 169
-22 281 127
-1 270 169
47 220 111
-4 219 85
-22 237 163
3 230 141
60 197 167
18 256 115
-35 251 137
25 186 146
44 217 124
-26 202 111
57 258 116
12 219 96
16 248 146
30 244 170
-36 246 88
9 198 130
28 188 158
31 202 105
37 195 99
25 204 123
21 251 163
21 240 87
23 245 105
55 209 129
39 203 96
17 236 157
2 208 85
-23 192 129
59 211 133
-22 281 107
33 236 81
508 232 132
481 227 190
526 225 210
486 275 154
446 308 218
477 313 189
493 246 128
526 275 165
473 222 200
502 299 214
512 298 205
513 229 190
475 244 198
479 304 214
520 279 134
526 257 138
513 244 120
468 230 144
454 233 134
455 236 204
517 268 196
520 270 160
540 228 215
508 257 162
452 222 188
491 278 197
524 231 184
513 301 199
511 259 192
477 263 126
468 226 190
476 282 148
450 273 204
510 300 202
483 308 214
465 295 195
511 299 156
502 265 217
453 242 197
515 272 154
486 245 152
515 228 199
474 312 220
520 224 201
516 243 179
465 229 129
475 229 120
529 298 196
498 230 181
535 258 195
465 284 200
523 239 213
517 307 173
534 241 156
472 276 170
470 252 164
452 221 160
500 231 189
501 286 134
460 274 219
543 228 147
534 263 156
542 288 211
459 316 130
505 221 216
475 290 129
502 286 122
491 241 126
500 277 183
481 248 134
458 308 157
497 255 180
457 272 144
454 244 132
539 309 202
494 312 212
471 248 181
530 301 198
527 301 164
472 270 173
471 304 150
535 293 185
499 268 208
456 306 191
475 316 144
506 295 190
445 316 123
485 254 142
471 276 180
470 277 136
483 275 190
523 292 146
458 231 184
451 308 122
479 298 138
459 289 169
494 272 189
531 226 201
517 248 175
486 284 196
480 275 139
516 283 153
470 290 214
490 266 159
517 262 166
532 226 152
481 281 174
488 286 159
521 283 159
498 293 147
519 238 219
447 309 214
501 260 160
520 265 155
507 239 181
511 259 160
522 280 133
515 219 126
466 316 205
482 306 181
502 222 166
544 292 131
502 254 151
455 296 163
520 304 143
458 308 220
536 270 124
526 229 185
446 255 172
508 251 148
538 271 196
452 229 141
511 271 203
523 303 190
537 284 186
480 304 120
533 223 209
539 290 218
486 223 205
522 226 141
493 314 192
479 239 171
448 283 194
448 295 220
489 247 199
455 226 138
465 263 157
447 311 141
544 242 183
510 286 200
456 292 199
465 243 203
495 254 211
521 277 183
533 306 200
543 262 143
542 245 159
463 273 129
504 273 206
495 267 138
229 4 386
237 56 359
237 41 359
293 -2 360
249 -31 380
234 -37 334
235 6 388
310 -39 337
228 56 331
308 31 365
236 -1 340
245 -14 292
288 22 310
236 -23 340
225 35 289
243 46 296
230 -22 299
250 -5 293
234 -9 353
314 36 344
253 56 367
235 -30 351
268 21 327
278 26 329
297 -7 364
232 -16 294
265 -8 354
296 28 356
254 7 365
321 -39 291
257 39 303
253 4 329
253 -31 300
262 40 315
313 -8 317
283 4 352
299 -32 299
253 -17 348
291 57 290
299 -17 328
263 42 384
298 -21 312
229 -32 294
270 -6 302
309 6 314
238 -16 317
286 0 305
279 57 346
253 -23 341
293 -32 386
315 44 327
271 43 320
289 15 330
240 -1 311
306 -29 305
234 15 354
281 -28 375
245 -39 384
256 17 298
268 -5 339
317 6 294
282 57 367
237 29 324
279 50 360
260 30 312
314 48 375
227 2 383
313 44 297
240 -3 356
232 23 388
262 5 321
235 40 319
284 49 368
288 27 309
320 31 320
251 39 359
283 15 344
236 17 326
259 42 352
265 -15 371
257 2 290
237 15 341
308 -39 320
279 24 384
258 -26 363
288 -18 380
255 -19 314
253 5 368
235 23 366
226 41 306
226 -25 383
302 12 329
259 48 374
256 45 336
226 -11 354
289 26 310
262 -5 336
301 53 372
293 54 365
262 12 327
271 -38 379
250 -38 320
254 6 289
264 -27 369
310 23 386
262 45 295
273 27 349
286 1 341
298 21 292
318 36 357
246 52 307
252 -3 359
265 -14 314
296 -20 339
301 27 360
269 -5 293
298 -25 377
271 27 298
248 9 318
319 10 387
299 8 357
304 1 297
292 -29 375
312 9 359
251 -17 385
264 36 295
288 32 352
263 48 297
253 19 384
289 -30 373
288 -26 357
317 49 305
278 -25 315
283 31 353
315 16 305
316 34 295
291 59 304
242 -10 363
262 -13 362
243 18 361
253 50 299
269 -1 296
278 19 292
267 -18 360
230 42 382
244 57 340
272 -12 364
281 5 335
282 46 343
315 57 338
264 11 348
242 35 316
241 1 317
232 -26 389
242 -34 340
249 -6 338
319 -15 335
270 -25 374
290 -29 357
249 -9 331
39 191 91
21 170 20
59 229 58
77 182 14
15 204 95
77 153 43
30 199 -1
3 139 34
27 175 63
21 140 16
44 236 25
34 230 74
7 175 23
18 220 90
52 188 78
26 175 5
14 211 42
93 164 8
89 155 51
91 237 21
94 154 87
54 229 41
85 201 95
38 156 10
89 151 92
79 218 39
23 144 93
45 162 3
36 213 12
46 153 48
14 199 57
91 174 57
35 183 34
72 216 61
52 177 63
0 198 14
72 142 11
46 172 29
27 139 45
15 222 36
3 157 24
93 235 8
61 147 40
35 238 11
54 235 10
3 207 0
51 165 91
22 224 74
90 160 73
63 233 3
13 155 97
66 216 14
21 200 10
3 218 12
91 150 56
78 159 3
90 177 67
76 209 42
57 145 28
95 233 62
11 179 54
39 168 70
64 210 65
54 237 45
65 173 47
61 222 39
24 217 11
94 213 41
91 193 40
70 176 99
99 143 40
25 194 67
62 239 57
82 221 27
29 222 64
84 190 19
82 223 -1
96 229 75
86 169 98
33 151 22
52 165 0
94 182 14
15 179 22
28 192 39
17 217 18
63 179 69
68 167 4
91 187 27
67 158 35
97 158 22
44 200 30
48 155 40
14 174 83
16 236 19
2 207 78
54 182 45
59 193 40
10 202 54
44 180 20
92 238 91
55 229 40
99 155 44
58 145 85
45 230 1
48 162 56
50 164 83
61 226 45
77 165 26
85 216 34
35 154 90
12 182 81
42 212 85
93 184 62
12 186 59
10 171 46
46 196 8
9 163 88
86 149 88
84 227 54
6 181 37
90 162 47
22 202 45
47 143 55
47 220 13
78 152 28
82 227 92
37 216 71
69 188 40
93 235 14
76 174 54
69 200 51
91 233 82
44 227 66
83 155 17
67 152 23
1 211 81
8 180 61
77 143 47
97 141 9
91 158 27
27 222 82
66 174 83
88 197 28
5 189 54
74 188 6
31 147 21
31 158 84
34 234 0
63 181 30
67 200 60
51 217 45
81 173 43
69 229 73
13 176 91
86 165 85
48 188 19
31 215 5
60 157 9
92 219 52
22 194 71
261 264 479
245 222 434
273 279 444
292 198 423
263 195 403
267 188 488
280 265 479
228 241 469
260 186 479
267 212 442
264 206 469
284 216 449
223 217 404
230 234 408
291 207 434
256 271 482
213 196 429
290 234 405
299 180 479
266 220 468
217 194 406
294 193 410
202 237 478
298 259 490
292 248 457
263 186 494
213 279 440
298 252 471
258 223 443
206 265 470
203 259 469
296 242 454
224 274 398
243 182 443
238 268 462
244 249 406
260 278 455
281 186 450
225 227 462
221 249 464
200 191 422
237 196 460
272 269 418
262 255 474
242 277 494
227 263 446
237 190 473
238 199 406
230 229 421
264 192 466
274 185 476
206 249 485
221 229 431
237 260 448
226 258 410
276 211 497
203 247 494
206 211 485
206 272 456
232 247 492
205 220 431
241 262 413
213 192 415
252 221 497
217 271 441
215 252 464
292 209 418
219 218 401
207 230 402
260 224 442
229 184 485
290 250 465
246 189 456
289 215 448
204 215 437
222 219 468
287 263 481
278 185 462
203 248 433
273 202 437
201 182 446
278 201 441
260 233 399
260 264 480
242 215 460
286 275 427
273 274 423
299 196 403
253 240 436
202 190 472
261 246 488
245 241 438
253 231 413
239 196 464
240 193 429
250 227 418
251 221 454
284 276 406
291 190 484
225 200 414
251 179 408
292 276 399
219 220 432
283 278 433
283 266 470
219 250 465
227 217 495
261 181 447
211 215 468
272 259 459
233 269 466
206 249 462
205 255 480
223 185 489
295 205 457
297 203 446
267 277 438
283 249 418
224 232 429
284 223 457
259 242 470
234 196 443
241 254 417
242 251 450
250 205 404
255 230 495
256 188 490
259 248 446
207 267 437
293 234 496
281 218 411
289 253 426
275 203 420
264 192 445
231 209 458
252 231 403
208 267 404
208 267 417
273 192 440
201 261 471
262 248 414
297 259 432
251 225 488
296 186 400
221 261 429
249 210 411
242 202 407
283 235 443
294 212 436
266 207 404
210 246 470
231 190 492
256 267 415
273 265 482
261 231 429
218 261 405
215 252 442
289 248 472
295 247 469
283 265 448
529 73 247
520 111 279
514 63 314
494 145 319
454 77 240
476 138 323
498 149 245
541 144 231
544 123 256
521 135 328
524 146 268
486 125 239
470 137 310
466 92 295
502 137 275
518 111 278
528 142 241
544 118 242
481 92 247
504 80 291
511 71 303
499 132 279
487 77 278
460 129 293
500 88 320
444 51 261
481 103 258
541 99 265
489 131 252
539 53 314
500 77 284
496 109 317
527 141 241
476 68 256
514 53 257
488 60 235
544 54 257
473 109 304
495 125 254
515 80 288
484 60 266
479 97 259
531 85 280
474 98 282
524 80 288
484 83 236
505 103 328
536 66 269
475 86 248
539 56 259
469 107 245
510 77 291
469 147 250
444 102 246
543 84 266
451 63 274
468 123 246
536 148 311
504 109 248
487 129 282
454 51 285
495 59 297
524 103 298
519 86 298
451 106 294
476 108 253
500 57 267
503 76 290
487 96 289
448 150 289
478 50 288
461 106 267
481 149 309
481 104 325
468 116 250
538 135 232
465 124 302
541 126 242
452 133 243
461 118 268
525 75 284
537 69 270
484 114 271
492 117 312
462 141 263
451 114 320
530 86 281
448 76 325
445 145 256
452 94 256
528 68 231
501 84 239
521 128 327
525 130 243
461 54 246
540 150 249
532 138 245
456 90 301
526 121 311
504 107 245
486 68 248
541 62 318
461 78 237
539 96 321
528 100 320
471 64 295
536 61 235
507 133 229
505 103 308
448 103 240
533 135 279
503 100 307
519 124 262
504 117 236
488 62 318
507 67 231
516 62 325
509 106 299
475 140 267
455 102 256
518 117 273
503 63 228
454 107 230
500 80 241
478 71 255
519 111 278
542 131 228
456 72 286
497 134 250
491 104 233
464 147 267
495 126 249
455 58 295
447 116 286
520 117 250
462 81 272
507 149 272
482 74 294
517 113 287
448 131 260
511 50 315
502 85 259
541 99 265
445 138 300
519 62 250
449 97 249
471 108 245
481 129 230
477 92 251
444 107 267
505 79 276
486 66 302
505 146 246
533 59 234
535 74 251
530 148 317
506 104 232
481 129 256
487 132 290
483 141 273
414 63 306
428 7 264
395 77 297
446 43 311
422 -6 315
440 55 259
476 71 294
440 -6 323
421 71 327
474 81 335
471 79 268
419 40 265
426 2 328
401 33 316
480 15 300
454 89 338
479 38 311
433 49 322
481 50 286
439 59 330
463 63 275
422 2 330
468 40 287
444 91 307
458 27 296
398 -2 290
398 -5 287
433 25 343
457 4 257
487 79 266
388 31 331
405 0 335
439 13 334
390 64 305
420 72 322
481 66 308
463 20 323
423 25 350
445 35 328
400 52 281
437 5 351
451 52 296
434 58 279
400 16 314
430 -3 321
387 41 324
470 -2 351
473 63 276
473 53 260
437 36 294
389 18 276
447 10 277
411 37 337
388 45 309
471 41 314
475 63 343
404 25 258
448 41 332
432 61 258
461 86 331
465 89 316
445 17 335
460 89 257
453 73 297
453 88 285
447 4 300
429 79 298
407 49 322
457 85 263
422 44 260
424 76 326
480 2 353
455 84 326
419 27 294
484 61 329
434 79 275
402 53 276
487 41 339
436 62 321
484 82 277
404 74 297
393 35 293
463 87 289
428 2 259
462 88 282
399 49 302
420 -3 288
467 80 296
483 -5 282
478 -6 303
482 32 319
451 1 305
440 92 345
433 70 342
442 91 312
419 32 308
449 60 263
476 16 345
451 51 350
443 67 273
426 10 296
414 56 282
473 87 282
452 52 351
470 72 335
430 16 290
464 36 274
456 53 298
440 13 352
427 39 264
481 6 304
446 9 352
467 54 337
415 11 352
425 65 349
477 52 313
413 42 282
427 7 351
394 57 356
388 22 318
436 24 276
404 77 325
419 48 269
477 83 259
388 15 297
473 32 323
397 68 330
436 84 276
404 73 280
394 -1 304
470 47 301
442 35 275
409 69 289
428 0 317
420 54 315
445 77 281
430 83 257
478 66 353
484 35 262
454 53 288
459 21 341
470 75 310
460 15 335
418 13 345
482 60 312
389 22 329
406 79 279
388 50 304
406 21 309
469 8 312
391 30 348
422 30 324
397 40 341
457 -2 344
487 78 320
417 5 350
417 48 287
471 89 327
450 21 328
440 73 302
-9 56 166
-13 97 163
38 113 215
66 59 191
30 52 210
-10 76 153
37 42 151
50 38 236
19 54 195
7 88 213
55 105 244
5 24 233
-23 49 150
42 54 169
-9 37 178
-27 68 150
27 63 220
18 84 199
20 94 155
12 90 167
29 65 194
62 68 200
25 42 169
-22 43 197
0 66 233
51 66 153
-23 38 148
-28 108 199
-6 67 232
21 52 163
9 46 224
-17 34 177
-14 91 193
66 85 162
39 105 239
-12 50 184
26 110 164
-9 37 186
5 49 180
55 109 153
27 28 196
-7 110 213
19 102 191
27 55 179
59 74 242
43 108 238
-19 36 234
-20 40 194
0 80 216
-7 25 160
13 68 191
63 75 221
48 84 239
-12 112 223
69 22 180
-26 47 225
-10 83 194
5 22 246
-13 24 147
-27 53 237
33 81 146
46 105 225
3 42 232
59 72 243
-13 120 235
3 70 196
13 91 176
-1 25 234
39 98 180
-19 57 182
-28 65 146
29 23 231
1 56 225
17 99 149
46 121 194
1 72 226
63 51 235
11 94 186
-15 52 201
19 90 198
-16 97 195
25 74 175
42 82 228
48 58 192
-3 49 164
-12 37 235
-17 94 172
11 86 190
38 105 163
-24 54 235
57 103 201
22 85 204
19 63 238
21 65 191
31 25 165
57 108 185
-25 35 152
53 23 234
19 113 200
-23 26 150
32 41 225
29 72 171
29 51 214
58 102 246
57 22 164
12 84 166
-6 69 175
-22 108 202
56 121 155
-3 87 146
2 65 178
33 70 150
30 36 245
65 80 179
-22 110 149
-10 53 196
44 115 236
52 51 153
37 111 218
21 27 241
-31 112 170
29 104 235
-2 78 155
28 34 237
41 117 174
59 84 168
-5 98 160
23 97 175
3 64 207
-18 51 232
59 51 157
-24 67 242
34 36 151
25 90 237
22 47 219
43 118 156
19 41 207
60 72 229
4 27 230
35 60 189
-17 116 147
42 93 244
-12 114 188
54 73 189
28 48 214
5 74 207
-3 116 154
38 97 168
-14 50 205
56 59 215
-4 94 156
29 40 232
33 25 225
-23 45 201
-25 73 231
-10 107 231
29 92 243
16 36 228
17 40 184
53 121 243
13 370 462
70 365 385
74 379 462
23 323 449
95 310 437
46 386 377
90 357 376
12 296 456
61 369 398
10 352 386
78 322 387
57 355 454
46 316 451
79 377 402
60 382 442
95 339 374
66 326 456
56 336 391
-2 293 392
52 338 461
73 381 382
7 354 466
83 344 429
12 372 377
27 342 457
96 315 465
18 383 379
89 361 456
45 303 394
11 298 470
93 329 378
38 329 435
13 325 381
96 340 382
28 315 417
66 345 413
67 346 443
80 384 449
92 337 388
50 342 405
81 300 470
79 319 384
19 381 373
2 312 456
12 374 401
1 322 434
72 383 438
51 289 411
94 316 430
77 344 445
32 369 406
56 365 411
23 323 407
94 335 442
9 371 407
89 384 425
33 288 391
56 313 370
54 347 375
30 324 410
71 330 410
86 387 406
86 354 466
8 375 429
16 295 443
80 322 404
37 349 453
3 333 388
62 314 406
26 349 437
47 301 419
64 323 427
19 353 422
72 300 417
91 357 380
37 348 381
18 384 413
85 326 460
55 296 375
27 375 446
80 368 466
13 313 418
83 336 375
70 353 415
39 312 417
63 321 389
87 376 381
89 384 433
83 296 396
79 340 388
19 359 458
55 301 442
21 333 446
4 377 418
40 374 462
24 362 430
93 303 449
79 374 428
50 305 381
64 307 387
28 316 407
93 343 429
60 337 412
45 322 434
62 289 392
5 316 446
43 327 393
76 353 453
49 369 396
52 362 427
41 317 398
56 386 432
0 306 449
62 337 392
1 298 384
88 357 423
67 313 377
44 306 426
21 293 386
59 362 436
8 294 431
41 288 432
43 321 390
1 387 411
-2 341 456
83 338 449
26 372 464
81 314 450
47 366 440
23 364 434
61 369 421
50 294 405
70 316 385
49 362 417
57 331 455
63 299 438
2 328 469
8 339 441
62 297 431
67 367 406
81 297 378
22 379 455
41 288 458
12 301 422
72 317 422
34 319 451
12 315 444
25 288 397
54 303 445
77 328 434
42 366 407
15 309 434
30 330 411
10 367 453
6 301 469
48 372 420
16 293 375
5 382 378
33 358 435
58 314 370
354 -31 135
340 10 204
325 22 229
324 -26 157
293 56 228
304 -30 194
362 46 151
299 -9 146
361 -12 178
352 44 219
288 29 219
359 49 172
306 13 138
368 -24 207
379 44 155
372 45 149
289 35 203
289 18 180
370 -37 163
345 40 140
280 -29 149
374 -33 218
283 3 163
334 41 190
316 -10 179
349 42 203
379 -32 214
298 19 193
303 -36 220
290 -1 214
305 -18 228
287 40 151
355 28 232
309 -20 136
360 11 205
347 -31 138
302 3 153
339 29 226
288 26 155
372 -34 190
357 56 216
374 -30 144
292 8 134
316 40 177
327 -11 141
314 7 225
370 15 168
309 -27 157
288 53 144
316 -21 169
374 -25 157
287 54 190
320 9 149
309 7 207
336 -24 206
346 -30 143
334 -25 194
368 -6 229
321 -11 132
346 50 144
350 10 178
315 19 183
287 9 222
307 -26 222
307 25 176
313 -19 228
326 21 145
352 61 213
371 25 160
312 -28 162
358 16 203
375 52 169
333 61 194
349 -2 209
295 44 157
329 31 205
306 38 232
320 -9 141
302 7 162
308 3 179
310 -27 226
281 13 156
315 2 198
353 -1 194
373 41 196
306 9 191
329 45 158
366 16 198
374 24 224
301 21 207
295 53 204
347 -37 166
341 -34 205
335 -35 198
374 -29 167
360 -4 178
293 10 137
370 31 226
380 54 209
366 -4 151
333 22 219
299 -10 169
358 -29 203
299 58 154
340 51 192
377 -24 138
311 6 232
280 59 185
317 -33 199
380 -32 191
293 -3 163
367 -17 207
345 -33 178
336 63 187
283 -26 213
305 -14 174
290 35 185
358 9 169
319 -8 223
380 1 204
330 45 210
322 -10 145
284 31 210
289 47 165
335 57 189
293 12 180
376 -29 176
334 49 185
374 30 175
293 -34 148
335 4 225
324 47 145
354 29 208
308 35 153
372 19 192
320 5 181
316 49 219
373 3 184
358 -13 142
299 23 228
349 40 154
295 35 208
315 37 206
363 -10 187
369 -18 204
379 1 190
290 -22 232
365 6 177
320 47 192
333 -20 161
352 -11 228
317 4 230
327 27 202
348 22 161
310 -27 136
321 -18 153
371 46 170
283 -21 202
361 20 137
291 44 199
470 197 461
437 140 476
412 109 504
444 191 433
440 196 454
479 130 443
493 106 443
434 132 445
412 182 420
480 119 449
399 120 429
425 175 470
483 170 501
407 111 501
439 149 448
397 187 419
404 149 497
476 163 421
401 176 430
409 144 413
414 119 426
483 176 453
404 116 498
485 158 464
409 150 451
451 196 501
477 176 505
447 204 491
456 155 450
434 144 508
412 168 448
472 193 447
483 121 483
432 120 423
462 147 453
405 146 493
492 136 438
437 151 441
457 163 475
491 172 435
450 155 443
455 181 483
422 177 426
421 109 432
415 144 500
480 130 435
427 163 496
455 187 480
424 123 435
424 172 432
456 129 478
423 144 477
438 127 510
442 144 492
430 154 441
398 124 491
394 146 420
485 150 474
494 144 419
459 189 469
468 117 426
396 157 423
477 193 492
467 123 431
426 133 496
452 159 435
462 139 496
425 161 444
490 147 506
396 158 422
478 127 456
406 120 487
435 160 488
494 199 474
418 131 413
491 182 504
424 199 511
460 183 414
424 133 427
447 198 449
494 148 509
487 114 510
406 143 498
443 111 462
468 176 414
445 196 500
401 106 481
409 158 429
467 164 439
436 203 475
409 202 488
484 146 443
443 177 473
436 130 482
440 193 468
423 169 498
474 120 436
430 160 434
430 118 429
464 106 426
416 175 419
466 190 447
461 180 481
471 114 454
398 130 479
431 109 439
434 105 478
402 189 413
484 119 465
432 185 509
490 123 479
396 143 458
432 150 418
460 166 451
419 107 461
463 174 467
412 200 477
452 134 447
457 118 429
417 190 484
478 129 424
461 181 461
456 179 463
421 108 423
494 154 469
450 178 496
459 204 442
441 113 477
410 129 478
464 178 495
402 156 426
479 112 488
484 188 467
488 185 469
417 133 444
491 143 473
487 143 460
443 152 488
457 139 502
481 178 454
428 150 462
436 156 461
483 195 414
443 201 492
489 156 446
468 189 485
419 121 493
485 135 499
493 160 457
430 177 428
397 105 415
462 144 496
427 202 422
472 172 444
413 116 437
435 146 461
465 168 492
428 174 426
422 173 512
482 203 481
246 50 186
232 115 195
268 65 134
281 63 158
234 104 173
280 55 218
223 50 157
260 116 216
243 106 210
227 62 142
259 88 220
320 50 140
222 59 164
314 81 181
291 97 137
306 53 222
263 83 135
271 37 184
272 80 190
308 79 180
226 103 139
264 73 149
245 69 188
271 92 223
224 42 178
248 82 136
321 81 176
226 79 193
244 64 209
256 69 187
304 121 179
295 50 161
227 34 220
227 28 223
235 26 195
270 121 203
230 30 149
289 120 201
302 88 137
242 105 134
226 64 139
296 67 185
319 55 168
309 52 194
283 46 192
273 95 224
262 50 138
289 80 226
307 54 158
240 74 203
313 115 181
309 110 156
249 80 130
285 54 178
251 106 174
245 54 220
290 112 149
275 121 199
260 117 153
248 118 204
261 76 158
295 89 146
321 79 130
229 83 213
227 47 131
262 68 204
259 24 161
296 77 141
273 48 197
267 97 173
250 43 142
246 89 180
307 85 224
265 33 155
301 99 221
241 111 185
222 110 208
308 54 163
304 69 196
287 35 192
314 27 193
259 34 209
272 61 200
299 113 134
247 110 158
279 118 200
252 117 221
288 30 195
268 81 180
289 113 181
306 37 167
234 42 164
249 81 141
265 116 195
308 39 227
292 39 161
250 23 129
226 70 189
279 110 180
304 106 212
278 106 162
318 58 177
298 46 178
281 75 161
257 50 205
317 73 130
228 73 196
225 38 199
284 116 152
307 50 141
252 101 194
312 105 158
269 34 157
280 111 181
257 35 193
223 57 166
246 74 129
287 108 195
239 48 139
278 23 149
258 55 227
271 105 160
263 91 164
288 121 220
234 26 183
247 121 203
236 75 148
318 70 196
232 89 194
307 65 178
250 39 135
312 58 167
271 72 218
291 117 144
244 118 224
233 71 214
299 21 225
231 22 134
253 121 133
285 57 158
286 119 221
284 96 163
305 91 147
285 92 181
252 76 194
222 98 130
309 75 198
313 47 129
282 22 201
285 106 211
275 35 198
308 44 169
241 73 144
253 29 217
316 42 135
302 70 143
262 48 221
249 64 128
234 115 152
264 75 152
102 407 87
50 484 106
82 449 83
88 459 100
72 447 101
107 439 63
62 418 13
86 441 60
58 384 14
63 477 78
107 454 111
112 443 23
103 416 76
122 404 65
56 465 13
112 389 111
63 455 13
98 397 31
68 464 28
87 468 65
104 473 113
71 401 48
113 474 65
60 425 22
136 428 51
40 419 80
39 404 111
96 477 17
44 469 25
73 446 50
86 459 21
62 444 74
126 474 27
125 480 23
76 445 110
71 394 93
84 432 105
85 480 38
105 475 56
105 454 93
125 428 102
53 420 106
91 437 99
81 445 79
74 450 110
135 469 26
64 450 70
115 482 113
49 481 90
69 425 109
127 393 20
100 416 27
107 465 98
52 474 96
67 441 105
124 451 108
81 415 43
75 467 51
87 475 109
76 482 73
111 398 86
65 414 83
127 427 83
126 411 43
72 479 48
84 398 67
133 444 52
120 450 30
94 465 48
138 433 77
123 397 38
81 444 14
91 457 51
138 387 65
132 410 81
79 425 106
52 408 107
72 420 81
39 472 34
98 476 45
51 468 28
70 395 13
45 404 87
90 413 94
130 400 85
123 469 61
121 472 99
126 386 87
128 445 71
70 453 46
57 431 71
129 471 26
117 460 91
56 400 104
76 467 70
125 472 50
108 423 73
104 410 99
73 439 40
104 443 52
72 390 14
77 414 60
69 433 88
134 402 37
80 423 41
66 440 50
60 402 94
65 462 106
42 413 84
75 483 111
39 389 40
90 431 92
126 477 64
114 408 64
88 402 35
97 469 94
127 454 109
55 432 89
72 425 14
111 438 38
134 439 64
64 421 92
139 456 108
88 450 103
91 469 92
45 479 103
124 419 107
70 477 50
93 422 92
130 453 37
107 453 75
60 459 104
41 472 50
93 404 109
137 453 66
103 404 107
39 459 29
64 430 79
126 425 64
42 412 37
130 439 87
46 478 28
64 392 35
83 463 72
63 445 72
119 435 112
55 426 34
43 452 90
123 419 61
135 441 24
116 439 69
96 437 39
128 453 37
106 468 30
139 413 84
118 395 32
43 410 43
75 418 102
49 481 18
45 386 49
469 135 356
395 193 394
408 134 327
399 131 401
441 172 386
446 106 361
418 155 365
435 166 349
448 125 324
463 104 320
400 171 377
449 123 338
393 179 348
429 165 340
408 180 316
471 137 319
431 112 394
466 109 379
437 163 359
447 151 314
409 165 361
447 199 338
475 125 390
409 181 306
463 161 322
420 167 303
428 145 386
384 153 371
391 104 317
465 185 326
387 157 321
420 109 387
452 135 305
419 201 324
472 193 345
438 150 307
475 195 348
466 119 395
383 185 317
426 114 335
394 161 328
444 180 322
405 116 317
387 155 374
436 138 320
403 114 384
467 142 382
482 129 367
465 184 303
436 170 317
475 112 395
473 149 391
446 104 364
457 195 343
462 182 320
406 139 328
387 159 383
482 177 391
405 124 381
388 112 338
460 171 390
442 138 318
387 193 358
448 176 373
424 139 379
421 174 326
457 118 400
431 169 397
444 168 346
419 164 312
442 142 390
456 155 342
412 148 400
425 141 368
453 119 348
392 141 320
397 185 337
422 139 301
474 138 376
403 191 337
420 106 311
462 127 323
399 130 347
384 124 372
412 165 349
400 166 311
422 135 306
427 114 346
455 184 372
435 172 302
425 137 349
455 171 388
440 183 311
391 165 310
412 168 397
397 106 400
479 166 315
455 116 388
405 130 396
413 114 367
466 193 370
476 203 379
425 147 355
480 156 341
456 123 384
389 185 388
465 180 301
394 114 358
480 126 384
414 112 339
421 163 381
473 170 365
450 129 304
471 171 401
403 203 389
460 169 398
453 115 372
470 126 306
458 131 309
450 126 339
393 157 335
404 130 335
440 110 328
445 144 359
426 176 304
384 124 347
426 155 369
445 122 317
467 136 398
457 129 304
443 175 382
393 142 303
447 119 309
408 104 359
480 152 395
404 146 357
404 187 323
459 149 355
389 172 344
466 126 321
406 151 338
448 111 396
431 180 303
453 107 329
446 143 396
479 135 338
423 124 337
480 126 336
455 178 309
421 179 367
409 146 372
462 204 388
452 159 349
453 145 316
430 143 386
432 199 307
455 174 334
419 164 351
453 146 374
429 124 311
84 405 269
116 395 258
66 417 183
128 419 223
124 398 238
124 383 237
112 449 227
54 371 216
101 403 234
81 381 244
56 440 239
104 394 198
128 373 225
126 386 272
136 366 273
134 435 237
129 437 207
130 380 222
90 454 188
132 410 230
103 439 194
71 406 273
117 426 193
96 363 203
123 413 242
86 445 193
125 403 244
82 407 243
105 400 258
111 379 216
119 431 276
64 384 216
124 434 269
91 421 233
113 437 218
98 436 218
150 378 187
77 395 227
75 396 258
114 376 278
64 373 214
51 371 211
57 438 271
102 457 227
115 462 189
80 444 232
127 363 217
53 402 219
146 399 243
116 454 264
62 459 200
60 428 266
101 449 194
148 449 190
76 425 235
56 436 196
99 407 263
61 423 196
103 394 224
107 412 200
129 383 222
102 379 205
101 393 184
80 441 253
145 404 243
99 400 249
107 368 218
133 402 219
75 433 195
91 387 223
110 399 211
107 429 213
53 449 265
101 363 263
75 419 237
123 379 268
118 433 201
98 443 219
116 419 266
123 401 213
66 371 245
125 394 226
109 452 233
116 459 246
58 421 200
50 441 257
109 369 268
61 374 242
55 380 229
57 412 277
54 379 195
109 419 255
97 460 230
80 438 259
60 454 206
121 373 279
57 425 225
127 389 262
58 423 195
85 429 227
96 430 254
108 401 199
78 410 219
137 407 214
119 460 261
123 461 274
57 396 210
143 423 253
132 421 239
93 412 241
147 365 195
68 407 255
115 386 180
73 419 268
121 389 180
59 439 219
140 363 262
95 368 199
124 429 270
95 395 236
85 409 231
116 395 236
67 377 263
150 385 232
122 373 272
115 427 240
61 373 259
140 461 200
111 402 242
94 416 229
95 392 189
101 452 239
138 434 232
127 437 246
134 384 184
50 461 258
126 451 194
140 441 223
67 438 241
141 411 268
64 442 211
128 381 275
149 426 203
50 423 202
111 410 202
134 460 254
85 370 275
107 380 246
55 437 252
140 423 205
94 391 240
98 374 230
50 439 222
52 442 206
54 410 229
145 386 269
128 393 269
126 449 271
116 425 205
66 367 280
217 -5 148
292 31 161
239 26 139
216 27 117
262 30 185
243 44 191
224 -21 127
307 63 123
229 60 132
233 29 101
275 -8 99
243 3 177
302 68 110
280 59 186
258 75 170
299 20 169
215 -3 112
280 68 119
228 60 98
310 69 177
296 -2 192
266 44 146
312 -6 114
263 68 154
312 30 122
253 51 136
271 -13 153
247 54 182
279 3 109
231 9 115
299 1 101
217 2 144
257 30 164
256 43 156
288 15 175
273 48 168
288 56 149
299 -12 101
298 39 137
237 47 107
267 38 135
311 24 128
218 -11 140
293 6 188
289 15 133
242 71 170
221 14 178
278 7 191
259 10 120
246 72 166
218 58 155
274 41 194
259 14 108
308 62 108
280 37 181
217 72 145
276 44 137
221 21 165
300 62 124
295 1 187
243 29 106
279 13 140
277 4 95
302 40 148
313 0 171
248 37 165
261 66 129
235 77 143
276 37 183
255 41 107
252 45 133
220 40 133
240 6 170
214 58 191
225 72 101
295 -23 101
233 -3 166
264 -12 167
282 1 132
285 19 152
252 66 166
245 32 184
290 64 166
261 57 143
227 29 121
303 21 187
268 1 104
312 -11 105
276 52 178
294 40 166
254 71 178
241 1 137
252 48 141
244 7 127
251 53 137
233 15 103
303 35 152
253 8 125
313 67 157
287 2 112
217 15 177
226 29 172
261 11 151
238 19 137
258 33 144
299 -15 125
217 55 136
297 -9 181
290 57 105
287 -1 94
227 -1 97
298 17 158
298 -11 159
228 63 181
253 -14 161
306 49 157
240 55 116
241 -17 173
219 -8 155
289 60 193
304 -1 180
224 65 162
289 -1 109
300 52 98
262 53 190
224 35 142
234 32 161
266 52 109
288 11 163
291 68 157
247 4 190
271 60 105
282 -16 187
243 44 184
222 -4 136
237 23 184
235 13 174
306 -6 142
223 7 141
267 13 171
219 67 169
300 52 118
214 -14 194
282 69 184
300 -3 129
226 25 138
295 5 96
272 2 153
237 -16 194
287 0 185
284 6 156
265 65 147
259 -23 179
246 -15 186
297 -19 124
310 -10 132
285 46 113
279 -17 125
217 -8 194
265 24 181
112 519 301
106 522 262
114 456 311
114 544 345
128 533 316
142 531 341
55 524 304
130 491 287
94 505 343
55 522 330
74 484 333
48 518 309
58 452 352
51 513 295
67 531 285
44 515 355
52 458 308
133 517 274
82 449 278
77 482 312
86 511 323
119 475 305
113 537 349
142 495 353
69 450 322
104 455 346
125 463 316
104 464 318
112 462 327
55 493 273
64 545 338
96 534 333
112 474 348
43 502 303
125 485 286
96 445 315
82 476 299
46 530 263
104 459 274
66 529 356
49 456 330
60 510 356
101 451 354
91 541 260
98 463 337
61 529 356
142 480 346
134 445 278
45 450 327
76 445 264
76 448 325
95 478 287
96 540 338
49 459 263
142 479 269
75 490 322
46 460 281
61 499 360
122 483 328
60 519 318
141 455 343
119 540 280
46 536 272
113 506 294
96 529 313
47 539 265
102 532 295
140 498 338
135 530 322
104 448 277
103 466 327
91 537 266
135 539 326
46 523 332
106 519 281
132 457 322
125 512 358
97 460 340
84 520 294
117 461 293
127 483 352
66 540 297
109 530 306
57 504 318
43 534 266
139 510 341
79 536 277
79 484 354
139 480 339
131 486 315
100 488 339
76 516 283
63 492 321
61 528 262
76 489 312
139 454 324
140 493 270
101 506 282
130 486 359
96 468 334
125 510 269
142 519 354
75 498 352
135 509 325
74 514 300
124 525 327
108 446 282
135 511 334
116 499 302
57 478 302
119 508 323
137 470 335
88 453 266
52 457 343
127 445 314
102 488 278
139 469 334
83 486 356
134 467 265
70 472 295
114 474 281
80 497 292
87 493 322
115 456 312
115 475 280
140 512 300
73 533 319
43 449 325
135 479 289
109 449 357
91 492 294
137 459 274
66 492 263
63 534 299
114 522 314
45 519 327
135 477 357
59 532 305
125 470 317
115 452 342
128 545 360
56 461 322
114 457 292
73 519 320
107 497 323
55 520 330
101 459 281
81 470 275
134 446 331
118 476 328
88 490 355
48 450 292
91 542 300
140 536 343
103 497 304
114 460 287
79 533 291
46 455 278
78 496 347
62 486 326
294 165 146
316 222 130
330 127 53
266 226 56
293 138 146
325 203 80
326 144 70
334 187 119
341 126 82
277 206 128
330 149 126
331 129 79
342 131 100
336 191 103
301 151 138
334 179 66
274 225 107
332 193 53
291 167 57
314 179 142
330 207 86
276 144 120
274 203 133
306 156 90
282 142 136
355 188 61
326 187 80
358 145 127
354 149 108
341 176 119
323 203 129
326 130 90
358 176 81
361 160 106
327 191 114
317 204 113
321 216 92
275 132 85
286 219 71
315 171 92
295 170 90
263 214 126
274 152 76
276 143 119
262 177 111
327 187 120
299 184 126
314 218 133
357 156 123
333 167 78
273 183 54
357 128 69
322 164 102
346 185 79
339 196 87
324 216 101
303 135 139
284 128 69
344 195 104
301 139 108
316 149 56
323 179 92
313 140 111
353 134 95
350 147 57
343 161 71
334 197 69
303 131 108
263 205 62
301 136 114
361 128 143
314 207 73
350 205 119
313 204 76
273 163 132
284 226 134
329 126 91
332 213 104
329 202 62
346 204 61
288 166 116
278 221 135
320 172 115
289 214 110
292 220 85
273 210 88
293 224 86
349 153 147
345 208 147
293 183 64
277 208 69
298 145 108
326 154 59
266 175 86
271 189 128
326 141 59
337 147 151
322 219 141
345 135 91
360 154 79
304 210 127
320 188 101
308 139 115
279 131 83
308 167 54
289 190 81
294 135 116
342 189 143
337 198 108
303 169 107
312 207 137
269 195 110
311 200 106
342 133 98
317 217 114
357 223 93
280 177 128
354 186 123
312 173 102
329 170 122
266 208 63
325 224 101
334 136 134
314 143 151
339 183 150
328 158 137
358 141 95
291 225 87
352 216 152
274 185 84
345 211 110
312 150 147
287 150 131
335 131 135
272 161 85
318 148 144
304 190 119
352 130 79
290 176 133
342 145 74
275 169 124
278 198 64
356 215 83
346 167 92
277 127 58
263 202 125
340 215 103
293 205 133
342 136 81
296 177 96
333 129 114
291 189 106
263 211 98
357 126 149
270 152 129
329 142 149
316 195 133
341 219 52
306 217 147
320 222 74
77 443 110
41 400 103
125 468 54
82 467 72
112 468 48
84 469 51
55 450 55
72 374 43
127 449 97
70 417 85
98 396 99
125 438 71
86 433 102
67 408 79
76 427 106
114 406 47
29 431 66
58 442 106
77 442 91
96 399 68
101 388 62
47 433 51
88 409 55
37 434 65
51 384 49
75 381 68
51 404 119
33 413 75
84 417 60
67 469 77
118 387 120
116 439 108
95 415 120
31 404 110
40 424 66
81 384 112
88 458 70
38 432 62
110 417 107
93 453 21
108 419 104
87 383 42
108 418 83
99 404 84
38 444 62
112 391 116
110 457 79
129 402 38
107 455 114
110 374 118
40 430 24
70 373 34
77 425 45
96 383 41
73 397 110
67 411 99
111 416 101
32 406 43
82 466 77
55 456 66
87 435 117
125 423 57
76 434 75
47 421 101
53 419 25
88 383 85
57 399 114
90 391 101
123 463 113
61 436 86
102 379 101
69 395 109
105 390 91
97 408 35
71 429 95
83 458 103
75 401 91
57 400 76
105 440 85
55 419 30
93 399 111
95 446 23
65 450 111
59 443 48
96 415 49
39 450 120
105 462 56
118 464 96
69 455 55
48 384 84
60 414 63
52 440 76
103 443 58
42 408 103
105 385 69
46 394 32
40 390 120
125 429 74
117 416 70
103 404 91
39 401 110
111 383 88
99 381 60
61 416 59
31 402 100
103 416 65
66 383 97
115 379 25
121 437 21
90 434 74
99 415 40
74 422 53
101 463 31
51 446 114
101 421 36
82 460 112
63 393 70
82 443 51
68 467 105
99 448 64
42 419 115
50 391 105
116 440 118
36 435 23
87 392 91
57 453 35
55 376 42
38 465 119
87 429 48
125 399 46
106 385 24
119 445 117
34 384 45
74 454 48
86 386 105
42 421 62
119 466 118
100 443 46
92 465 36
112 451 28
64 446 114
63 412 44
70 387 67
35 377 111
44 416 101
31 421 68
120 413 66
42 421 85
88 441 57
82 448 31
50 459 64
110 438 75
39 441 41
94 447 39
74 469 68
124 411 94
100 460 83
56 382 55
41 418 39
68 405 36
273 38 -25
242 65 34
204 9 57
264 80 55
272 72 53
215 64 23
229 63 22
225 56 -4
201 62 -2
206 18 -3
257 92 -30
216 21 -14
279 73 -23
286 5 57
238 7 45
212 53 61
251 63 -7
269 50 -13
287 9 -20
295 80 -13
278 86 63
225 28 54
275 18 14
266 23 20
248 50 10
281 14 2
260 31 -8
263 42 44
208 62 12
208 43 35
289 50 7
277 74 -9
255 13 -12
258 31 39
270 25 64
248 46 38
282 20 -1
265 88 -9
266 18 -9
202 32 54
265 59 19
233 50 3
235 39 4
296 -2 -6
211 71 -9
212 45 61
234 57 59
216 9 13
287 48 -36
216 12 60
257 -4 23
284 16 19
231 9 22
219 12 -22
209 -4 29
251 37 32
276 47 -19
293 83 -14
266 49 48
220 85 30
248 10 32
249 48 -35
206 16 30
228 84 -31
207 54 4
214 20 2
271 76 35
202 32 44
270 5 21
253 91 41
246 58 -18
216 85 -33
288 -3 -2
274 13 29
289 29 15
298 -4 -29
261 26 -5
257 53 11
264 23 62
288 59 35
269 96 53
242 77 -2
292 73 61
212 10 30
270 20 -29
266 4 57
210 43 46
227 3 3
217 87 50
229 38 6
275 85 1
254 42 -25
210 6 64
217 85 24
280 0 3
274 80 3
213 68 1
214 95 20
230 31 60
225 65 -21
292 29 39
281 41 -2
276 30 22
265 94 7
264 17 50
245 93 43
286 15 -5
285 26 -17
246 37 48
294 31 -16
273 62 17
233 1 60
257 94 39
260 18 25
264 36 -28
292 95 3
288 94 -28
242 59 49
285 37 4
232 59 62
250 16 -20
265 77 53
280 92 44
209 24 -3
273 33 -5
293 47 -22
262 77 23
273 29 29
220 78 38
254 60 35
249 29 40
283 -3 -32
269 87 6
295 7 26
249 95 -19
249 82 -29
243 21 17
286 37 59
284 0 -27
221 83 -14
269 24 -8
300 1 18
235 96 19
251 82 33
286 60 13
239 62 -13
256 11 -34
205 62 24
288 40 37
294 64 42
280 0 26
237 53 -26
250 40 16
210 81 48
250 75 -11
241 5 43
249 56 -31
258 42 -33
286 47 42
255 85 -9
349 370 349
287 320 320
358 381 397
318 341 403
366 317 395
315 345 318
342 305 372
364 352 337
280 364 359
345 386 357
358 357 333
352 328 326
352 391 374
334 301 366
365 304 313
304 336 340
276 369 385
329 339 381
302 295 381
351 301 394
319 295 342
358 298 384
283 371 320
286 313 382
272 323 395
289 332 400
303 390 325
349 319 369
274 314 388
303 330 348
279 300 335
337 392 340
360 329 314
356 339 376
304 362 336
320 298 408
293 360 381
326 342 332
356 375 360
345 337 318
334 382 346
319 332 391
337 369 336
291 368 336
299 344 317
272 390 370
310 327 382
317 384 315
331 303 395
358 317 316
361 386 359
327 370 385
325 369 325
359 383 352
305 294 348
309 366 356
291 297 361
299 383 340
320 334 342
357 323 369
351 309 359
301 336 397
286 375 372
303 301 346
332 294 400
357 334 399
363 391 376
272 366 326
292 294 385
355 349 385
362 326 382
363 308 345
305 372 379
351 383 374
354 338 372
294 360 338
311 388 314
314 327 330
277 353 316
363 337 364
347 362 400
312 329 322
315 383 376
294 334 314
287 389 378
303 310 387
295 351 388
272 300 375
365 293 322
363 304 370
320 384 367
315 293 387
274 360 350
307 378 319
358 316 389
346 313 317
303 353 317
334 381 313
312 342 338
332 299 340
292 369 326
304 380 402
278 389 357
288 302 375
287 311 403
325 362 319
342 369 336
297 391 387
347 355 342
308 325 403
367 383 361
305 318 358
308 390 399
337 305 317
355 379 337
295 361 335
300 313 313
328 370 340
318 378 370
365 314 322
354 382 395
300 308 406
276 294 360
350 356 390
362 388 391
323 314 331
320 349 379
351 332 313
355 317 412
312 367 372
280 319 326
280 348 369
278 383 362
284 352 366
282 367 409
344 379 361
280 347 393
288 330 326
298 330 409
289 355 375
362 293 412
308 338 356
319 378 401
326 310 325
332 309 375
328 334 318
306 328 365
304 308 335
330 351 392
317 332 365
357 307 335
340 344 405
299 309 332
352 318 410
298 379 357
272 295 375
308 353 369
302 336 354
296 340 383
281 336 386
428 314 359
412 233 306
421 249 370
438 237 370
376 292 341
424 250 333
431 262 294
423 303 352
422 257 366
460 308 339
375 224 321
374 235 358
461 238 367
390 220 333
439 238 354
453 222 278
372 317 361
376 237 285
390 230 306
385 219 276
418 241 325
393 257 331
428 235 277
371 236 362
450 249 359
470 289 329
404 248 334
424 226 309
453 299 318
388 255 360
467 307 351
403 253 315
467 235 304
459 271 325
396 305 298
462 300 365
389 306 295
456 296 287
429 263 347
404 238 281
398 231 369
378 310 300
423 301 330
418 288 320
377 284 298
384 272 293
394 256 342
461 293 331
423 268 347
405 269 368
377 269 326
411 310 282
401 255 357
378 267 276
464 238 285
451 286 307
414 228 350
465 242 308
394 296 328
396 290 332
410 255 328
388 254 322
436 240 301
467 294 274
411 278 323
448 293 349
406 243 369
408 311 270
399 287 328
390 292 276
399 231 363
413 297 314
468 273 289
459 259 320
442 311 285
397 284 320
444 290 342
448 281 274
469 245 322
407 237 291
371 256 290
422 311 345
425 225 361
445 264 324
447 277 312
445 237 348
444 298 310
450 308 342
421 229 297
454 231 322
381 262 364
457 265 320
435 237 353
441 279 289
392 240 369
408 302 326
428 247 337
381 230 345
430 225 314
419 226 321
454 233 307
411 297 281
385 317 357
374 317 332
434 307 301
427 219 295
412 268 286
451 274 270
410 277 297
459 299 313
430 301 280
391 251 357
430 234 362
468 240 356
451 261 362
436 281 326
430 223 308
450 225 282
375 299 330
454 253 273
470 281 362
414 231 339
457 308 338
442 317 272
386 261 369
429 300 280
431 297 279
404 292 282
440 284 310
445 317 302
417 237 337
444 294 324
413 303 342
424 237 315
419 230 323
410 252 366
389 265 356
469 280 284
404 242 300
446 284 359
469 287 328
379 268 295
398 244 281
463 287 344
462 312 326
430 243 346
468 286 301
457 277 276
434 263 362
416 315 325
376 244 273
440 242 294
454 257 332
450 291 301
470 295 302
446 281 329
412 318 276
411 272 294
428 260 339
446 291 283
36 62 205
82 -18 266
33 43 269
72 -4 199
44 -20 256
10 4 277
-4 56 224
25 72 281
69 -7 230
-13 35 235
-7 -6 223
-7 60 230
-14 2 276
-11 12 209
-7 -12 284
-17 63 211
54 6 208
54 1 258
43 -10 281
81 58 197
73 -11 281
-17 48 282
11 56 287
3 8 190
46 5 218
42 -21 238
-1 10 200
25 46 227
58 -15 236
75 -26 208
26 20 191
38 34 262
69 -23 260
20 67 237
45 22 206
4 -8 227
22 26 241
-8 31 253
24 71 229
-10 36 239
4 -27 278
23 14 253
71 -27 278
-5 6 213
-10 12 269
43 46 207
67 48 202
31 -16 195
13 -7 187
31 36 235
50 61 271
78 -1 203
6 58 262
-11 57 214
57 63 257
6 62 275
-10 44 282
54 -11 249
36 35 270
1 44 199
82 13 249
8 28 221
29 51 188
50 57 276
-14 69 224
-16 51 219
-14 7 268
21 50 273
68 38 218
79 70 266
7 48 277
-15 46 276
-5 -5 234
75 17 271
46 44 242
-15 20 223
81 66 236
81 -21 243
59 13 224
-1 -20 215
-4 -16 287
26 33 189
26 -9 283
-16 71 229
10 -16 205
1 49 274
65 46 248
29 -25 233
78 -4 285
17 62 264
28 28 223
78 -9 268
74 28 204
71 21 187
37 53 207
31 31 239
14 29 198
5 35 280
11 8 274
43 -8 243
74 7 279
37 -9 255
63 50 249
-8 28 246
12 46 277
0 64 199
8 -24 200
62 44 277
46 59 237
9 -24 247
64 -6 262
-18 6 196
-13 -11 238
44 23 207
-6 2 279
-17 73 247
36 6 193
72 2 205
39 29 283
50 60 233
67 -21 244
18 -13 211
57 26 212
78 28 222
25 59 211
74 0 199
16 29 251
68 66 249
22 -8 268
62 3 208
19 -21 275
31 48 227
63 68 216
-15 -3 278
-15 47 208
26 -9 286
52 4 252
-13 72 252
-9 4 280
11 42 246
69 36 223
80 -21 258
52 63 205
54 1 211
-13 63 242
60 44 282
10 52 225
20 28 254
68 -5 228
-18 54 244
-18 15 219
41 9 264
56 3 266
7 -16 262
66 67 282
24 68 282
42 -9 233
57 28 201
8 16 232
45 70 267
515 452 293
472 454 316
456 509 338
507 507 324
525 522 336
454 465 326
450 523 247
467 449 264
532 491 263
500 462 277
478 498 280
483 466 263
475 458 295
476 454 292
439 512 327
482 492 275
519 488 259
507 476 252
516 448 248
456 499 306
456 454 260
531 504 313
491 532 254
510 546 245
497 505 248
478 500 252
509 519 303
432 462 307
514 525 334
527 477 247
439 473 341
476 510 310
508 504 259
495 512 246
515 532 315
501 451 280
529 453 338
530 479 288
524 449 264
529 470 291
521 520 265
464 518 317
437 544 257
489 533 336
448 481 324
433 481 338
437 486 305
432 542 299
481 492 290
498 508 250
434 522 251
515 459 333
452 526 309
462 524 259
435 494 316
470 545 298
516 518 314
480 483 343
518 515 277
480 510 330
472 503 281
495 471 322
507 523 296
455 505 285
521 480 300
517 511 345
439 460 333
523 452 267
456 505 280
524 459 266
469 458 324
465 537 267
432 516 331
462 459 313
492 470 337
441 471 249
475 451 273
486 527 255
456 523 267
511 546 320
465 476 254
508 505 319
485 538 329
523 523 272
493 448 286
491 527 269
529 541 286
449 525 282
504 471 321
455 473 277
453 521 259
455 452 262
532 497 331
480 459 317
479 533 276
432 536 290
460 463 266
467 508 337
506 474 339
495 507 309
474 447 294
530 458 268
496 473 332
497 515 268
442 504 276
464 538 293
485 520 247
437 505 262
435 464 339
441 515 279
436 487 284
510 540 250
434 488 321
467 500 257
482 454 329
475 456 345
481 513 328
452 498 339
516 542 322
478 547 294
485 452 300
452 471 260
443 511 298
480 525 252
509 477 340
479 473 298
464 477 269
514 470 263
436 536 332
448 517 327
437 482 270
501 468 281
466 509 255
479 448 291
485 478 328
469 518 311
519 500 263
503 466 315
508 477 316
433 465 301
444 489 282
518 466 262
481 502 317
526 504 279
521 526 309
482 475 255
452 524 251
507 505 286
477 536 323
478 479 324
475 529 259
529 509 337
517 505 317
524 462 273
504 537 333
488 465 269
445 475 332
531 476 255
509 459 305
435 532 260
320 444 187
319 430 226
310 405 202
275 387 224
295 457 202
282 413 236
301 395 207
337 404 235
309 393 159
344 404 211
349 385 235
283 449 166
338 380 228
348 374 184
356 375 204
306 440 240
317 376 176
322 371 149
352 423 150
270 454 166
305 457 236
271 359 179
346 456 241
279 420 163
343 446 212
276 372 236
279 364 219
325 440 194
292 449 205
259 382 237
351 421 190
353 402 174
303 369 173
302 369 206
294 439 221
355 447 195
284 431 221
284 401 228
289 447 232
288 373 230
289 385 203
312 438 169
311 454 217
266 427 214
307 385 208
269 404 198
321 397 233
339 430 195
334 413 235
356 423 224
355 378 162
331 422 237
299 407 225
295 441 199
358 456 237
279 420 181
270 420 219
295 414 205
298 438 165
296 410 244
294 437 195
289 410 223
280 389 238
298 362 156
331 406 150
292 435 240
345 396 201
322 443 222
346 440 198
352 458 217
274 369 178
262 388 218
288 384 213
259 438 208
323 361 159
260 448 185
315 443 172
310 370 241
302 415 166
297 383 234
357 408 184
290 375 178
339 417 172
302 434 196
356 405 194
302 453 198
339 426 158
262 385 151
289 449 149
307 403 150
335 422 171
269 365 152
351 421 153
323 408 185
278 383 180
354 426 228
355 393 155
289 425 217
290 397 177
310 402 197
356 368 230
314 409 184
302 453 167
263 440 230
297 366 204
309 428 207
314 426 154
310 426 231
316 438 152
333 374 217
302 453 187
300 379 174
320 392 188
311 405 154
275 422 178
278 419 159
306 457 235
321 413 211
267 445 150
298 459 234
325 372 192
316 369 198
297 438 246
281 381 149
314 369 162
319 384 163
295 367 222
294 396 202
358 374 228
351 389 149
345 441 234
344 442 172
350 458 228
345 403 248
264 448 164
261 398 171
355 376 244
340 370 208
295 433 195
310 365 208
268 431 211
298 389 216
287 373 170
272 439 186
331 416 160
344 375 153
353 389 237
282 427 172
301 435 220
343 417 190
288 444 195
273 406 177
341 422 245
308 429 186
295 419 168
282 435 193
267 376 210
325 421 170
263 406 229
326 457 247
292 382 413
353 394 384
283 403 413
305 433 434
368 427 440
350 352 444
363 418 421
284 360 403
296 432 390
329 425 396
285 421 364
295 439 401
366 365 431
324 387 369
312 418 385
362 418 416
289 393 388
365 392 383
374 440 365
290 340 375
315 357 378
377 416 369
348 412 386
313 432 363
315 385 403
320 420 439
369 370 399
376 370 449
291 351 374
305 425 424
322 344 401
335 375 430
377 427 455
320 400 439
381 366 437
352 349 429
320 341 379
379 437 455
322 431 428
352 438 454
317 409 454
301 366 407
363 434 383
335 366 384
373 375 364
312 365 366
350 405 392
371 436 433
339 393 426
311 368 396
359 379 409
305 373 449
378 388 355
364 341 383
287 348 355
299 434 395
347 402 448
311 382 431
359 369 398
364 405 380
358 411 432
314 384 374
296 431 397
331 432 430
374 402 406
297 407 358
368 371 419
327 371 396
374 390 386
326 434 446
336 428 439
375 367 447
321 407 415
306 423 444
367 342 403
363 357 378
375 422 439
327 378 385
354 410 419
348 389 417
374 440 426
327 355 437
355 364 419
363 400 400
321 357 380
378 387 357
374 372 391
355 392 397
372 431 371
383 400 424
363 355 370
366 359 446
300 401 362
369 383 435
300 401 451
317 370 384
376 422 368
295 355 425
300 427 383
376 408 412
347 354 448
300 433 436
309 344 433
335 340 435
351 372 398
376 388 363
283 402 455
334 422 399
329 410 398
294 383 453
290 363 356
320 372 408
354 424 442
382 383 413
366 343 411
331 423 367
291 411 440
318 364 430
377 359 424
358 431 445
338 403 422
337 361 416
288 391 386
307 397 419
330 426 388
288 408 419
369 429 411
353 426 440
374 431 413
321 391 363
321 374 421
377 356 425
338 371 396
294 418 435
315 405 434
315 397 389
291 423 385
350 400 449
337 403 386
320 376 413
382 355 368
319 369 410
360 355 426
309 341 404
362 401 418
284 399 449
307 439 440
306 402 360
347 392 388
329 370 424
321 367 381
326 428 371
297 365 390
379 398 360
359 351 430
365 358 376
359 394 441
306 420 395
326 372 390
351 343 406
56 99 438
57 143 448
130 110 499
60 82 479
120 47 509
112 89 504
54 104 447
44 73 462
52 111 427
57 75 474
121 117 494
52 101 455
112 92 515
64 70 493
112 117 462
74 106 511
115 130 450
111 108 438
87 43 436
115 51 501
46 93 458
57 118 501
81 101 525
126 90 475
85 115 468
73 68 517
76 83 464
56 87 503
133 125 508
102 134 504
71 73 428
65 126 442
133 94 449
53 71 493
109 44 425
110 84 508
117 143 478
112 49 508
69 96 501
117 119 461
66 94 506
124 94 493
86 44 476
111 112 473
57 84 426
97 128 434
87 67 508
110 95 473
55 53 449
92 107 496
76 140 491
125 87 515
126 142 509
43 75 467
123 131 489
111 131 457
95 93 502
46 52 470
121 95 516
115 52 445
63 58 466
137 118 524
80 134 425
106 102 456
64 48 436
108 83 463
126 107 428
106 121 462
83 114 468
70 143 508
95 129 426
76 114 481
59 90 495
63 55 456
109 71 469
109 111 470
68 96 515
104 116 508
114 118 519
132 44 500
64 120 495
86 82 488
43 77 507
123 87 427
110 43 439
69 133 518
66 112 518
55 105 477
135 135 471
84 135 479
134 73 524
64 106 440
72 60 519
82 88 454
122 52 492
128 69 485
134 51 486
139 121 522
72 121 453
133 140 460
66 103 501
138 135 472
74 140 506
97 102 483
99 82 482
83 106 501
49 65 505
85 77 525
104 98 514
113 110 502
109 125 460
66 106 520
110 91 484
92 66 427
138 69 512
78 133 465
74 116 484
65 90 429
120 119 503
107 64 519
74 96 452
41 60 485
49 130 516
137 72 448
52 96 491
132 57 500
52 71 454
105 54 507
135 45 473
119 98 497
62 96 523
43 88 430
67 72 522
58 128 522
119 47 478
88 99 439
108 69 457
85 139 518
70 131 449
83 89 458
123 126 461
65 85 508
39 62 472
60 55 521
112 77 525
92 105 487
90 134 465
92 78 496
83 133 492
130 131 475
123 90 510
56 143 509
117 110 507
51 133 475
133 76 465
117 135 468
50 89 450
65 128 446
67 48 458
85 59 457
-28 116 497
-36 63 492
54 149 482
-34 67 498
-9 98 407
-24 122 427
30 100 447
54 99 477
-11 107 490
49 95 404
45 112 412
34 148 413
50 112 455
55 146 462
30 144 427
46 106 471
36 114 450
-8 122 473
40 112 406
-27 116 472
-14 102 494
36 61 490
17 108 415
57 97 426
-15 140 428
7 108 474
38 92 409
-17 154 447
-28 131 469
16 57 422
57 73 499
33 124 486
31 139 433
42 56 430
-36 61 404
-19 108 458
44 80 442
-23 84 486
-32 65 464
12 71 504
59 79 462
-9 84 411
17 95 473
27 87 441
-29 62 436
0 154 500
20 122 429
23 63 459
37 68 441
-15 144 412
16 139 428
-22 99 425
57 101 503
12 97 412
60 84 448
37 104 414
58 90 446
23 60 438
-27 60 492
28 81 487
-21 138 432
53 110 480
17 132 477
-13 75 427
-23 153 494
46 66 452
22 107 438
27 109 460
-12 136 453
-11 97 413
32 99 483
-19 76 436
59 113 438
17 86 459
-15 98 450
-6 71 469
53 143 475
-13 88 488
32 86 422
22 84 495
59 105 421
57 69 462
47 108 492
11 74 488
-35 154 412
37 98 437
20 120 478
27 118 479
20 112 435
60 58 478
56 86 433
-18 138 407
26 122 495
-9 134 416
15 99 500
26 82 482
-1 131 443
-20 107 464
32 68 452
58 109 487
50 117 445
13 116 456
-32 61 437
-4 116 409
34 129 471
44 108 470
-3 117 412
20 80 424
6 125 431
-40 65 433
-37 62 442
-21 81 495
27 125 450
11 152 492
-38 97 451
16 115 406
23 126 490
-25 128 458
-3 102 430
23 80 457
46 140 456
-19 66 471
-19 133 457
49 122 432
-15 154 420
58 64 502
37 86 480
8 149 478
21 128 436
58 69 468
0 101 458
-16 81 484
56 71 492
-35 132 490
-11 137 440
26 79 464
50 84 438
34 68 453
38 125 404
55 104 418
-6 89 447
-36 71 447
36 122 492
-36 62 412
-27 56 498
23 90 415
-18 100 487
55 141 490
-20 95 423
36 132 461
27 133 446
31 111 438
30 126 429
35 74 424
51 153 455
-9 146 479
-8 93 426
22 124 483
36 154 454
3 94 486
258 205 252
221 158 264
232 160 258
219 182 254
234 186 257
206 191 270
254 185 243
286 175 231
273 155 205
291 185 217
261 237 199
280 162 187
242 207 201
291 228 231
246 165 209
195 148 210
276 195 219
264 194 181
200 201 236
285 156 200
267 171 184
227 244 241
247 156 250
271 235 203
261 185 215
290 221 231
272 190 245
209 212 271
295 156 214
214 187 188
239 215 258
284 244 229
270 219 211
210 209 196
213 165 236
210 156 256
224 167 172
278 165 180
255 174 209
278 189 190
244 159 218
245 208 191
293 243 195
273 155 235
249 166 182
205 243 198
228 208 234
205 147 258
214 233 224
207 194 237
294 229 220
227 161 271
258 149 228
290 247 199
261 151 189
295 150 183
199 246 213
252 166 204
260 184 204
273 229 241
236 218 237
205 233 266
256 244 174
252 209 215
260 194 179
212 223 186
278 219 223
198 211 269
232 147 219
291 147 222
271 159 244
254 170 188
207 189 248
199 205 199
295 179 262
197 224 237
226 184 197
227 183 233
281 224 178
268 182 186
211 162 191
198 185 229
208 212 217
257 210 191
253 174 194
221 197 269
220 245 180
239 197 232
235 215 235
239 166 210
219 247 212
295 217 182
231 222 226
232 150 186
247 234 250
287 175 221
273 165 247
223 180 236
267 202 261
251 202 250
197 225 271
238 222 190
246 240 228
283 169 196
265 152 258
272 187 230
221 234 196
258 229 189
290 208 179
210 193 249
273 182 197
218 187 243
208 168 201
221 159 172
254 150 223
217 181 182
280 184 189
285 238 270
216 244 268
250 237 269
261 243 188
260 223 238
254 149 201
196 149 243
213 220 172
257 196 232
290 220 174
257 234 254
231 209 260
263 182 198
198 241 199
202 229 174
286 184 197
262 147 218
248 174 267
229 188 269
244 242 171
239 176 216
229 226 173
260 191 221
208 193 226
228 247 256
240 232 221
260 244 188
253 178 246
212 224 219
248 155 182
204 232 252
248 232 233
282 199 245
292 148 204
287 160 217
252 162 267
234 243 270
244 167 246
291 185 187
269 245 268
267 239 189
232 151 198
212 205 185
212 440 309
202 402 288
245 462 293
249 385 325
245 386 287
212 454 344
266 388 351
238 411 377
249 405 342
244 439 320
246 415 295
218 389 354
180 410 358
195 391 314
191 437 330
228 413 363
251 387 313
251 376 356
198 435 366
215 386 358
229 383 317
193 445 381
242 416 285
186 417 317
178 460 353
207 401 351
233 420 328
196 389 361
249 364 293
183 371 318
235 369 312
223 375 354
254 362 358
198 436 333
179 370 314
192 454 301
241 419 371
204 379 369
232 440 323
177 399 351
224 365 319
251 454 379
245 409 322
196 453 293
185 408 342
207 409 380
185 399 308
198 379 321
224 446 355
194 387 290
249 366 356
174 438 376
210 376 328
185 404 311
212 413 324
190 426 336
229 397 311
232 431 309
240 438 340
193 454 381
189 449 376
224 414 318
190 380 335
207 412 341
261 459 359
248 382 377
204 422 317
180 450 380
198 459 302
214 424 363
232 441 290
239 380 287
238 442 303
226 398 303
245 399 291
201 460 367
236 384 289
251 420 349
192 386 324
267 390 289
174 385 356
248 385 329
180 366 310
199 364 334
267 367 365
273 441 312
207 416 350
231 411 287
203 395 328
265 415 285
250 377 326
271 453 307
254 378 324
269 433 327
209 448 380
233 413 308
268 438 352
261 434 342
202 379 299
235 397 295
189 382 338
268 376 291
189 393 294
194 411 329
274 399 320
269 417 335
210 367 341
270 371 380
207 415 284
249 380 313
218 426 306
193 444 325
208 414 363
190 423 365
231 460 340
228 396 382
189 410 293
239 372 347
222 432 372
199 454 360
218 362 309
218 378 288
271 377 357
261 427 345
216 437 349
257 380 288
222 379 297
243 409 380
192 392 383
223 390 339
259 456 352
175 439 324
273 396 348
253 442 298
190 459 357
225 393 305
226 385 358
254 366 318
241 364 322
218 394 304
258 446 311
236 376 354
221 411 332
191 386 350
185 362 323
206 400 362
223 427 318
180 393 314
254 406 351
212 416 346
240 411 322
227 428 352
257 429 285
228 399 381
255 435 369
177 462 382
227 369 368
237 387 343
244 422 307
181 404 333
105 389 339
84 368 383
166 373 387
166 436 405
108 430 336
87 402 389
105 363 337
95 456 325
173 384 309
105 407 376
173 430 351
99 394 385
178 431 357
157 422 326
159 420 375
152 435 381
87 449 380
165 367 392
117 390 385
131 386 388
148 445 371
90 379 354
142 372 387
107 367 387
149 372 379
95 398 367
160 370 367
83 399 353
126 390 370
180 452 369
115 382 371
99 374 350
167 443 343
145 430 343
157 455 363
148 442 402
91 411 358
171 434 331
162 367 347
178 375 310
92 407 384
102 401 328
91 443 361
89 425 382
129 366 320
166 456 381
144 411 346
126 430 406
175 396 342
175 390 354
140 415 334
103 459 383
167 435 399
111 392 322
112 377 313
173 439 367
182 376 310
174 452 333
104 448 361
143 420 312
83 452 407
175 430 351
130 451 309
145 379 371
170 371 380
160 374 397
103 450 394
110 412 314
113 409 381
178 398 407
158 390 405
125 460 315
114 383 313
89 362 341
142 457 332
165 455 340
168 382 400
87 387 393
158 457 320
157 385 392
117 379 384
143 370 349
99 444 307
118 422 326
102 392 397
121 412 391
140 441 366
109 411 378
106 393 407
104 417 382
159 452 350
166 397 354
183 393 322
84 398 362
115 451 395
94 423 352
88 425 390
126 441 332
123 404 381
113 381 368
162 438 328
126 379 381
103 377 335
183 450 403
155 421 350
128 428 336
124 427 343
166 383 396
155 455 404
153 416 335
178 409 309
181 434 352
124 441 397
103 457 352
177 371 359
182 377 371
179 404 335
106 408 358
122 391 314
121 451 369
105 437 359
172 388 394
156 448 364
116 378 372
119 459 346
101 444 376
99 391 391
139 445 359
98 434 371
175 369 327
137 448 319
145 369 368
146 427 340
132 447 385
140 387 394
179 389 375
138 440 346
172 402 308
133 457 344
168 419 393
170 450 394
132 399 401
148 414 341
105 392 345
136 406 388
143 440 396
94 446 311
114 447 331
152 440 363
162 453 358
114 458 363
100 406 344
133 452 319
91 460 346
107 387 324
104 377 359
140 446 391
162 377 347
151 407 330
97 454 346
106 214 371
52 228 378
124 232 383
47 263 316
45 197 321
82 241 352
80 264 338
132 235 332
134 194 330
62 280 383
93 292 347
86 260 395
48 232 395
41 228 336
76 260 314
104 240 324
69 223 378
132 239 362
119 212 318
119 248 308
67 248 313
108 287 369
72 200 386
64 253 311
105 247 367
79 255 298
103 249 371
56 207 378
69 270 392
131 206 380
85 285 314
58 247 302
117 261 331
79 290 390
39 256 379
41 250 318
86 292 376
107 228 352
95 278 368
110 289 354
109 222 317
41 192 302
101 248 384
82 219 328
110 204 319
103 268 344
45 292 299
43 281 321
45 252 323
108 257 306
75 271 374
120 221 329
39 199 330
61 257 381
98 198 295
82 201 295
135 272 395
102 237 334
72 217 392
53 272 348
108 275 322
138 281 369
49 221 364
127 239 361
107 218 385
62 284 374
75 258 302
92 205 349
124 287 335
62 287 310
105 227 374
66 264 380
128 243 307
51 255 332
115 237 311
85 243 299
55 273 369
122 288 297
121 228 319
90 206 383
86 208 347
48 246 298
121 202 373
112 237 360
52 234 359
135 274 322
95 239 358
45 257 334
74 250 360
131 215 373
95 248 337
130 228 307
115 249 391
135 199 368
137 251 378
108 283 298
62 210 321
110 248 324
102 237 318
39 252 347
133 196 321
107 240 310
58 267 394
129 285 324
108 292 376
65 251 368
97 197 387
64 205 298
95 201 362
49 257 312
65 233 356
47 238 387
64 278 376
117 209 393
63 284 376
75 287 382
84 218 297
98 283 337
89 212 332
137 215 373
49 269 392
75 241 324
131 255 341
39 238 317
47 269 349
117 232 363
43 212 388
45 283 304
130 249 318
100 227 381
77 283 361
64 252 329
46 228 336
104 195 338
54 272 326
116 196 309
117 206 367
109 228 385
66 267 393
45 222 353
107 193 311
108 216 311
69 224 335
57 234 366
90 261 323
52 223 345
88 261 357
62 253 369
79 220 356
94 261 347
94 250 371
38 283 310
53 266 368
59 280 302
61 288 387
106 222 373
42 257 337
43 271 333
61 220 354
124 275 314
142 238 256
137 265 257
169 295 268
143 270 267
151 242 231
164 245 300
141 288 328
214 270 319
122 284 318
210 251 278
144 238 259
128 271 322
121 301 274
122 304 251
211 258 241
138 292 268
144 299 242
133 294 310
153 300 231
204 297 278
208 241 274
148 229 240
155 290 230
174 274 237
176 306 318
162 258 310
172 239 291
124 224 314
197 284 288
124 222 323
199 285 307
145 293 311
156 220 275
197 298 282
138 269 251
120 212 290
132 288 309
150 259 307
177 215 287
130 303 314
125 208 273
200 260 302
144 210 298
153 235 231
171 259 322
129 219 253
130 284 287
138 234 301
146 234 274
185 296 267
197 258 229
164 230 279
132 244 290
215 272 300
170 285 314
192 213 235
169 303 281
125 261 286
170 261 290
185 263 308
165 295 314
136 246 242
218 253 305
198 218 230
206 247 314
215 241 305
201 222 252
194 220 293
142 208 317
167 207 229
123 293 265
128 215 267
158 286 240
160 223 258
215 294 275
166 208 298
204 213 305
147 222 237
119 251 248
164 283 253
182 259 305
141 263 243
162 305 260
167 271 299
132 218 291
165 220 243
171 280 274
150 209 310
170 276 323
129 267 306
124 273 258
214 215 230
145 207 285
155 225 238
210 270 258
159 263 238
120 230 327
200 270 260
149 250 252
182 265 245
129 269 318
170 288 268
119 247 250
150 271 261
118 253 236
168 207 327
208 296 253
151 279 262
123 296 255
138 280 283
144 286 297
176 235 230
150 209 265
168 242 284
206 226 256
161 249 290
155 265 290
163 238 255
154 254 267
160 229 239
163 215 320
192 238 244
186 284 306
130 206 247
175 264 312
119 215 287
171 273 284
203 233 298
132 305 229
152 217 273
211 218 276
148 296 281
212 270 256
143 300 287
146 281 283
175 250 261
200 301 267
177 236 311
159 278 253
138 247 278
135 300 258
205 250 323
162 253 304
148 232 326
127 265 241
206 237 245
202 259 233
171 278 276
192 250 284
186 295 241
160 254 276
129 209 255
176 273 270
161 243 247
160 278 278
138 250 311
123 265 271
167 228 288
205 288 315
166 287 298
69 138 330
77 150 311
27 75 360
59 75 321
52 68 291
102 162 291
124 92 328
74 132 317
58 87 331
57 123 286
104 79 325
93 96 313
124 76 348
91 90 292
77 116 319
41 101 327
25 152 307
49 160 340
123 88 287
106 109 281
110 71 287
94 133 297
64 152 378
25 90 359
82 155 323
29 83 298
107 100 280
39 109 299
29 133 305
78 157 303
33 92 320
40 166 293
44 129 329
29 154 379
100 113 301
91 166 374
88 139 325
54 126 366
42 68 350
37 161 307
27 104 304
33 146 370
115 115 295
99 97 357
105 152 366
108 76 324
56 97 331
115 110 282
29 133 347
35 161 359
30 88 309
118 168 361
25 123 374
64 143 322
61 80 322
79 152 282
39 135 283
89 101 361
45 93 317
73 160 362
45 163 333
122 129 372
27 99 365
57 90 366
84 152 310
33 95 345
106 143 350
36 77 337
28 91 317
61 85 301
61 104 312
39 152 358
45 123 335
30 122 300
88 74 342
73 138 353
80 82 372
86 79 340
91 71 329
66 113 338
64 164 341
68 142 371
25 102 307
27 72 345
122 137 377
72 161 335
109 84 299
110 69 358
38 144 331
119 165 362
116 112 324
115 98 318
26 159 311
44 134 371
89 143 358
58 102 289
47 147 326
65 116 316
74 112 379
71 149 367
29 113 333
78 116 322
112 76 305
111 75 322
124 135 334
96 134 324
47 150 328
63 167 357
29 83 374
26 109 330
107 87 362
63 150 297
93 81 353
96 138 332
41 108 332
92 122 292
60 143 288
27 89 282
33 150 317
120 83 318
91 78 311
40 116 345
71 157 351
105 84 348
35 150 344
98 131 312
56 156 316
35 145 313
76 141 318
60 143 299
68 103 318
62 70 302
72 133 330
60 124 287
61 91 287
43 155 369
35 101 363
65 127 317
76 118 311
120 148 360
63 144 358
71 113 280
119 80 325
122 160 293
41 141 332
108 74 312
120 159 361
115 150 314
82 68 368
83 106 346
37 127 291
72 151 364
36 122 361
67 133 303
25 70 313
42 127 311
115 153 341
31 152 358
95 113 280
31 88 287
475 257 20
435 344 37
450 266 39
497 329 -39
527 332 24
504 296 -45
447 277 3
504 311 50
492 353 29
463 312 13
489 343 22
485 328 28
432 254 48
481 324 23
516 324 -3
497 350 2
433 273 36
528 330 38
483 336 -21
484 314 25
510 304 -19
462 264 -10
434 263 31
517 279 55
516 326 42
430 275 -30
460 318 26
451 345 -41
522 322 -44
456 323 28
493 290 28
491 294 -1
430 281 15
487 275 10
446 327 27
457 300 27
464 296 35
454 298 26
464 353 42
486 259 -22
446 264 53
477 293 -12
471 349 -24
436 345 -3
467 268 -27
433 293 -44
504 328 30
503 307 29
433 279 5
429 328 -14
512 326 -10
518 328 -36
462 312 21
453 296 -23
473 258 -34
515 289 -34
517 255 37
463 272 -18
429 349 5
438 337 -26
439 305 10
493 341 55
489 331 48
447 297 -41
465 286 12
505 261 -16
461 350 46
508 353 4
448 280 41
434 314 -12
449 280 17
475 317 22
499 296 -27
493 294 -6
494 292 -41
490 268 24
507 318 24
469 347 -22
436 317 39
520 265 -32
465 276 53
462 315 25
508 343 -39
505 336 -45
442 344 -12
461 258 -23
524 273 -43
492 342 27
479 347 -2
520 261 -31
472 313 54
475 263 -38
437 345 55
515 308 5
521 295 -19
511 327 55
523 326 17
489 268 19
472 311 15
429 304 -26
478 291 14
488 311 -10
496 292 5
494 311 -19
452 281 -29
517 275 -35
485 348 -9
521 309 -19
486 284 -18
456 327 22
518 344 -35
431 281 -37
445 262 -22
492 255 -7
528 261 -28
430 259 24
499 323 9
473 339 53
495 269 15
494 342 43
514 327 -14
469 299 -33
512 272 32
428 284 2
493 283 -45
491 288 -26
480 336 13
490 270 6
528 264 20
518 318 35
475 267 -26
447 304 35
528 284 55
483 307 20
432 259 -38
476 267 46
502 342 -11
449 306 -16
524 295 28
439 341 54
528 300 -1
518 336 21
442 329 54
516 292 -17
521 333 -45
520 322 -43
468 281 -1
514 347 47
465 340 -39
460 264 -38
471 294 29
447 340 -23
455 341 45
485 270 -4
452 279 37
503 351 6
467 310 30
480 284 40
466 283 23
473 318 -38
16 231 417
47 267 392
39 268 406
3 190 403
53 214 364
13 226 415
-32 178 432
62 265 407
35 230 362
44 189 454
24 230 370
12 273 418
-14 248 363
-18 178 450
26 265 447
61 174 440
27 234 389
52 273 414
13 187 447
22 263 436
-15 248 449
-21 254 435
46 210 379
40 270 380
-28 269 424
-18 187 413
-11 225 396
48 188 433
-6 258 462
-3 211 444
28 234 385
35 180 451
54 269 412
59 255 408
52 257 409
-21 204 403
-31 259 408
23 269 383
-14 229 421
-24 241 435
-22 269 403
-18 193 395
68 238 387
15 245 390
-17 178 428
-18 221 378
41 262 387
-30 261 430
-24 180 412
-3 173 446
48 188 393
-27 191 443
65 178 391
10 241 427
51 194 372
12 200 403
40 246 439
55 212 391
-24 218 409
62 248 437
26 224 396
-29 240 378
8 197 371
13 239 460
-20 241 428
5 189 393
58 191 454
27 226 375
-25 210 382
-12 232 363
11 180 380
-32 209 413
29 192 364
63 259 366
-24 192 452
-1 204 418
-8 242 427
-32 218 418
-6 219 431
34 223 381
53 214 428
9 196 379
-5 181 435
24 201 457
42 240 426
34 194 383
3 203 369
-13 211 436
23 204 368
19 202 392
36 209 448
64 228 407
-31 231 445
42 243 455
60 202 447
20 249 411
14 200 382
61 251 371
51 251 401
49 244 398
40 235 412
49 208 420
10 191 462
20 229 443
57 188 432
32 251 399
67 240 391
68 221 371
-23 267 427
-10 205 434
-6 209 417
-28 266 395
-12 269 442
-27 208 424
63 194 421
67 238 444
-30 238 425
-15 214 452
56 241 402
53 262 383
27 238 443
55 215 395
24 247 363
43 175 431
57 209 367
6 251 437
3 203 390
10 258 371
18 181 393
-13 197 415
15 176 405
43 219 374
12 213 377
-8 270 437
33 271 419
-10 267 363
-7 207 369
-18 270 364
-6 240 416
-14 239 393
22 263 407
-9 225 430
39 237 375
50 210 434
43 226 416
24 262 420
21 258 462
-31 203 398
21 236 378
-27 225 437
18 266 398
31 218 462
-17 258 458
45 188 431
-27 250 370
62 239 421
21 179 392
-22 207 432
13 186 446
14 197 433
405 197 441
338 185 479
341 196 497
348 211 527
402 179 504
395 199 460
376 163 507
354 184 469
414 200 475
356 209 478
403 204 501
345 136 429
349 203 450
343 130 520
411 146 468
373 164 507
397 121 503
395 158 497
415 214 469
375 120 501
337 121 474
344 144 476
415 158 451
357 202 503
419 207 460
397 215 525
425 125 430
389 130 499
412 203 522
398 134 477
374 142 457
355 157 514
429 150 459
380 126 493
330 121 508
341 188 474
382 136 429
385 215 519
411 141 437
350 145 475
378 153 503
366 180 528
374 206 441
426 134 507
390 158 458
334 161 497
387 133 484
340 210 502
410 137 449
416 133 448
348 204 455
419 179 454
356 143 477
386 218 493
340 206 510
403 219 453
341 164 444
338 202 445
336 188 523
392 127 475
428 127 477
390 133 465
330 200 453
374 213 448
370 152 437
343 170 446
351 143 487
381 217 448
358 216 467
369 165 450
398 212 429
424 147 487
418 130 462
395 139 506
389 178 493
347 195 488
368 192 524
428 213 505
413 124 502
355 142 527
383 177 488
416 137 506
332 150 493
367 209 512
346 175 431
340 168 463
410 188 468
358 213 460
390 154 456
382 212 468
353 133 513
333 186 441
385 140 439
333 213 497
419 196 495
404 146 479
417 198 491
352 184 483
408 209 487
401 183 505
338 160 469
400 201 480
330 214 500
392 146 493
404 146 471
347 134 481
375 199 473
349 183 502
397 204 501
361 175 453
355 175 503
371 127 476
339 212 474
368 178 433
341 180 516
425 152 490
362 191 517
398 212 519
389 218 510
420 162 464
355 163 501
401 134 492
354 156 462
358 157 504
349 159 482
379 193 523
377 124 527
337 130 446
345 162 464
342 136 510
379 153 441
378 182 527
403 140 524
430 156 450
387 155 496
380 145 429
404 127 470
411 129 487
362 186 470
423 214 459
344 133 472
403 166 480
427 134 448
404 140 447
361 158 525
408 212 515
411 176 452
402 122 529
419 205 495
412 145 434
385 199 449
397 204 489
387 134 465
407 125 510
420 210 513
386 173 472
383 170 506
357 121 504
350 163 505
383 129 432
236 262 409
195 257 400
247 297 468
236 297 456
260 262 422
189 265 456
220 345 378
277 333 451
208 305 460
216 254 457
185 263 421
209 305 460
248 262 392
217 342 460
225 278 379
202 292 382
272 341 441
249 276 415
228 277 450
278 352 405
230 331 462
248 336 406
259 261 409
181 345 371
279 275 410
208 287 469
206 270 379
204 301 449
263 338 370
273 266 380
226 354 373
247 272 410
212 299 435
268 260 457
246 301 454
187 312 459
190 293 424
256 319 408
207 294 439
184 291 430
260 348 377
229 305 398
269 306 439
224 312 455
196 326 414
240 318 454
266 309 396
281 275 407
265 256 461
254 350 403
214 330 429
266 332 397
249 272 450
204 353 453
197 311 460
207 313 397
269 263 426
220 298 446
191 337 410
220 257 455
201 256 425
216 350 459
264 279 377
244 284 403
230 332 431
210 287 395
212 345 379
246 279 371
278 314 399
260 299 448
238 296 467
273 260 383
233 347 458
272 302 379
224 256 396
184 263 444
259 265 420
262 279 468
191 287 435
217 325 406
242 346 370
194 330 373
190 339 440
234 330 441
206 271 456
184 289 397
241 318 461
231 312 371
252 344 428
235 328 407
250 278 414
187 343 392
221 320 397
236 337 413
253 332 443
205 327 372
274 275 427
258 341 457
256 310 374
240 271 409
270 327 410
250 263 389
193 308 435
212 344 425
276 340 400
260 340 437
249 336 381
194 278 426
227 347 437
262 264 411
220 277 465
182 266 370
256 325 410
254 340 389
185 274 454
213 300 403
193 326 396
279 349 373
206 313 420
265 258 382
274 347 446
229 319 469
271 310 394
268 258 423
270 262 426
190 261 374
226 272 404
266 315 394
181 280 428
235 354 420
256 315 420
280 325 453
217 338 439
205 310 464
255 354 424
276 303 405
239 347 458
280 259 370
270 254 424
242 289 466
238 325 415
253 281 373
197 347 466
191 319 448
251 283 414
256 305 432
199 343 411
201 256 447
246 261 391
272 348 390
225 290 436
266 351 437
190 330 442
219 280 379
278 254 399
193 285 437
228 320 407
255 273 456
207 273 414
207 308 460
235 397 312
318 386 291
269 370 358
247 393 270
316 385 330
293 367 337
283 353 317
315 363 268
236 340 342
236 417 331
222 384 298
279 388 276
262 367 336
247 335 351
255 381 268
320 389 283
313 371 350
301 390 276
245 379 334
312 338 322
299 375 312
253 424 292
250 376 349
282 377 356
277 403 332
299 363 280
272 355 319
295 364 342
234 331 331
265 354 307
240 388 349
272 425 330
234 420 282
236 380 322
230 383 306
313 391 361
248 425 282
302 339 287
270 348 305
289 341 305
248 370 340
241 338 277
262 356 329
319 407 330
252 386 303
254 396 357
289 419 298
313 364 277
285 388 306
305 422 282
316 413 359
253 422 337
267 364 278
306 392 323
296 404 353
289 336 344
241 368 298
319 329 319
315 400 309
240 414 351
241 397 326
299 370 325
297 369 281
307 395 277
296 420 336
303 361 363
295 344 359
308 422 322
235 333 274
273 350 362
260 410 355
273 395 284
311 348 352
284 385 355
265 348 323
285 370 320
231 355 281
310 331 293
279 371 293
230 406 318
259 368 357
285 375 315
310 403 318
285 404 306
249 397 280
270 391 276
315 381 334
260 342 325
222 401 358
246 375 266
253 394 292
252 422 356
243 427 332
272 372 268
280 404 285
277 405 297
231 407 357
290 364 360
266 382 316
294 414 358
231 367 263
260 343 266
292 383 305
248 355 267
262 392 337
314 366 269
305 422 298
316 396 269
275 352 324
319 353 283
272 362 309
294 385 306
258 337 316
279 338 299
235 372 324
293 398 266
287 412 347
277 353 309
287 365 320
246 344 342
314 343 330
247 352 363
311 400 341
255 384 357
226 377 310
231 346 268
292 414 359
252 374 271
227 422 291
314 402 270
267 423 285
269 332 275
263 397 293
232 388 360
283 380 290
287 415 311
289 391 318
233 387 362
298 403 288
299 410 280
231 371 299
284 402 331
318 411 327
266 372 276
253 423 333
232 352 357
308 417 319
262 426 270
291 372 322
255 396 352
222 372 316
270 352 345
294 399 346
318 374 324
316 392 267
230 385 327
242 355 351
244 336 290
248 356 272
271 396 346
263 426 445
290 443 517
280 356 423
224 438 490
255 436 493
298 353 476
301 437 435
289 386 512
309 432 444
258 402 491
236 410 462
266 439 474
296 375 443
223 429 434
240 428 448
223 426 494
255 377 468
280 372 434
278 424 480
219 353 486
258 405 484
237 358 441
277 378 481
260 419 469
303 409 448
315 371 418
303 406 485
265 373 505
302 359 461
302 384 478
284 360 449
297 351 471
253 364 512
245 367 464
277 382 437
237 397 459
317 413 435
316 348 499
279 428 505
287 425 462
226 409 465
247 379 489
222 359 439
299 357 440
281 397 491
297 366 438
256 365 445
258 349 515
301 388 445
226 382 475
267 356 455
241 394 458
309 424 471
296 409 438
225 425 518
262 380 515
310 376 482
261 417 430
222 429 512
307 405 450
276 394 507
263 441 516
309 407 484
293 430 447
240 395 428
309 388 432
261 419 485
243 401 452
249 397 485
234 353 435
288 404 502
271 387 483
236 376 513
219 387 460
245 391 426
297 378 457
317 374 439
279 412 506
237 364 476
300 419 443
262 394 479
245 444 470
239 359 473
266 385 501
299 406 488
264 393 510
311 440 475
273 362 472
254 444 435
243 419 477
245 370 472
293 358 485
283 353 509
230 354 467
284 395 436
265 420 494
247 382 452
233 411 495
236 438 456
248 444 427
305 383 453
308 428 460
286 376 506
227 367 453
241 398 480
266 445 472
241 440 488
225 397 423
287 438 462
248 387 515
260 441 502
309 374 465
281 443 500
227 421 516
229 373 491
308 392 434
273 382 477
230 396 455
305 355 439
234 419 470
277 414 504
269 357 422
231 389 491
297 414 465
279 404 473
279 416 475
229 405 433
299 442 498
266 417 424
317 375 495
257 403 429
261 373 434
293 391 476
256 352 427
312 384 479
306 398 448
286 447 461
313 398 485
275 389 452
298 410 482
287 366 462
312 376 438
246 443 468
232 415 473
313 417 477
279 439 459
237 367 442
228 431 508
250 390 418
233 427 515
277 424 422
259 382 444
237 387 445
304 404 480
287 429 444
316 425 489
233 447 486
302 400 429
315 446 433
245 438 425
