-624 -549 723 0
-649 -184 -393 1
-519 -545 580 2
-241 -523 488 2
-193 -442 617 2
-733 -81 -473 0
-712 -400 -408 0
-731 -196 -794 0
-278 -537 572 1
-338 -314 698 0
130 -3 -382 2
328 -47 -446 2
130 -59 -258 0
-493 -306 864 2
144 -4 -318 2
-401 -603 783 2
-500 -419 683 0
-469 -458 -679 2
180 115 -586 2
-355 -284 -791 2
-699 -147 -393 2
-640 -572 648 0
-307 -141 -733 1
502 -69 -586 2
422 257 -531 0
-447 -213 -333 2
-320 -418 724 0
182 -28 -301 2
424 -140 -556 0
-465 -732 871 0
180 10 -385 2
-501 -360 603 2
-732 -52 -430 2
412 191 -224 2
-266 -312 609 2
-476 -390 671 0
562 -158 -531 2
-296 -487 467 0
398 252 -306 2
144 241 -569 2
204 162 -388 0
440 269 -168 0
485 34 -383 0
-311 -392 -531 2
418 281 -393 0
-436 -392 -779 0
-216 -538 635 0
-239 -708 763 2
-278 -379 -624 0
-434 -358 535 1
-506 -448 513 2
-445 -360 613 2
-582 -119 -516 2
203 226 -216 0
-439 -599 527 0
-641 -222 -751 2
-588 -260 -553 0
-284 -438 790 0
550 146 -504 2
-326 -157 -428 2
-649 -442 -553 0
-505 -351 898 0
184 -62 -271 2
-422 -482 682 2
520 241 -279 0
264 25 -565 0
-624 -410 -735 2
-296 -380 -781 2
-563 -452 712 0
526 -65 -476 0
-552 -321 -469 2
424 -33 -469 2
-336 -430 -773 2
-326 -432 735 0
-383 -339 -442 0
-721 -392 -790 2
590 455 405 2
310 41 -456 1
-581 -361 765 0
-338 -109 -765 2
393 216 -519 0
524 -28 -472 0
-648 -691 659 0
405 105 -204 2
501 -17 -238 2
366 -38 -366 1
-413 -625 479 0
-284 -633 833 2
-444 -728 824 0
-707 -482 -512 0
447 -119 -240 2
-332 -490 454 0
-269 -290 696 0
456 87 -483 0
412 -11 -539 0
-437 -368 637 2
-338 -420 882 0
-143 -404 -527 2
-496 -76 -690 0
-614 -346 445 2
196 160 -602 0
-437 -381 830 0
-336 -714 547 2
-546 -375 485 2
-232 -633 788 0
-558 -477 610 0
-461 -305 -571 0
606 692 406 2
-363 -456 776 2
-630 -288 -595 0
229 150 -334 0
-452 -498 -338 2
292 197 -404 0
-462 -314 652 1
488 -136 -250 0
-604 -94 -614 2
280 -29 -607 0
-485 -248 -758 2
-318 -180 -478 0
-534 -735 706 2
-474 -303 -604 2
-302 -250 -386 0
-280 317 498 2
-730 -246 -798 2
169 260 -389 1
-209 -549 616 0
-635 -654 862 0
-418 -339 -636 2
-340 -363 783 2
123 259 -248 2
526 -101 -232 2
-399 -156 -649 2
251 27 -492 0
213 -22 -500 2
323 -41 -326 0
-529 -394 -597 2
-690 -112 -412 0
-194 -659 445 0
-548 -339 581 2
-576 -655 804 2
-492 -173 -789 0
313 61 -485 0
-680 -54 -346 2
-587 -316 733 2
-347 -129 -638 2
-290 -109 -502 0
-316 -659 858 0
-398 -169 -488 2
-652 -557 770 2
315 17 -500 0
558 173 -455 0
393 -106 -438 2
-240 -672 896 0
122 300 -293 0
156 -56 -389 0
-324 -483 -522 2
-301 -475 -458 0
-409 -529 774 0
-377 -464 -722 2
366 186 -410 2
-447 -178 -596 0
537 -61 -230 2
-548 -302 654 0
-701 -393 -607 2
-507 -399 -426 0
-233 -296 684 2
538 -9 -330 0
-416 -561 842 2
268 290 -220 0
-472 -434 618 2
-241 -529 516 0
562 9 -295 2
-617 -215 -741 0
-572 -279 -525 1
-201 -503 868 0
-376 -276 -427 2
-521 -502 726 2
526 61 -356 2
-400 -359 643 0
284 71 -579 2
-242 -653 805 0
-578 -253 -767 1
-384 -411 713 1
-471 -351 -791 2
-475 -457 616 0
199 190 -338 2
-377 -379 674 0
130 -62 -547 2
-545 -477 743 2
212 114 -496 0
-305 -460 -558 0
-565 -583 496 2
-564 -254 -431 2
-306 -230 -764 2
421 48 -497 0
373 208 -582 2
-320 -452 699 2
-626 -467 684 2
-601 -585 473 2
135 -57 -282 0
237 98 -172 0
-578 -376 569 0
-450 -131 -543 1
-569 -483 729 2
-527 -344 -474 0
290 -698 -98 0
-470 -224 -423 2
-493 -196 -750 2
-721 -274 -384 2
-300 -63 -602 2
-601 -312 -603 0
-607 -472 -495 2
-652 -381 868 2
-331 -678 605 2
-574 -356 -531 0
-284 -280 448 2
-517 -489 582 2
597 -472 -551 2
264 175 -619 2
312 197 -310 2
-450 -380 818 0
479 132 -407 0
-481 -702 760 2
-717 -390 -445 2
-300 -485 612 0
-515 -401 -638 0
-554 -313 596 0
265 21 -338 2
-694 -116 -730 1
-513 335 557 0
371 -113 -193 0
162 144 -488 2
246 177 -272 2
477 -108 -181 2
362 -55 -456 0
-413 -330 798 2
478 283 -273 0
235 -9 -245 0
-598 -208 -754 0
274 -17 -166 2
268 -106 -239 2
289 178 -404 2
-653 -232 -395 0
365 201 -468 2
-527 -312 -394 0
453 169 -241 0
485 53 -290 2
246 288 -247 2
-591 -334 -796 2
-550 -385 -440 0
286 -3 -603 0
-461 -491 -794 2
-283 -131 -677 2
-306 -466 -541 0
-457 -511 560 0
404 -155 -477 2
-392 -319 -574 0
-424 -505 722 0
-324 -472 -643 0
-352 -669 578 2
-294 -546 796 0
-229 -328 -634 0
481 188 -233 0
193 291 -368 2
-352 -92 -520 0
-508 -356 -629 0
288 -16 -218 0
-596 -217 -693 2
-453 -281 -671 2
-449 -302 879 1
-270 -601 548 2
-617 -676 471 2
-551 -285 -358 0
165 -117 -182 1
-506 -230 -334 2
151 -41 -558 2
-456 -116 -735 2
-215 -650 536 0
-742 -337 -616 0
-485 -400 -791 2
253 93 -356 0
-430 -649 736 2
-543 -464 -462 0
-534 -137 -560 2
410 57 -461 0
300 113 -382 2
-390 -370 -730 0
-445 -655 687 2
-513 -405 787 2
-632 -703 792 2
-477 -47 -371 0
418 -64 -416 2
-590 -338 -509 0
489 208 -579 2
-363 -184 -623 0
-305 -328 -507 2
-578 -264 -678 0
-500 -388 -461 2
-498 -460 909 2
-504 -410 604 2
342 146 -611 0
-620 -736 757 1
-494 -509 478 2
-68 654 384 2
-138 -22 177 0
-517 -140 -375 2
-541 -80 -728 0
310 -128 -433 2
322 182 -405 0
149 297 -201 0
-339 -464 -350 0
-469 -425 766 0
-622 -583 821 0
465 -132 -493 0
517 -106 -419 0
30 418 561 2
231 -28 -542 2
112 106 -574 2
166 294 -296 0
227 282 -413 2
-585 -575 775 0
-351 -685 540 2
-621 -316 805 1
-531 -474 557 2
314 192 -585 2
-560 -369 780 0
-547 -689 724 2
-571 -266 -715 2
-542 -306 -490 2
-420 -308 646 2
-344 -403 -527 0
-210 -446 860 2
379 236 -403 0
-279 -475 -625 2
-483 -383 -583 0
-357 -275 -480 2
-581 -505 -642 0
-207 -735 718 2
382 -71 -442 2
233 198 -384 2
338 265 -271 0
534 -119 -271 2
183 271 -605 0
529 220 -595 0
-448 -397 630 1
-279 -245 -476 0
506 194 -217 2
-308 -597 492 2
-348 -165 -542 1
-322 -529 869 2
-354 -398 574 0
369 -54 -473 2
308 71 -536 2
128 -84 -524 0
-553 -698 567 0
-731 -60 -366 2
-620 -274 842 2
-388 -374 -703 0
427 29 -422 0
311 202 -455 2
545 296 -628 0
209 -137 -198 2
445 81 -555 0
431 163 -278 2
-337 -354 724 0
261 -75 -197 2
-321 -419 -582 2
-436 -463 641 2
-370 -409 746 2
-335 -650 813 0
-550 -475 551 0
129 91 -258 2
-386 -113 -499 0
-282 -334 875 2
-617 -555 734 2
-289 -265 -405 2
-579 -195 -410 0
-311 -591 636 2
-619 -565 466 2
394 615 -94 2
-530 -231 -380 2
-670 323 -60 0
365 198 -391 2
418 168 -624 2
-303 -75 -709 2
-403 -425 624 0
-446 -620 773 0
-315 -175 -778 2
117 -56 -503 2
-640 -495 477 0
-169 -489 -167 2
-266 -607 740 2
135 -145 -469 0
361 107 -336 0
53 454 223 0
465 151 -565 2
-579 -97 -451 2
-455 -295 665 0
283 -111 -382 2
-736 -124 -407 2
228 498 639 2
-420 -377 898 0
-593 -81 -447 0
-538 -414 472 2
-725 -139 -654 2
210 -118 -444 1
-453 -367 808 0
-388 -96 -662 2
-207 -731 758 2
-555 -738 733 1
-525 -481 751 0
-669 -310 -746 2
505 -83 -283 0
-682 -394 -412 0
220 92 -491 0
-286 -424 -585 2
165 -159 -166 0
-371 -426 660 2
-307 -739 813 2
-473 -426 658 2
-282 -370 620 2
315 61 -299 2
401 4 -455 2
-677 -404 -680 2
490 14 -580 0
-573 -493 -355 1
-631 -646 500 0
284 -128 -512 2
-422 -373 -543 0
-662 -324 -766 2
-710 -149 -652 2
-359 -562 552 2
-367 -66 -495 0
-364 -467 -773 0
-682 -457 -503 2
513 17 -437 2
319 45 -580 1
-405 -53 -419 0
190 -82 -253 0
-366 255 681 2
213 186 -276 2
385 56 -343 0
-532 -293 -515 0
-609 -504 594 2
237 -109 -359 1
-222 -610 777 2
178 48 -324 2
-335 -255 -527 2
-668 -439 -409 0
-476 -489 -629 2
-567 -500 675 0
360 -122 -396 2
-578 -336 605 0
-554 -364 761 0
-224 -317 825 0
-458 -208 62 0
461 134 -318 2
-322 -527 792 0
380 45 -594 0
117 -27 -374 2
375 193 -503 0
-434 -447 -521 2
-502 -126 -664 2
303 159 -475 2
-286 -505 741 0
-192 -596 460 1
-330 -670 757 0
-294 -153 -796 2
328 -115 -195 2
-408 -415 -387 0
-223 -373 632 0
258 229 -211 2
-348 -448 -796 2
515 216 -181 0
-213 -660 452 0
-717 -58 -499 2
-358 -112 -494 0
184 -105 -546 0
179 263 -491 2
-270 -535 779 2
-742 -98 -475 0
406 243 -491 0
-547 -247 -372 0
-467 -98 -793 2
140 -31 -391 0
-477 -343 -467 0
-453 -497 -646 0
119 -42 -342 2
-207 -648 533 0
-417 -414 869 0
373 -127 -513 0
-682 -304 -382 2
-592 -617 696 0
-207 -387 895 0
-270 -602 795 2
218 12 -553 2
323 -21 -597 2
380 103 -312 2
-461 -291 -734 1
288 262 -467 0
-251 -621 497 0
536 -105 -503 1
-395 -462 -651 2
459 -134 -520 2
123 191 -170 2
-283 -177 -578 0
-399 -717 773 0
-476 -305 -543 2
-393 -364 -352 0
-508 -459 -679 2
355 67 -450 0
-485 -389 857 2
527 -59 -402 0
170 -526 -16 0
-479 -332 777 2
-575 -452 -377 2
-260 -466 790 0
-221 -364 854 2
509 254 -388 0
405 215 -532 2
459 153 -323 2
-526 -465 533 1
-711 -144 -474 0
-350 -405 -364 2
-224 -573 536 2
-438 -410 -533 0
-358 -437 573 2
-275 -582 585 2
-379 -298 632 0
187 277 -492 0
122 217 -529 1
-663 -49 -686 2
-599 -618 785 2
-197 -424 641 2
325 25 -359 0
-431 -384 500 2
386 259 -476 2
502 65 -194 2
385 307 -563 0
391 92 -610 2
-486 -469 605 0
-516 -472 482 0
407 38 -528 0
-595 -374 -355 2
-354 -355 754 0
-402 -368 -617 2
-478 -560 546 0
-337 -380 -710 2
-582 -692 593 0
-536 -326 587 1
-576 -600 528 2
-463 -592 541 2
-480 -551 477 1
-597 -291 -658 2
-336 -391 465 0
-380 -132 -527 2
-34 312 496 0
262 150 -425 2
48 -472 -398 0
-388 -328 -369 2
242 71 -254 1
-520 -342 -662 0
-353 -434 780 0
502 52 -295 2
-385 -386 845 0
285 234 -385 2
-401 -670 767 2
-357 -246 -449 2
176 132 -344 0
353 -47 -614 0
322 -106 -599 0
-365 -565 541 2
-484 -391 844 0
-643 -332 -763 0
-546 -489 862 0
-592 -259 -663 2
392 215 -364 0
-665 -308 -598 0
-517 -605 884 1
-467 -440 -484 2
-541 -343 788 0
151 24 -590 2
408 -51 -279 0
-386 -190 -669 2
-51 276 -338 0
-642 -547 642 1
667 144 -410 2
-438 -334 606 2
289 50 -357 0
-321 -536 701 0
159 564 120 2
-374 -205 -416 2
137 100 -305 0
385 249 -483 0
326 109 -422 2
575 -22 -288 2
-304 -187 -569 2
-579 -231 -711 0
344 70 -441 0
-470 -164 -362 2
248 -129 -554 0
-366 -371 850 0
-257 -293 500 2
257 52 -553 2
-325 -396 -685 0
488 117 -180 0
-492 -217 -631 0
-343 -611 570 2
-222 -632 577 0
-285 -284 614 0
-434 -604 552 2
-246 -564 595 2
-510 -469 798 2
-201 -287 556 0
-449 -550 899 0
-464 -127 -713 2
-539 -387 708 0
-532 -488 815 2
-253 -319 843 1
-322 -387 846 2
-456 -405 -495 0
-584 -440 -786 2
-571 -356 -729 0
-321 -401 -589 2
-611 -306 -509 0
191 304 -324 0
570 -55 -247 0
-638 -318 778 2
-728 -62 -453 2
-190 -415 193 0
393 240 -248 0
-520 -115 -706 2
-549 -308 -557 1
-283 -408 -698 2
551 252 -271 0
-284 -265 -625 2
316 214 -416 0
-197 -659 879 2
-476 -702 468 0
-200 -468 134 2
458 -154 -444 0
344 209 -518 2
-384 -470 -721 1
166 145 -539 2
-340 -644 452 0
-411 -105 -617 0
-487 -498 656 1
-344 -425 513 2
-367 -504 -513 1
-629 -468 828 0
-432 -317 -626 0
-415 275 -607 2
379 55 -569 2
411 175 -473 0
292 -93 -276 0
-507 -491 -649 2
-674 -136 -729 2
-335 -302 -794 2
-216 -721 611 2
-517 -278 -504 2
-699 -508 82 1
-448 -436 824 2
229 299 -431 0
-526 -70 -405 2
-480 -470 767 0
-673 -176 -765 0
-459 -274 -707 0
481 -155 -526 2
189 281 -492 2
-537 -425 674 2
-449 -422 -666 0
-191 -470 544 2
-349 -375 -658 0
-480 -359 -728 0
500 -102 -496 2
299 307 -549 2
572 177 -414 2
-431 -336 -511 2
-550 -501 -595 2
146 163 -198 2
549 136 -380 0
489 -34 -449 0
419 59 -558 2
-525 -443 739 2
238 115 -299 2
-529 -82 -620 2
-472 -259 -389 0
372 200 -396 2
370 12 282 1
-418 -336 -443 0
158 252 -249 2
-348 -430 -615 2
-526 -528 860 1
516 144 -560 0
-742 -164 -646 0
-437 -390 -429 0
-547 -258 -521 0
-464 -484 470 1
-617 -391 751 0
153 157 -409 2
315 215 -584 2
-527 -84 -489 0
-321 -630 585 0
-503 -452 697 2
-388 -547 866 2
-717 -198 -575 0
-394 -351 579 0
-268 -352 583 2
426 -4 -441 2
-305 -121 -708 2
-645 -307 -421 0
308 -131 -175 2
-507 -542 882 2
-534 -179 -558 0
-618 -682 826 0
317 -142 -538 2
148 186 -303 0
149 -11 -526 0
-636 -118 -368 0
-589 -283 500 2
251 -26 -589 2
-208 -592 635 2
-648 -302 -575 0
-332 -546 827 2
548 265 -547 0
-579 -428 -546 0
-582 -423 -489 2
-335 -677 455 0
-408 -394 852 0
-528 -463 -563 0
-264 -315 642 0
-641 -548 685 0
-721 -329 -427 0
228 53 -332 0
-431 -470 -564 0
-583 -256 -692 2
-525 -333 -401 0
-545 -317 -396 2
135 -14 -407 2
-486 -274 -662 2
213 279 -506 0
-310 -739 544 0
-677 -284 -713 2
520 -13 -428 2
-244 -313 766 1
-445 -637 503 2
-538 -623 638 0
-377 -73 -624 2
-534 -156 -630 0
-731 -69 -761 0
-625 -640 706 0
-742 -163 -564 2
310 -74 -194 0
-339 -203 -455 2
-416 -299 -395 0
430 -53 -407 2
-281 -253 -391 2
-656 -630 448 0
153 -80 -168 0
-322 -279 693 2
-562 -139 -342 1
252 171 -315 0
554 37 -271 2
456 129 -275 2
-555 -381 -681 0
494 -118 -590 2
-361 -251 -645 0
-408 -484 607 2
423 -535 277 2
515 -46 -373 2
-262 -720 783 1
159 267 -580 2
-450 -506 446 0
-578 -619 790 1
241 -54 -338 0
-448 -147 -481 2
-414 -671 584 0
-325 -286 -483 0
222 70 -190 0
-343 -567 630 2
266 -22 -474 2
221 76 -563 0
-660 -271 -445 2
-553 -289 474 2
-638 -384 -501 0
-554 -46 -428 1
-405 -610 584 0
126 105 -209 2
-470 -634 478 0
-318 -625 759 0
393 -19 -184 0
-341 -606 818 2
211 54 -231 0
186 294 -413 2
-450 -695 587 0
161 287 -255 2
-499 -126 -783 0
534 233 -616 0
-240 -695 725 2
-644 -495 -795 2
-369 -443 -773 0
-621 -590 706 0
128 138 -431 2
-292 -94 -693 2
442 -61 -405 0
377 -1 -407 2
-294 -281 729 0
-586 -333 -757 2
-519 -695 718 2
-419 -113 -574 1
193 -159 -328 0
-432 -438 -686 0
-603 -486 649 2
-532 -120 -398 2
-301 -448 -548 0
-326 -685 520 2
-709 -208 -506 2
-586 -442 627 2
493 -127 -279 0
-448 -299 535 2
-410 -302 774 0
-569 -404 540 2
-437 -249 -393 2
-438 -316 905 2
-579 -57 -448 1
-566 -318 466 0
510 276 -596 0
-347 -414 678 2
308 146 -193 2
289 -10 -450 0
297 307 -622 0
-388 -80 -750 2
-521 -472 -552 0
430 116 -604 0
-369 -284 -378 0
302 184 -551 2
171 188 -510 2
-281 -492 707 2
-582 -710 584 0
-475 -399 816 2
318 -128 -247 0
306 89 -599 0
-742 -441 -397 0
176 223 -607 2
-226 -635 653 0
-634 -64 -581 2
-425 -737 691 2
225 228 -177 2
-264 -322 749 0
-218 -722 536 1
-389 -129 -661 0
-527 -524 843 2
-382 -392 -582 0
535 37 -560 2
-382 -282 -386 0
286 226 -416 2
-449 -137 -772 2
-231 -464 787 0
-362 -348 750 0
516 25 -410 2
-345 -719 902 1
501 8 -549 0
480 237 -321 0
-622 -365 -405 2
504 -91 -561 0
-398 -386 -750 0
-575 -284 -760 0
446 -69 -627 2
-505 -398 -682 0
-525 -657 860 2
533 -55 -406 1
269 181 -412 2
-383 -410 -374 0
-707 -158 -543 0
-613 -644 488 2
-248 -553 608 2
-569 -47 -570 2
-640 -610 739 2
-587 -325 -483 0
361 292 -258 2
-364 -127 -707 2
169 58 -509 1
505 -31 -416 0
-363 -387 -531 2
-468 -136 -709 2
-234 -694 564 0
-637 -474 -422 0
-514 -476 -513 2
-618 -506 632 0
-520 -130 -769 0
-206 -558 523 0
-327 -165 -505 2
566 164 -439 0
-499 -59 -440 0
-283 -686 524 0
-400 -679 701 2
-391 -445 820 2
-217 -333 665 2
-438 -418 755 2
123 277 -304 2
234 81 -166 2
-699 -400 -615 0
-372 -338 -706 1
-535 -96 -507 2
29 -129 -541 0
-286 -162 -510 2
-709 -270 -620 0
462 101 -405 2
191 -62 -315 0
-655 -298 478 2
384 -54 -295 2
485 -94 -410 2
-323 -367 -438 0
-564 -312 847 0
-697 -427 -721 0
-369 -569 647 0
-302 -381 -527 0
-307 -558 876 0
279 -126 -373 0
-370 -119 -443 2
440 50 -544 0
-370 -212 -387 0
493 143 -473 0
-530 682 -287 2
-517 -681 833 2
306 -51 -612 0
260 -50 -356 2
-426 -235 -347 2
-639 -324 -557 0
-330 -734 837 0
367 192 -536 1
-272 -597 768 2
-723 -202 -480 0
-422 -131 -500 0
-290 -593 848 0
195 191 -498 2
-545 -394 877 0
-346 -636 458 0
490 -116 -535 0
242 94 -622 2
-471 -73 -792 1
182 253 -408 0
-190 -307 529 2
-492 -704 541 2
525 252 -202 0
-535 -299 -539 0
576 -151 -557 0
271 167 -567 2
-495 -118 -694 2
-331 -225 -514 0
-464 -426 875 0
-417 -591 627 2
575 -128 -185 0
-260 -473 812 0
137 197 -308 0
203 144 -549 2
-546 -257 -739 0
-311 -488 -400 2
-690 -325 -497 2
-305 -416 756 2
450 289 -509 0
-615 -473 490 0
-298 -102 -481 2
-610 -471 566 2
-528 -344 489 2
-394 -428 -570 2
-454 -353 636 0
529 161 -187 2
-239 -418 741 2
278 12 -474 0
-634 -593 888 0
265 171 -274 2
112 -21 -597 0
369 67 -598 2
-496 -143 -419 2
514 174 -617 2
-539 -375 640 2
-385 -340 -509 0
-197 -495 767 0
-616 -738 818 2
-493 -407 -734 2
346 -84 -347 2
261 29 -396 0
-233 -618 692 2
-358 -83 -643 0
-633 -437 873 0
-392 -380 -418 0
277 223 -313 2
315 127 -374 0
-285 -584 465 2
559 -112 -213 2
-428 -273 688 2
-344 -469 -604 2
-392 -337 -403 0
-522 -442 -361 2
-468 -108 -677 2
-365 -45 -521 2
197 -123 -450 2
524 262 -349 0
-543 -274 788 2
-724 -261 -764 0
-708 -267 -639 0
535 192 -361 0
-367 -398 555 2
-330 -333 -570 0
633 426 197 0
-298 -426 506 2
-313 -449 -739 2
-607 -398 -339 0
-585 -468 564 1
-490 -498 451 0
454 287 -360 2
-533 -377 -547 0
-446 -509 726 0
-348 -503 599 0
-463 -240 -516 2
341 161 -583 2
-650 -475 -549 0
278 169 -251 0
122 -159 -557 2
471 88 -392 0
277 -96 -357 1
-640 -334 -620 2
-251 -543 628 2
-541 -662 789 1
-412 -376 -409 2
478 113 -194 2
371 291 -166 2
-526 -255 -732 0
-321 -316 -727 0
379 -20 -225 0
-412 168 -646 2
-224 -292 839 0
-304 -158 -513 2
-558 -713 498 0
-277 -394 550 2
-554 -413 622 2
-249 -726 523 2
-409 -476 502 2
-472 -489 -598 2
-286 -92 -556 2
568 257 -339 0
-554 -122 -498 0
277 275 -403 2
247 103 -188 0
264 -42 -608 0
225 76 -498 2
-363 -376 -522 2
-571 -364 592 0
-437 -476 -382 2
375 -31 -527 1
-409 -116 -744 2
-276 -673 564 0
525 -30 -237 0
-514 -288 539 0
247 265 -539 2
-609 -241 -760 2
-339 -569 533 0
-246 -698 681 0
-434 -355 -617 2
468 5 -567 0
-392 -282 525 0
-303 -527 869 0
310 16 -173 2
328 75 -446 2
-591 -574 449 0
-324 -612 863 0
160 217 -170 2
-333 -400 749 1
-542 -483 575 0
301 185 -537 0
-423 -384 630 2
502 -340 -541 0
-439 -375 -694 0
438 184 -430 2
295 -63 -643 2
152 -109 -443 0
-605 -423 -547 0
268 227 -395 0
-699 -328 -473 0
544 -133 -343 2
-313 -467 659 0
348 -87 -264 2
-553 -208 -687 2
145 100 -572 1
486 127 -330 2
-459 -320 -593 0
-629 -346 665 2
303 244 -320 1
430 208 -185 0
-239 -280 767 2
378 205 -216 2
-543 -281 884 2
-219 -661 779 0
-643 -192 -743 0
227 300 -258 0
-514 -539 818 0
-416 -674 523 1
291 299 -282 0
-429 -276 476 2
187 105 -292 0
417 153 -165 2
-243 -275 567 2
-228 -485 778 2
-215 -565 555 0
-336 -428 -506 0
-576 -92 -679 0
190 -35 -298 2
513 -39 -366 0
-612 -329 715 2
-423 -237 -737 0
-607 -629 890 2
-390 -493 -449 0
-508 -485 723 0
-443 -466 -600 2
-605 -668 477 2
-394 -101 -645 2
-257 -447 489 2
-682 -427 -434 0
-489 -364 -373 2
539 136 -426 0
-339 -129 -459 0
-611 -450 815 0
260 108 -578 2
-565 -426 -363 2
-435 -311 626 2
-493 -417 -639 0
-481 -165 -478 2
309 -55 -345 0
-462 -550 799 2
565 -67 -553 0
433 96 -540 2
-538 -340 -567 0
-695 -186 -419 1
-576 -430 -440 2
-424 -49 -454 2
-447 -219 -457 2
-57 -178 -264 2
-577 -159 -450 0
-604 -366 501 2
-421 -627 749 0
288 48 -444 2
-205 -599 815 0
339 -75 -291 2
552 61 -507 0
-229 -479 518 2
-698 -448 -746 0
-342 -165 -751 2
-558 -297 751 0
125 -30 -180 2
-619 -349 -563 0
-365 -614 510 2
-606 -641 488 0
-512 -225 -690 0
428 -100 -219 0
132 -106 -319 2
-574 -292 -782 0
-509 -68 -491 0
-525 -509 880 0
-616 -95 -662 2
282 199 -349 2
-616 -563 844 0
-482 -282 845 1
380 142 -615 2
-619 -573 550 2
-624 -361 -544 0
-449 -726 702 2
-444 -94 -608 2
-387 -419 656 0
553 115 -533 2
-400 -482 -347 0
-638 -511 641 2
-655 -173 -634 2
533 32 -501 0
-240 -679 820 0
520 -137 -376 2
26 433 -647 0
-636 -119 -666 0
182 135 -218 0
50 638 -372 2
546 -92 -451 1
-333 -89 -597 0
306 74 -362 2
278 -51 -556 2
-476 -159 -447 0
545 119 -304 0
-728 -54 -561 2
-199 -689 818 2
-287 -267 -538 0
332 201 -544 0
407 5 -501 0
577 189 -550 2
533 -37 -243 2
-408 -205 -687 0
478 45 -407 2
-332 -357 808 2
-659 -332 -454 0
-629 -192 -699 0
419 30 -428 0
451 -62 -591 2
-525 -622 719 0
-492 -102 -755 2
-290 -111 -628 0
171 280 -550 2
-438 -638 890 0
-462 -672 705 0
376 85 -259 2
-206 -592 890 0
-499 -626 463 0
-429 -615 732 0
-461 -387 493 0
-216 -315 678 2
-366 -484 502 1
570 38 -273 0
-623 -710 504 0
-530 -82 -514 2
492 80 -365 0
-653 -188 -436 2
-462 -663 815 0
118 -21 -580 2
-404 -107 -435 0
-351 -492 897 1
-495 -571 874 0
342 136 -370 2
466 43 -292 0
-196 -279 750 0
286 269 -538 0
-388 -283 780 2
132 -22 -219 0
370 219 -370 0
-472 -344 894 0
-318 -53 -723 2
418 273 -460 2
-296 -445 815 2
-465 -413 556 0
-361 -90 -704 2
406 263 -477 0
-409 -408 -690 0
-552 -405 794 0
-673 -487 -630 2
-593 -53 -753 2
375 269 311 2
-628 -496 -750 1
-370 -309 -621 2
317 136 -229 0
-43 -280 213 0
-621 -728 547 0
-396 -265 -406 2
200 -96 -211 0
326 62 -488 2
-575 -526 678 2
-538 -502 662 2
131 -185 -638 2
-614 -500 -667 0
-598 -443 668 2
386 244 -288 2
-313 -57 -558 2
-627 -398 -473 0
221 121 -429 0
-541 -731 824 2
-632 -704 910 0
-556 -376 780 2
-347 -662 711 0
-726 -494 -484 2
-440 -356 652 0
198 278 -300 0
-716 -221 -721 0
132 162 -608 2
-603 -67 -546 0
142 253 -500 0
-456 -414 -341 2
-367 -491 765 2
-447 -419 -686 0
-643 -446 535 0
-388 -449 -792 2
-360 -87 -382 2
-541 -390 684 0
-300 -283 -578 0
-319 -411 -684 1
-338 -47 -481 2
-537 -403 737 2
-680 -146 -477 0
467 220 -379 0
457 218 -385 2
-491 -130 -340 0
-469 -196 -611 0
-217 -730 521 2
-319 -176 -350 2
-646 -310 861 0
-626 -491 -557 0
127 -109 -253 0
-668 -375 -339 0
-540 -468 728 0
162 159 -518 0
-395 -598 503 0
-474 -496 -765 2
-416 -636 505 0
-515 -50 -711 0
-359 -548 654 2
271 302 -554 2
-689 -387 -742 2
-521 -120 -407 2
-622 -446 789 0
341 -124 -326 2
-387 -646 798 0
-582 -425 473 0
314 -120 -390 0
277 -4 -628 2
-520 -293 -563 0
-578 -508 -712 0
460 39 -191 0
-372 -197 -354 2
509 222 -504 0
397 242 -474 0
464 111 -220 2
455 -109 -244 2
-289 -125 -337 0
-646 -377 608 0
255 -71 -449 2
508 140 -205 2
-740 -108 -598 2
-253 -395 658 0
217 207 -251 2
317 216 -399 2
-554 -644 693 0
-641 -139 -660 0
-361 -110 -568 2
-546 -318 537 2
344 228 -604 0
-530 -490 -557 0
-526 -315 -718 0
-238 -701 766 2
-433 -444 -689 0
477 25 -466 0
186 124 -577 0
-385 -226 -674 2
-640 -437 721 2
-711 -278 -780 0
-199 -630 601 2
-578 -427 799 2
-417 -315 793 0
-569 -328 486 0
-394 -189 -579 0
465 -45 -297 2
558 23 -339 0
-686 -357 -398 0
520 -90 -396 2
457 262 -255 2
261 -54 -581 0
-446 -220 -642 0
-387 -395 484 0
-332 -397 774 2
236 -29 -267 0
-242 -594 761 0
-608 -471 893 2
-391 -471 -616 2
-345 -192 -493 0
370 130 -375 2
-300 -397 744 0
471 -158 -505 2
-738 -320 -635 0
354 277 -389 0
-653 -217 -635 0
145 -55 -282 2
-324 -487 -506 0
-537 -440 -360 2
-394 -583 807 0
-689 -101 -784 2
-557 -149 -661 0
430 295 -528 2
-461 2 183 0
-306 327 -147 2
395 87 -192 0
-589 -184 -754 2
534 166 -345 0
179 509 -224 2
-342 -149 -633 0
-308 -721 484 0
130 -142 -175 0
215 62 -523 0
-546 -397 481 0
-539 -178 -692 0
-619 -304 -536 0
139 -91 -514 2
405 -156 -621 2
-690 -183 -694 0
283 -78 -243 0
-213 -518 803 2
190 -147 -565 0
114 -75 -169 0
254 159 -190 2
476 -25 -408 2
556 232 -564 2
-537 -458 790 0
-559 -99 -686 0
-291 -280 896 0
-374 -455 833 0
-317 -289 -467 0
-435 -209 -359 2
342 71 -517 2
458 196 620 0
-654 -286 -662 0
162 -145 -317 2
441 259 -531 2
358 142 -484 2
285 -129 -252 0
-421 -490 662 1
-512 -702 532 2
-516 -355 462 0
-707 -360 -585 0
180 11 -587 2
-460 -489 -483 2
-607 -382 -744 2
-454 -455 650 0
-325 307 -72 1
-514 -184 -690 2
-314 -105 -460 0
-631 -442 733 2
-273 -612 644 0
-661 -367 -679 2
482 225 -335 0
236 126 -357 0
519 71 -331 0
-698 -487 -417 2
439 102 -481 0
-495 -195 -692 0
-329 -204 -368 0
-358 -305 -596 2
-537 -449 803 0
-570 -48 -332 1
-489 -162 -542 0
159 -53 -221 2
-416 -154 -466 0
234 61 -267 2
-319 -584 800 2
-364 -478 569 2
-562 -475 -728 2
265 103 -351 0
-638 -610 502 2
-707 -390 -521 2
-296 -366 775 0
-325 -501 -584 0
-403 -221 -735 0
-431 -710 560 2
-704 -368 -356 0
-645 -355 534 1
-590 -406 899 0
503 193 -610 2
-422 -735 604 2
-275 -318 776 0
-519 -401 -380 0
-535 -323 666 2
488 71 -451 2
-400 -86 -757 0
155 214 -454 2
-468 -288 724 2
191 145 -377 0
574 -130 -229 0
-653 -74 -348 0
-419 -544 772 2
571 155 -206 0
293 -37 -579 1
-454 -554 501 1
-363 -423 894 2
519 -11 -276 2
-584 -498 852 0
-355 -290 827 2
136 114 -236 2
-432 -328 894 0
-202 -421 715 2
196 171 -175 0
162 7 -427 2
336 -99 -526 2
-317 -413 702 2
337 -5 -478 2
-707 -503 -735 2
365 99 -357 2
-259 -550 555 2
-439 -653 805 0
541 57 -364 2
-422 -376 507 2
-431 -314 -573 0
-367 -514 452 2
-625 -139 -706 2
-388 -424 -349 0
-684 -321 -668 2
-327 -104 -490 2
-495 -544 831 2
-357 -228 -591 0
-329 -263 -534 0
-384 -68 -482 2
183 -59 -166 2
-344 -197 -738 2
-387 -279 -494 0
-355 -54 -795 2
197 -7 -350 2
-350 -300 632 1
351 174 -349 0
-421 -690 654 0
276 134 -414 2
123 296 -515 0
-364 -445 -579 0
474 57 -206 0
-367 -273 -792 2
-205 -397 468 0
-443 -451 -482 2
-475 -655 863 0
-403 -391 599 2
383 -118 -540 0
-688 -246 -785 2
-476 -649 299 0
577 -15 -437 2
-460 -414 -707 2
-397 -354 -657 0
-313 -734 502 2
-350 -308 -393 2
-699 -423 -763 0
-352 -447 -611 0
-511 -496 -495 2
-412 -467 600 2
522 -80 -538 1
-480 -287 -558 2
-325 -352 -784 1
-431 -392 908 2
161 136 -568 0
-325 -116 -587 2
-579 -311 523 0
487 247 -251 2
367 203 -369 0
488 -22 -408 2
516 -11 -334 0
-566 -176 -487 2
262 180 -252 2
-707 -494 -378 0
179 -113 -462 0
-694 -314 -373 2
-682 -442 -604 0
234 508 269 1
459 -43 -421 0
496 75 -503 2
-346 -508 -652 0
-626 -400 -406 0
-541 -693 614 0
-480 -534 784 2
-585 -500 679 0
156 -74 -576 0
-389 -236 -733 2
401 -109 -624 2
482 -385 -89 0
522 -29 -199 2
281 89 -496 0
-482 -450 -782 2
-449 -732 694 0
-529 -616 539 2
-511 296 343 1
-347 -624 537 2
-611 -687 735 2
-535 -504 655 2
-676 -318 -790 0
165 -134 -392 2
-407 -407 -562 0
-496 -443 -356 0
480 45 95 0
437 261 -276 2
248 197 -208 0
-425 -376 -718 0
522 14 -204 0
-436 -353 761 2
-484 -319 539 0
528 302 -332 2
252 -133 -452 0
528 186 -185 2
-261 -629 751 0
-209 -671 777 0
47 562 46 2
-524 -475 641 2
162 30 -575 0
-480 -92 -637 2
-577 -345 -394 0
-463 -304 -565 2
-506 -312 -409 2
-331 -75 -596 0
-538 -464 869 0
-595 -335 868 2
230 34 -164 0
-405 -473 -344 0
-621 -240 -568 2
437 54 -568 2
-578 -323 -708 2
-479 272 84 0
-545 -90 -683 0
-528 -113 -743 2
557 218 -243 0
-715 -73 -653 0
-238 -623 630 0
-685 -204 -481 2
-424 -358 874 0
173 23 -585 2
-297 -413 711 0
-386 -323 -791 2
247 189 -545 0
-645 -318 465 0
-274 -690 870 2
-531 -455 -760 2
-453 -153 -367 0
-452 -449 577 1
-340 -701 849 2
-591 -387 -647 2
399 169 -417 2
-447 -379 617 0
274 178 -324 0
-350 -475 689 2
-601 -295 -456 2
-586 -375 735 0
508 35 -442 0
552 -22 -495 2
573 237 -409 2
207 -17 -539 0
-388 -494 -711 0
-566 -423 663 2
167 -141 -352 0
-544 -485 816 2
402 -77 -368 2
237 285 -181 0
300 97 -164 0
538 115 -522 0
-567 -486 -786 2
209 260 -509 2
-414 -594 -337 0
-662 -232 -521 0
-617 -374 499 2
-225 -506 883 2
-513 -277 879 0
-368 -307 666 0
-633 -605 664 0
491 48 -578 2
628 16 -468 0
562 258 -449 2
275 299 -357 0
-356 -276 -576 0
-622 -463 -341 0
256 72 -459 0
376 236 -466 0
-347 -620 780 2
-365 -589 701 2
111 56 -169 0
-552 -87 -409 0
-444 -245 -686 2
145 -99 -264 0
-629 -74 -686 1
573 205 -538 0
-638 -261 -425 2
543 160 -615 0
-654 -476 -743 0
-480 -419 590 0
471 -76 -562 2
618 -137 330 2
-223 -619 725 2
-355 -141 -561 0
-610 -379 -694 2
656 -408 -659 0
-637 -662 517 0
537 285 -590 2
-647 -619 789 2
-348 -494 -556 2
-278 -232 -416 0
-615 -571 682 2
-348 -557 756 2
-268 -518 674 1
-316 -664 590 2
-509 -508 561 2
-308 -592 498 2
146 271 -537 0
-652 -71 -735 0
-406 -486 844 0
132 155 -282 2
454 -3 -297 1
-649 -322 -500 2
-640 -46 -369 2
-495 -602 796 2
-594 -281 529 2
-331 -364 757 2
-213 -673 829 0
-717 -145 -486 2
167 286 -554 2
-540 -424 -692 2
-420 -420 -543 0
463 -3 -512 2
381 165 -501 2
-660 -257 -372 2
225 104 -243 2
-455 -564 467 2
-349 -275 642 0
-500 -275 559 0
-309 -542 881 0
-420 -601 821 2
-344 -381 798 0
191 265 -612 0
-549 -484 861 2
-576 -225 -564 2
-404 -309 -712 0
437 233 -275 2
295 64 -466 2
-505 -176 -510 0
-640 486 -604 0
-233 -378 651 0
-417 -204 -332 2
312 211 -279 2
-389 -258 -691 0
272 253 -275 0
312 113 -364 0
112 293 -466 2
547 51 -560 2
-466 -229 -660 0
257 -57 -275 0
-394 -447 -472 2
-222 -373 476 2
-241 -351 463 0
-705 -204 -627 2
547 239 -336 2
544 -319 -620 0
-387 -373 726 0
292 142 -315 0
-477 -114 -525 2
-580 -409 705 0
511 -89 -164 2
389 -108 -540 2
-506 -302 650 2
-510 -529 484 0
318 241 -494 2
-637 -311 -725 2
-361 -218 -498 2
-312 -402 609 0
-554 -465 -620 0
-401 -325 -512 0
-280 -333 616 2
423 -60 -186 0
-465 -256 -796 2
-381 -556 538 1
-15 604 296 2
144 54 -507 1
516 210 -466 0
488 216 -195 2
-428 129 -413 2
325 193 -400 0
-392 -453 647 0
-300 -581 604 2
-624 -234 -426 0
-604 -513 853 0
564 165 -275 0
315 101 -603 0
-359 -373 -716 2
280 -36 -458 0
-567 -295 648 0
-543 -530 610 0
243 209 -191 2
-191 -458 476 0
483 -64 -362 0
329 2 -256 0
-282 -106 -620 2
-425 -422 548 2
-528 -387 712 2
527 -139 -358 0
-388 -487 871 2
-333 -305 -511 2
412 138 -213 0
-343 -70 -738 0
-648 -292 766 2
128 180 -529 0
-374 -150 -623 0
-129 370 240 2
165 169 -501 2
-373 -709 465 0
-392 -381 669 0
-388 -495 873 0
-606 -133 -410 2
-357 -459 -448 0
-589 -680 717 2
514 222 -612 0
328 -29 -309 0
-576 -384 -728 0
-454 -485 -377 0
-678 -324 -763 0
-692 -223 -356 2
240 297 -400 2
518 104 -315 0
391 70 -461 0
571 98 -579 2
213 8 -590 2
-434 -367 675 2
-645 -367 663 2
152 89 332 2
-397 -267 -676 0
-399 -341 480 2
-627 -560 554 2
-236 -454 862 2
266 -109 -301 0
181 -76 -463 0
360 -116 -335 0
-417 -553 678 2
516 -9 -237 0
-660 -275 -777 0
-672 -145 -502 0
-487 -711 820 2
255 -149 -457 0
-524 -135 -558 0
-394 -608 773 2
490 -140 -339 2
138 242 -613 0
-456 -147 -385 2
-530 -483 -357 0
-553 -702 902 2
259 61 -483 0
257 -68 -464 0
535 180 -361 0
-522 -339 -554 2
-550 -587 475 0
125 77 -229 0
470 283 -403 2
-645 -261 -556 2
-345 -305 -364 0
-391 -98 -648 0
-704 -301 -539 0
-639 -230 -495 2
432 285 -354 0
-343 -669 780 0
-642 -137 -685 2
-439 -136 -525 2
-541 -398 -576 0
393 -124 -224 2
386 68 -218 0
479 -19 -352 2
-638 -570 494 0
527 145 -507 0
-205 -471 717 1
-255 -400 822 2
-333 -297 -622 0
-319 -638 776 2
-298 -453 757 1
-436 -457 883 2
-504 -315 -570 0
-279 -636 569 0
-291 -166 -347 1
-212 -737 837 2
116 235 -509 2
-610 -229 -365 0
-655 -736 446 2
-542 -571 634 2
-370 -114 -735 0
-421 -414 632 0
258 -106 -556 0
422 247 -230 2
-557 -546 690 0
-286 -586 648 0
559 70 -524 0
-426 -331 -575 2
-534 -312 -332 0
136 20 -455 0
-376 -380 -792 2
327 287 -358 2
524 -62 -171 2
-734 -189 -404 1
246 117 -182 0
-346 -457 653 0
-446 -412 -434 0
366 243 -404 0
-502 -725 796 2
266 -62 -295 2
-645 -461 -724 2
-508 -232 -757 0
-627 -520 858 2
-335 -301 -762 2
-496 -390 -339 0
694 -558 -252 0
-327 -409 822 2
433 285 -267 2
458 -140 -208 0
-414 -479 758 2
-359 -251 -482 0
369 -74 -527 2
-377 -540 519 0
182 23 -543 0
-620 -294 -428 0
-494 -560 863 2
-618 -46 -782 0
-405 -359 452 2
416 17 -559 0
-44 -160 -505 2
-297 -460 833 2
-516 -388 691 0
-421 -380 -567 2
-420 -85 -680 2
-609 -506 -592 0
-462 -309 -339 2
150 245 -321 0
-526 -502 776 2
-553 -542 731 0
-636 -449 -424 0
-611 -625 773 2
361 20 -451 2
-605 -560 685 0
-362 -241 -416 0
39 615 -400 2
-537 -393 591 2
419 -67 -603 2
-349 -565 903 2
-422 -391 687 0
202 126 -286 2
-513 -251 -423 2
-682 -122 -405 2
126 163 -373 0
236 252 -374 2
-540 -288 645 0
-731 -120 -553 0
-742 -95 -405 0
-351 -657 668 2
-442 -677 841 2
-361 -304 867 2
-265 -287 689 2
-604 -397 -349 2
293 84 -386 0
202 -98 -601 2
-560 -380 850 0
-564 -621 465 2
-546 -73 -727 2
552 -62 -256 0
-357 -446 -440 0
546 78 -233 2
-569 -449 748 0
-722 -347 -362 2
-501 -500 509 0
-651 -368 741 2
-402 -353 569 0
-232 -585 797 2
-563 -539 768 0
480 244 -483 2
127 -55 -234 0
-360 -295 501 0
-642 -713 769 0
557 13 -314 2
-720 -407 -520 2
-451 -585 766 0
-279 -333 -761 0
272 172 -387 2
-505 -342 711 0
-705 -235 -474 0
451 -102 -487 0
223 86 -281 2
-543 -291 -535 2
-403 -313 -753 0
-409 -467 557 2
-667 -249 -757 2
-303 -288 -769 0
-584 -213 -370 2
179 127 -173 2
-321 -442 -413 2
179 98 -439 0
-408 -290 -528 0
353 170 -235 2
-530 -502 -610 2
299 -19 -528 2
-611 -383 -457 0
-330 -601 882 0
512 47 -348 2
-714 -256 -702 0
-736 -442 -390 2
488 47 -235 0
-454 -433 -545 2
-281 -427 -475 0
337 18 -180 1
-555 -322 817 0
328 241 -490 2
267 -7 -340 0
580 127 -106 0
-598 -56 -734 2
-527 -280 547 2
-284 -348 692 2
457 286 -342 0
394 270 -316 0
-588 -65 -758 2
-561 -79 -415 0
435 95 -579 0
-259 -606 625 0
-520 -270 -752 2
129 205 -323 2
-535 -93 -485 2
-573 -302 -480 0
301 122 -389 2
-459 -619 781 0
257 -72 -486 2
-226 -367 830 0
-635 -94 -332 2
-729 -153 -521 0
233 -12 -413 2
-726 -131 -642 1
-666 -162 -515 0
-415 -525 712 2
-624 -395 696 0
-336 -448 -531 0
-372 -356 -598 2
-373 -494 -575 1
-559 -392 874 0
552 167 -516 0
-470 -326 -449 2
222 62 -163 0
-310 -356 -467 2
-591 -330 -613 1
-603 -476 621 0
-392 -450 529 0
453 151 -595 0
-566 -734 608 0
-378 -678 524 2
-605 -494 734 0
-546 -617 829 2
-338 -450 -487 0
-510 -484 445 2
382 294 -174 0
230 -66 -188 2
302 215 -513 0
-449 -470 -423 2
-590 -504 -407 0
422 15 -557 1
-473 -303 -509 0
364 154 -629 2
-532 -69 -415 2
460 -9 -604 0
-323 -452 486 2
-263 -332 515 2
-434 -545 459 0
-620 -314 477 1
-457 -541 536 0
-397 -383 859 2
-612 -380 -524 0
148 151 -568 0
-441 -435 706 2
552 41 -233 2
196 148 -572 0
57 28 -329 0
-337 -492 -733 2
-570 -530 799 2
-424 -319 -725 0
-334 -556 904 0
355 43 -209 2
338 35 -528 2
-418 -535 610 2
-196 -331 742 1
-357 -696 803 2
468 157 -215 2
-402 -193 -350 2
398 140 -600 1
-629 -442 750 0
-456 -386 683 2
-202 -635 842 2
-201 -441 715 2
-243 -341 742 0
-661 -192 -751 2
-384 -592 566 2
-427 -324 797 0
-427 -607 576 0
269 228 -555 2
-349 -266 -589 0
-267 -346 493 1
-465 -425 -646 1
-536 -293 -401 2
-654 -405 -362 0
221 -57 -441 0
-603 -254 -490 0
-519 -484 -707 2
-440 -335 -673 1
-479 -576 592 0
-566 -423 -494 0
-395 -709 796 2
152 -107 -222 0
-460 -494 822 2
-326 -344 -471 0
-488 -288 -506 2
-424 -335 -741 0
-509 -256 -682 2
-542 -361 579 0
420 225 -271 2
-564 -494 829 0
-648 -431 718 0
456 -156 -232 0
-491 -540 822 2
478 -154 -182 2
302 236 -443 0
312 258 -384 2
31 211 370 0
-691 -202 -467 0
-518 -294 -458 0
502 -56 -413 0
-482 -94 -760 2
-348 -262 -666 1
-538 -299 -426 0
-487 -288 639 0
563 -102 -431 2
139 -39 -570 0
-588 -688 904 0
-559 -163 -762 0
284 -1 -388 2
-331 -452 -370 0
-565 -495 639 0
-353 -665 727 0
-550 -614 501 2
-397 -459 558 2
176 10 -543 2
255 -58 -478 0
-400 -198 -394 2
413 -87 -169 0
-276 -285 465 2
-402 -447 653 2
487 -60 -565 2
-508 -174 -441 2
175 -294 -356 2
276 -153 -332 0
-505 -460 -531 2
325 -114 -625 0
-608 -213 -665 2
489 486 531 1
-330 -444 482 2
-538 -81 -592 2
-458 -378 -549 1
-190 -368 549 0
569 71 -199 0
437 250 -531 2
-408 -635 813 2
-475 -334 651 2
-445 -530 816 2
-418 -563 549 2
238 10 -297 0
-434 -278 869 0
32 240 -654 2
243 194 -352 1
-628 -411 906 0
-593 -315 -417 0
490 -381 -438 2
-588 -438 -682 2
-374 -339 835 0
-282 -500 505 0
-325 -142 -683 2
414 191 -341 1
-321 -51 -558 0
-626 -321 -591 2
-458 -253 -673 2
-361 -664 873 2
-371 -205 -575 2
168 120 -460 0
480 -12 -552 2
-312 -168 -401 0
-103 -141 682 0
-701 -457 -363 0
121 244 -329 2
-529 -707 507 2
-346 -504 -728 0
-539 -462 710 0
478 119 -174 2
-408 -85 -532 2
-595 -60 -672 2
176 -31 -362 0
-406 -738 703 2
-433 -305 -730 2
454 104 -463 0
-345 -49 308 0
-350 -93 -569 2
-559 -244 -786 0
311 185 -537 2
486 206 -402 0
-193 -642 840 2
-276 271 -558 0
401 83 -391 0
-648 -286 -408 2
-569 -135 -510 2
369 -5 -267 0
-470 -488 634 1
560 -6 -255 2
347 -118 -605 2
-363 -708 564 0
-555 -338 -433 2
-652 -67 488 0
-631 -135 -429 2
-509 -272 -513 0
-447 -486 819 0
-338 -723 820 1
356 186 -321 2
372 -28 -551 0
499 -18 -621 2
415 162 -523 2
-442 -407 -571 2
277 -159 -356 0
-339 -238 -378 1
-333 -404 -773 0
483 37 -203 2
250 25 -297 2
-258 -292 559 1
566 149 -567 0
215 2 -274 2
-362 -639 599 2
-233 -449 845 0
-193 -611 736 2
-619 -178 -746 0
-366 -301 744 0
-398 -299 499 2
-472 -76 -619 2
-435 -136 -543 2
155 52 -252 2
-454 -166 -633 0
-273 -687 679 2
-330 -414 -564 2
-652 476 681 0
236 233 -169 1
-655 -621 522 0
-371 -577 638 0
115 -37 -540 0
-589 -313 -629 2
-556 -487 889 2
-657 -243 -590 2
-560 -613 845 2
-693 -308 -694 0
-670 -142 -586 2
-680 -129 -766 2
425 -70 -390 1
-432 -640 734 0
-437 -500 -382 2
-278 -212 -466 2
-742 -341 -682 0
-318 -69 -608 2
493 152 -346 0
-233 -311 806 2
487 -66 -246 0
516 75 -266 0
241 -19 -433 0
-573 -462 -692 2
-617 -108 -372 0
-498 -398 -499 2
362 -18 -305 0
173 -132 -332 2
-601 -136 -638 0
-662 -487 -733 0
352 163 -328 2
-557 -570 669 2
321 157 -615 0
224 -87 -524 0
150 121 -219 2
-562 -732 832 0
-304 -142 -470 0
-287 -359 583 2
-468 -55 -343 2
511 154 -443 2
-550 -206 -547 0
-642 -222 -418 2
-539 -653 617 0
233 236 -283 2
359 -24 -176 0
383 -69 -422 0
-578 -390 761 0
-550 -579 741 2
339 142 -219 2
359 127 -531 0
519 1 -295 0
165 138 -191 2
-202 -682 838 0
325 282 -511 0
-515 -152 -631 2
435 138 -591 2
-566 -408 544 0
-521 -437 -544 0
424 6 -609 2
168 -119 -306 2
486 -54 -406 0
-271 -550 902 0
-400 -357 562 0
-324 -501 -666 2
159 -100 -594 2
-579 -576 808 0
-409 -671 581 2
357 -77 -240 2
-571 -572 838 0
213 72 -209 0
-364 -600 610 2
-594 -291 -542 2
-509 -624 757 2
-302 -427 -376 0
513 103 -564 2
448 -67 -180 2
-341 -441 624 0
-437 -132 -600 0
-619 -62 -528 2
554 236 -480 2
-640 -519 815 0
-505 -586 600 0
380 -3 -181 2
339 -3 -515 2
547 67 -552 0
-568 -303 -474 0
-437 -245 -764 2
137 -243 383 2
-483 -361 811 0
560 72 -388 0
293 -149 -513 0
-561 -699 655 2
-727 -308 -714 0
-742 -103 -468 0
-223 -299 623 2
-443 -505 -608 2
-645 -690 541 0
-443 -148 -749 2
108 -431 6 0
451 51 -461 2
-397 -439 -741 0
-412 -420 -519 0
23 126 -490 0
-525 -460 -641 2
-560 -543 846 0
239 -144 -271 0
-639 -673 566 0
443 -459 -628 0
-354 -571 776 0
-473 -420 505 0
-601 -676 494 0
213 228 -444 2
354 63 -385 0
-441 -602 473 0
-604 -622 536 2
-276 -484 782 2
330 206 -558 0
-525 -671 663 0
504 -80 -177 0
-714 -164 -589 2
566 74 -374 2
-641 -44 -411 0
-352 -472 -463 0
-551 -529 666 2
111 -72 -187 0
-341 -596 776 2
-414 -100 -679 2
323 -63 -466 2
-618 -368 490 0
536 257 -250 0
-459 -623 609 2
-743 -115 -747 2
525 -97 -629 2
558 277 -499 0
-313 -103 -652 0
119 113 -492 0
-380 -291 525 0
-559 -305 573 0
-557 -82 -339 0
-588 -501 -486 2
-695 -503 -534 0
521 289 -410 0
-524 193 232 0
-421 -353 -546 2
660 -12 -538 2
-363 -201 -402 2
125 -147 -268 0
-384 -484 -735 2
551 99 -436 2
-254 -709 771 2
486 -157 544 0
-313 -623 694 2
-448 -650 616 0
-669 -469 -535 2
-455 -176 -465 0
-646 -372 636 2
-537 -422 -403 1
-491 -691 745 0
-471 -107 -554 2
467 -52 -501 2
-219 -309 734 2
-427 -583 600 0
-349 -334 -591 1
-420 -275 535 2
-514 -280 840 2
-638 -676 759 0
243 -99 -241 2
-501 -321 541 2
-579 -134 -641 2
-335 -289 -349 0
-617 -637 889 2
153 150 -406 2
-637 -653 623 0
-281 -476 784 2
-618 -142 -769 0
412 203 -485 2
298 43 -497 2
-552 -477 550 0
-561 -548 460 2
418 -49 -443 2
-449 -468 860 0
334 196 -520 2
158 255 -607 0
-468 -647 524 2
-525 -466 -546 2
-350 -124 -524 0
-645 -443 526 0
-477 -513 634 2
537 -572 524 1
-699 -180 -795 2
-544 -494 789 0
410 106 -378 2
-558 -295 -541 0
-38 524 477 0
552 239 -366 0
-353 -336 -444 2
-562 -278 542 0
187 -8 -597 1
-359 -121 -664 0
575 -42 -382 2
-425 -287 -373 0
-625 -621 496 0
337 -65 -528 2
-644 -598 636 2
506 96 -200 2
395 102 -420 0
-553 -75 -577 0
-361 -597 656 2
-559 -297 -672 0
356 209 -551 2
-440 -178 -530 0
-569 -719 639 2
-310 -178 -731 2
415 236 -223 0
-411 -404 618 0
-215 -353 466 2
-263 -478 489 1
571 70 -356 0
514 -80 -252 0
154 15 -491 2
-360 -233 -655 0
-610 -500 735 0
-657 -500 -596 0
-588 -133 -673 2
-468 398 -206 0
-642 -218 -526 0
532 -87 -560 0
-307 -197 -470 2
-598 -739 798 0
-622 -250 -494 1
689 -556 -379 2
-314 -411 -689 2
-307 -433 -700 2
-384 -724 557 0
-394 -495 805 2
-254 -413 733 2
474 232 -386 0
-314 -231 -414 2
-428 631 373 0
-497 -484 -557 2
-640 -255 -405 0
-709 -161 -672 0
-288 -613 464 2
190 205 -548 2
-290 -482 871 0
-358 -258 -560 1
-582 -330 -593 2
-368 -541 844 2
140 -61 -541 0
-640 -314 680 2
522 53 -480 0
-458 -638 898 2
-195 -604 534 2
-620 -547 672 0
-412 -308 -501 0
-413 -507 -438 2
-296 -480 550 2
399 280 -506 0
-389 -487 755 0
-393 -471 863 2
-471 -195 -699 0
236 97 -597 2
-515 -381 590 2
-282 -355 906 2
-537 -517 703 0
-499 -403 577 2
453 -125 -379 0
-485 -664 699 0
487 93 -180 0
-384 -302 767 0
439 -159 -187 2
-439 -620 835 2
-519 -70 -678 0
-492 -456 453 0
321 256 -341 2
351 -98 -444 2
-296 -351 -765 2
-202 -404 546 0
189 215 -262 0
-454 -169 -488 2
-289 -470 449 0
-484 -344 623 0
159 -418 -457 2
-329 -137 -533 2
-652 -71 -739 2
-341 -382 785 0
-636 -446 749 0
-622 -468 -346 2
-245 -365 616 0
-594 -473 787 0
273 268 -611 0
504 141 -489 2
-534 -524 697 2
-702 -495 -569 2
207 243 -390 0
-564 -426 -396 2
282 178 -306 0
-583 -418 594 0
180 106 -613 2
-291 -421 -681 2
508 225 -314 1
417 56 -323 2
-371 -311 -655 0
213 63 -409 2
-285 -320 673 0
-515 -136 -713 0
-433 -682 607 0
553 59 -467 2
-636 -427 -718 2
261 19 -211 2
-426 -428 705 0
-303 -499 783 2
279 88 -325 0
-574 -532 689 0
-490 -48 -463 0
-400 -578 473 2
-568 -152 -548 0
568 199 -626 0
-307 -341 -421 2
-484 -595 762 2
-656 -388 653 1
-502 -434 589 0
543 -159 -236 0
-324 -304 -760 0
352 212 -272 0
-646 -388 603 0
494 -59 -429 2
442 23 -325 2
-621 -176 -716 2
-472 -394 -358 0
-228 -559 680 0
-582 -607 511 2
163 -60 -214 1
248 251 -388 0
-319 -478 -442 0
116 -146 -293 2
-664 -303 -731 0
366 174 -377 0
-376 -357 -416 2
-228 -539 869 2
-475 -551 679 1
-496 -373 516 1
-274 -304 754 0
-300 -242 -343 2
-381 -190 -492 0
-307 -175 -633 0
421 41 -322 0
-400 -433 -363 2
205 -21 -254 0
-550 -481 722 2
-220 -430 626 0
-351 -203 -360 2
-375 -286 691 0
-566 -179 -767 2
-508 -260 -785 2
522 97 -299 2
-632 -739 907 2
366 -57 -234 0
326 292 -352 1
-501 -99 -499 2
284 -64 -322 0
-421 -713 776 1
-513 -264 -574 0
-459 -271 -719 0
-106 -321 504 0
-375 -312 552 0
294 -44 -187 2
427 189 -489 2
-270 -482 529 0
153 9 -585 2
-592 -486 -347 2
-377 -417 -423 2
425 277 -438 0
-250 -697 629 2
-588 -227 -584 1
318 294 -458 2
-621 -401 -537 0
353 -137 -320 2
274 268 -541 0
2 482 178 0
-316 -89 -705 2
-736 -112 -363 0
-289 -423 584 1
-578 -652 688 2
549 156 -180 0
-437 -480 584 0
268 57 -270 0
-336 -160 -488 0
-708 -432 -745 0
-360 -565 498 2
402 0 -336 0
-482 -343 661 2
193 14 -341 2
510 -90 -205 0
-377 -191 -787 0
-569 -581 508 2
-450 -654 452 2
-399 -234 -444 0
519 -80 -258 0
282 -123 -241 2
331 -132 -318 0
-300 -699 538 0
-713 -190 -685 2
397 -107 -205 2
-432 -362 627 0
-347 -424 -388 0
-451 -324 -731 1
-648 -314 -458 2
-640 -444 -449 0
-512 -458 710 2
-634 -372 467 0
-201 -285 724 2
-370 -582 511 2
219 -29 -196 0
-323 -275 462 2
-647 -284 -613 2
390 -139 -424 2
-299 -488 830 0
-503 -339 829 2
-513 -455 -395 2
-239 -294 664 2
208 -32 -271 0
-607 -692 468 2
-435 -451 -720 2
166 -114 -331 0
-281 -443 555 0
309 -83 -317 2
-456 -71 -606 2
-583 -707 759 0
235 229 -373 2
508 41 -478 0
-211 -516 -34 2
128 131 -600 0
-281 -469 669 0
-367 -594 782 2
431 -50 -434 0
-493 -362 785 0
-345 -216 -646 0
-590 -115 -534 0
233 275 -305 2
289 293 -554 2
-562 -658 870 2
-439 -557 758 1
-466 -338 580 2
-634 -580 647 2
331 191 -199 2
149 -544 -329 0
363 -5 -555 2
466 32 -576 0
-462 -251 -573 1
321 -136 -397 2
475 -94 -486 2
-715 -67 -487 0
-470 -549 486 1
-687 -151 -486 0
433 149 -618 2
-654 -721 889 0
469 -417 -156 0
-437 -103 -407 2
381 -59 -344 2
356 -33 -610 0
-406 -362 886 1
-396 -420 -529 2
423 152 -357 2
-431 -209 -457 0
-235 -473 815 2
142 -13 -208 1
242 120 -464 2
-351 -402 -796 2
-354 -444 -395 0
529 161 -363 0
385 31 -447 2
458 -16 -605 0
513 181 -380 2
498 94 -314 0
153 2 -415 2
554 146 -522 0
-581 -299 798 1
208 -132 -172 2
-360 -260 -442 2
-322 -268 -339 0
-283 -255 -608 0
204 -70 -186 2
-354 -160 -524 2
121 -4 -578 0
-501 -258 -552 0
-288 -452 -640 0
-333 -380 883 2
-327 -449 696 2
128 -129 -536 0
-287 -583 739 0
-190 -499 487 2
-583 -346 -668 2
540 141 -313 0
393 62 -601 1
361 297 -571 2
178 222 -280 2
-385 -291 748 0
-527 -657 816 0
-524 -559 789 2
-537 -739 611 1
-347 -425 -444 2
-566 -321 550 0
-473 -71 -335 2
-386 -74 -518 2
-374 -632 459 1
-636 -487 652 0
-571 -293 -367 2
312 -130 -441 2
293 -46 -183 0
-411 -537 687 0
297 11 -452 2
-321 -250 -622 2
-641 -325 -452 0
547 214 -348 1
-402 -95 -575 2
308 225 656 2
-223 -304 827 0
-612 -427 -665 0
-594 -382 -577 2
-728 -134 -502 2
-577 -300 585 0
-518 -461 582 2
141 300 -527 2
-613 -457 688 0
-413 -358 449 0
-585 -500 631 0
-579 -727 606 2
241 232 -506 0
-318 -592 511 0
352 194 -470 0
-565 -593 486 2
324 -52 -207 0
-435 -395 -419 0
-197 -331 831 0
-645 -364 -545 2
-509 -158 -433 2
-683 -62 -692 0
171 -19 -510 1
-617 -393 -539 2
-396 -149 -469 0
-483 555 -60 0
-295 -338 894 2
291 249 -173 2
336 -93 -499 2
-619 -448 785 0
-595 -467 -375 0
-455 -471 -797 0
516 -1 -311 0
-281 -729 466 2
-379 -285 -347 0
-542 -282 -597 2
274 -119 -431 0
161 228 -526 0
383 164 -186 0
151 164 -285 2
-527 -381 -648 2
167 -12 -215 2
-672 -302 -776 0
-374 -196 -618 2
-309 -374 -394 2
-711 -169 -587 2
-567 -339 528 2
445 -58 -305 0
286 106 -230 2
-409 -529 700 0
-342 -367 886 2
537 -56 -230 2
167 -157 -168 0
-304 -531 841 2
262 179 -282 0
-440 -649 613 2
110 443 -461 2
-301 -643 485 0
-471 -484 704 2
-631 -399 689 2
200 -64 -318 0
-345 -141 -351 2
150 134 -265 2
-456 -266 -372 2
-437 -295 -779 2
-715 -454 -611 0
-397 -732 683 2
-476 -211 -715 0
563 17 -360 1
401 126 -604 0
-194 -371 577 0
494 247 -376 2
-436 -440 772 0
-304 -478 -734 2
556 99 -525 2
-159 -272 352 2
-295 -551 508 2
489 143 -512 2
186 -152 -461 2
-270 -300 620 2
-698 -442 -575 2
-476 -675 779 0
-482 -239 -682 0
159 84 -613 2
-564 -469 -381 2
-376 -331 -589 1
224 223 -504 2
-201 -434 723 2
341 278 -324 1
-323 -650 765 1
130 158 -594 2
-577 -307 -604 2
655 -43 616 0
-310 -412 527 0
-415 -265 -356 0
471 285 -588 2
200 81 -224 0
-538 -340 616 0
-378 -533 784 0
-564 -281 -668 2
-379 -311 -663 0
-216 -532 516 0
-705 -217 -684 0
205 80 -347 2
-727 -222 -621 0
-586 -301 540 2
-418 -719 857 0
-364 -363 -385 2
-622 -489 579 2
-420 -509 796 0
-374 -356 -577 0
149 135 -202 2
-281 -473 625 1
-708 -206 -478 2
473 -135 -613 0
-601 -722 611 2
-510 -318 -482 2
-652 -135 -439 0
-379 -511 647 0
283 -109 -308 2
-647 -345 668 0
-405 -647 614 1
-563 -153 -780 2
-472 -698 659 2
-325 -614 797 2
-531 -205 -638 0
-512 -241 -462 0
360 191 -372 2
-53 -74 294 0
-599 -470 406 0
142 78 -493 2
-498 -364 776 2
-645 -366 903 0
-389 -328 -750 0
517 215 -396 0
-652 -123 -735 2
420 269 -441 0
-570 -481 507 0
-730 -223 -676 2
271 -90 -582 2
-436 -627 575 2
-293 -459 -790 2
-291 -92 -736 0
-342 -267 -569 2
-294 -436 573 0
-724 -192 -726 2
-579 -131 -693 2
232 293 -453 2
554 -24 -203 0
-285 -285 684 2
-289 -384 575 0
-368 -361 -478 2
306 57 -622 0
-405 -180 -581 0
560 -114 -329 2
512 118 -474 2
-396 -167 -780 0
236 165 -472 0
-619 -99 -501 0
-333 -400 850 2
-415 -291 846 0
379 75 -396 0
192 -79 -366 0
-500 -123 -395 2
404 -42 -386 2
618 -542 -335 0
-531 -380 -490 0
-511 -292 -457 2
-204 -444 615 0
353 217 -462 0
-280 -408 492 2
449 99 -466 2
509 217 646 2
-258 -320 894 0
-324 -82 -390 0
-208 -608 676 2
293 139 -472 0
-698 -499 -511 0
-345 -488 889 0
-610 -561 815 2
-226 -550 732 2
-496 -50 -542 0
-697 -312 -611 0
170 63 -192 2
516 182 -177 2
-401 -404 789 0
-566 -88 -427 2
463 213 -383 2
412 -71 -315 0
-579 -450 584 0
-719 -452 -482 0
-214 -527 663 2
-298 -393 -794 2
-600 -72 -690 2
-543 -569 721 0
-612 -87 -608 2
179 275 -340 0
406 121 -543 0
-684 -374 -369 0
262 -118 -315 2
470 223 -218 0
-491 -302 682 1
-641 -410 855 0
-506 -710 758 2
-480 -436 852 0
-696 -455 -19 2
10 84 -495 0
-383 -250 -717 2
-296 -591 694 0
-329 -568 518 0
-570 -266 -581 0
172 12 -167 2
492 -99 -582 1
-219 -600 740 1
-686 334 -504 2
-536 -358 504 2
113 307 -607 2
642 358 -632 0
164 192 -358 1
-429 -673 487 2
-687 -196 -451 0
452 29 -176 2
325 -74 -514 0
112 -107 -395 2
-476 -676 729 0
218 -86 -571 0
465 -9 280 2
-669 -46 -394 2
-395 -511 794 0
359 -155 -294 2
203 83 -348 0
338 11 -515 2
-210 -544 643 2
-497 -360 -452 0
401 164 -177 2
-433 -282 900 2
391 -109 -378 2
-656 -502 -359 0
-555 -44 -503 0
111 55 -415 2
-402 -581 447 0
-368 -719 617 0
-544 -270 -688 2
-250 -494 687 2
-427 -349 470 0
-536 -485 -665 1
-326 -358 818 0
-562 -340 -620 2
-249 -657 629 0
-436 -63 -560 0
-715 -265 -636 0
-520 -73 -416 2
-521 -428 786 0
-480 -99 -436 2
-649 -156 -449 0
-529 -682 862 0
231 70 -499 0
-379 -382 -683 0
-636 -624 451 0
-457 -480 -590 2
-630 -501 -527 2
-639 -330 -468 0
262 205 -591 2
-412 -502 592 2
-407 -186 -460 1
384 246 -390 2
-701 -497 -535 0
-356 -410 -650 2
204 227 -457 0
574 -197 -529 0
242 -51 -408 1
-626 -199 -442 2
268 85 -299 0
298 113 -541 0
-304 -461 878 0
-288 -312 -467 2
-546 -370 591 0
-448 -646 559 2
-300 -660 610 2
187 144 -455 2
367 133 -177 0
-375 -351 868 2
554 283 -252 2
-487 -371 507 2
-652 -617 533 0
429 -128 -601 1
-343 -331 -491 0
-612 -674 782 2
-507 -716 745 2
340 126 -321 1
-595 -448 -784 2
313 -61 -220 2
-603 -354 818 2
-412 -577 500 0
-609 -473 462 0
-473 -460 -416 2
283 145 -595 0
513 265 -442 0
-635 -405 -576 0
-739 -148 -426 2
89 -433 696 0
-666 -445 -374 0
-579 -132 -795 0
-593 -386 487 2
533 52 -500 0
-368 -493 -586 1
-574 -254 -358 0
-411 -699 628 2
-588 -151 -791 0
-714 -111 -392 0
-583 -181 -787 0
-651 -439 674 2
-555 -648 744 0
-402 -235 -772 0
274 60 -340 0
-428 -487 -776 2
-576 -273 527 2
527 176 -389 0
-187 127 -322 2
380 299 -405 0
383 216 -612 0
-699 -176 -595 0
436 -135 -585 0
259 637 517 2
-412 -215 -607 2
209 121 -268 2
-659 -365 -622 0
-538 -705 820 2
208 207 -543 0
-334 -691 544 0
-535 -157 -769 0
-559 -735 778 2
-500 -283 803 0
423 -70 -331 1
-387 -327 518 0
-437 -293 723 2
260 256 -221 2
-717 -166 -373 2
-575 -401 -767 0
549 141 -618 2
323 29 -389 0
411 -99 -548 1
566 116 -362 2
-531 -446 -479 2
-423 -608 831 0
139 239 -617 0
477 -55 -241 2
-647 -369 -506 2
-603 -295 -764 0
-513 365 67 2
-565 -443 583 2
-461 -416 -537 2
684 590 513 0
-559 -398 -618 2
395 161 -519 0
-741 -50 -536 2
275 288 -328 2
334 71 -611 2
-497 -569 699 2
153 128 -165 0
470 -113 -233 0
190 187 -201 0
529 -302 218 2
-693 -477 -778 2
393 274 -576 2
-375 -418 541 0
208 30 -452 0
-652 -215 -531 2
-499 -377 683 0
-347 -701 718 2
-497 -190 -535 0
-423 -680 893 0
-530 -627 839 0
-421 -385 -583 0
387 119 -373 2
-312 -633 740 2
428 81 -307 0
210 40 -234 0
167 76 -386 0
335 -158 -372 2
-243 -394 893 0
-586 -422 716 2
-713 -373 -785 0
-661 -95 -797 2
-501 -392 -772 0
524 68 -204 0
-217 -546 724 2
-293 -606 494 2
-492 -367 -376 2
148 -86 -471 0
262 -47 -441 2
-603 -436 485 2
-42 -351 -604 0
-659 -187 -623 0
535 -102 -468 0
461 -40 -500 2
414 109 -482 0
-536 -140 -409 2
-274 -513 642 0
526 -104 -303 2
-626 -258 -683 0
-335 -420 793 0
522 171 -418 0
-614 -159 -437 2
-413 -179 -614 0
223 40 -343 0
-631 -443 -417 0
507 29 -614 2
-271 -575 588 0
-300 -304 890 0
-571 -436 602 2
-319 -366 686 2
-416 -600 720 1
-479 497 -221 0
184 45 -211 1
213 -108 -566 2
498 120 -375 0
-432 -701 663 2
-585 -478 586 0
282 185 -625 0
552 53 -511 0
553 -75 -458 0
-616 -116 -378 0
-715 -304 -748 2
276 -102 -554 2
-604 -50 -406 2
-580 -129 -508 0
-437 -170 -511 2
-492 -480 -364 1
-606 -322 -494 2
-699 -370 -496 0
-651 -193 -488 2
569 48 -170 2
-191 -417 545 0
315 125 -366 2
-459 -407 706 2
381 178 -373 0
278 -41 -176 2
-653 -146 -761 0
-521 -261 -714 2
-618 -678 882 0
-431 -637 695 1
-521 -491 507 0
-551 -504 546 2
-429 -420 -443 0
-714 -249 -598 2
147 276 -191 2
-460 -686 531 2
-626 -465 756 2
-592 -390 856 0
-427 -507 473 1
296 69 -202 2
562 147 -170 2
517 261 -254 0
-411 -237 -694 2
-509 -206 -587 2
-504 10 -458 0
496 -28 -431 2
-295 -123 -363 2
218 205 -412 2
232 283 -554 2
-603 -564 662 0
-439 -698 539 0
-350 -436 -460 2
-209 -654 591 0
322 263 -338 0
239 248 -521 2
-235 -397 837 2
146 178 -515 0
-253 -514 884 0
-414 -644 665 0
-582 -434 -347 2
-556 -576 683 2
-729 -312 -490 2
-413 -486 -502 0
-549 -406 614 2
446 109 -562 2
-563 -523 568 0
-715 -434 -499 0
-547 -686 652 2
-234 -422 873 0
-719 -244 -797 0
-622 -389 -710 2
-675 -278 -791 2
386 -138 -186 2
-583 -319 -524 2
-216 -686 621 1
-466 -563 634 2
-511 -191 -663 2
85 357 -184 2
-355 -586 590 0
523 98 -555 2
315 -1 -310 0
-614 -503 548 0
-380 -379 -555 0
-500 -234 -415 2
-584 -177 -663 2
-370 -438 -333 2
-596 -403 -695 0
316 -139 -236 2
555 -80 -317 2
343 -402 664 0
-696 -71 -351 0
538 -14 -454 2
-502 -328 -555 0
574 -98 -278 2
-652 -316 -785 2
-307 -429 -727 2
-345 -470 -775 1
288 -66 -310 0
-608 -142 -493 0
-335 -215 -398 2
-380 -445 512 0
-442 -314 -596 0
-291 -111 -640 2
-374 -560 877 0
568 138 -330 0
316 72 -581 0
-685 -80 -536 0
166 -32 -387 2
254 -54 -314 2
521 -54 -448 0
-418 -366 734 2
329 286 -232 2
242 290 -429 0
-545 -60 -573 2
320 -127 -351 2
-487 -378 -575 2
-262 -456 905 0
-346 -200 -629 0
-355 -116 -705 0
432 301 -228 2
-418 -602 819 0
-520 -287 -336 0
-591 -342 -722 1
409 210 -333 2
-238 -344 751 0
-520 -270 -508 0
474 222 -602 0
-678 -329 -756 2
-729 -153 -697 0
459 170 -253 0
-647 -610 746 0
312 -58 -406 2
-369 -316 887 0
-336 -206 -386 2
-592 -139 -386 2
-395 -225 -532 2
-440 -403 473 2
-378 -573 776 0
-425 -461 -401 0
-328 -554 834 2
-462 -296 -580 0
-634 -201 -703 0
-456 -279 868 2
544 -134 -359 2
-252 -275 664 0
-445 -542 753 0
-487 -532 717 0
-380 -405 760 2
379 -100 -312 2
491 136 -329 0
304 -3 -174 2
256 -101 -593 2
312 -124 -359 2
-457 -546 634 0
537 199 -304 0
-496 -524 756 2
-529 -581 539 0
-338 -614 834 0
-279 -495 -670 0
-483 -422 -786 2
125 193 -621 0
260 89 -374 0
-581 -425 -792 0
-393 -582 564 0
392 -55 -407 2
-679 -459 -482 2
272 203 -617 2
-451 -696 466 2
-481 -626 633 0
421 212 -379 0
175 -79 -515 1
410 -15 -563 2
-610 -671 590 0
-230 -551 572 0
-409 -116 -422 0
-640 -431 -389 2
-560 -362 528 0
-424 -350 -719 2
-282 -620 747 0
-362 -430 387 2
-451 -309 -786 2
-390 -667 638 0
-544 182 45 2
-321 -407 506 2
-273 -354 864 0
-351 -445 -575 0
-678 -221 -664 0
568 -57 -302 2
-640 -484 -638 0
-304 -186 -398 0
219 106 -371 0
-551 -388 -423 2
-360 -76 -706 2
-409 -61 -439 2
270 111 -318 0
379 -60 -527 2
-535 -559 675 0
-611 -595 754 0
-597 -291 -472 0
-584 -545 830 2
482 231 -543 2
371 -18 -351 1
-406 -633 908 0
131 208 -173 2
-385 -406 -634 2
-741 -58 -573 2
121 133 -206 1
-626 -296 477 2
493 252 -342 0
-567 -495 719 2
-625 -700 552 0
-551 -610 793 2
-298 -174 -697 0
-290 -278 436 1
-423 -398 864 2
-242 -482 819 2
549 16 -241 2
-694 -468 -359 0
-299 -623 755 0
446 255 -180 2
432 -159 -427 0
-471 -169 -628 2
-587 -562 466 0
-398 -310 658 2
-275 463 -140 0
-338 -211 -473 0
-468 -407 644 2
479 104 -575 2
-587 -413 -524 0
-429 -305 633 0
-443 -222 -416 2
-506 -521 468 2
-624 -464 702 0
-445 -572 592 0
466 49 -594 0
-356 -131 -713 2
-638 -83 -641 2
216 223 -389 0
-333 -410 -470 0
-437 -115 -633 2
576 -36 -613 0
-450 -282 -394 2
-496 -369 867 0
478 -150 -553 2
-582 -594 689 2
-552 -485 -614 0
471 210 -228 0
-217 -672 490 2
-522 -466 -683 0
-730 -333 -758 0
-210 -306 663 0
527 215 -436 2
371 -40 -321 0
436 286 -606 0
-355 -517 903 1
-503 -111 -471 2
-323 -533 832 0
-731 -78 -386 0
478 287 -609 0
-415 -581 867 2
-320 -527 601 0
286 245 -282 0
-376 -282 -443 0
214 218 -547 0
-357 -459 692 1
-290 -472 -612 0
272 177 -516 0
-374 -454 819 2
-597 -69 -455 2
-375 -297 -332 1
-482 -153 -427 0
-539 -465 -561 2
-471 -486 -729 0
-536 -393 -422 1
-556 -93 28 2
-538 -704 701 2
-301 -718 455 2
-376 -562 617 2
-221 -726 864 2
451 130 -590 2
312 -118 -484 0
310 144 -166 2
-466 -417 730 0
-360 -60 -631 2
127 264 -533 0
-674 -164 -733 2
-700 -133 -790 2
174 -130 -536 2
-488 -196 -697 0
551 202 -219 1
-422 -334 276 0
-356 -506 -571 2
450 -97 -463 2
342 -103 -199 2
436 150 -319 0
313 -93 -527 2
-398 -605 495 0
-732 -464 -679 2
-329 -562 728 2
174 -17 -608 2
-436 -668 644 2
-417 -188 -515 0
122 80 -333 0
673 -388 -87 2
-395 -301 -561 0
-396 -316 510 2
-423 -99 -670 0
-661 -328 -374 0
-247 -280 864 0
-302 -203 -651 2
113 222 -338 1
-285 -206 -393 2
-437 -429 -379 0
-527 -460 -383 0
365 -22 -464 2
-574 -573 540 2
-591 -516 571 0
-361 -376 -710 0
-371 -75 -591 0
556 273 -527 2
-245 -654 525 0
196 207 -599 0
352 209 -575 2
-719 -90 -359 2
-269 -583 899 0
422 110 -405 0
-333 -462 -498 0
202 145 -522 2
-479 -288 897 0
-440 -522 902 1
115 505 -164 0
-496 -722 505 2
437 647 320 0
111 -144 -412 0
-258 -686 551 2
-651 -361 -454 2
-447 -377 607 0
-601 -498 -620 0
322 -13 -228 0
-33 -664 237 2
542 285 -533 0
-451 -55 -498 2
426 75 -202 2
-469 -543 795 2
-354 202 492 2
306 621 -649 0
568 97 -267 0
-293 -460 -341 0
157 246 -541 2
438 249 -330 0
-437 -212 -572 0
-269 -427 547 2
-296 -353 789 0
121 55 -398 0
-232 -461 663 1
-227 -726 711 2
-599 -219 -597 2
-585 -430 770 0
-575 -478 -379 0
-344 -259 -388 2
-427 -488 857 2
-364 -223 -639 2
216 -147 -185 2
130 -137 -243 2
-650 -672 887 0
554 5 -318 0
-415 -45 -762 2
-603 -419 675 2
374 201 -319 2
-651 -340 596 0
321 112 -446 0
299 252 -626 2
-433 -626 706 2
550 191 -310 0
-435 -568 567 0
-346 -465 -459 2
249 124 -552 0
-377 -230 -785 0
-604 -713 610 2
-652 -430 -670 2
-263 250 372 0
438 537 -543 0
474 -123 -422 2
-253 -458 907 2
-285 -254 -509 0
-649 446 418 0
-503 -371 555 2
-503 -394 -479 2
-464 -555 685 2
534 264 -201 0
-477 -549 602 0
-542 -532 532 0
-354 -492 526 0
-616 -479 820 0
-360 -386 -497 2
423 -108 -546 2
-619 -173 -791 0
477 -125 -351 0
187 -138 -327 0
-321 -605 485 2
-736 -321 -746 2
-402 -268 -667 0
-458 -398 -630 0
-341 58 117 2
-648 -447 895 0
-538 -253 -457 0
-283 661 274 2
-561 -170 -472 2
231 177 -419 0
-495 -368 704 0
-626 -569 684 2
-578 -93 -623 2
-392 -329 592 2
-304 -437 469 0
426 247 -204 0
-582 -239 -541 2
-601 -296 445 0
-639 -509 -343 0
282 -127 -190 0
-726 -405 -691 2
-585 -492 910 0
197 22 -485 2
-623 -512 850 0
571 215 -420 2
-584 -136 -634 1
-638 -462 -576 2
526 258 -288 0
339 60 -523 2
-613 -102 -655 2
-513 -423 467 0
257 295 -237 0
-467 -154 -693 2
-257 -295 647 2
469 -85 -529 0
339 -109 -244 2
-619 -504 685 2
-381 -348 -634 2
474 -278 -242 1
-481 -341 487 0
-584 -355 -534 2
-381 -493 -394 0
313 196 -457 2
-391 -122 -727 2
459 -77 -401 2
-631 -184 -545 2
440 73 -437 2
174 201 -322 0
-405 -666 767 2
364 306 293 0
271 272 -196 0
-651 -335 -391 2
139 164 -296 2
135 181 -251 0
-500 -492 -615 2
-509 -415 -599 0
303 -88 -558 2
-620 -400 -352 0
-421 -274 659 0
-629 -666 852 0
-269 -594 628 2
-208 -678 574 0
224 -100 -302 2
-621 -345 744 2
361 -159 -219 2
544 -149 -595 0
-419 -69 -783 0
492 -146 -239 2
-624 -144 -475 2
-294 -485 474 0
-661 -313 268 2
-602 -361 -762 0
112 -80 -516 2
-308 -398 -717 0
-347 -410 -787 2
479 157 -380 2
467 121 -402 0
-333 -454 821 2
-488 -380 -765 0
-629 -429 666 2
275 -45 -441 2
499 185 -268 2
-322 -374 -454 0
145 115 -393 0
-454 -280 549 2
-399 -445 -501 0
-339 -316 -490 2
232 -127 -505 0
-639 -92 -583 2
-370 -506 607 0
525 -26 -407 2
263 -78 -169 0
-349 -409 697 2
516 143 -305 0
-527 -289 898 2
-491 -187 -644 0
514 -65 -603 2
119 -70 -472 2
-679 -137 -395 0
-605 -175 -415 0
-656 -590 449 2
-320 -532 504 2
200 -56 -270 2
-570 -380 897 0
249 -29 -583 2
-711 -483 -522 0
-406 -615 812 0
-407 -423 -686 0
344 -45 -347 2
-466 -503 501 0
173 88 -609 2
496 173 -414 0
415 37 -457 2
-360 -656 566 0
-578 -275 623 0
218 52 -263 0
-411 -455 783 2
-429 -482 579 2
-571 -620 884 0
-477 -333 -681 0
184 215 -266 2
-302 -172 -788 0
-223 -622 900 0
-369 -452 -789 0
-587 -361 711 2
-593 -91 -611 2
438 -117 -268 2
368 228 -250 2
228 304 -325 2
545 264 -545 0
447 244 -502 1
-463 -419 903 2
-449 -416 687 2
162 -124 -454 0
566 129 -441 2
-512 -483 874 0
-319 -158 -613 2
-622 -251 -391 0
380 -10 -233 0
-319 -699 661 0
223 257 -311 2
78 168 10 2
241 154 -240 2
268 166 -430 0
-78 -93 364 2
-361 -506 -796 0
282 306 -277 2
-403 -283 483 0
414 115 -595 2
-501 -350 -501 2
-318 -55 -751 1
-202 -357 839 0
406 167 -602 2
-310 -267 -538 2
-218 -697 611 2
-657 -110 -543 1
245 133 -603 2
-333 -181 -606 1
436 159 -225 0
-641 -74 -767 1
268 205 -452 2
-425 -217 -520 0
-374 -518 896 0
-481 -81 -787 0
-548 -96 -735 2
-445 -201 -710 0
-550 -664 613 0
482 -105 -593 2
-703 -256 -570 2
-335 -77 -342 2
-353 -341 -798 1
-732 -445 -519 0
-432 -218 -524 2
-301 -402 627 2
153 -135 -299 0
476 -46 -453 0
203 108 -173 2
-428 -570 743 0
167 145 -629 0
427 146 -441 0
308 196 -255 2
-335 -517 821 0
-620 -420 -769 1
526 144 -340 2
-345 -313 699 2
-349 -360 606 2
209 305 -180 0
-621 -445 582 2
-375 -712 618 0
-376 -448 -725 1
-653 -710 703 0
-585 -645 525 1
-547 -460 832 2
550 106 -190 0
-431 -430 610 2
255 174 -305 0
-237 -580 662 2
-652 -400 493 2
-362 -475 -742 1
-512 -468 -483 0
326 53 -366 2
-369 -70 -746 0
-642 -517 671 2
164 -95 -220 2
-697 -353 -520 2
-357 -98 -441 0
-203 -575 851 2
-710 -423 -741 2
-540 -653 584 2
-732 -434 -588 0
380 150 -272 0
-449 -401 446 2
180 200 -290 2
-223 -407 514 0
-558 -384 -668 0
230 57 -354 0
407 283 -427 2
629 208 -585 0
-724 -237 -605 0
-506 -64 -334 2
-619 -587 640 2
-549 -233 -713 0
-476 -334 -610 0
182 200 -626 0
-510 -556 556 2
130 286 -471 0
-604 -440 -648 2
-702 -145 -728 0
-523 -201 -755 0
-424 -300 -567 2
364 -42 -500 0
-513 -60 -422 0
338 65 -608 2
-676 -269 -598 2
444 95 -463 0
481 259 -250 0
-327 -203 -632 2
-258 -414 885 1
128 -78 -622 1
-280 -329 691 2
-206 -629 648 2
-520 -248 -505 0
-528 -464 583 0
532 28 -171 2
-488 -566 463 2
-510 -524 684 2
314 591 614 0
545 -34 -524 2
203 -67 -174 2
-527 -661 562 0
-265 -418 606 0
234 -108 -181 0
480 -7 -228 2
395 -148 -231 2
-470 -278 658 2
425 141 -466 0
456 -55 -435 2
-353 -481 685 2
286 44 -279 2
150 300 -267 0
-460 -629 618 2
655 -447 -269 0
-536 -702 508 0
336 21 -596 2
-301 -65 -545 2
-584 -224 -747 2
158 -149 -269 2
-624 -84 -561 2
244 89 -590 2
541 131 -424 0
451 0 -516 2
280 153 -432 2
-652 -509 570 2
-692 -74 -532 0
425 276 -456 0
-609 -701 466 1
171 -106 -253 2
-403 -223 -525 0
-645 -54 -556 1
-567 -264 698 2
-595 -652 743 2
-640 -500 -443 2
285 117 -325 2
-518 693 312 0
-616 -581 737 2
376 236 -252 2
-425 -176 -437 0
-687 -63 -716 1
461 245 -548 2
-588 -394 645 0
-504 -443 652 0
-262 -288 717 0
-546 -51 -520 2
274 -48 -187 0
-356 -583 910 2
-546 -706 822 2
-449 -475 -409 2
-691 -89 -410 0
-563 -350 -377 0
-626 -334 486 0
-540 -110 -724 2
-531 -594 598 1
-326 -489 -545 2
-449 -213 -402 0
-610 -674 612 2
-525 -339 -484 2
-497 -527 610 2
-535 -275 631 0
-401 -454 -737 2
350 -90 -251 0
-520 -692 547 1
-466 -424 -749 0
-292 -717 598 2
-315 -322 574 2
-529 -324 807 0
-634 -494 -458 0
-429 -509 532 2
-365 -124 -426 0
380 -77 -567 0
-407 -467 -430 2
-425 -718 867 2
-321 -517 786 2
-419 -463 649 2
-459 -333 -613 2
-692 -265 -621 2
-713 -464 -776 0
139 -133 -576 0
-239 -378 552 0
-681 -267 -723 2
-617 -533 553 0
-211 -382 489 0
-626 -331 559 0
-221 -398 573 2
173 -144 -271 0
345 180 -467 0
-427 -140 -483 0
-532 -99 -647 2
-385 -351 -721 2
-410 -396 645 0
313 214 -177 2
452 166 -606 2
-563 -386 -639 0
-648 395 503 0
-508 -439 732 0
137 218 -608 2
-626 -511 487 2
202 96 -432 2
-597 -265 -338 2
-497 -278 874 2
220 76 -607 0
-647 -575 627 0
-582 -565 836 0
363 -110 -459 2
-431 -628 613 0
-266 -692 838 2
-575 -674 704 0
-313 -259 -659 2
181 193 -619 2
151 201 -324 0
-443 -141 -607 0
-306 -312 621 2
-573 -468 -539 0
132 -26 -332 2
-505 -66 -652 0
-205 -714 504 2
338 16 -392 2
-439 145 -280 2
-389 -316 -490 1
-379 -566 556 2
-657 -60 -650 2
-735 -486 -337 0
-548 -559 803 0
-520 -359 -453 2
230 -69 -405 2
-204 -494 866 0
-317 -658 661 0
-280 -316 -512 2
-323 -420 508 1
-622 -202 -469 2
-481 -138 -683 2
-289 -581 501 2
-532 -94 -688 2
-486 -310 -524 2
-686 -405 -732 0
542 118 -327 2
-315 -394 -646 2
148 23 -523 0
-412 -393 -715 1
-711 -504 -574 2
-724 -73 -461 0
-253 -476 683 0
-216 -404 490 0
-522 -334 566 2
-326 -198 -386 0
-609 -204 -542 2
362 -145 -348 2
119 -17 -163 2
-517 -442 901 1
410 269 -558 0
503 134 -180 2
-192 -691 880 2
196 253 -579 2
-400 -589 705 1
447 65 -436 0
-309 -519 588 2
-555 -548 618 2
-364 -477 -706 2
-420 -170 -545 0
400 158 -306 2
-523 -469 -350 1
-483 -276 910 1
-336 -534 707 0
497 182 -466 2
-208 -373 806 2
-477 -114 -686 0
-715 -297 -772 2
326 -13 -624 2
-390 -633 861 2
-284 -364 -554 0
-281 -49 -632 1
236 -83 -365 2
-328 -406 -579 0
-608 -49 -345 2
-490 -399 746 2
-340 -479 853 2
-642 -330 804 0
220 212 -276 2
-377 -529 706 0
-529 -399 -410 2
-572 -330 -505 0
431 174 -242 0
-452 -402 758 0
-642 -706 636 2
-430 -450 843 2
474 141 -478 0
333 245 -176 0
-678 -247 -476 2
312 218 -166 1
560 -11 -196 0
-579 -340 827 0
577 -120 -518 2
-352 -147 -414 0
-213 -410 457 2
-321 -216 -793 0
151 -131 -598 2
-528 -391 618 2
185 -63 -420 0
-336 -336 -459 0
-573 -488 646 2
-360 -403 775 0
393 174 -542 2
-311 -667 838 2
468 -142 -263 2
342 200 -529 2
-501 -420 -349 0
530 301 -273 2
-566 -448 665 2
-297 -280 737 2
429 179 -417 0
-434 -355 651 0
545 60 -301 2
-589 -78 -431 0
560 249 -436 0
291 237 -311 2
-606 -675 575 2
-302 -635 463 0
-398 -703 835 1
-382 -296 -579 0
-453 -474 -633 2
237 -30 -386 0
483 -75 -475 2
-722 -301 -490 0
-336 -665 729 2
197 50 -282 2
550 277 -326 0
-332 -442 632 0
269 -145 -344 2
-387 -226 -713 0
-519 -337 -597 0
521 -85 -399 0
-586 -261 -421 2
-724 -415 -579 0
-262 -585 733 2
562 280 -181 0
-433 -731 659 2
-670 -48 -567 0
-236 -547 721 2
-377 -502 683 2
-623 -48 -556 2
-551 -335 775 2
-599 -624 736 2
296 158 -270 2
501 -159 -376 2
456 -16 -245 2
-305 -490 -623 0
266 152 -256 0
445 81 -440 2
-547 -721 827 0
268 151 -585 0
-461 -412 -727 2
565 235 -209 2
534 109 -175 2
-635 -476 624 2
-452 455 13 2
-387 -527 841 0
374 631 444 2
568 86 -475 2
472 204 -183 0
-652 -52 -479 2
290 65 -477 2
-706 -170 -702 2
-503 -405 803 0
-603 -275 -780 2
-552 -194 -451 0
-426 -79 -735 1
-580 -584 529 0
-211 -615 835 2
-560 -71 -661 0
-244 -398 732 0
-679 -452 -485 0
-308 -624 847 2
-326 -460 -399 2
-586 -645 848 1
-481 -348 -413 0
249 133 -529 2
-641 -345 752 2
486 100 -363 0
-561 -551 544 0
-347 -316 639 2
-158 69 -110 0
-377 -198 -659 0
-508 -418 -408 2
126 111 -323 2
-629 -272 -704 2
-353 -455 551 0
-668 -55 -528 1
118 0 -430 2
317 306 -401 0
-460 -472 -368 2
-564 -211 -290 1
-333 -388 -789 2
-710 -329 -600 2
344 152 -405 0
-234 -494 807 0
-481 -537 490 2
-489 -567 649 0
-647 -497 719 2
-646 -148 -581 1
-380 -567 838 2
-506 -702 486 2
185 158 -340 0
457 201 -285 0
280 209 -520 0
452 -78 -315 2
-644 -655 536 0
-430 -179 -610 0
-199 -476 837 2
570 148 -532 1
-251 -430 620 0
-345 -176 -538 0
-632 -650 765 2
-643 -725 497 0
572 -143 -509 2
527 -60 -352 2
522 -59 -564 0
-634 -517 495 0
-294 -647 761 2
-327 -458 -614 2
-478 -70 -494 2
309 -50 -171 0
-307 -74 -366 2
-309 -280 -547 0
-318 -78 -383 2
-662 -435 -687 0
182 138 -364 0
229 163 -483 2
-421 -420 733 2
140 53 -580 2
407 115 -310 2
-280 -380 -418 2
-232 -530 619 2
547 169 -360 2
-640 -486 816 0
446 175 -377 2
133 289 -398 2
404 75 -323 0
210 133 -452 0
-216 -493 518 0
-676 -285 -611 2
-487 -444 768 0
154 237 -195 0
428 200 -406 0
359 9 -272 2
-347 -424 813 0
398 -64 -307 2
-565 -190 -375 2
-720 -200 -714 2
555 125 -620 2
-555 -330 -473 0
-446 -175 -493 0
-25 -5 52 2
-340 -463 768 2
-279 -388 -643 0
216 235 -217 0
415 10 538 2
428 110 -522 2
191 211 -619 0
568 -73 -580 2
-576 -271 -486 2
195 239 -364 0
289 -32 -283 1
430 203 -589 0
547 64 -604 2
-243 -550 703 0
-206 -539 828 1
-374 -318 659 0
-579 -136 -491 2
268 234 -555 2
-536 -88 -537 0
-511 -328 -413 0
-737 -123 -456 2
-642 -627 755 2
-604 -230 -436 0
262 171 -241 0
-598 -418 645 2
402 -98 -375 0
487 256 -488 0
-206 -536 691 0
122 116 -170 2
-614 -235 -783 0
-326 -621 710 2
571 -43 -431 2
489 49 -497 2
433 204 -618 0
426 283 -293 0
-647 -461 840 2
242 -110 -358 2
288 51 -290 2
-491 -533 795 0
-623 -319 697 0
370 -118 -357 2
-395 -321 505 0
573 49 -303 2
-322 -492 805 0
-288 -299 -586 2
-270 -403 446 0
-440 -335 823 0
-438 -221 -652 2
-482 -65 -582 2
-323 -703 724 0
-737 -192 -555 0
307 239 -209 2
-342 -357 473 2
-714 -163 -496 0
-448 -626 618 2
-593 -297 -688 0
576 162 -498 2
-124 43 -492 0
534 200 -571 0
-728 -161 -537 0
-570 -387 -609 2
412 64 -600 2
-299 -497 467 0
-415 -469 -627 0
-298 -703 453 2
571 -46 -180 0
460 2 -179 0
320 -75 -524 2
-370 -168 -479 0
-512 -440 -542 2
397 -80 -269 0
-548 -714 726 0
-429 -327 -560 2
500 -62 -617 0
-595 -68 -789 0
-738 -495 -798 2
-654 -437 -676 2
-510 -405 -428 0
-576 -205 -693 0
558 -80 -276 2
445 238 -576 2
-505 -213 -540 2
-516 -165 -579 0
-428 -284 462 0
626 247 667 2
119 53 -612 0
444 194 -571 0
398 -126 -591 2
496 155 -261 2
-490 -498 465 0
-494 -294 -791 0
476 -105 -534 0
230 -152 -617 2
-299 -568 585 2
-383 -657 454 2
-657 -220 -621 2
-308 -434 471 2
-710 -314 -378 0
-630 -397 -366 2
-314 -268 -674 0
-683 -451 -387 2
-430 -589 748 2
-712 -469 -360 2
-257 -596 728 1
-702 -379 -734 2
-424 -311 -792 0
-638 -65 -657 0
-732 -176 -526 0
259 237 -402 2
-391 -63 -564 1
-499 -330 602 2
-368 -226 -480 0
-397 -80 -472 2
-540 -470 -429 0
-500 -689 463 2
444 241 -201 2
-386 -241 -723 2
-274 -636 738 0
-291 -538 654 2
441 168 -479 0
-475 -202 -460 2
-407 -491 459 0
-446 -673 456 0
407 -118 -199 0
117 25 -183 2
413 201 -308 2
-345 -468 625 2
127 -143 -590 0
-699 -497 -592 2
400 105 -246 0
-270 -623 669 2
-280 -484 583 0
-291 -349 -678 2
-400 -535 737 0
155 287 -505 1
-207 -357 536 0
-474 -585 -575 2
449 75 -619 2
-294 -132 -655 2
-498 -707 567 0
542 183 -262 0
-196 -468 -356 0
-610 -338 -553 2
-611 -371 -422 0
-291 -409 719 2
-501 -456 -337 2
-627 -720 758 0
-701 -85 -640 2
-431 -280 -601 2
-497 -422 712 0
-630 -636 687 0
411 -21 -565 0
-638 -320 -488 2
-417 -592 547 0
261 170 -338 0
-382 -729 606 0
550 -18 -394 2
-469 -456 -499 2
118 51 -477 0
-487 -634 892 0
-442 -146 -370 2
373 220 -356 0
-581 -394 529 2
390 29 -375 2
410 285 -562 2
-461 -621 907 0
-288 -557 787 2
-278 -526 908 0
-225 -408 832 2
-596 -572 470 2
-727 -415 -666 2
-340 -496 -455 0
127 107 -584 2
-495 -497 -690 0
477 165 -581 0
-562 -343 751 0
-438 -392 -653 2
-454 -428 -393 0
238 122 -419 0
-309 -248 -593 0
357 156 -430 2
-332 -397 849 0
-396 -495 -745 0
-636 -54 -520 1
-299 -444 -355 2
477 77 -181 2
-219 -609 716 0
-540 -499 539 0
139 -78 -604 2
255 578 181 2
-700 -413 -769 0
540 -40 -201 0
-442 -377 -797 2
405 87 -562 0
-356 -636 797 0
-518 -387 771 0
-428 -416 -410 2
436 274 -235 0
408 267 -626 0
-711 -97 -643 2
-316 -583 831 2
-262 -324 533 0
329 20 -197 0
362 262 -215 1
309 220 -294 0
427 -30 -249 0
-283 -613 680 0
545 286 -285 0
-304 -347 -684 2
-213 -593 836 0
530 244 -464 0
-369 -477 452 2
147 128 -611 2
-699 -664 305 0
263 -48 -534 0
-337 -235 -411 0
-436 -109 -699 2
233 168 -279 0
-674 -326 -413 0
419 76 -559 0
247 26 -284 0
383 281 -297 0
-313 -626 837 0
466 261 -607 1
455 28 -503 2
-602 -368 -511 2
-472 -416 694 0
-648 -224 -687 2
-574 -354 664 2
447 42 -345 2
-284 -490 555 1
523 -91 -225 0
-627 -308 830 2
474 219 -243 0
-613 -652 650 0
-404 -447 806 0
-732 -268 -460 2
-193 -311 757 0
-393 -316 635 0
-218 -631 558 2
-709 -103 -793 2
257 234 -382 0
-453 -512 791 2
347 162 -502 0
-330 -450 857 2
509 -5 -606 0
343 -80 -569 0
-290 -195 -791 2
340 252 -623 2
-645 -448 597 2
-477 -504 644 2
-425 -443 -421 0
-429 -335 447 2
-285 -78 -795 2
-290 -448 -603 2
-510 -166 -640 0
-371 -467 -526 0
-570 -670 565 0
-551 -268 -383 2
-456 -325 -700 2
-500 -187 -713 2
-486 -379 -596 2
560 -90 -167 0
-293 -574 861 0
-318 -252 -581 2
-439 -739 731 0
284 239 -420 2
573 93 -583 2
337 -660 -485 2
-449 -322 -649 2
-618 -322 806 0
275 -6 -545 0
-520 -320 -375 2
-544 -366 -576 2
-680 -63 -630 0
361 -159 -418 0
-502 -490 -631 2
-570 -457 726 0
-712 -79 -664 2
-331 -461 -503 0
-283 -724 866 2
-643 -411 854 0
-518 -69 -393 0
-686 -127 -694 0
-504 -158 -654 2
-536 -441 -674 2
185 219 -341 0
-319 -497 -547 0
342 84 -230 2
157 108 -257 0
-658 -503 -761 0
597 -579 670 2
-523 -646 742 2
-387 -421 539 0
-317 -242 -529 0
129 -68 -471 2
-533 -334 678 2
346 239 -574 1
440 -32 -551 0
470 189 -306 0
-399 -238 -440 2
-674 -325 -355 2
-397 -367 -669 2
-732 -162 -607 0
220 146 -224 2
-609 -496 -452 0
-499 -408 732 2
278 112 -588 0
-548 -570 476 2
187 -95 -212 0
149 251 -230 0
-528 -172 -590 2
-514 -187 -372 2
-466 -637 508 0
-413 -235 -500 2
-191 -377 873 0
-403 -63 -389 2
-493 -123 -697 0
-562 -471 -485 2
-262 -546 696 2
248 -13 -567 2
-616 -425 677 0
-32 -48 252 0
252 123 -270 2
562 205 -187 2
235 -70 -470 0
-479 -482 710 0
-402 -288 -406 0
-418 -672 905 2
-729 -157 -677 0
-490 -270 -449 1
-560 -51 -783 2
650 -184 -17 2
-589 -575 816 0
304 -5 -568 0
332 -33 -340 2
-325 -400 -721 2
285 39 -498 0
518 -14 -446 0
228 101 -249 2
400 -13 -219 2
251 91 -180 0
344 -12 -501 0
-360 -722 876 0
-353 -480 677 2
-681 -80 -675 0
-589 -694 759 0
-622 -500 714 2
-740 -206 -620 2
210 -79 -269 2
-556 -435 502 0
-338 -354 -362 0
-310 -501 862 2
165 -206 618 0
-357 -455 625 2
206 281 -175 2
-201 -291 674 2
-363 -289 -476 2
343 234 -606 2
-441 -701 564 0
-282 -264 -563 2
-561 -474 903 0
-363 -468 521 2
-206 -528 497 0
-584 -689 901 2
-369 -605 686 0
-326 -289 -473 0
-647 -372 544 0
-655 -305 -497 2
-671 -406 -359 2
-653 -381 646 0
-637 -591 479 0
-302 -195 -605 2
-544 -314 613 0
-357 -49 -566 0
484 -4 -376 0
-277 -346 715 2
169 129 -443 0
-596 -585 736 0
151 68 -413 0
-474 -686 613 2
-390 -292 -713 0
-468 -291 504 2
-474 -304 -552 0
-217 -303 901 2
193 -124 -264 0
545 -59 -393 0
-679 -408 -365 0
442 -91 -459 2
-248 -710 682 0
-420 -725 519 2
-381 -416 -409 0
-237 -487 534 2
-391 -654 681 2
-678 -447 -607 0
-430 -169 -793 0
543 -29 -580 2
-338 -619 856 0
-582 -191 -609 0
-288 -325 747 0
-339 -396 565 0
476 134 -606 0
-642 -352 -363 2
264 128 -409 0
340 -25 -181 2
-662 -504 -708 0
-563 -411 606 2
-543 -230 -537 0
194 19 -498 2
-332 -151 -452 0
359 105 -315 0
317 -35 -499 2
-277 -663 878 2
116 -103 -173 0
-563 -586 756 2
279 -88 -165 0
248 304 -597 2
523 291 -535 0
-690 -428 -761 0
510 272 -200 2
-518 -56 -724 2
-573 -127 -770 0
262 70 -320 0
563 282 -513 0
377 -51 -603 2
-566 -316 -707 0
454 -8 -347 2
-611 -345 -634 0
-318 -192 -728 2
-529 -343 -711 2
-653 -359 763 0
374 -103 -195 2
-602 -668 724 2
152 -32 -214 0
569 -44 -548 2
-598 -624 512 2
301 -148 -588 2
-309 -226 -672 0
-449 -314 -699 1
202 -81 -619 2
-499 -341 649 2
-378 -600 635 2
-493 -358 545 2
448 -69 -597 2
-587 -414 492 2
-538 -140 -738 0
407 -28 -194 2
-484 -549 898 0
592 19 -372 2
-593 -325 754 2
-364 -534 576 0
-480 -478 -714 0
-489 -612 586 2
-672 -193 -402 2
-302 -369 -581 0
-135 204 -489 2
483 57 -603 2
412 -104 -254 2
-524 -649 755 0
-433 -375 890 0
-381 -287 -707 2
-351 -293 629 2
-579 -514 775 0
-724 -210 -462 0
-617 -356 -558 2
-297 -301 -339 2
-213 -686 785 0
570 288 -362 0
-340 -642 654 2
-238 -450 577 0
467 124 -260 2
-666 -326 -642 0
460 179 -470 2
-547 -474 -649 1
555 48 -619 0
447 -96 -344 2
-308 -696 461 2
-200 -739 855 0
364 123 -395 0
383 8 -310 0
358 95 -302 2
-486 -224 -525 0
-460 -209 -333 2
-558 -286 728 0
-588 -450 -384 2
-326 -268 -617 0
-357 -571 824 0
-326 -628 769 2
-583 -288 -704 2
-688 -171 -631 2
-491 -354 -586 2
439 109 -448 1
-390 -382 -728 2
415 269 -617 0
-557 -441 857 1
-643 -111 -523 0
-290 204 -211 2
-449 -418 900 0
220 -51 -415 0
-321 -110 -701 0
-381 -572 651 2
-676 -300 -559 2
383 123 -388 0
-560 -488 634 2
-474 -657 718 2
410 147 -496 0
147 -68 -507 0
309 -117 -493 0
-525 -239 -358 2
-581 -304 -554 2
-422 -311 484 0
268 -41 -347 2
-476 -643 753 2
208 242 -503 0
389 233 -473 2
-528 -572 456 0
-500 -85 -576 0
-273 -476 777 0
495 274 -531 0
-361 -343 497 0
158 -121 -416 2
154 680 366 2
-530 -248 -479 0
128 -10 -418 2
-730 -502 -626 2
-728 -225 -662 0
442 -20 -166 0
236 10 -437 0
204 259 -502 2
236 136 -569 0
-599 -636 660 1
-383 -323 600 2
-370 -440 -730 2
414 -88 -334 2
263 45 -263 2
-477 -509 865 2
410 291 -372 2
-434 -362 502 0
-544 -384 574 0
211 275 -428 0
-298 -179 -596 2
571 185 -368 0
378 206 -206 0
551 10 -610 0
-376 -74 -776 2
112 -11 -490 2
-459 -705 780 0
-575 -447 -522 0
-702 -261 -675 2
-327 -509 830 1
-539 -114 -371 0
165 -30 -431 0
328 289 -193 2
-695 -397 -554 2
-557 -433 855 0
-451 -345 543 2
-407 -394 501 2
341 -122 -326 2
-523 -447 -725 0
-201 -575 457 1
-506 -456 789 2
-370 -361 -384 0
358 -57 -360 2
-398 -133 -679 2
-463 -282 535 2
466 115 -532 0
-650 -398 -420 1
-378 -393 -575 2
-616 -463 -462 2
350 -63 -579 2
-577 -86 -370 0
-240 -560 857 0
-630 -366 -541 2
-222 -471 576 0
451 -60 -255 2
-67 -640 -190 0
-347 -440 -756 2
449 212 -435 2
-469 -365 -358 0
-641 -349 -360 0
-397 -674 587 2
236 65 -527 2
-366 -53 -390 2
-508 -358 556 0
-385 -455 -728 2
-604 -156 -428 2
-551 -279 640 0
147 303 -580 2
-423 -477 -558 0
-414 -489 -396 2
349 98 -475 0
-376 -381 764 0
-342 -690 593 2
-662 -445 -723 0
-547 -560 907 0
-368 -460 458 0
-359 -424 -440 2
-588 566 456 0
-277 -701 459 0
-286 -425 -723 0
-208 -494 585 2
475 92 -386 0
-319 -439 711 0
-379 -389 909 0
-376 -628 633 2
-574 -347 -773 0
-381 -51 -341 2
167 194 -618 2
-537 -581 701 2
-468 -87 -563 0
543 60 -218 0
572 -132 -258 2
470 -81 -583 2
-480 -274 540 0
-729 -412 -591 0
503 -106 -285 0
-281 -425 826 2
157 16 -351 1
282 2 -380 2
-579 -430 584 2
-655 -129 -760 2
231 184 -478 0
489 175 -405 2
516 44 -308 0
630 9 -668 2
494 273 -495 0
513 186 -379 0
-357 -87 -564 1
-191 -557 505 2
519 -319 605 0
188 302 -424 0
-195 -483 856 2
-242 -311 499 2
-363 -469 653 2
-426 -412 -447 0
-570 -673 570 2
484 -147 -306 2
-540 -695 834 0
-542 -214 -474 0
-481 -732 752 2
699 525 411 2
460 43 -230 0
-704 -197 -664 0
-591 -142 -631 0
-579 -639 659 2
-234 -443 725 0
-612 -644 787 0
-743 -108 -631 2
123 69 -495 2
-204 -342 735 1
326 -6 -434 0
153 150 -606 0
-193 -496 820 2
-573 -326 -553 0
502 7 -451 2
-423 -80 -651 0
426 -85 -548 2
-719 -97 -637 2
-240 -552 820 0
-478 -329 782 0
-381 -366 -616 2
-430 -376 662 0
-600 -234 -409 0
-450 -195 -640 2
345 194 -468 2
-714 -355 -719 0
277 183 -353 0
-349 -738 865 2
471 269 -438 2
563 76 -513 1
-541 -59 -534 0
-213 -659 815 0
-379 -527 862 2
-311 -351 864 0
-454 -262 -633 0
-352 -381 -740 0
-585 -209 -490 2
479 246 -372 0
-465 -293 -455 0
-264 -653 772 2
-604 -225 -421 2
-567 -194 -353 0
509 -114 -339 1
-471 -732 743 2
-421 -460 784 2
-515 -378 -541 0
316 149 -397 0
-646 -347 -642 0
269 7 -356 2
476 -22 -425 0
-677 -130 -507 0
-411 -509 823 0
-518 -501 566 2
-370 -607 821 1
-549 -242 -642 0
-601 -669 603 2
214 343 -624 2
300 22 -562 2
-612 -480 551 0
-724 -229 -781 0
384 18 -228 2
-445 -568 577 2
-415 -645 771 0
-609 -388 -515 0
542 -110 -489 2
-628 -690 681 0
181 67 -404 0
-464 -169 -769 2
-632 -470 564 2
-336 -713 724 0
136 18 -216 0
-635 -459 -724 0
442 -42 -216 2
465 288 -436 0
-541 -601 768 0
-665 -154 -428 0
-277 -377 858 0
-223 -543 899 0
567 -141 -607 0
-528 -673 606 0
-382 -400 -597 2
-506 -634 708 0
488 -96 -614 0
-507 -535 493 0
-601 -294 -480 2
425 -153 -397 1
-735 -57 -692 0
354 259 -168 2
-318 -365 851 2
-253 -575 476 2
-528 -208 -519 0
-555 -552 635 0
-586 -349 670 2
-484 -322 736 2
494 103 -624 0
-446 -464 -487 0
420 163 -577 2
187 152 -332 0
-394 -249 -594 2
-288 -461 -477 2
450 -7 -286 2
-304 -354 787 0
202 162 -568 2
436 -3 -290 2
-522 -489 -523 2
-560 -415 -394 0
-393 -446 -672 1
218 54 -322 0
96 -223 42 2
332 -78 -172 0
-732 -115 -664 1
-695 -472 -540 2
-720 -340 -639 0
-322 -184 -565 2
-529 -532 672 0
-360 -363 654 2
-216 37 -482 2
-286 -488 -388 0
492 172 -458 0
-232 532 124 2
-391 -734 534 2
-470 -301 -622 2
-216 -467 593 0
-653 -477 -556 2
-490 -612 571 2
327 209 -417 0
318 168 -570 0
-489 -547 694 2
-679 -374 -611 2
-232 -735 766 0
-367 -717 691 2
461 -63 -286 2
-383 -394 479 2
-315 -313 513 0
457 -147 -292 0
-428 -708 861 0
-509 -301 659 2
398 225 -348 0
-221 -321 685 2
573 -92 -170 0
-598 -421 614 2
-393 -341 -454 2
-541 -403 447 0
375 -84 -197 2
270 -76 -397 2
-460 -289 -531 2
-329 -365 508 2
-586 -344 701 2
-636 -496 195 2
364 178 -378 2
168 -14 -212 0
-709 -382 -566 0
-701 -217 -696 2
-386 -162 -736 2
186 -159 -403 0
-450 -395 -458 0
-410 -461 -713 2
-396 -580 585 2
-599 -282 -347 0
-447 -695 881 2
-471 -641 526 2
-525 -499 665 0
435 190 -373 1
328 -55 -583 2
-314 -251 -394 2
-337 -652 831 0
118 165 -308 2
501 -91 -543 1
-461 -601 754 2
377 -95 -278 2
-695 -128 -652 0
-676 -225 -498 2
141 34 -560 2
-374 -357 -520 2
279 -100 -336 0
-573 -454 -466 0
196 91 -236 2
490 -106 -232 0
-574 -359 485 0
174 0 -393 2
309 101 -398 2
-344 211 -454 0
331 297 -320 0
448 -8 -547 1
-526 -506 -353 2
470 160 -355 2
-447 -276 862 0
-217 -720 570 2
-612 -251 -604 2
398 35 -226 0
-597 -71 -472 2
204 163 -542 2
-640 -534 552 2
-483 -622 618 0
-468 -305 887 0
-433 -464 826 0
-265 -517 711 0
-502 -374 543 2
-566 -665 853 2
526 -89 -228 0
-314 -476 670 2
-651 -477 603 0
197 -33 -491 0
-380 -279 -661 0
-543 -213 -700 2
146 101 -569 0
-618 -317 -769 0
-673 -174 -579 2
337 163 -193 2
333 27 -338 0
-540 -384 -652 0
-309 -147 -681 0
-601 -371 520 2
-574 -327 -339 2
-413 -83 -463 0
-717 -68 -718 0
211 129 -440 2
-432 -448 756 0
325 243 -351 0
-588 -158 -536 0
-344 -315 553 2
219 22 -379 2
224 114 -304 0
-557 -390 -623 2
220 -106 -610 2
