227 -513 -241, -268 2 -393, -806 440 -374, -688 463 -451, 
264 -581 -270, -268 2 -393, -806 440 -374, -688 463 -451, 
268 -584 -270, -268 2 -393, -806 440 -374, -688 463 -451, 
268 -584 -270, -355 -103 -156, -806 440 -374, -688 463 -451, 
263 -580 -273, -355 -103 -156, -806 440 -374, -688 463 -451, 
262 -579 -274, -355 -103 -156, -806 440 -374, -688 463 -451, 
262 -579 -274, -406 -75 -100, -806 440 -374, -688 463 -451, 
244 -562 -284, -406 -75 -100, -806 440 -374, -688 463 -451, 
235 -554 -288, -406 -75 -100, -806 440 -374, -688 463 -451, 
231 -550 -291, -406 -75 -100, -806 440 -374, -688 463 -451, 
229 -548 -292, -406 -75 -100, -806 440 -374, -688 463 -451, 
228 -547 -292, -406 -75 -100, -806 440 -374, -688 463 -451, 
227 -547 -292, -406 -75 -100, -806 440 -374, -688 463 -451, 
227 -546 -292, -406 -75 -100, -806 440 -374, -688 463 -451, 
227 -546 -293, -406 -75 -100, -806 440 -374, -688 463 -451, 
227 -546 -293, -427 -63 -78, -806 440 -374, -688 463 -451, 
213 -533 -299, -427 -63 -78, -806 440 -374, -688 463 -451, 
204 -524 -303, -427 -63 -78, -806 440 -374, -688 463 -451, 
197 -517 -306, -427 -63 -78, -806 440 -374, -688 463 -451, 
193 -513 -308, -427 -63 -78, -806 440 -374, -688 463 -451, 
190 -510 -310, -427 -63 -78, -806 440 -374, -688 463 -451, 
187 -507 -311, -427 -63 -78, -806 440 -374, -688 463 -451, 
186 -505 -312, -427 -63 -78, -806 440 -374, -688 463 -451, 
185 -504 -312, -427 -63 -78, -806 440 -374, -688 463 -451, 
184 -504 -312, -427 -63 -78, -806 440 -374, -688 463 -451, 
184 -503 -312, -427 -63 -78, -806 440 -374, -688 463 -451, 
183 -503 -313, -427 -63 -78, -806 440 -374, -688 463 -451, 
183 -503 -313, -455 -50 -42, -806 440 -374, -688 463 -451, 
160 -480 -322, -455 -50 -42, -806 440 -374, -688 463 -451, 
143 -464 -328, -455 -50 -42, -806 440 -374, -688 463 -451, 
131 -454 -332, -455 -50 -42, -806 440 -374, -688 463 -451, 
124 -447 -334, -455 -50 -42, -806 440 -374, -688 463 -451, 
120 -443 -335, -455 -50 -42, -806 440 -374, -688 463 -451, 
117 -441 -336, -455 -50 -42, -806 440 -374, -688 463 -451, 
115 -440 -336, -455 -50 -42, -806 440 -374, -688 463 -451, 
114 -439 -337, -455 -50 -42, -806 440 -374, -688 463 -451, 
113 -438 -337, -455 -50 -42, -806 440 -374, -688 463 -451, 
113 -438 -337, -514 -26 44, -806 440 -374, -688 463 -451, 
72 -405 -345, -514 -26 44, -806 440 -374, -688 463 -451, 
57 -393 -347, -514 -26 44, -806 440 -374, -688 463 -451, 
53 -389 -348, -514 -26 44, -806 440 -374, -688 463 -451, 
52 -388 -348, -514 -26 44, -806 440 -374, -688 463 -451, 
51 -388 -348, -514 -26 44, -806 440 -374, -688 463 -451, 
51 -388 -348, -583 1 172, -806 440 -374, -688 463 -451, 
36 -376 -347, -583 1 172, -806 440 -374, -688 463 -451, 
35 -375 -347, -583 1 172, -806 440 -374, -688 463 -451, 
35 -375 -347, -605 8 214, -806 440 -374, -688 463 -451, 
35 -374 -347, -605 8 214, -806 440 -374, -688 463 -451, 
35 -374 -347, -606 8 215, -806 440 -374, -688 463 -451, 
35 -374 -347, -606 8 216, -806 440 -374, -688 463 -451, 
35 -374 -347, -606 8 216, -788 481 -411, -688 463 -451, 
35 -374 -347, -606 8 216, -781 544 -464, -688 463 -451, 
35 -374 -347, -606 8 216, -740 584 -541, -688 463 -451, 
35 -374 -347, -606 8 216, -677 582 -576, -688 463 -451, 
35 -374 -347, -606 8 216, -644 564 -587, -688 463 -451, 
35 -374 -347, -606 8 216, -632 551 -591, -688 463 -451, 
35 -374 -347, -606 8 216, -628 545 -594, -688 463 -451, 
35 -374 -347, -606 8 216, -627 542 -595, -688 463 -451, 
35 -374 -347, -606 8 216, -627 541 -596, -688 463 -451, 
35 -374 -347, -606 8 216, -627 540 -596, -688 463 -451, 
35 -374 -347, -606 8 216, -627 539 -597, -688 463 -451, 
35 -374 -347, -606 8 216, -627 539 -597, -673 476 -448, 
35 -374 -347, -606 8 216, -632 534 -604, -673 476 -448, 
35 -374 -347, -606 8 216, -635 531 -607, -673 476 -448, 
35 -374 -347, -606 8 216, -636 530 -609, -673 476 -448, 
35 -374 -347, -606 8 216, -636 530 -609, -661 489 -444, 
35 -374 -347, -606 8 216, -641 525 -612, -661 489 -444, 
35 -374 -347, -606 8 216, -642 524 -613, -661 489 -444, 
35 -374 -347, -606 8 216, -643 523 -613, -661 489 -444, 
35 -374 -347, -606 8 216, -643 523 -613, -654 498 -442, 
34 -374 -347, -606 8 216, -643 523 -613, -654 498 -442, 
34 -374 -347, -606 8 216, -645 520 -614, -654 498 -442, 
34 -374 -347, -606 8 216, -646 519 -615, -654 498 -442, 
34 -374 -347, -606 8 216, -646 518 -615, -654 498 -442, 
34 -374 -347, -606 8 216, -646 518 -615, -651 504 -441, 
34 -374 -347, -606 8 216, -647 516 -615, -651 504 -441, 
35 -374 -347, -606 8 216, -647 516 -615, -651 504 -441, 
35 -374 -347, -606 8 216, -648 515 -616, -651 504 -441, 
35 -374 -347, -606 8 216, -648 514 -616, -651 504 -441, 
35 -374 -347, -606 8 216, -648 514 -616, -648 508 -441, 
35 -374 -347, -606 8 216, -649 512 -616, -648 508 -441, 
35 -374 -347, -606 8 216, -649 511 -616, -648 508 -441, 
35 -374 -347, -606 8 216, -649 511 -616, -647 510 -441, 
35 -374 -347, -606 8 216, -650 510 -616, -647 510 -441, 
35 -374 -347, -606 8 216, -650 510 -616, -647 511 -441, 
35 -374 -347, -606 8 216, -650 510 -616, -646 511 -441, 
