100
-624 -549 723
-649 -184 -393
-519 -545 580
-241 -523 488
-193 -442 617
-733 -81 -473
-712 -400 -408
-731 -196 -794
-278 -537 572
-338 -314 698
130 -3 -382
328 -47 -446
130 -59 -258
-493 -306 864
144 -4 -318
-401 -603 783
-500 -419 683
-469 -458 -679
180 115 -586
-355 -284 -791
-699 -147 -393
-640 -572 648
-307 -141 -733
502 -69 -586
422 257 -531
-447 -213 -333
-320 -418 724
182 -28 -301
424 -140 -556
-465 -732 871
180 10 -385
-501 -360 603
-732 -52 -430
412 191 -224
-266 -312 609
-476 -390 671
562 -158 -531
-296 -487 467
398 252 -306
144 241 -569
204 162 -388
440 269 -168
485 34 -383
-311 -392 -531
418 281 -393
-436 -392 -779
-216 -538 635
-239 -708 763
-278 -379 -624
-434 -358 535
-506 -448 513
-445 -360 613
-582 -119 -516
203 226 -216
-439 -599 527
-641 -222 -751
-588 -260 -553
-284 -438 790
550 146 -504
-326 -157 -428
-649 -442 -553
-505 -351 898
184 -62 -271
-422 -482 682
520 241 -279
264 25 -565
-624 -410 -735
-296 -380 -781
-563 -452 712
526 -65 -476
-552 -321 -469
424 -33 -469
-336 -430 -773
-326 -432 735
-383 -339 -442
-721 -392 -790
590 455 405
310 41 -456
-581 -361 765
-338 -109 -765
393 216 -519
524 -28 -472
-648 -691 659
405 105 -204
501 -17 -238
366 -38 -366
-413 -625 479
-284 -633 833
-444 -728 824
-707 -482 -512
447 -119 -240
-332 -490 454
-269 -290 696
456 87 -483
412 -11 -539
-437 -368 637
-338 -420 882
-143 -404 -527
-496 -76 -690
-614 -346 445
