81 22 0
79 42 36
50 34 16
57 23 8
66 57 10
63 25 17
68 18 -1
83 19 39
72 37 0
77 43 29
86 19 12
74 30 14
58 36 24
78 54 9
70 52 19
76 47 35
65 38 14
52 44 19
81 24 31
75 55 7
55 58 38
61 18 23
68 55 13
84 44 34
81 33 24
86 49 7
57 56 30
56 36 27
51 47 22
62 58 10
49 46 33
68 27 6
52 42 0
60 25 22
54 26 36
74 47 25
59 35 34
55 38 0
70 33 -1
85 53 1
78 51 29
54 30 35
57 34 10
70 32 27
47 52 22
58 38 13
70 26 11
58 57 38
67 18 16
63 45 23
64 41 30
58 37 10
80 43 22
69 45 14
75 21 38
47 43 9
52 23 15
49 22 1
62 37 7
53 47 31
85 20 6
84 42 26
73 22 9
72 44 9
86 20 13
75 31 18
48 30 23
76 32 7
56 43 21
60 44 16
56 30 26
59 30 25
81 27 18
64 23 21
59 18 39
60 21 8
67 22 35
47 43 31
86 19 18
70 42 18
70 52 33
50 51 30
56 24 22
68 33 37
59 50 19
70 32 6
77 42 20
77 56 5
66 21 -1
83 37 0
71 39 31
72 58 9
61 44 5
84 18 33
50 26 29
70 19 27
67 18 14
73 56 9
66 42 10
65 32 31
77 45 32
49 55 18
68 27 33
62 29 7
60 27 7
49 37 3
75 33 3
86 47 18
59 42 12
68 24 7
50 20 31
66 28 21
83 34 38
61 28 29
63 23 31
65 41 36
58 28 16
77 18 -1
87 56 14
57 37 2
47 54 27
76 56 24
72 24 11
56 26 36
77 47 14
83 21 -1
55 47 38
58 38 19
62 49 30
83 21 28
53 46 28
53 48 18
65 21 32
57 23 0
52 46 31
58 55 -1
60 37 36
48 38 35
72 41 28
80 34 9
87 43 22
67 42 17
48 22 23
84 56 1
63 53 21
64 28 16
74 41 2
87 57 34
65 52 19
48 23 14
52 58 20
61 18 12
68 29 23
80 28 39
66 22 38
52 19 33
70 31 37
53 46 37
65 58 35
63 18 0
69 25 2
67 43 6
70 24 13
53 20 4
56 25 28
73 45 0
79 33 26
83 31 -1
80 41 11
83 33 4
54 18 28
66 41 11
47 30 19
64 31 26
85 25 0
84 33 33
58 48 22
83 52 13
62 23 37
64 22 4
64 21 36
69 33 34
86 38 6
75 42 17
75 48 15
56 32 16
87 32 5
50 30 9
81 33 18
86 21 33
58 46 0
57 54 -1
50 28 33
85 48 15
66 32 4
52 32 30
78 52 34
57 19 37
82 33 12
50 52 39
64 25 30
65 51 38
52 31 38
74 32 27
76 57 7
69 38 31
70 54 6
68 25 30
73 43 33
74 30 8
73 31 19
74 57 36
84 46 13
51 48 2
69 30 7
69 18 34
79 37 27
60 39 39
66 45 5
54 41 8
78 39 -1
50 47 2
77 21 11
71 25 1
50 51 9
68 23 20
80 49 12
79 39 29
78 22 39
72 48 31
50 56 23
55 23 39
47 53 4
78 44 32
72 25 17
72 23 12
53 58 38
81 38 6
71 58 31
52 47 31
86 58 26
47 47 12
72 46 18
60 53 29
67 23 7
50 41 28
84 50 11
74 53 26
71 30 33
60 39 5
63 31 18
78 32 10
59 20 37
50 25 18
71 50 20
49 36 30
50 35 0
59 21 0
80 51 10
58 49 19
59 58 20
78 28 23
86 58 5
78 23 3
85 37 12
77 25 25
86 44 37
79 44 25
74 42 26
57 40 34
66 40 30
85 44 24
48 39 37
87 23 4
72 19 34
80 20 5
51 27 39
64 22 1
81 45 22
48 56 29
55 43 8
51 39 30
62 35 9
53 50 29
73 20 7
47 56 33
63 50 10
85 53 5
82 40 7
51 58 16
57 29 10
87 22 38
53 18 18
66 29 16
72 23 13
49 19 28
64 29 11
75 48 29
51 55 13
86 25 11
75 52 0
64 29 6
83 22 26
48 57 27
52 39 0
74 56 39
64 42 1
50 19 19
80 31 16
54 42 14
71 35 35
52 55 7
70 38 8
49 22 35
71 34 31
55 58 20
85 35 22
57 23 1
57 48 31
66 39 25
78 43 23
75 56 4
73 52 3
75 38 18
60 57 8
54 53 10
65 47 5
53 40 36
74 50 0
60 28 21
55 29 11
82 42 4
51 28 35
66 39 18
61 43 24
64 26 13
80 26 10
73 51 13
47 40 24
47 33 15
65 39 28
81 23 23
65 41 14
50 39 2
81 45 27
74 44 11
75 54 17
64 51 3
51 33 16
68 54 17
59 53 39
80 38 22
63 47 34
47 38 32
74 30 38
54 54 29
73 57 8
55 38 29
70 25 2
77 40 22
51 44 10
55 46 10
77 43 24
81 34 26
83 33 1
63 35 10
52 37 31
59 33 18
61 44 11
48 42 9
74 47 28
70 56 26
83 34 25
87 51 36
59 38 29
60 24 9
66 46 30
73 34 16
64 46 30
48 38 25
56 40 27
72 37 15
78 18 7
53 44 36
51 36 27
74 43 19
72 28 13
79 36 15
49 43 5
84 23 16
85 20 37
67 34 1
63 39 4
70 28 1
87 47 11
76 27 15
56 40 27
47 41 10
81 58 1
66 34 23
81 34 23
78 55 34
74 22 24
58 34 24
57 23 23
84 57 -1
70 32 19
79 50 26
84 20 12
65 27 20
50 25 13
64 37 1
49 46 3
56 37 15
48 32 11
73 42 15
79 40 10
50 46 7
61 29 3
53 57 21
87 41 3
86 24 1
63 44 7
79 50 21
59 33 13
58 52 36
66 56 32
75 29 35
70 20 7
50 57 17
81 50 20
61 56 7
71 37 7
84 36 7
86 42 8
61 54 9
53 25 31
49 41 14
79 46 16
58 43 23
68 28 1
81 49 29
48 48 34
68 43 23
86 52 21
58 32 3
59 35 4
47 43 20
73 57 22
76 29 26
68 36 23
63 49 8
57 56 7
55 34 6
60 37 26
76 45 13
48 51 -1
50 45 10
81 28 34
61 27 28
67 57 39
64 53 34
84 40 4
77 38 39
72 28 2
55 31 33
75 25 18
66 42 16
84 41 36
55 19 -1
71 39 32
82 54 23
75 44 10
63 51 21
56 24 29
81 36 8
64 22 10
47 44 15
81 23 31
61 55 9
71 27 17
54 51 24
82 20 13
72 26 2
71 26 25
59 36 3
63 36 36
61 52 6
82 49 19
47 27 21
66 47 31
70 23 7
60 57 15
83 23 8
85 58 18
67 20 33
63 33 19
83 28 10
56 57 16
48 19 4
70 39 13
61 33 3
68 52 30
76 18 17
82 42 6
84 58 35
73 44 9
65 29 31
58 31 -1
82 55 4
57 30 5
62 57 2
66 37 30
49 57 32
61 26 23
76 34 31
60 58 25
55 50 12
62 40 23
83 19 10
58 53 35
79 36 12
86 58 26
70 24 28
77 40 34
75 58 23
65 53 12
51 23 9
69 50 39
57 48 30
52 53 3
53 30 0
52 42 17
61 43 5
62 23 10
76 42 12
52 33 2
56 19 28
82 53 36
85 23 27
77 18 32
80 30 14
78 28 25
62 58 5
66 47 29
87 22 39
85 38 14
81 43 22
78 32 1
65 33 26
84 30 37
51 41 16
69 26 10
70 20 35
59 45 16
58 47 21
77 58 0
50 23 18
77 33 7
48 23 30
54 42 20
60 55 9
64 58 37
74 28 31
58 22 35
59 21 27
57 24 30
69 29 2
80 57 37
52 31 17
78 40 39
61 52 20
87 53 -1
71 30 32
80 44 14
81 39 20
53 47 17
70 31 27
48 41 10
79 38 17
72 38 24
85 54 13
62 49 6
58 30 24
63 24 16
49 27 30
82 25 11
67 27 33
73 26 8
62 29 4
51 38 11
82 32 15
82 28 2
82 44 18
73 50 10
72 19 2
57 30 27
85 27 9
78 40 14
82 31 27
71 43 1
82 46 -1
58 54 5
84 30 13
65 23 12
54 24 30
76 19 7
81 35 26
85 21 13
62 54 2
86 39 26
58 53 26
78 52 -1
59 23 18
81 20 2
82 41 5
50 27 0
53 26 38
60 26 35
57 19 18
87 37 13
77 49 35
67 34 0
80 37 32
53 31 9
83 56 31
58 26 34
77 39 34
76 55 28
67 23 30
53 32 23
48 38 36
62 45 7
78 58 19
76 40 7
51 43 30
58 31 9
61 46 1
84 19 9
58 42 38
49 47 12
78 40 12
66 30 3
73 45 31
68 27 6
70 21 1
60 41 16
73 25 34
50 35 27
86 23 0
69 45 14
64 56 6
71 32 14
59 42 26
85 23 19
56 46 2
83 48 24
52 48 37
56 46 3
78 57 6
63 55 1
68 55 39
74 20 13
75 23 8
85 43 -1
75 46 7
87 56 38
64 32 22
81 57 34
74 35 8
77 33 1
67 36 36
68 52 35
59 54 39
59 31 35
56 32 21
68 54 37
71 19 24
50 32 27
50 52 15
50 19 16
79 58 8
77 29 14
64 39 6
64 28 1
73 50 26
49 18 10
84 57 -1
53 28 34
62 21 29
78 49 10
65 30 19
67 45 3
72 54 27
55 23 2
84 41 22
62 40 29
68 26 15
58 48 5
66 26 0
85 45 4
61 55 27
54 24 4
68 49 34
72 44 1
74 24 9
56 28 13
81 27 15
65 50 4
66 34 9
49 29 15
55 23 6
86 34 20
75 19 10
57 33 35
79 58 34
59 25 12
72 33 7
60 21 35
79 30 1
64 24 19
57 57 6
60 36 37
54 56 39
48 55 5
74 41 3
66 21 13
62 37 33
87 21 12
74 24 0
80 39 4
51 28 2
49 44 21
56 45 29
72 29 5
52 53 32
64 46 24
48 21 29
68 37 34
75 56 38
86 25 35
54 58 27
66 34 29
66 42 32
57 22 10
69 44 12
65 56 10
85 42 11
62 45 4
69 21 9
72 57 33
62 50 21
69 37 15
80 58 9
84 21 15
53 35 9
71 51 22
56 30 21
53 53 8
49 28 28
51 58 16
63 30 17
55 47 25
80 24 16
59 56 6
65 50 3
84 34 32
87 28 29
83 38 4
51 55 6
67 36 13
72 51 11
55 46 7
47 35 20
67 57 -1
53 47 11
84 58 13
69 32 36
65 52 14
84 31 6
58 39 39
78 27 6
69 37 2
58 20 25
81 55 37
70 56 36
68 58 30
68 51 3
52 58 24
72 44 35
71 58 11
79 43 15
60 58 35
55 35 -1
61 47 24
47 53 16
50 41 2
55 37 23
82 20 21
47 20 29
78 38 28
65 23 22
68 23 3
75 18 16
55 23 13
76 20 32
60 23 15
76 32 33
53 28 26
66 49 15
54 25 37
54 40 6
51 57 34
47 32 11
68 31 28
51 49 15
51 42 0
62 49 38
78 29 3
63 41 5
55 39 7
57 38 39
50 37 36
69 55 0
80 37 -1
49 55 19
66 56 30
58 18 4
54 25 5
67 27 1
83 30 20
69 24 21
50 40 2
59 53 3
79 31 24
63 24 29
73 29 1
54 46 13
52 50 37
56 24 1
59 58 29
52 36 12
70 30 22
49 41 31
72 35 5
67 55 14
64 42 34
55 28 12
51 19 24
51 30 4
48 41 8
84 53 24
59 19 31
78 21 28
64 33 22
53 58 18
70 35 28
87 18 36
48 35 -1
87 40 0
68 51 34
69 46 11
55 51 28
65 22 32
75 36 -1
47 33 38
53 18 16
69 40 14
59 28 2
72 30 29
71 18 18
83 42 35
63 47 29
71 26 38
59 25 5
67 18 20
69 18 20
86 24 9
86 56 10
52 54 9
58 29 10
71 51 33
62 49 0
68 40 24
48 18 14
72 34 20
72 21 26
62 35 27
50 51 0
48 23 39
79 58 37
68 21 6
65 45 23
57 43 9
47 25 0
61 24 38
65 35 -1
58 36 24
81 39 6
85 38 22
56 53 2
77 23 15
68 27 24
65 24 20
80 41 0
52 39 22
64 45 31
85 32 20
57 48 21
83 47 8
85 39 39
66 38 5
67 20 27
47 22 24
49 31 18
54 57 36
86 41 13
59 44 21
68 26 36
85 24 37
81 43 18
61 55 32
78 31 11
67 29 22
48 40 2
77 19 25
59 40 14
56 21 35
71 47 20
47 25 16
74 32 9
81 44 23
80 47 29
80 34 39
66 33 28
78 36 3
49 52 2
67 47 13
57 25 36
58 26 23
70 19 17
72 24 37
58 32 26
70 55 34
71 51 13
82 34 31
75 22 37
75 23 27
59 55 38
58 46 39
60 50 1
74 28 14
56 35 0
83 57 36
47 58 21
70 33 27
79 51 35
52 19 2
68 48 25
86 39 33
80 35 37
63 43 19
51 33 34
56 57 11
61 43 22
61 27 29
55 25 2
66 28 38
66 23 8
82 31 32
60 51 25
68 33 27
53 24 12
87 29 28
79 25 25
54 39 3
52 27 18
66 18 35
64 20 34
59 33 34
73 53 25
77 31 31
73 46 26
61 48 6
82 45 21
48 25 25
73 36 38
87 48 4
61 51 24
86 26 36
49 18 6
84 30 7
55 42 23
62 18 21
79 54 23
61 40 6
77 36 16
48 44 34
59 18 17
67 54 1
34 18 55
24 -5 77
13 -2 51
27 20 70
32 19 78
34 18 75
11 22 71
33 25 81
39 -9 47
3 -1 57
39 8 50
9 21 81
20 -2 67
35 14 67
8 27 52
29 -6 81
30 24 57
23 13 72
14 9 64
33 -1 54
23 -10 45
23 -4 47
9 -10 45
27 -12 70
29 11 60
12 28 84
32 6 63
25 -11 81
28 -5 57
16 -1 45
28 9 49
5 -7 78
16 9 46
43 12 73
38 26 65
35 -1 47
24 23 72
34 -8 68
3 -7 66
23 13 56
19 1 80
24 -8 74
31 27 71
43 13 49
22 0 79
37 18 80
23 -11 49
9 13 76
32 10 68
27 14 76
36 -7 81
23 1 48
31 5 45
7 23 57
27 14 51
8 16 79
5 16 79
37 25 50
32 -4 65
12 13 82
32 0 52
36 20 79
31 19 61
26 -5 45
3 -1 52
23 22 80
22 16 65
10 26 52
21 17 75
40 3 72
16 17 65
33 -1 66
39 -5 47
20 6 65
34 7 58
3 23 46
5 1 85
29 15 75
38 -12 80
32 11 49
15 -12 72
38 -12 66
25 14 65
43 18 75
25 6 79
40 28 47
22 17 62
41 24 76
40 28 72
4 19 56
5 -11 82
40 -1 64
15 -12 81
27 16 56
41 -5 58
7 17 46
30 25 47
28 -7 58
32 21 78
16 13 56
32 -3 62
3 -3 68
8 10 76
37 28 70
38 17 84
36 20 47
6 3 84
32 -9 54
20 -2 80
40 -4 78
40 25 55
30 23 76
8 -6 80
18 5 76
17 23 50
39 -2 56
9 22 85
9 12 49
9 9 79
30 15 66
8 19 71
10 -1 58
43 9 79
10 22 75
5 5 53
3 -8 54
12 9 82
34 4 53
7 26 77
30 15 80
40 16 45
24 -9 66
5 28 64
38 1 77
7 20 85
34 4 77
22 15 66
9 -3 63
8 26 54
38 14 83
21 23 67
30 11 81
38 28 85
30 -2 67
8 10 75
5 8 76
35 19 57
42 22 83
8 -8 85
26 -11 73
23 7 78
25 19 71
36 -11 77
42 14 52
6 13 49
41 28 73
25 8 78
31 5 77
30 26 75
8 11 69
21 -2 57
10 9 65
19 8 80
10 24 71
39 15 78
22 2 71
10 19 46
21 17 61
18 -6 67
29 -3 56
4 28 83
9 -6 63
37 -6 75
12 -5 74
30 6 64
9 16 49
18 24 49
27 1 55
26 -11 64
39 -5 66
41 27 74
26 -2 47
20 6 66
27 -5 77
39 -9 85
36 14 69
12 17 80
21 -11 57
10 -1 62
5 -2 66
9 -10 51
8 11 78
22 17 61
30 5 60
23 23 45
3 8 58
7 26 56
34 -5 68
26 8 79
17 -12 70
12 -10 85
8 26 50
31 19 80
32 1 57
30 -11 56
39 7 67
11 4 49
19 16 51
39 10 72
22 6 75
16 -1 76
3 16 82
35 27 81
14 -8 77
11 -5 59
28 -11 79
8 20 47
32 21 51
10 19 78
13 20 50
40 14 62
31 -3 73
27 15 47
24 -1 70
4 11 46
13 -11 47
39 8 66
28 14 85
15 27 82
39 7 58
4 16 53
32 1 53
22 2 53
9 19 74
42 -4 48
20 -9 85
28 27 85
24 11 53
10 19 75
35 12 84
8 1 71
19 -12 45
34 23 81
9 -5 59
27 11 51
32 21 58
33 1 53
38 -7 68
23 -2 61
20 2 73
18 -6 57
20 14 53
39 25 63
22 7 78
9 6 78
6 -7 84
25 8 62
41 24 66
4 16 45
22 7 53
16 20 53
39 -1 72
12 19 78
22 28 53
3 17 57
41 -9 82
19 6 68
16 19 66
17 12 66
41 20 80
21 -12 73
13 -9 52
18 22 45
13 22 66
8 -7 66
42 25 69
36 4 50
6 6 69
12 13 81
13 24 66
41 13 66
26 23 72
27 22 82
7 -7 72
28 -5 76
6 20 45
40 13 70
19 -8 79
10 14 76
27 10 59
11 8 59
11 25 52
35 9 57
22 3 59
23 4 53
41 -12 48
36 27 61
23 15 77
17 6 76
21 4 46
12 21 55
12 -1 59
35 6 54
30 17 65
15 10 53
19 4 60
39 24 72
30 -5 47
19 9 61
37 9 75
26 6 85
4 1 74
25 23 59
16 13 83
16 14 49
27 14 80
10 -1 55
10 -5 52
23 -2 53
27 -11 74
16 -11 77
7 0 56
22 16 77
9 -12 81
19 1 82
42 19 75
34 -7 67
10 23 50
36 11 50
30 13 69
25 8 48
34 -11 54
32 -12 71
11 8 73
39 -1 81
5 21 63
28 -2 64
40 25 83
32 26 55
42 -11 65
31 9 57
7 19 72
15 -9 68
43 4 71
7 28 51
25 -12 83
24 -11 55
32 -4 53
27 22 62
22 16 46
42 -4 70
27 9 58
10 3 48
32 0 59
28 28 54
29 25 48
38 10 85
37 24 46
24 15 52
13 0 59
23 21 51
9 18 77
41 19 68
4 4 62
23 -6 85
21 23 71
26 -11 57
9 28 53
23 16 61
13 -3 60
13 18 56
41 -2 67
20 12 84
36 -5 76
33 -11 57
7 24 50
42 2 64
6 6 67
8 15 58
21 18 71
38 4 52
27 -2 70
21 -12 70
20 -6 74
12 -3 57
41 27 70
25 -8 61
19 22 57
10 17 52
4 14 70
3 18 67
5 17 74
3 -11 52
15 10 46
16 -4 45
7 5 78
28 -2 64
5 20 85
23 -7 75
24 8 80
5 7 71
23 15 58
36 5 47
41 14 67
42 -8 45
27 -1 82
4 12 52
38 15 69
23 0 78
29 2 81
10 15 65
16 11 76
41 27 83
23 -2 71
12 -11 77
9 25 83
13 0 65
7 26 73
31 6 65
29 22 51
12 26 61
5 7 58
33 -2 78
38 -1 81
12 -6 83
32 18 53
13 19 65
35 7 49
7 28 64
32 -4 47
8 27 65
15 -8 56
34 10 69
15 3 51
42 6 48
3 28 81
37 -10 77
18 17 45
27 9 51
43 6 46
31 7 68
4 18 78
39 21 59
23 22 65
4 3 50
38 5 61
14 -5 61
43 6 84
18 24 72
21 11 48
43 9 73
12 3 49
10 -8 68
37 24 77
19 27 63
20 25 51
12 11 70
7 23 62
28 -7 65
27 18 79
4 7 49
23 6 80
25 -3 46
16 6 82
33 -7 56
41 10 72
4 6 80
33 -8 54
40 -12 60
23 15 51
8 15 69
3 7 80
12 1 73
10 8 52
38 9 52
28 10 55
35 19 69
13 -7 76
13 19 84
37 15 47
18 8 67
19 17 79
24 15 68
17 3 84
10 14 79
41 7 83
3 11 67
16 10 57
42 3 48
27 12 47
4 1 84
42 28 66
17 20 63
29 -9 50
11 -9 78
26 -10 61
12 -10 50
30 2 65
41 27 45
7 -5 74
38 16 71
35 7 69
26 -10 77
26 26 58
43 16 64
15 -11 78
24 -9 53
38 2 46
37 -1 64
34 -5 70
17 5 57
35 -7 72
30 26 82
41 25 71
5 1 65
24 27 84
28 -2 61
17 8 60
4 1 57
43 -3 76
26 3 55
6 -3 55
18 28 68
17 17 52
30 -3 70
11 26 61
7 6 63
24 2 60
12 2 53
38 7 48
35 25 81
7 -12 73
14 12 52
11 11 48
4 14 67
7 -8 60
28 16 60
38 -8 60
39 8 62
32 -2 66
16 21 81
11 -1 54
17 0 80
40 -6 69
23 5 49
42 16 59
10 -5 82
9 -12 67
21 11 58
11 28 76
38 27 64
6 4 45
12 18 72
26 0 78
33 14 75
32 22 72
39 11 76
6 -6 47
15 25 80
35 -3 76
35 6 53
27 13 77
16 28 85
35 7 68
30 1 58
20 11 53
20 0 72
3 4 72
18 -7 56
17 -12 64
26 -6 66
29 3 53
18 15 85
16 2 52
21 15 63
12 -1 85
29 -6 59
14 -8 62
31 7 68
5 0 75
6 -1 54
42 1 84
25 16 74
8 19 83
41 22 53
37 13 55
22 16 71
38 4 83
30 25 58
22 13 81
23 28 75
13 16 84
37 -1 75
17 -8 46
28 -3 73
17 14 78
40 19 50
12 21 58
43 6 50
3 0 82
6 7 61
18 15 46
30 -4 80
11 5 84
42 0 67
4 -9 75
15 -8 65
33 26 69
32 23 69
37 -4 50
41 6 45
12 12 63
32 0 49
16 6 84
32 -7 59
6 27 75
37 8 48
11 27 50
3 8 85
5 10 50
7 23 78
8 4 70
6 15 76
5 -1 72
29 4 66
19 7 67
18 20 54
15 24 64
8 -12 49
8 20 52
41 6 50
12 28 54
12 0 74
35 15 77
29 -1 71
23 -5 45
5 -6 59
32 25 70
12 9 56
19 25 79
28 -4 72
29 24 45
42 -2 64
27 23 66
19 -7 54
25 15 52
17 -2 73
3 -7 62
42 -2 85
17 28 84
7 5 78
4 6 75
43 -6 47
43 -2 53
33 5 58
3 0 78
34 -12 71
13 15 51
21 22 69
42 11 79
27 -10 68
20 18 51
12 26 69
18 19 59
22 -2 54
33 1 58
21 -8 63
41 11 57
37 4 68
26 0 79
8 7 58
42 7 47
40 17 71
26 -1 71
23 10 58
15 7 61
38 27 51
32 8 69
18 -12 65
25 -2 46
30 -4 49
5 -11 62
14 -4 62
3 -2 45
28 28 61
30 26 48
15 12 65
27 1 55
32 -1 51
24 -10 58
27 6 81
19 17 76
38 13 68
33 24 62
43 11 46
21 5 45
3 20 54
30 -7 52
26 -11 54
10 28 82
6 7 61
10 23 72
33 -11 80
16 21 71
22 -3 49
41 -6 66
34 8 76
28 -3 77
5 5 53
4 -6 81
36 28 51
25 5 56
29 1 79
27 7 56
15 26 65
34 12 78
8 -3 53
40 -11 60
12 28 55
39 19 52
19 -4 51
17 -11 62
35 17 78
24 -4 73
41 -7 59
18 9 68
37 3 54
9 -2 75
8 -11 55
14 13 68
43 19 71
15 3 83
32 24 48
42 -12 67
29 5 51
41 -12 46
40 13 64
4 28 61
33 26 83
16 -9 62
21 -8 46
21 19 48
9 24 81
35 17 58
7 4 77
25 -11 45
35 20 68
37 -10 59
12 24 45
41 1 75
22 15 76
14 -1 64
12 20 50
22 -2 64
5 18 69
29 15 84
33 14 46
35 4 58
21 -2 49
21 -11 62
11 11 73
15 8 63
28 9 77
30 9 70
7 -11 73
38 -12 54
26 23 62
6 28 56
3 5 82
22 -3 67
22 6 67
21 12 50
14 -10 65
24 -5 78
12 6 81
41 9 63
40 28 62
40 1 78
40 26 55
20 27 85
8 3 49
25 3 59
10 22 58
13 17 65
21 -9 68
5 28 78
33 4 50
25 -4 49
9 5 67
22 1 68
16 4 79
41 7 76
35 15 78
42 1 75
34 9 74
42 22 75
3 10 60
4 4 72
27 -7 52
9 5 73
41 10 79
32 -12 70
13 16 85
39 24 60
12 20 77
29 -3 74
25 12 59
36 15 54
40 -5 75
42 -12 55
12 3 82
37 5 82
6 2 80
4 -2 64
31 -5 57
23 8 59
14 20 66
17 17 81
25 5 83
11 25 50
39 14 48
26 -9 45
15 23 77
26 4 45
12 8 78
33 -9 50
24 1 73
11 21 45
9 -7 64
10 26 68
5 11 47
9 -8 58
8 -5 55
34 10 63
36 -9 59
20 22 81
34 -10 53
19 18 73
25 9 49
21 -7 72
25 27 64
13 6 56
21 3 76
19 4 64
24 -9 71
29 27 49
43 10 50
40 12 84
14 -4 70
5 28 65
43 5 67
3 10 65
4 1 63
22 2 60
13 27 71
42 12 72
17 -2 62
15 22 45
19 -7 80
34 -7 60
14 7 53
22 -4 56
29 -11 58
28 -1 49
41 1 83
19 2 79
11 28 65
14 13 66
23 23 76
37 6 68
29 -6 61
38 -9 66
21 25 75
7 -1 57
30 17 51
3 7 56
12 11 82
41 16 81
26 6 83
26 24 73
8 19 47
13 -8 77
9 18 64
14 14 73
22 -1 81
37 24 73
31 0 64
40 6 63
3 28 46
11 -12 63
17 17 49
35 23 56
30 -6 50
9 -5 79
6 -10 84
35 13 53
14 23 53
6 22 57
18 19 85
13 24 56
11 27 82
9 -7 80
23 4 48
35 -2 80
9 6 74
23 5 77
29 1 55
37 3 51
5 18 75
4 9 51
5 -1 50
22 27 54
20 -6 61
26 4 65
22 18 73
36 24 69
20 -6 51
24 19 58
5 14 58
3 -9 48
25 21 52
13 23 77
5 24 51
43 1 77
35 15 50
37 -11 47
35 -7 56
25 28 79
27 24 54
27 25 63
26 26 54
23 -10 49
30 6 61
9 -8 82
27 13 64
6 3 56
5 -11 65
5 10 63
36 24 56
32 -10 70
6 26 49
34 5 84
16 -12 67
32 12 63
41 -1 84
12 24 80
41 -12 83
20 -5 78
37 23 79
31 22 84
24 8 49
16 9 45
8 6 85
11 4 74
19 -12 54
14 0 58
38 -3 57
33 26 61
37 -1 73
16 -10 57
24 -2 72
16 23 54
36 20 50
9 21 51
24 27 51
37 5 57
4 -11 57
24 3 73
3 -6 54
40 -7 64
24 -6 64
16 0 55
34 -11 70
11 13 49
9 15 84
25 26 77
19 -9 66
12 13 72
24 13 82
31 -1 60
43 4 80
42 -1 62
10 14 65
3 14 63
24 9 60
22 26 50
29 -1 64
12 1 56
7 -2 57
20 -10 79
26 8 77
15 -3 70
9 18 78
29 18 78
36 0 74
19 28 51
43 16 52
8 12 63
11 10 47
40 -4 68
51 74 111
33 62 91
45 55 114
29 42 111
50 63 103
25 66 112
32 45 117
33 64 83
46 48 87
29 72 100
42 58 115
42 49 115
56 58 95
52 50 93
31 49 110
58 37 102
47 40 91
45 62 99
51 43 89
39 46 106
37 75 119
28 65 108
42 47 117
57 64 108
42 61 85
29 35 117
36 72 87
35 39 119
37 39 96
25 74 113
38 70 82
24 68 87
35 52 81
19 41 95
33 55 86
33 46 84
21 41 111
23 37 86
50 35 116
23 44 82
19 68 89
36 37 113
45 63 110
52 71 100
50 69 106
51 69 111
34 63 94
32 44 101
40 57 83
26 56 98
42 39 112
42 39 90
32 45 97
19 58 97
30 60 100
43 71 116
47 35 99
20 35 101
46 44 97
50 38 117
18 47 96
41 47 85
53 40 111
52 61 110
34 74 104
28 61 90
20 62 104
25 48 106
52 43 97
29 75 93
49 60 96
26 70 88
18 59 107
43 42 98
54 37 111
21 63 98
18 73 115
30 50 100
28 52 106
40 64 84
34 75 97
57 69 93
27 63 82
22 41 112
40 65 119
32 55 111
53 44 101
50 55 118
38 56 119
27 57 96
30 63 90
31 64 80
49 37 104
32 74 97
26 67 100
23 46 116
36 68 93
47 42 118
28 75 94
23 63 90
50 59 117
26 55 117
53 60 87
49 39 94
27 68 117
26 58 118
19 72 97
47 39 99
51 51 113
43 72 90
30 70 118
18 54 94
29 49 117
58 48 88
38 37 106
33 50 91
30 36 80
45 50 93
25 75 89
39 64 82
28 49 93
50 43 91
57 38 120
26 45 93
54 57 93
54 71 111
50 75 96
50 44 85
35 35 112
29 71 103
36 69 95
41 73 80
26 71 104
40 70 118
56 42 80
58 47 84
30 57 94
56 60 102
26 69 80
19 69 104
41 50 81
28 43 106
18 51 97
41 47 98
52 37 87
38 62 114
53 36 115
39 56 110
45 71 96
53 60 104
55 70 81
34 49 99
49 40 105
46 72 84
44 44 89
39 54 103
28 49 87
19 65 109
21 55 99
40 37 110
52 37 120
26 72 112
22 58 85
19 45 107
18 51 107
22 54 103
50 50 88
34 44 104
25 71 92
40 46 100
49 55 113
39 75 119
43 41 112
21 47 108
35 57 119
50 59 110
52 49 85
28 69 101
43 66 83
44 50 92
49 54 84
51 49 114
55 55 103
42 68 112
50 62 117
43 66 94
31 67 105
21 73 87
39 43 87
30 37 116
40 55 94
25 54 114
43 46 92
33 66 108
44 67 94
37 39 113
31 44 80
21 36 109
30 38 92
26 64 96
42 55 111
39 65 95
38 42 83
41 58 83
24 65 106
27 52 83
57 59 87
25 52 107
25 58 118
22 44 100
29 48 94
26 73 90
26 75 80
38 42 120
38 40 103
30 47 97
47 75 83
42 35 88
24 53 115
29 43 110
18 65 120
38 70 89
25 65 118
53 65 98
34 39 99
58 41 113
57 56 91
42 44 88
28 54 111
48 47 96
38 44 91
36 47 102
53 43 86
44 48 104
39 35 98
36 65 88
29 39 105
18 36 112
56 36 109
40 56 99
22 65 103
28 55 113
41 75 88
22 52 86
20 64 115
42 57 89
49 39 103
35 50 106
53 42 115
36 37 98
26 65 89
26 52 103
37 64 103
51 48 93
24 49 91
33 56 120
41 63 84
44 48 118
28 42 115
55 64 100
48 73 93
42 55 112
37 65 96
46 58 111
26 55 108
41 75 90
28 68 80
20 49 95
51 58 85
22 75 85
53 64 105
54 53 104
51 73 107
33 53 94
39 48 86
52 48 103
39 37 84
50 36 112
22 43 89
35 67 90
40 70 115
48 45 88
35 71 104
27 46 81
45 44 82
35 64 106
21 59 81
31 70 105
50 37 103
44 72 84
50 51 100
26 58 87
32 63 83
48 42 90
21 57 83
34 56 89
43 53 118
18 71 106
19 45 96
51 70 98
54 66 95
48 49 85
31 36 118
22 63 106
18 48 94
55 69 96
50 38 103
29 38 96
45 54 82
23 41 111
25 35 107
35 70 105
28 46 109
34 56 118
55 73 83
21 66 94
58 41 89
30 57 102
19 55 112
28 69 110
43 47 107
36 43 100
43 41 93
25 52 119
19 63 97
45 37 106
23 47 104
56 63 120
30 49 91
21 42 95
56 51 116
28 48 84
33 74 109
30 44 91
18 68 118
47 35 90
50 42 113
38 49 110
21 49 108
37 35 82
44 54 102
48 67 92
39 47 89
42 65 98
22 41 94
35 73 99
52 64 112
39 50 119
47 57 96
44 36 91
24 73 89
46 44 88
33 37 88
34 65 98
32 41 85
29 75 101
54 49 108
43 62 109
28 47 115
32 43 81
26 67 83
49 35 101
20 73 109
43 38 80
55 56 109
58 51 105
32 66 96
42 49 94
51 41 117
29 49 98
23 63 101
18 42 120
49 70 91
34 55 118
18 45 99
18 44 107
49 52 98
55 40 91
54 57 101
26 53 89
51 70 100
28 45 80
36 37 118
22 49 95
28 72 100
58 36 104
54 47 83
36 72 88
21 68 82
21 47 97
58 43 120
54 35 89
42 50 102
43 66 80
30 53 82
21 72 106
49 74 108
32 51 87
34 57 98
25 72 81
55 71 108
39 38 103
30 71 112
20 46 91
23 46 88
25 52 116
35 62 80
35 70 90
51 75 82
35 58 90
35 70 87
42 66 85
35 69 82
34 49 91
52 71 119
22 66 102
55 75 116
22 50 83
31 39 85
46 44 87
54 63 90
55 67 110
50 59 112
19 45 119
26 67 99
53 37 103
37 69 95
33 68 106
48 50 87
53 75 101
26 36 114
46 55 90
47 71 107
55 64 89
40 41 95
45 58 115
30 50 103
18 60 100
58 64 87
41 69 116
58 40 84
34 56 114
49 60 85
51 49 91
39 59 89
41 45 113
20 35 108
29 60 113
27 65 97
38 73 119
58 47 83
23 72 85
46 48 113
43 52 114
39 67 101
19 47 100
47 35 95
28 55 116
19 61 82
51 61 89
38 75 87
31 37 81
20 74 90
40 74 107
53 38 85
24 41 96
32 71 88
21 39 81
35 58 85
32 38 111
49 57 110
57 72 115
20 59 80
47 56 85
54 63 103
42 68 99
35 35 93
50 35 91
38 36 82
42 49 84
33 59 115
54 66 110
23 35 111
27 64 104
21 58 91
41 65 96
44 54 106
54 57 119
37 46 85
24 72 104
22 52 116
19 42 119
54 57 101
42 36 100
56 50 114
54 69 87
37 61 86
52 75 93
54 54 120
54 36 94
31 53 115
49 36 113
26 66 120
34 57 117
32 70 90
21 66 98
21 49 93
57 51 101
45 48 103
27 74 97
21 51 94
50 43 83
43 37 92
39 74 81
28 43 83
28 68 105
43 38 101
45 44 93
55 69 104
24 45 94
52 41 86
28 57 106
38 63 83
55 52 100
43 44 114
55 71 119
34 52 113
30 54 100
50 37 104
40 47 93
46 75 88
52 44 106
37 47 109
35 48 94
34 75 83
31 59 96
42 71 95
43 45 108
27 64 117
35 53 109
26 46 85
24 66 93
36 38 87
54 53 88
23 48 87
50 42 102
34 36 83
26 71 85
30 65 88
22 72 89
22 72 112
34 40 87
43 70 118
53 36 113
45 64 113
28 53 82
18 72 80
34 46 111
35 58 89
42 53 85
29 71 117
50 63 95
44 53 118
38 54 119
26 37 111
31 74 114
31 41 94
41 68 103
27 37 117
53 64 87
27 49 88
49 75 98
52 36 119
49 61 87
39 47 99
24 38 94
35 60 85
23 39 90
56 36 99
24 73 104
27 60 101
33 62 94
45 55 92
31 38 86
28 64 113
34 35 113
23 49 108
34 54 91
32 67 89
30 74 84
18 67 81
27 47 100
50 56 86
57 70 80
48 61 99
37 61 95
26 50 90
41 72 113
57 59 89
53 45 107
30 75 90
20 57 102
49 51 98
28 39 103
48 54 108
28 64 93
58 72 85
57 75 106
20 46 113
58 73 96
51 37 92
50 46 107
20 60 101
20 64 117
40 52 100
41 65 99
52 43 97
40 50 100
22 60 94
43 49 110
34 48 110
43 59 85
54 38 105
32 67 119
57 38 87
18 44 118
53 67 117
34 66 86
34 58 95
53 44 116
36 70 95
19 45 112
35 54 109
28 75 107
22 41 100
27 67 100
52 70 119
40 73 82
54 50 107
41 61 90
21 63 85
20 71 81
54 71 111
43 49 105
22 39 120
31 74 105
57 44 89
21 63 104
40 68 118
46 58 101
50 62 119
36 38 87
41 71 104
39 74 96
38 65 98
57 63 90
49 59 88
55 73 81
27 47 87
46 72 90
48 62 102
18 36 83
53 41 107
53 62 89
36 63 99
44 53 100
41 52 102
35 35 112
21 65 115
31 68 81
48 57 99
19 72 82
52 46 113
50 43 99
21 68 102
24 57 120
51 61 100
29 54 97
21 52 104
32 69 81
37 58 118
54 49 82
38 44 107
20 47 116
26 43 111
37 61 119
45 41 105
29 63 88
33 40 110
58 54 84
56 49 84
39 48 92
24 41 116
26 60 89
25 39 118
25 51 91
31 65 112
26 35 104
43 59 118
36 71 101
56 57 87
23 70 87
18 47 91
54 41 89
27 37 86
48 62 119
30 59 96
37 44 96
43 35 99
31 64 92
31 43 95
38 73 110
54 44 85
23 53 115
48 48 97
31 40 90
19 54 85
58 43 112
48 42 86
41 62 93
40 63 108
30 68 80
31 44 86
45 66 81
29 68 117
54 54 111
18 41 95
19 58 81
40 67 98
54 48 118
40 68 96
48 48 104
30 43 111
38 67 102
48 75 104
29 48 102
51 44 106
58 64 98
22 71 107
52 44 120
41 37 92
57 73 115
47 61 109
23 40 115
19 47 108
19 54 94
40 45 103
55 40 105
51 35 86
47 70 100
40 45 114
35 68 107
47 36 88
54 46 96
41 40 116
54 56 114
56 58 103
41 64 106
19 49 91
31 60 92
30 70 91
56 59 112
51 72 102
36 55 111
57 70 96
25 74 108
24 53 93
44 43 105
40 38 117
39 44 112
58 51 82
24 39 110
25 54 93
52 73 116
40 39 115
37 40 94
37 62 106
28 48 100
21 74 100
52 49 114
24 43 116
41 53 95
46 51 116
56 48 97
35 38 111
36 58 100
40 62 82
57 49 87
47 53 99
25 38 115
39 65 98
48 65 91
24 56 93
48 59 99
18 73 86
25 60 99
58 40 95
36 63 98
21 41 119
25 47 86
48 66 117
51 50 93
54 44 112
21 72 88
26 70 93
54 48 93
43 59 106
21 57 95
45 75 97
47 37 94
31 36 87
25 46 102
53 75 101
41 41 88
23 57 105
55 62 91
55 62 119
37 59 106
47 50 109
24 67 93
27 48 103
29 39 101
53 52 114
22 36 90
35 51 119
40 46 81
43 68 117
43 40 113
55 74 106
41 62 102
30 39 109
23 47 102
50 50 92
25 39 103
56 35 96
19 39 80
54 66 94
57 72 112
41 59 106
41 48 114
50 61 120
20 72 81
32 55 85
35 68 115
46 39 85
39 50 117
55 47 110
27 70 111
30 49 89
23 39 120
27 53 101
55 40 82
25 51 98
47 58 96
22 50 80
43 50 119
45 70 91
41 46 110
55 48 118
47 52 81
34 70 115
40 40 86
42 58 106
43 66 85
58 47 108
53 73 98
51 69 110
22 60 80
48 40 88
26 75 108
26 69 107
39 57 89
19 68 113
54 45 88
53 71 102
32 72 80
45 39 108
52 68 100
40 55 101
26 68 92
27 50 93
45 53 116
33 38 117
30 65 114
20 55 99
30 45 109
41 45 90
43 37 100
57 57 104
30 47 98
53 46 89
45 59 105
22 57 92
56 65 103
25 63 99
46 53 96
40 64 113
52 68 88
39 72 109
43 46 117
56 74 91
58 43 116
58 58 118
47 53 95
31 65 82
49 45 107
21 74 106
58 66 80
34 66 88
38 75 118
30 56 91
44 74 86
23 75 108
36 44 100
33 74 96
26 66 116
54 61 80
37 66 82
58 56 100
28 67 92
26 61 93
49 71 92
26 62 102
23 48 117
40 39 109
25 69 107
20 71 103
35 51 86
29 49 91
23 60 106
44 73 114
22 72 104
42 73 107
28 50 104
56 56 90
19 58 94
27 62 110
57 75 85
25 63 109
36 62 93
56 75 110
20 66 94
50 35 87
41 55 113
53 49 108
24 39 104
42 41 117
24 49 93
54 51 96
48 48 83
40 54 92
35 55 100
43 68 84
53 52 102
42 55 113
35 72 80
37 57 113
49 67 112
50 69 82
45 38 101
45 63 91
47 36 113
38 73 109
23 41 100
56 50 88
50 61 83
33 68 118
28 45 106
51 43 106
41 58 89
28 35 98
50 64 80
23 36 86
49 42 81
43 54 90
31 47 119
24 65 112
49 48 92
54 61 89
52 46 101
53 35 119
26 35 120
33 44 85
18 35 115
28 46 91
18 58 91
29 66 114
35 40 83
38 74 83
45 57 100
41 67 117
21 39 109
29 48 89
37 35 104
28 36 104
50 43 120
26 64 89
51 68 105
30 38 111
54 44 104
96 -4 35
107 3 62
81 1 64
88 -15 47
100 -3 51
77 20 32
81 10 54
90 4 42
103 20 58
100 3 40
102 9 28
91 -6 26
70 -14 58
101 20 36
70 5 49
101 -3 57
85 17 28
79 -18 37
92 8 56
83 -2 34
101 -16 65
75 -17 58
91 -11 38
86 -16 59
105 18 43
95 10 49
102 8 44
97 -12 51
77 -18 42
69 18 27
87 -10 42
96 -15 63
67 -16 26
83 -14 29
69 14 31
82 -5 34
67 10 48
102 3 44
72 -6 30
89 10 31
94 -14 53
79 -9 50
88 14 53
94 20 33
107 12 60
75 -14 61
79 -13 57
84 11 35
94 13 40
106 0 60
91 8 59
67 13 40
67 -9 42
90 9 62
102 5 56
98 -9 52
104 1 30
70 -1 48
102 -20 45
93 4 51
82 8 57
73 -2 25
70 16 29
90 -8 30
95 10 26
107 7 45
75 6 61
81 15 62
99 14 42
90 12 48
95 6 64
101 12 58
82 -20 30
86 18 28
71 18 35
96 -8 45
74 -19 42
73 -15 41
71 -7 26
77 2 26
74 9 25
84 -5 60
87 -11 40
87 7 32
85 2 38
94 7 39
70 1 29
90 12 60
97 -12 41
94 4 54
106 15 30
85 -2 49
107 -7 34
71 -17 57
71 12 54
86 1 56
68 -6 65
69 14 31
84 -9 36
88 13 65
99 0 25
106 12 52
105 15 31
94 -16 41
80 -14 30
83 3 50
80 -11 25
76 -14 36
71 -16 61
92 -19 32
93 8 32
79 14 25
107 12 63
69 -11 62
77 -4 49
67 0 59
71 4 50
67 -11 47
72 -9 48
99 16 35
77 -17 65
94 -13 35
75 6 63
85 -10 38
79 -18 36
68 -13 26
79 -7 63
102 18 56
95 4 44
105 10 37
86 -10 36
102 -10 28
102 -15 38
99 7 58
75 18 39
75 -8 31
84 -12 31
105 17 27
91 4 54
83 -10 40
90 13 28
86 17 36
82 17 28
75 1 50
84 9 54
75 -15 62
70 12 39
76 -16 64
75 -13 63
85 -14 27
82 0 64
82 -20 62
89 -15 51
93 -19 51
100 14 46
89 12 49
84 8 43
96 17 42
89 14 34
101 15 35
86 17 56
105 -13 50
83 8 49
83 15 37
68 14 30
82 -8 55
72 -10 62
70 7 26
78 12 36
90 -17 52
88 8 54
97 -4 54
67 -15 35
88 20 65
85 3 41
85 11 50
73 20 54
90 -11 44
67 1 27
74 15 25
67 -3 58
93 8 65
78 9 62
107 -1 49
87 -18 31
94 -13 42
68 5 33
101 15 43
91 -8 59
93 -9 43
96 1 27
82 -7 45
101 4 45
102 14 47
93 -3 37
88 3 54
88 -6 28
85 -15 43
69 18 62
97 -14 33
80 10 27
70 -16 33
87 1 48
69 -3 34
92 -19 58
93 3 28
71 -19 60
81 9 42
90 -16 43
91 16 29
94 -11 39
100 1 64
104 -7 30
83 -2 56
83 -9 35
82 7 34
89 15 52
89 -18 48
92 -8 27
99 10 47
90 9 39
99 6 38
86 -13 57
103 -15 63
102 11 35
96 -4 34
107 -19 37
71 5 43
89 6 57
70 -8 30
86 -5 59
93 -8 62
90 -11 65
71 -19 48
97 13 64
84 -17 55
79 -5 65
72 12 58
99 12 41
78 4 47
94 9 65
103 17 27
104 -14 49
102 -11 31
82 -12 61
96 -11 38
89 -4 37
104 -15 30
94 15 58
102 10 34
106 -4 63
87 -11 42
94 2 26
86 3 50
84 -1 55
74 8 32
69 4 54
78 20 49
79 -7 62
84 -19 62
79 -4 40
80 13 52
107 12 52
81 7 40
71 17 62
87 -15 41
69 -3 35
69 8 35
75 -13 36
87 6 46
81 -15 60
88 2 32
77 -2 58
69 -3 36
107 11 26
95 1 33
86 2 30
79 10 41
80 8 28
71 13 53
95 -14 57
69 3 51
95 -3 65
75 -9 25
106 10 44
107 6 44
79 3 51
82 -16 44
84 10 44
107 -20 51
106 -4 52
75 12 31
67 4 36
94 0 47
75 13 58
70 -9 64
89 -19 52
95 12 29
95 4 39
73 -11 27
81 -13 36
86 3 25
93 5 60
107 -15 29
75 17 31
67 10 49
77 1 35
91 12 26
73 -1 55
104 -18 26
98 -7 56
68 -13 36
100 -2 48
79 4 25
96 5 62
67 -20 51
92 -16 46
98 19 36
93 19 56
98 2 43
102 10 53
90 -17 48
98 -16 52
75 -3 32
96 -10 64
96 9 49
70 -19 40
91 19 50
107 -19 33
81 11 58
98 -2 35
99 -18 47
100 10 45
99 12 46
86 -20 53
70 -9 54
79 7 39
93 -5 52
85 -5 27
68 -9 34
96 -10 29
83 -4 39
88 13 55
100 4 43
73 -12 47
83 -5 51
85 -17 55
78 19 56
68 10 27
95 14 45
88 18 30
102 6 65
91 12 37
77 -9 44
107 -16 48
91 12 41
87 3 29
91 0 28
76 10 64
80 -11 64
98 -2 38
83 -9 47
85 -18 41
70 -18 57
75 7 65
92 -11 50
78 -6 26
107 -14 31
98 14 62
91 -10 65
102 3 31
100 14 35
101 0 40
80 -11 40
105 8 41
75 -20 43
72 7 50
73 18 28
81 20 41
87 -3 46
95 16 32
74 2 45
100 -2 56
98 20 65
103 -4 51
79 9 31
99 10 62
82 -9 32
102 -3 64
81 11 63
97 -6 43
101 10 36
95 -12 60
104 4 53
74 19 53
104 -20 27
67 4 28
107 -3 41
67 6 42
106 -6 52
100 19 47
100 18 44
102 6 30
83 -10 53
97 9 64
80 -12 64
101 -20 51
67 -14 44
106 -4 40
77 -16 31
68 8 42
83 -18 58
102 12 58
70 -1 39
88 -5 44
71 -9 64
97 1 50
105 12 62
80 19 65
95 8 49
75 13 27
98 10 56
73 -2 36
97 13 50
91 -18 52
78 19 27
74 14 38
80 -17 29
104 -6 40
86 -6 25
99 -6 44
92 -2 28
97 14 40
67 -20 31
85 -7 44
86 -3 38
87 -2 50
105 -3 46
77 0 58
105 -7 52
78 0 33
91 2 49
67 -8 32
96 10 48
107 5 29
71 -1 44
106 -12 58
79 -3 44
77 -8 36
101 -2 36
82 18 53
94 0 47
107 16 56
70 18 51
106 -16 37
79 -16 60
88 -18 47
101 2 61
89 18 31
98 -5 32
101 -13 55
97 -3 64
94 0 56
83 13 32
76 11 41
94 12 56
105 19 46
88 -20 37
86 -20 43
99 -9 30
73 -17 62
80 -11 34
102 0 41
76 14 60
96 10 25
92 -5 58
86 20 29
87 7 33
70 8 32
78 -20 51
82 1 47
70 8 63
101 14 45
99 -5 55
71 2 55
69 8 58
67 18 37
101 14 32
79 -18 29
72 -20 33
91 5 58
103 11 50
76 -13 34
70 -4 42
81 7 61
87 6 27
92 -7 34
89 -14 47
90 -7 39
87 11 29
101 9 39
80 -4 45
79 -8 64
105 8 43
107 -15 45
99 14 50
94 -17 43
68 9 57
73 8 34
97 19 27
78 -16 38
93 2 47
93 -18 56
77 12 57
94 15 33
74 17 61
101 -2 26
89 5 58
103 7 30
92 8 55
96 18 48
95 -11 32
102 -3 35
94 -12 35
88 -17 33
75 18 30
79 -20 47
85 -5 63
73 6 25
106 16 60
102 -6 52
84 8 27
91 0 63
105 -9 39
67 19 52
91 7 38
85 2 46
81 7 56
98 1 62
105 10 47
82 -18 61
78 -2 61
74 14 43
76 4 36
92 -9 36
107 -7 32
84 -15 36
96 -5 48
84 -14 43
78 -1 40
77 1 28
104 -20 27
78 -12 27
70 3 51
89 -3 54
81 -3 65
102 -15 39
78 5 37
76 -2 64
91 -5 43
89 -17 47
82 -15 51
105 5 44
97 -13 58
82 11 59
94 15 29
105 1 57
84 20 64
74 -19 35
103 -6 29
86 -6 52
80 6 33
85 14 26
94 -14 34
79 -11 34
103 2 51
70 -11 34
96 -2 45
70 -6 25
86 7 56
82 10 26
86 11 39
73 8 51
90 9 32
86 2 41
94 -20 60
91 -15 40
77 -18 48
105 18 34
95 -1 38
98 12 48
91 19 58
99 -11 49
73 -15 27
93 -12 52
75 16 43
88 7 36
75 10 30
77 -20 58
90 3 62
95 -14 46
102 14 25
96 0 65
94 -14 43
100 6 39
93 -5 31
89 15 41
99 -18 60
88 19 55
98 -6 44
84 -9 65
81 7 27
68 -6 59
103 13 62
82 16 45
103 2 40
74 -13 56
83 5 30
91 14 36
72 14 57
86 6 35
82 3 49
67 -9 29
103 -14 35
82 0 25
72 3 46
86 -15 54
79 -10 60
81 -2 33
68 15 36
80 -14 40
86 8 40
95 19 43
107 -11 51
93 17 31
90 1 63
69 -3 37
99 2 25
99 -9 62
94 12 32
98 11 53
97 -18 49
87 19 60
78 16 35
79 7 39
91 -20 25
68 19 63
89 -5 48
81 -20 29
76 0 40
103 2 61
101 -19 57
80 -11 43
77 12 46
93 -7 33
86 5 61
73 -15 61
102 16 28
70 -14 25
102 11 41
81 -13 63
72 -3 40
73 -7 46
78 1 28
98 17 65
107 6 39
104 -5 58
80 3 35
89 -15 50
93 0 50
86 -20 32
97 -5 46
75 -5 28
73 4 44
85 -18 37
91 0 45
93 2 29
80 -12 34
98 -1 54
71 -13 49
67 -4 33
96 -12 52
103 -20 62
75 -1 43
93 -18 26
107 -10 36
90 -19 50
89 2 62
77 -1 39
99 -3 44
71 4 46
99 -4 57
76 16 58
94 -8 52
92 9 37
95 9 58
73 5 49
88 -12 64
86 -14 60
90 13 43
75 -20 51
84 -1 51
106 14 33
79 6 43
71 -11 55
91 -2 54
94 -1 57
107 -11 56
97 -18 46
101 -16 49
73 -18 29
102 -17 49
80 -1 32
84 4 56
89 16 32
96 -1 64
107 17 51
88 -15 55
85 -19 26
69 3 46
78 -10 64
89 -17 25
98 9 44
83 1 46
80 18 39
95 6 39
104 -7 60
85 -19 42
84 13 35
78 -6 65
85 -6 46
88 14 55
71 -14 33
85 -3 51
71 3 26
73 -7 47
79 20 50
76 -11 37
95 15 45
87 20 54
94 18 48
82 -3 57
106 3 63
93 11 34
99 -3 63
81 0 47
97 8 64
70 -4 59
93 4 62
81 -10 64
89 6 56
74 4 59
78 20 47
72 -19 62
86 -20 53
93 -11 25
85 -6 60
90 -5 50
83 -3 47
70 17 37
73 4 64
97 17 59
95 -11 51
91 4 65
69 6 37
71 16 34
89 14 41
76 4 35
83 -8 59
72 -7 55
67 12 65
87 -1 61
95 13 34
86 8 43
67 13 43
102 14 41
87 -17 31
100 -16 52
99 3 52
83 -7 29
82 9 31
99 7 32
75 18 35
83 -1 35
94 17 31
88 -15 44
104 -11 33
102 2 25
103 20 41
93 -16 44
80 -13 51
73 -17 54
95 19 47
91 -17 57
74 -5 52
93 -2 56
104 18 30
82 12 64
71 -12 51
71 -8 64
70 -7 54
99 4 40
98 -19 30
96 -2 57
75 -10 52
79 -3 61
81 -4 27
87 20 51
93 2 61
92 -6 53
90 -5 54
106 10 50
77 -13 46
74 14 30
106 16 28
86 5 55
68 8 30
99 -1 53
105 -11 39
81 9 49
93 8 54
97 20 64
100 -8 54
80 -14 39
105 -1 65
84 -3 36
78 -18 26
68 16 48
98 7 45
86 -1 62
89 -17 65
77 13 28
104 15 52
98 14 34
87 5 25
105 -5 50
79 -18 42
73 1 44
92 -6 45
95 -19 30
103 -8 55
96 -6 63
85 -18 29
99 15 56
97 -8 64
107 -5 28
93 0 64
70 17 60
90 -14 36
102 14 46
82 18 30
74 7 61
102 -18 62
92 18 27
94 -19 58
102 -15 45
76 14 40
69 11 35
82 -4 51
105 8 58
105 -13 40
91 -20 62
71 -1 56
89 -7 55
71 2 55
82 3 40
91 7 34
73 14 36
102 -15 30
70 -8 36
71 -5 51
76 -14 63
78 20 43
79 -11 43
95 -16 27
86 -1 26
91 -15 40
77 0 55
81 3 36
71 -12 38
92 -15 31
98 17 59
76 8 63
85 11 64
99 -17 25
80 20 46
75 -18 39
90 11 25
95 -16 50
97 0 41
98 4 51
79 6 54
92 -14 38
84 -15 55
69 12 34
75 -3 39
84 -16 41
73 10 51
93 -8 33
68 7 30
73 -20 36
93 -9 39
75 10 55
77 18 51
95 -7 26
89 -17 43
68 1 48
99 -1 36
67 10 32
72 3 42
103 -10 42
96 -19 34
72 -7 63
96 14 44
101 9 60
98 18 33
98 -6 51
78 -10 62
84 0 65
91 10 30
104 -6 48
74 -1 56
94 11 42
92 6 55
72 17 43
95 -10 40
107 5 34
97 16 53
86 -15 51
72 -17 42
76 -9 46
100 -20 51
76 20 51
103 15 63
88 -11 26
97 5 58
68 -11 48
96 -17 56
88 -13 43
79 7 42
89 7 65
92 14 29
97 -17 60
67 -16 51
75 10 52
74 -13 28
76 1 51
102 -7 53
77 10 35
88 8 51
86 11 31
102 20 46
96 8 56
67 -13 34
81 0 54
70 -20 27
82 -12 61
76 -20 36
85 1 54
80 -9 40
94 -6 28
74 6 51
92 -19 44
69 17 64
75 20 34
73 -3 58
81 3 35
79 -8 48
106 13 47
88 -3 28
94 -18 57
74 1 26
83 11 39
94 4 35
70 -3 29
96 -18 47
105 9 32
87 -3 30
92 19 59
81 -3 44
71 3 37
78 -12 27
106 8 55
90 -19 47
73 9 55
100 -1 63
101 6 27
101 -19 38
74 -11 34
96 0 42
74 17 57
76 -15 62
82 -17 43
75 -6 46
92 1 40
95 9 55
101 -15 65
103 -6 65
76 -1 32
74 5 64
63 24 26
68 22 31
58 19 28
81 -13 28
56 -2 54
76 12 49
74 7 27
70 -12 18
67 23 34
74 10 24
59 5 45
70 8 55
73 7 58
47 2 57
51 5 42
80 -6 47
80 2 52
73 21 57
49 9 21
71 27 23
56 -7 51
80 26 27
80 -8 20
70 8 22
47 25 57
81 -4 27
76 -7 52
75 5 56
52 12 55
78 -12 49
75 -9 31
75 -2 58
50 -6 44
58 -3 34
74 10 55
66 -12 18
83 5 28
50 11 31
79 0 57
84 19 53
49 -2 56
46 -11 42
61 7 25
54 26 30
75 -7 51
82 19 25
61 22 25
56 -3 43
52 18 47
84 26 31
69 6 35
80 26 25
76 -12 55
65 6 33
71 -11 34
64 11 37
68 7 36
63 -8 35
57 12 34
58 8 22
63 10 52
82 25 26
66 25 51
57 23 36
45 -4 47
67 15 35
46 19 25
72 13 33
58 -1 47
66 7 24
59 -7 53
52 19 55
65 21 46
51 -11 42
51 3 50
57 21 58
59 -9 46
78 -6 37
57 20 23
83 0 44
82 21 47
85 27 58
85 26 56
63 0 41
51 19 37
78 5 52
54 -4 54
84 -7 18
55 2 58
61 -12 23
73 3 29
70 5 18
50 27 34
85 1 19
61 6 57
57 -2 50
62 -12 34
60 23 49
68 13 33
64 -3 46
65 25 52
68 -2 42
67 16 19
66 -3 44
85 -13 55
54 2 29
74 20 35
54 25 34
71 -9 28
78 0 34
66 11 48
75 15 38
63 15 57
73 -13 35
81 16 30
75 27 52
71 -1 33
80 15 34
54 9 55
64 13 37
73 2 32
81 -7 42
45 5 22
58 19 33
63 17 35
72 8 43
48 4 36
85 -9 37
79 -13 29
58 -8 22
74 -10 30
68 24 26
56 6 53
56 5 33
84 19 21
51 16 23
85 26 18
46 13 58
46 22 20
48 -3 57
70 -6 39
72 8 19
67 18 36
53 17 32
59 0 29
79 25 48
68 -4 39
54 7 48
70 5 56
74 19 51
76 2 20
74 8 20
59 -2 37
79 21 33
55 6 37
55 11 46
60 6 19
62 1 40
78 13 20
60 8 56
57 0 28
65 26 20
73 6 30
50 6 50
78 22 36
67 19 25
64 8 22
66 -4 50
71 7 46
76 27 32
59 19 41
46 27 30
63 20 36
70 -3 50
84 18 32
62 3 27
70 13 56
56 17 49
73 -3 26
82 13 35
62 22 33
52 4 44
77 27 49
81 5 52
71 15 24
71 18 56
74 21 37
66 -6 32
75 -10 53
68 5 54
60 12 23
63 -9 24
59 10 47
49 23 36
60 11 51
46 13 45
72 7 55
53 -2 42
56 -1 43
68 5 32
84 25 32
62 4 45
54 -1 52
63 -7 50
70 -7 42
55 12 42
84 -11 37
79 24 39
67 10 32
83 25 42
58 15 49
49 5 52
73 -13 55
50 -13 24
56 22 56
47 -4 38
55 0 27
69 3 53
59 -7 22
74 -5 52
59 14 58
52 -10 52
64 11 26
71 -4 23
75 26 29
47 27 53
77 -7 31
63 -4 34
57 14 26
45 24 53
61 -3 44
63 -12 33
75 10 57
79 24 31
84 7 36
79 -13 56
48 -13 42
76 24 45
78 14 27
50 9 31
52 24 51
53 24 54
72 16 47
84 2 34
71 23 38
80 5 51
46 -10 52
47 20 20
61 -11 48
58 11 31
67 27 35
81 -12 54
78 -12 39
59 24 48
64 -8 31
51 -7 29
61 0 24
63 -3 35
75 9 42
81 27 25
51 -2 34
77 18 32
83 9 49
83 4 28
85 6 57
75 17 57
49 27 55
69 22 43
47 -11 39
75 2 35
73 23 48
85 18 22
49 -1 53
77 11 43
49 4 36
47 -13 51
75 26 49
53 17 21
83 0 24
76 6 45
75 -10 48
83 12 26
61 -6 55
75 -2 32
46 9 47
79 20 41
55 9 53
73 -11 38
76 6 21
48 25 48
45 13 43
74 13 45
66 2 32
84 18 39
81 5 24
53 9 27
71 -2 33
46 -1 21
45 -2 23
46 -10 18
69 1 30
77 26 29
73 -7 54
73 1 57
66 15 38
75 27 55
84 10 57
72 15 38
53 -12 56
53 5 48
64 22 56
57 -6 50
83 20 24
65 19 48
54 27 44
57 18 53
53 7 54
77 9 35
58 18 30
80 6 58
60 -13 38
55 18 38
46 11 50
81 -5 55
67 11 39
51 12 32
84 18 25
51 7 49
47 -12 24
52 20 51
51 -8 25
49 10 34
68 10 56
57 6 41
74 15 22
55 1 57
57 -9 57
82 1 19
57 26 33
60 27 48
50 -3 55
75 0 18
45 -7 23
55 15 42
61 8 56
80 -12 18
67 13 57
53 17 24
68 15 58
56 1 58
49 27 39
49 -5 50
81 9 23
45 3 43
53 -1 36
57 19 50
70 10 41
63 -13 35
67 19 25
67 6 33
54 -9 38
53 -9 45
62 5 51
68 25 28
59 24 21
76 18 52
84 0 32
53 -4 18
52 -10 45
73 -10 58
84 26 33
81 -12 47
75 2 23
47 14 41
81 22 19
72 -5 50
78 11 55
69 21 50
56 5 43
49 -3 46
62 16 56
78 2 56
49 -13 42
75 15 20
78 13 40
63 24 29
54 -11 45
49 21 44
83 -10 42
56 -13 31
70 3 33
68 -3 25
81 23 35
45 22 19
50 20 27
73 6 55
85 1 45
59 25 28
50 -6 42
81 14 32
55 -5 47
61 27 41
47 4 49
75 22 43
49 25 38
80 14 44
59 2 22
77 19 21
77 -13 33
56 22 58
79 19 23
50 4 46
52 7 44
62 18 22
75 13 48
79 2 38
53 -6 18
59 -10 20
59 1 51
71 16 38
65 23 35
50 24 35
83 24 26
56 -1 27
63 23 45
79 0 30
54 3 24
55 4 27
61 -5 26
63 -4 44
56 5 41
84 20 47
74 22 26
52 2 38
49 20 24
50 -3 27
78 24 19
70 -2 58
52 14 39
80 -6 54
70 -5 52
71 27 32
85 7 41
85 5 27
55 -1 37
75 6 37
49 -9 25
49 -11 27
80 26 43
79 -7 33
85 -12 34
85 8 51
48 -5 44
47 23 41
69 1 25
68 -2 23
71 -13 22
52 6 45
67 26 57
48 5 38
61 27 49
76 0 51
77 -4 31
69 7 42
65 -4 58
81 -3 47
54 21 58
77 22 53
58 25 43
59 2 40
67 -4 51
61 6 26
53 9 41
69 17 28
47 2 19
76 13 49
63 -3 49
48 26 38
77 27 29
52 7 52
75 19 50
74 9 37
80 25 26
53 17 19
50 -2 21
63 -6 37
48 16 44
46 -8 37
79 -13 42
69 22 38
55 -6 21
82 9 24
82 -4 18
81 13 57
49 5 41
69 25 33
60 5 20
70 18 57
78 3 26
50 26 50
74 -9 58
63 -6 25
46 14 42
75 22 26
83 17 18
64 22 56
46 20 19
73 2 47
56 -2 58
64 22 31
58 7 49
49 8 39
79 1 18
74 -3 44
55 26 52
80 12 58
48 17 37
76 7 43
54 15 37
51 -6 37
62 0 47
47 20 18
52 7 32
72 26 23
53 27 31
66 10 28
48 -6 28
57 14 26
83 -3 26
82 6 58
82 17 29
62 0 26
63 -13 52
49 4 56
58 -4 20
67 -8 39
57 -5 46
57 9 25
58 -10 45
80 -4 54
76 19 26
68 6 18
53 4 19
79 16 55
47 16 23
61 22 56
59 -3 53
57 13 25
76 17 38
79 0 30
58 -13 39
74 -1 22
80 26 39
47 7 26
63 -10 24
69 3 27
62 1 54
56 14 33
69 8 37
76 13 30
72 -4 21
69 -1 58
75 26 21
63 1 51
77 4 41
56 -5 43
77 -9 43
78 25 27
45 -13 40
54 27 57
83 -3 38
71 -6 43
82 -1 31
61 4 39
70 -3 23
52 19 35
74 6 33
53 15 25
50 -12 31
61 7 29
52 -6 45
50 -9 45
57 -4 52
74 25 25
65 15 53
74 11 40
85 -1 57
63 10 20
52 11 24
45 15 33
66 18 40
62 -2 47
71 -1 19
65 1 26
78 -3 58
45 18 34
69 9 37
66 -12 56
60 26 21
67 -3 53
74 1 19
75 9 52
85 -2 35
51 -7 33
58 10 19
72 12 25
55 9 46
82 25 20
57 -12 58
69 -12 18
85 12 25
72 5 52
47 1 50
61 22 36
66 25 36
58 26 34
53 23 53
45 -8 50
82 9 26
55 -13 37
54 -13 20
72 3 29
55 8 32
77 27 30
54 27 56
62 -7 43
75 21 40
52 8 56
67 -7 42
84 -11 20
55 14 23
67 0 55
71 2 49
72 23 18
81 -12 32
55 26 34
71 -1 56
69 10 24
66 -11 55
48 16 57
74 1 26
81 9 38
45 11 30
75 22 36
85 2 53
73 14 47
81 21 52
55 15 35
83 -13 45
53 1 40
47 24 23
80 -6 55
69 9 34
71 1 30
84 -10 26
82 -5 32
47 17 21
58 5 44
75 -8 49
82 11 33
74 -7 38
74 -1 31
82 13 20
74 4 44
62 0 48
55 -7 29
66 11 26
54 16 41
77 14 56
50 27 25
57 -6 53
66 19 18
81 12 58
51 6 23
79 15 48
65 12 42
78 -7 42
78 14 38
68 2 23
81 27 43
72 16 55
65 20 22
46 6 33
50 15 31
81 3 34
54 1 41
61 22 38
78 12 49
66 13 51
77 -8 42
45 14 40
66 16 56
76 0 26
72 -7 25
78 5 56
84 20 29
64 -2 25
50 27 48
60 -3 55
51 -13 28
67 1 43
68 11 23
58 0 26
47 24 57
75 -11 29
54 -5 54
54 4 23
63 -13 26
55 -4 36
47 20 26
64 4 36
53 -13 43
55 5 44
52 18 40
72 20 18
82 19 42
56 14 43
68 -9 41
63 -13 34
84 6 53
64 -1 26
72 22 53
49 7 50
79 8 37
50 -4 28
56 8 26
76 -6 24
65 -8 40
52 19 30
60 9 36
78 8 41
56 10 44
78 8 38
45 19 27
53 -4 41
73 21 23
59 -8 31
56 27 43
50 23 33
52 25 32
53 25 42
46 -7 46
65 6 53
80 -4 32
60 11 56
85 6 57
72 -2 52
72 19 47
84 8 54
78 1 35
69 -4 19
54 7 54
58 7 44
57 -10 33
69 -10 49
73 20 18
50 19 55
55 22 54
60 9 31
72 -7 32
57 18 24
77 5 24
64 7 56
46 27 42
67 12 50
49 -13 42
65 10 26
52 -7 49
66 15 32
74 11 25
53 -10 52
80 -1 38
85 -7 37
58 8 39
52 0 47
69 -10 38
67 5 51
51 18 23
52 23 48
45 18 57
72 16 43
85 15 46
73 27 31
48 -2 40
75 5 58
69 2 35
74 6 51
46 8 32
83 19 22
70 3 40
69 24 25
77 7 27
77 18 19
82 16 37
82 11 20
84 26 20
62 4 46
63 18 39
49 -6 32
54 7 49
45 -12 36
67 7 49
55 -11 27
66 9 24
48 16 32
49 4 25
74 -1 29
59 -1 30
81 18 44
71 8 33
74 22 21
54 -4 38
63 15 50
60 27 21
57 -5 35
57 17 30
55 -7 57
51 3 51
52 -7 25
47 3 23
82 -11 52
57 9 32
66 -5 24
59 9 35
69 -5 52
80 19 18
47 3 52
69 -2 40
45 22 22
84 20 44
71 0 41
75 -3 33
67 7 57
82 -2 25
69 3 57
73 10 28
70 4 26
56 1 41
46 -6 45
57 8 32
57 22 42
77 4 23
48 22 43
59 5 52
85 14 47
57 11 42
46 22 37
82 27 18
59 11 32
61 11 32
53 2 51
85 0 51
59 -10 40
46 23 26
46 -3 25
75 16 51
57 13 57
64 -11 48
85 24 23
45 -3 44
85 9 36
76 -11 30
52 8 42
80 23 43
48 22 42
75 11 48
85 27 25
69 -1 30
60 -12 40
57 -4 44
55 15 31
84 -12 29
52 -5 39
85 -2 38
72 -12 32
80 27 39
57 13 50
66 -9 40
60 20 20
54 12 54
78 27 36
45 27 46
79 3 57
83 17 37
85 5 38
85 11 29
67 26 52
72 25 52
61 16 18
55 23 26
62 23 40
75 12 53
61 24 52
80 26 53
51 9 28
47 21 37
47 13 35
75 15 25
81 -12 56
81 20 39
74 -9 46
85 11 57
60 11 39
72 -2 54
49 22 28
85 0 20
65 22 25
46 -10 48
61 4 51
72 -10 54
53 0 31
63 15 56
57 22 28
45 3 47
66 0 40
80 -5 23
55 1 49
49 2 47
78 20 23
71 17 23
61 13 27
63 -7 40
82 24 44
82 -7 25
51 8 43
54 21 38
63 14 22
84 15 18
83 -2 20
45 9 23
47 9 57
78 4 35
61 -4 56
70 3 44
77 3 52
52 1 43
53 -8 19
53 1 26
71 24 47
85 13 49
53 4 34
76 24 30
71 9 25
58 3 40
68 4 51
62 -6 43
48 9 43
85 1 30
83 7 35
75 -10 20
53 14 43
64 14 43
59 -13 41
55 2 30
59 8 48
55 -3 29
83 6 23
81 9 35
60 9 37
74 -11 43
67 2 56
80 26 49
57 -11 56
48 -7 55
50 20 23
71 15 49
55 13 25
55 -11 24
53 21 37
76 -7 34
78 24 55
51 3 43
74 -10 19
70 6 25
45 20 40
49 1 26
64 11 20
54 22 52
72 -9 25
84 -9 21
85 2 58
56 22 19
78 3 49
65 -13 24
80 13 23
54 3 50
49 -13 47
64 1 30
54 18 49
70 4 42
75 27 19
76 -11 43
67 26 31
52 21 20
69 14 54
64 9 30
48 9 44
72 9 18
80 13 40
58 -3 44
110 85 3
106 74 1
92 93 32
86 101 34
77 91 16
95 109 -5
112 94 -1
89 69 1
91 72 33
92 106 24
105 104 29
79 108 22
105 88 13
106 72 21
104 78 24
84 76 20
90 89 23
111 71 -5
102 81 -2
84 82 21
77 89 0
80 81 -1
75 96 6
105 90 -6
97 104 34
114 105 27
76 73 17
90 101 28
80 95 23
100 85 -6
104 71 8
75 80 11
113 94 11
76 98 33
110 106 19
112 105 29
78 81 34
99 104 17
78 101 23
109 69 22
113 78 32
96 89 22
74 79 13
97 99 25
111 105 32
109 88 -3
84 100 20
109 77 17
105 76 21
79 90 21
109 98 23
103 90 4
103 92 6
74 83 32
86 92 0
90 107 18
88 96 19
84 109 9
99 95 -2
89 103 -3
111 75 7
112 97 14
79 107 26
78 98 3
90 73 11
90 74 27
97 78 2
94 72 9
106 83 7
112 73 25
110 82 33
83 108 11
85 70 4
83 77 30
89 91 3
87 98 28
92 107 20
94 95 4
93 74 4
95 100 34
96 77 27
94 72 -5
106 93 17
100 109 14
109 97 0
85 77 33
112 73 5
95 105 10
82 74 17
110 109 -4
88 105 -5
111 82 -3
85 98 4
83 71 16
96 81 8
95 91 -1
100 94 7
112 69 24
75 92 5
105 78 27
102 89 -3
104 80 25
81 84 17
97 97 27
84 90 26
74 103 29
89 78 15
85 108 17
103 75 24
99 74 2
112 91 14
95 95 34
82 93 8
94 94 -2
110 88 16
100 97 22
108 81 -6
74 99 23
82 103 34
88 76 -3
84 95 -2
92 70 -1
76 99 5
101 89 24
109 103 -4
106 86 34
78 97 12
80 69 15
97 69 33
79 87 1
100 109 19
112 108 1
85 102 -3
75 95 15
83 108 5
96 84 34
113 70 22
89 79 6
97 90 5
95 70 19
85 80 5
77 72 17
83 97 4
92 76 19
111 101 0
76 105 0
80 95 31
89 104 26
75 77 9
97 80 14
84 81 15
104 72 22
100 73 21
101 108 13
75 90 4
113 101 13
81 109 17
93 70 3
75 76 21
81 97 -1
88 95 33
86 89 12
106 87 -4
86 103 3
75 78 1
109 88 18
109 76 -2
114 69 30
104 73 20
104 109 -4
87 81 -6
75 98 13
92 84 24
84 95 14
104 98 27
77 99 17
92 88 34
100 107 3
110 86 14
112 100 32
97 109 27
81 96 21
94 95 14
102 98 -1
85 83 14
83 94 25
109 104 19
86 72 13
85 105 23
96 84 -2
87 81 12
107 105 25
84 98 2
90 85 22
103 70 24
89 107 -4
111 97 14
106 93 24
97 97 20
97 80 33
81 82 1
76 104 23
111 104 13
106 76 5
79 107 33
91 70 33
110 79 32
111 101 21
92 71 30
109 102 -6
90 79 24
80 96 34
74 74 11
85 101 17
87 104 23
87 72 20
81 98 -2
85 109 0
74 93 5
98 95 0
98 80 15
87 103 -2
104 70 12
97 70 -6
109 104 10
93 96 18
85 103 20
87 102 11
111 91 1
77 108 7
81 103 -2
75 85 28
85 81 31
111 70 18
99 104 30
93 93 21
102 108 28
111 109 26
86 106 -3
102 103 7
113 103 28
91 92 9
80 96 28
82 92 20
110 78 32
95 89 18
109 101 23
75 89 31
107 86 -1
93 78 10
101 71 10
98 86 -1
98 104 27
80 103 23
78 107 -5
102 94 6
97 100 -2
86 76 13
78 80 16
108 97 28
83 101 -3
96 79 22
95 105 2
90 70 21
85 87 -4
102 82 25
106 87 25
110 88 28
110 89 12
113 76 15
98 92 -1
107 91 6
105 79 29
94 75 14
111 72 -5
81 86 6
85 78 20
80 85 7
108 94 2
84 74 -1
81 71 16
93 88 3
102 97 8
114 80 23
84 108 34
78 91 29
90 83 24
110 106 15
107 91 0
79 79 6
100 96 4
102 79 18
112 79 6
77 87 -2
77 72 -2
83 100 12
113 105 30
103 94 19
89 88 32
78 81 31
101 79 12
101 75 1
83 79 32
95 103 -5
75 105 2
82 71 22
89 75 7
89 98 22
93 74 19
107 94 -3
81 105 23
105 100 8
89 94 13
112 95 10
105 80 17
92 78 6
102 81 2
79 98 27
74 76 11
86 84 -3
96 76 29
90 107 10
84 85 29
114 85 27
85 81 4
102 72 1
83 98 31
106 80 8
95 85 22
88 102 1
106 86 3
96 88 33
91 80 -3
79 102 15
84 106 -2
95 96 -1
80 70 9
114 84 -4
81 93 8
76 76 7
75 84 34
76 87 26
90 91 23
98 79 15
109 83 10
77 82 -5
100 83 19
101 78 31
93 91 7
82 94 3
87 99 15
79 102 11
83 105 31
112 83 27
111 99 9
100 92 13
83 87 30
83 93 19
95 105 21
99 95 1
107 94 7
87 104 11
74 84 2
87 92 13
87 98 17
76 94 24
80 72 4
87 102 17
86 103 8
91 94 -2
80 96 31
82 91 20
100 90 -1
107 75 14
97 109 16
74 90 21
98 96 3
85 89 26
103 102 29
78 89 -3
105 101 20
83 102 34
85 91 -6
113 99 33
106 105 32
113 73 3
76 77 0
82 90 23
100 79 34
89 101 23
92 75 29
99 83 -5
102 92 0
75 109 18
99 100 11
113 85 32
92 69 -1
107 76 22
110 108 1
91 94 3
78 85 5
77 94 23
98 88 -5
103 98 29
105 86 1
79 77 17
74 95 0
106 75 30
100 91 13
107 104 21
75 84 -6
106 79 27
90 91 1
110 88 22
91 77 -5
76 95 7
90 79 32
88 70 34
75 91 23
85 77 34
93 73 22
100 103 6
99 86 12
97 101 29
89 99 25
106 81 -1
95 90 33
76 76 34
91 105 -2
87 73 1
100 75 33
90 107 32
95 96 22
98 73 -3
112 75 34
76 99 27
111 92 12
100 86 6
91 97 19
94 94 27
78 79 10
82 85 30
83 81 1
86 106 7
81 74 -4
110 104 15
83 91 -4
110 88 14
104 83 27
83 81 10
83 96 21
83 107 1
85 76 31
87 79 -5
90 77 25
88 85 0
94 101 8
102 69 -5
102 96 10
107 83 6
89 109 -6
75 107 10
94 98 26
107 109 -2
81 99 21
113 72 20
83 74 -1
79 71 -6
97 95 20
91 77 29
96 99 20
77 109 4
80 107 2
111 72 -1
105 105 32
81 81 -4
88 81 0
90 91 -2
80 84 28
79 91 18
99 80 2
81 70 -4
112 107 0
96 95 32
82 101 6
76 79 33
93 108 21
80 101 7
95 88 34
109 108 8
108 79 14
83 96 10
108 83 29
89 92 22
98 86 17
90 89 16
75 104 9
76 109 0
85 104 14
74 94 14
107 69 -3
76 95 24
86 99 -1
82 91 -5
109 109 22
82 95 31
87 71 18
98 84 26
114 87 31
78 77 17
95 106 14
79 75 11
100 88 30
78 70 25
102 90 14
114 83 31
92 98 22
83 72 13
91 90 -2
102 97 1
79 91 1
83 100 24
113 92 -5
79 106 20
106 86 -4
81 93 27
76 69 -3
100 85 25
78 102 17
80 109 26
110 76 33
107 86 27
96 99 24
92 71 28
91 105 1
86 82 29
84 94 33
94 80 12
87 78 2
79 96 -3
79 96 27
83 79 21
97 91 6
81 104 0
108 91 5
109 91 4
74 77 28
104 107 21
106 73 29
99 84 -1
78 103 10
85 100 14
90 74 5
84 69 12
78 88 10
84 104 -3
105 101 1
112 98 10
91 100 33
77 84 26
83 70 23
85 85 22
86 92 -4
88 80 4
77 76 21
85 107 25
98 85 31
84 95 -4
83 108 24
89 89 18
85 70 5
95 99 14
85 99 18
82 102 15
76 87 33
109 86 14
75 79 19
93 72 12
108 88 20
93 84 33
77 81 30
108 72 0
98 77 34
76 75 32
93 90 6
107 84 28
90 76 2
74 106 17
90 89 18
110 69 0
92 90 30
94 104 5
108 103 13
102 92 -6
109 70 14
105 102 -3
87 71 17
98 93 4
94 80 25
109 93 34
89 82 13
86 75 13
88 73 0
91 91 15
83 103 30
99 76 32
105 71 0
79 83 34
97 99 26
75 85 28
95 83 12
76 79 5
107 89 2
112 95 26
105 104 13
93 77 5
104 106 30
96 76 11
100 88 4
85 95 3
114 91 34
105 101 26
81 79 34
94 96 15
76 103 26
105 108 4
105 109 -1
96 108 1
86 87 -2
77 104 18
81 101 2
106 78 10
79 97 25
95 82 17
111 74 16
75 99 11
102 103 8
88 83 8
79 77 16
80 71 24
95 106 28
114 69 4
100 92 14
82 90 7
112 73 14
92 83 -4
113 95 14
93 95 -2
74 82 28
77 87 17
74 92 30
94 87 28
90 104 11
88 101 19
101 76 30
80 70 8
112 106 7
80 101 33
97 83 24
95 108 1
89 104 24
114 102 21
93 101 7
113 108 10
102 81 22
78 87 24
85 77 16
77 83 16
78 102 31
83 106 32
108 99 25
89 73 6
108 72 13
86 80 9
102 95 -1
105 73 -6
81 81 -5
85 94 3
103 70 7
91 106 9
98 71 22
97 80 -3
88 74 0
77 95 4
114 101 2
99 81 23
113 95 19
99 80 -6
77 88 27
114 77 29
89 90 9
80 101 17
89 103 -6
78 101 0
97 78 10
88 98 7
106 93 19
102 79 1
108 86 21
93 95 6
114 86 17
113 71 -4
81 80 7
86 102 15
107 70 33
94 79 1
81 87 -2
80 80 9
74 88 28
95 95 16
104 95 31
83 94 4
85 102 26
89 86 3
86 84 8
94 102 2
78 73 33
107 74 2
74 80 11
80 72 12
75 92 5
108 77 -6
111 82 -1
106 89 29
96 108 25
106 102 26
109 70 13
83 101 29
108 86 7
110 108 13
98 83 6
96 88 12
91 97 8
112 75 16
104 109 9
95 73 15
108 82 -3
80 103 -6
111 107 5
80 69 6
100 84 13
98 87 30
97 103 18
99 79 20
93 73 34
101 92 -6
113 89 21
83 75 28
85 98 23
78 102 4
82 101 3
74 72 22
103 98 27
106 82 25
99 88 34
113 106 6
82 77 20
75 102 14
84 87 28
104 96 27
78 77 -5
92 92 -3
93 100 -3
99 79 0
98 79 26
102 71 4
90 73 27
86 89 12
78 71 -5
94 91 13
93 103 14
107 103 0
92 99 0
76 95 18
114 79 22
79 99 21
101 99 17
104 81 -6
96 81 29
93 109 13
112 78 20
89 99 34
89 87 8
111 77 17
108 93 34
98 92 30
105 76 -3
91 101 33
75 76 19
76 89 12
113 86 6
87 78 -4
86 73 10
76 81 22
89 80 12
102 105 13
85 109 32
107 85 7
76 91 9
109 98 10
83 106 23
84 71 21
114 109 6
84 96 5
82 109 15
88 94 1
110 76 -3
106 84 20
79 73 17
90 105 -1
106 92 33
103 70 17
107 94 9
94 75 11
83 84 18
97 76 4
110 72 13
112 83 22
81 103 -5
89 81 -5
84 96 33
114 101 25
90 90 30
82 91 4
98 83 28
90 92 32
85 74 2
95 69 28
97 86 5
103 96 24
92 103 22
101 89 -2
96 100 3
77 105 13
98 80 14
92 97 23
107 99 7
93 100 20
93 89 30
75 95 0
93 99 5
97 102 8
103 95 1
109 88 33
74 93 18
102 97 17
78 100 30
74 101 26
76 79 29
85 93 22
75 87 12
89 107 2
101 88 34
104 69 26
94 70 15
84 103 1
79 85 22
102 88 28
112 93 -5
97 91 6
80 105 -5
80 77 -5
97 109 1
86 109 14
93 75 12
84 72 32
78 74 27
76 78 29
84 94 17
83 103 10
76 86 28
82 86 30
112 95 -5
85 109 34
108 76 31
85 91 19
108 100 28
111 75 14
81 76 29
100 99 27
81 92 3
75 82 0
111 70 -6
110 70 21
86 88 0
86 108 26
97 92 19
100 76 18
94 74 5
92 104 4
82 78 29
102 108 28
113 108 3
74 79 11
112 91 17
92 106 6
90 83 8
86 93 -1
76 86 4
104 76 27
82 108 16
98 85 22
107 109 20
102 73 2
107 99 27
98 69 34
110 98 13
91 77 22
89 97 0
93 81 1
111 72 12
93 72 -5
81 86 30
100 78 -5
83 91 28
91 101 15
95 84 -3
94 107 34
102 74 14
106 94 10
101 102 3
98 70 7
106 96 26
84 78 -1
90 99 -4
87 109 17
90 100 8
101 107 17
90 75 26
94 95 3
78 106 9
81 87 -6
81 80 27
109 69 2
78 79 2
113 76 18
107 70 15
105 102 13
80 82 4
94 73 27
111 101 12
80 71 6
100 87 21
111 71 -2
96 89 22
92 90 34
95 95 32
91 103 -3
109 105 -5
83 104 4
84 91 10
82 78 17
83 101 25
112 75 21
110 94 -5
83 98 -4
92 94 -6
96 106 -1
78 98 0
81 84 -3
110 85 28
101 97 2
107 78 17
98 76 8
112 108 31
77 94 29
85 96 23
96 90 -1
101 74 34
110 80 24
89 108 -2
99 69 21
93 98 22
101 101 16
96 81 9
83 69 -1
77 78 8
99 78 21
110 101 22
106 95 27
106 94 21
89 109 30
90 106 25
79 102 2
108 103 32
104 95 24
89 105 33
94 104 31
87 82 22
78 90 2
87 94 9
76 69 23
109 75 -5
105 91 30
106 92 22
85 104 -5
80 102 10
89 109 0
86 77 9
92 78 -5
16 6 52
24 10 45
33 27 77
8 16 80
24 32 56
31 11 47
25 24 73
1 32 43
3 16 55
13 30 75
11 21 61
1 6 80
12 17 60
27 -7 41
35 18 72
18 5 44
26 5 67
7 -5 46
23 29 55
11 4 56
26 11 66
4 22 52
3 32 56
31 32 76
32 29 60
3 23 53
38 28 61
41 -5 73
16 26 43
36 9 72
23 20 55
25 31 45
26 11 58
29 23 44
31 -4 56
36 13 58
26 12 73
35 25 77
28 6 51
29 3 44
34 20 70
19 5 56
30 18 81
31 12 66
15 -2 55
26 10 56
41 11 64
14 10 63
11 -1 45
28 32 47
30 15 55
21 15 48
41 0 54
10 10 59
33 -7 70
24 6 81
14 25 59
2 9 50
38 21 65
3 25 41
6 4 58
41 -1 45
12 26 62
16 3 76
32 -3 68
10 23 46
31 30 79
37 -4 56
34 24 51
25 4 44
1 -6 51
17 28 61
3 27 61
11 19 48
13 28 66
36 4 77
33 19 71
18 -4 76
4 8 50
12 4 53
29 17 43
40 18 75
8 29 56
11 30 74
24 15 66
14 32 57
15 4 73
10 20 53
14 19 75
39 19 42
32 -7 64
28 6 64
39 31 42
24 26 80
38 20 61
29 31 59
39 -7 79
25 20 76
16 9 44
1 10 41
22 31 46
38 24 78
27 -8 55
6 22 51
10 6 56
29 0 70
30 29 57
35 13 79
11 32 65
23 -6 44
12 23 51
32 -6 56
7 16 69
37 29 80
7 14 65
24 12 56
20 17 41
18 17 45
14 20 78
4 -4 67
1 8 69
14 3 57
38 -1 65
10 6 74
41 -1 71
24 21 42
23 24 81
28 -6 43
26 31 44
21 25 69
7 31 54
27 20 69
32 0 46
41 16 62
19 8 64
34 6 56
33 11 67
7 7 41
13 11 69
21 31 57
19 13 81
3 -8 50
40 29 75
24 13 45
10 23 72
38 2 67
31 3 60
19 9 44
38 -1 56
39 -6 48
27 -6 76
15 2 70
22 23 55
28 -3 50
8 15 77
8 32 41
41 -4 49
14 16 44
36 15 78
23 7 47
23 12 63
23 14 75
33 25 67
14 -6 75
17 17 71
12 -6 53
39 16 62
21 -3 63
10 -6 47
4 17 77
7 15 55
7 7 60
2 12 44
19 14 70
34 7 81
27 1 41
39 8 46
40 26 42
1 15 72
37 -7 58
26 18 80
35 -2 80
24 15 70
11 32 47
6 16 76
36 -8 68
33 6 51
40 10 47
6 -8 71
2 22 66
37 7 62
39 29 47
10 8 48
32 -4 78
29 3 63
7 7 59
13 32 64
25 4 71
11 30 73
5 29 47
17 15 69
6 13 80
35 -7 41
35 29 64
1 15 68
21 0 62
33 -2 72
20 18 57
18 1 51
38 23 78
31 2 71
38 6 50
32 21 58
31 24 57
18 3 42
38 27 78
37 25 53
32 14 64
14 12 78
34 16 75
20 0 75
1 14 68
34 15 43
7 14 43
6 25 64
17 25 60
33 2 74
30 -5 56
27 26 70
10 30 52
12 21 60
9 15 63
17 11 47
32 17 64
1 -5 77
18 -3 50
15 -8 63
39 9 75
11 9 44
37 -6 49
20 4 63
40 19 51
3 18 47
26 28 79
38 -2 75
3 16 65
17 11 59
16 20 65
5 -2 81
7 20 41
29 11 74
38 32 61
1 23 67
40 17 58
17 9 75
20 32 69
37 10 58
24 12 58
22 -6 81
9 23 71
38 24 79
19 10 62
11 25 53
20 5 76
32 15 74
7 14 41
14 25 74
11 -4 73
18 20 81
14 5 54
7 27 48
14 8 75
13 20 57
24 9 47
15 -8 46
41 18 47
24 18 41
17 29 77
7 8 80
5 15 44
34 4 71
14 26 62
1 20 51
3 31 79
12 11 60
16 32 69
18 31 61
38 26 75
37 -6 74
26 32 45
9 22 51
17 29 68
24 31 42
32 -1 73
38 19 48
27 12 64
18 31 73
6 11 54
41 26 59
4 -3 69
28 16 49
40 4 60
23 -3 63
19 30 76
17 -3 46
27 20 59
26 20 52
17 0 75
32 12 59
8 25 68
3 1 44
13 19 71
10 32 43
13 -5 75
1 -2 66
28 1 58
1 25 46
37 -8 50
25 21 76
8 10 63
23 15 65
7 27 77
25 28 71
24 15 77
27 -1 41
1 22 78
10 7 78
38 17 41
38 -3 78
6 25 58
40 6 42
21 28 43
34 8 66
5 30 46
24 17 67
14 2 66
17 23 81
3 32 48
41 -7 70
24 -8 60
31 4 55
16 20 48
20 10 72
32 11 80
37 30 41
25 20 75
22 0 50
37 16 52
2 2 60
12 31 50
15 23 45
17 17 51
37 -1 42
37 16 54
32 24 77
40 17 75
5 -4 69
40 18 77
27 22 77
10 9 56
29 -3 76
39 30 70
20 8 46
4 2 74
16 6 60
29 6 68
16 14 59
14 16 76
40 14 68
5 -8 61
28 -2 47
18 4 78
7 24 47
25 18 52
5 23 43
35 30 58
18 27 61
3 6 49
41 6 46
9 13 44
9 8 61
34 8 57
33 20 50
23 8 62
9 21 46
35 -5 49
37 32 65
3 25 77
12 12 45
22 -4 50
12 -1 56
32 18 46
4 6 57
31 16 66
27 -5 58
24 22 77
28 -5 49
18 11 60
18 28 42
13 30 62
13 -3 73
35 3 68
14 23 80
14 -5 64
22 32 67
13 27 73
40 15 60
37 21 50
7 20 81
41 29 43
2 21 71
16 27 53
31 27 79
23 32 69
30 -5 62
1 -4 77
8 31 51
7 27 59
37 21 60
17 2 51
19 22 64
10 0 81
37 29 69
11 30 64
23 12 62
3 20 73
36 7 49
18 24 45
35 27 43
14 -4 60
33 5 56
11 8 72
21 14 50
29 17 42
25 -4 44
13 -4 52
23 29 72
33 18 48
33 -8 72
26 -7 61
23 -6 71
33 6 80
21 -4 47
2 5 78
35 5 60
12 -3 73
33 13 57
15 29 69
19 5 48
28 22 61
17 11 52
19 4 74
11 19 52
31 29 76
35 5 77
9 7 63
27 4 47
35 -3 67
28 18 73
33 3 47
28 11 56
34 17 41
29 16 69
22 21 77
18 14 73
31 14 65
31 11 41
8 4 47
23 32 56
39 22 52
5 20 81
8 17 55
28 9 70
29 -4 67
3 21 64
37 22 44
16 31 63
24 1 76
12 22 55
25 19 75
41 -2 76
39 14 62
32 3 57
32 -4 58
31 12 77
1 -2 67
33 4 71
1 13 64
30 26 70
15 29 42
38 -4 49
1 28 41
2 -2 72
41 21 62
14 32 45
12 26 65
35 26 77
6 12 72
11 6 44
28 30 59
9 18 46
18 30 70
21 31 70
9 12 62
7 22 56
29 17 64
25 20 61
1 12 54
15 -3 71
30 -8 42
28 13 48
35 25 56
39 4 44
41 5 75
12 2 69
11 32 67
39 8 68
13 32 72
3 9 50
15 14 58
15 15 45
11 7 72
25 13 58
4 21 47
19 16 73
24 18 67
5 28 43
33 11 54
7 12 69
14 6 43
21 4 59
31 30 57
25 14 58
35 -4 76
25 4 55
17 14 80
29 -1 76
28 2 75
41 -6 64
37 15 42
29 -7 48
24 24 57
37 -1 43
36 18 59
29 31 44
25 9 71
30 17 46
28 22 49
14 27 71
21 27 61
1 6 56
10 -4 51
17 31 58
6 -4 57
23 4 63
26 0 79
26 -5 54
17 5 59
7 9 75
8 22 81
8 19 41
37 23 50
30 -8 70
21 -7 70
12 24 47
8 -3 73
24 24 63
24 28 47
40 -4 64
15 12 80
21 32 52
22 24 72
24 9 62
26 14 59
39 20 72
32 30 74
2 3 67
28 29 70
27 10 67
27 -5 42
14 1 59
8 1 58
23 -4 52
40 26 54
16 4 60
27 21 77
40 20 47
2 18 63
37 27 42
9 22 55
37 9 47
26 -2 65
4 31 60
40 7 81
5 20 79
18 30 73
40 30 68
1 18 68
20 26 73
28 31 81
30 29 74
27 25 44
31 22 74
36 -2 53
7 32 73
23 22 78
18 19 70
35 23 66
29 27 44
34 27 42
33 -1 43
39 20 43
10 19 60
21 30 69
30 -1 46
33 11 74
10 24 47
3 0 55
5 13 69
38 1 78
22 5 42
38 28 66
31 31 65
9 21 62
39 32 44
41 29 66
32 20 69
19 25 51
38 22 60
41 31 57
32 -8 44
11 27 53
27 20 48
22 7 71
28 7 81
5 -5 49
10 -4 67
25 -4 44
22 28 69
31 8 41
6 -5 62
11 -5 48
18 7 43
24 30 54
15 16 57
22 18 74
12 -6 54
6 -3 70
20 21 42
31 20 47
25 -1 51
24 26 55
15 -5 41
18 27 67
31 12 65
2 31 58
37 12 55
27 26 71
7 9 63
20 20 42
37 19 77
33 8 77
8 0 71
22 25 71
20 28 73
26 28 60
14 14 55
4 14 68
6 31 81
7 -2 56
37 -5 53
32 2 60
32 29 58
40 23 71
19 12 70
9 15 48
24 9 76
41 10 71
9 15 65
33 3 42
23 -4 76
31 6 76
9 -8 46
19 29 69
37 31 47
14 11 74
29 15 48
40 -7 55
10 29 55
21 31 49
32 6 54
40 1 76
27 -5 69
32 -6 58
35 14 59
32 10 64
24 6 59
9 17 49
7 2 50
6 1 42
10 -8 52
22 0 66
28 3 63
37 28 51
18 3 60
10 8 43
27 13 44
5 1 72
11 23 57
2 32 62
8 6 43
38 0 76
18 16 78
6 19 66
7 5 71
22 -6 77
1 7 62
12 4 68
11 14 74
40 19 74
38 11 53
25 -5 81
40 13 78
18 30 61
22 11 59
37 32 72
41 -8 69
34 -4 60
16 26 54
4 3 71
37 -8 46
10 30 60
5 9 47
32 31 62
24 31 67
32 9 43
14 6 78
17 30 52
40 8 75
26 -6 61
13 9 75
35 -2 51
21 -2 77
9 -2 75
40 18 62
37 13 52
34 25 78
29 32 53
21 -6 43
4 -5 74
15 30 44
40 27 52
39 19 50
26 32 50
34 20 70
20 3 79
9 22 78
19 26 42
19 19 61
38 -6 75
18 16 59
9 2 67
18 8 44
20 6 63
31 22 52
10 -2 65
16 24 64
25 18 60
39 17 80
9 15 54
20 -1 68
25 24 56
16 17 50
2 25 65
39 -2 67
10 6 73
11 31 49
29 -4 64
4 19 56
5 23 45
37 16 78
17 4 67
16 29 50
18 7 62
9 31 55
23 27 64
40 11 49
26 27 61
2 27 78
5 27 49
10 5 53
2 10 60
26 13 53
3 13 41
33 13 46
24 -7 77
38 19 66
21 2 47
13 24 51
9 24 51
16 -8 77
1 5 73
40 -3 45
1 27 44
37 -2 61
31 6 49
30 29 58
17 7 79
22 31 71
19 8 45
30 17 65
28 5 64
27 28 59
12 15 76
10 28 75
15 29 69
17 28 78
36 0 46
18 32 55
41 3 47
5 29 77
41 16 57
15 5 80
7 8 57
3 26 47
34 24 42
28 -1 41
10 17 72
32 -4 49
37 31 50
38 12 77
1 -4 64
36 9 72
3 15 66
41 15 46
24 25 55
28 12 75
19 22 55
21 25 41
20 16 74
28 5 79
40 11 58
11 12 41
4 -4 42
11 17 43
39 -8 58
12 -4 58
23 27 70
12 28 75
12 31 81
39 8 64
40 28 66
10 8 55
24 -4 58
41 3 46
10 -5 50
20 30 76
14 1 72
32 15 77
25 18 73
3 6 64
14 25 72
24 17 50
34 21 43
20 8 58
21 11 47
27 27 69
35 23 49
12 25 58
8 11 66
6 28 61
17 8 43
19 -8 47
7 18 74
13 23 56
33 -7 61
35 21 74
38 5 65
7 20 48
5 26 76
35 22 76
34 18 57
15 20 72
2 -5 52
41 4 71
17 17 46
21 -3 77
41 8 47
28 24 56
23 13 60
19 24 71
18 -7 61
35 -8 78
27 13 79
32 11 78
30 21 48
39 18 75
21 28 70
11 -1 55
4 2 69
25 -2 62
12 9 71
26 -8 75
40 20 67
25 17 76
20 19 79
24 28 55
30 25 62
11 -3 66
2 16 44
26 -6 73
10 16 53
31 24 58
3 7 52
25 16 45
5 30 70
13 24 53
33 2 50
23 31 54
5 14 75
35 12 72
20 -8 81
34 3 68
24 23 80
38 11 48
41 -5 66
17 19 66
20 13 47
30 10 41
31 -6 54
21 22 63
3 7 55
9 4 61
7 11 71
22 23 81
23 -8 79
32 6 43
1 32 70
37 1 58
8 23 51
2 2 71
19 25 59
5 6 66
3 14 57
23 0 52
11 29 65
34 30 59
1 18 47
40 25 55
23 25 74
12 14 42
3 -2 60
39 6 42
7 24 60
37 4 66
26 32 63
9 20 51
38 8 58
26 12 68
37 5 44
39 19 63
21 -2 79
10 9 42
8 29 57
32 27 54
16 13 48
39 19 44
8 -2 48
24 -3 81
26 23 81
25 29 79
16 7 77
3 23 76
22 24 55
32 9 54
39 -2 42
7 13 63
31 -3 56
19 22 73
32 14 60
26 18 42
16 32 50
16 20 60
39 -4 79
14 9 42
29 -3 50
30 -7 65
38 15 50
3 4 43
18 -6 56
13 -6 63
9 22 65
7 21 71
19 1 73
30 4 79
32 30 51
36 -8 54
4 32 68
32 30 79
5 4 52
-12 20 23
12 32 36
8 39 50
25 36 16
6 34 47
-11 28 28
23 24 39
14 32 21
12 8 49
6 33 37
-2 33 35
-8 20 19
10 1 51
-9 17 40
-3 21 21
-11 15 52
10 37 32
17 5 53
18 32 13
16 36 51
14 36 46
27 32 41
11 33 21
16 35 37
16 29 51
-6 31 28
1 39 34
-13 37 24
6 2 26
-10 37 47
18 13 18
-2 24 49
-4 20 31
7 27 33
14 10 22
8 7 29
13 38 13
20 20 17
27 40 53
22 36 20
-5 2 50
-13 38 37
25 7 47
0 28 47
4 32 32
-10 18 15
20 1 37
15 38 15
20 6 34
-12 3 17
20 18 30
17 10 32
21 10 40
1 6 28
-1 40 27
8 8 51
-6 23 49
18 7 43
7 31 26
9 33 48
-2 0 53
20 13 51
4 10 23
20 22 32
12 22 31
-6 14 22
9 11 16
0 5 14
11 18 39
19 22 52
-1 20 49
24 10 31
-7 12 51
14 3 26
13 39 14
14 17 50
14 3 16
20 27 36
-10 20 40
-10 36 49
6 18 17
-10 24 25
-13 3 42
22 37 42
-10 16 48
4 34 27
-13 20 43
22 24 47
0 33 33
5 5 20
25 37 36
-6 17 29
16 14 25
11 1 20
-10 27 17
5 28 15
26 6 21
14 7 28
4 15 31
-3 2 26
6 5 31
5 19 53
2 29 28
-11 15 40
10 0 45
11 14 31
-10 26 23
6 9 26
19 14 39
1 39 40
-12 29 19
-6 2 17
16 19 27
-11 14 30
5 27 49
9 39 53
12 32 14
-10 17 19
-5 31 44
18 2 24
24 21 34
2 0 24
1 6 34
24 32 25
-1 33 35
5 6 36
5 29 28
-8 25 39
11 13 38
0 38 41
24 30 50
13 11 22
26 39 42
7 2 27
0 17 22
14 19 46
10 13 14
16 40 18
-4 34 40
-10 34 39
8 3 29
18 11 40
10 20 43
3 12 24
2 26 24
6 7 29
12 32 22
10 15 30
16 16 30
1 33 17
24 4 38
-5 25 33
27 14 28
-11 1 18
13 11 51
6 38 43
11 3 25
-5 32 49
-9 27 44
-7 11 40
-4 19 51
1 3 31
-10 27 37
-12 24 32
27 19 15
17 22 29
-6 21 26
-10 14 46
7 2 50
-3 34 20
14 22 30
-9 20 19
22 10 47
-10 3 26
-5 18 45
20 22 17
-8 36 48
7 26 53
18 7 31
19 38 37
-4 2 13
4 11 30
4 28 40
19 40 34
-6 20 45
1 22 48
6 32 40
8 0 25
12 20 26
7 33 32
-12 4 18
18 1 47
14 32 29
24 21 47
14 10 41
9 17 14
21 15 19
25 34 46
17 27 15
11 3 29
1 29 34
20 19 18
-13 30 52
-2 40 38
6 3 32
12 22 29
9 40 52
24 28 51
-9 5 37
14 18 25
2 21 44
23 18 31
-5 39 20
8 28 37
-5 4 31
21 33 46
23 4 48
13 16 44
-10 1 30
10 26 14
26 12 18
8 35 33
-13 5 38
18 40 50
23 26 18
17 33 33
8 22 39
0 39 46
-7 14 40
21 7 47
19 32 13
13 38 43
10 8 44
-8 18 38
26 37 31
2 36 33
9 14 41
18 21 28
-5 7 46
-9 1 40
21 0 37
-7 23 23
-13 20 28
0 4 45
21 35 37
10 24 34
-11 19 48
-10 40 15
3 20 48
-12 36 37
19 16 39
2 24 22
13 8 32
-1 25 19
-7 2 21
5 25 32
-7 13 29
-11 3 18
-1 19 44
24 36 28
-3 4 20
21 36 18
-3 27 21
22 33 39
26 19 25
-2 18 43
20 32 42
-11 3 17
4 17 16
15 34 34
-7 1 32
-8 2 45
-1 8 21
18 11 36
15 5 19
13 13 42
17 18 38
12 12 43
2 34 14
27 6 19
15 12 42
26 15 44
-6 30 38
18 24 19
10 26 25
13 29 50
4 14 39
7 20 24
18 32 41
-10 39 25
-5 17 47
19 18 50
5 40 28
9 23 34
7 11 45
20 19 53
9 0 21
-2 23 45
8 3 53
21 11 13
-8 39 34
-4 28 30
20 23 25
9 27 30
15 27 29
22 18 16
6 5 28
-6 17 29
0 23 17
0 32 33
-7 12 52
6 9 53
-11 25 52
-9 34 38
9 40 19
-3 22 45
9 23 48
0 5 52
9 4 29
-9 28 22
3 0 14
5 21 52
-11 20 51
15 23 31
20 26 24
12 27 31
-6 5 24
1 29 49
0 16 15
-3 31 49
10 38 51
11 13 19
4 32 23
21 20 16
23 33 26
15 39 17
13 18 50
-11 12 47
20 19 40
15 31 16
-13 36 47
3 31 32
13 17 19
24 40 19
27 30 45
11 40 25
-1 26 21
11 40 13
0 16 28
2 14 45
-2 15 43
18 36 23
15 13 20
20 5 18
10 31 46
10 26 27
14 12 46
16 32 34
13 14 40
6 40 32
3 9 30
-10 7 33
21 20 30
20 40 20
19 35 42
0 28 37
23 15 23
1 7 23
-9 12 47
4 17 35
-1 25 53
12 33 26
3 14 16
7 25 14
-5 22 33
-9 40 19
14 15 41
20 21 52
13 38 53
15 40 52
2 6 53
9 28 52
-3 38 37
24 17 13
17 35 31
-11 1 30
8 39 38
-4 7 37
-6 20 39
9 31 52
-7 29 45
13 40 45
12 5 38
-11 25 22
21 35 43
22 18 18
-1 28 30
10 25 52
-2 11 50
3 2 30
-13 17 44
25 5 33
-12 7 33
5 23 35
-13 35 49
13 26 36
10 6 29
26 12 24
20 20 32
4 14 37
10 17 15
9 19 44
6 1 42
25 1 39
21 7 45
8 28 30
10 24 35
10 8 24
-4 33 32
6 40 39
18 18 41
-2 39 35
25 12 32
16 28 50
-8 11 49
9 25 46
25 22 42
-6 15 32
2 32 38
15 16 23
5 24 14
0 7 49
4 33 18
21 26 33
5 1 15
2 5 50
-11 24 29
8 27 53
-9 32 34
25 27 41
-6 35 31
10 3 14
13 35 47
24 14 45
0 35 23
16 24 52
6 5 28
19 25 47
-2 35 24
4 23 31
15 20 50
-13 24 32
-13 2 41
16 6 16
20 16 38
-11 32 40
-9 0 33
1 28 28
-2 13 43
9 10 34
2 28 34
-8 31 52
-4 20 16
11 14 40
-2 31 29
13 15 46
4 38 29
-11 18 49
-9 18 46
11 31 35
23 4 14
0 0 37
19 37 30
2 0 47
18 13 25
-2 11 28
0 2 33
21 18 47
-12 27 17
10 6 50
19 14 17
15 33 15
-8 28 47
24 14 35
-7 40 20
15 37 18
13 33 18
0 12 16
12 2 32
-2 18 22
-9 23 19
-12 24 20
17 10 30
-4 2 49
10 18 25
16 6 22
18 13 14
-8 36 29
15 3 31
-1 27 36
21 21 50
23 35 42
-2 20 35
7 39 22
-10 0 18
4 9 19
15 30 13
19 15 17
16 39 28
-10 40 22
-1 35 28
9 21 26
20 25 30
9 28 44
3 34 50
8 4 43
2 18 28
10 2 42
13 1 14
-6 8 47
-5 35 47
4 10 44
-8 28 17
25 11 45
26 1 28
1 22 30
9 39 53
19 28 49
-2 36 47
21 3 21
-12 1 22
13 8 50
7 20 52
-4 38 39
-3 8 33
20 40 21
23 38 26
5 15 31
5 1 52
-2 29 23
19 34 32
7 25 49
-8 33 53
-7 14 20
20 34 29
0 22 43
25 21 48
12 14 31
-12 34 24
17 20 31
5 9 48
13 32 29
-1 11 49
18 23 47
-6 28 15
-8 17 26
22 38 42
7 32 50
6 26 18
18 9 13
6 4 16
-13 6 29
0 18 47
12 26 45
3 32 39
16 23 30
0 23 39
9 24 41
3 35 30
24 37 49
-1 39 29
-5 38 23
-12 12 13
7 18 38
-1 35 42
17 31 47
12 32 38
25 38 15
26 1 44
-4 26 15
-1 31 26
11 22 35
-12 19 24
25 16 36
-9 0 27
21 39 29
23 37 21
15 23 15
0 29 17
8 26 35
10 14 40
6 17 35
-1 4 23
2 8 51
-9 32 31
-12 37 39
-11 40 48
-13 35 27
-11 30 53
17 14 15
25 31 25
-2 19 38
-7 33 35
-13 1 21
-2 31 40
16 17 22
-13 32 49
-3 2 24
-13 26 22
11 0 21
-4 11 38
-3 5 51
20 22 20
16 34 32
-2 23 13
-9 26 35
26 37 34
10 20 46
-5 0 38
0 36 27
17 38 47
4 33 45
16 12 19
-10 11 21
25 31 49
12 19 22
18 25 28
5 35 51
1 35 29
-9 3 44
4 28 20
4 39 53
3 38 29
21 25 33
-4 16 50
17 39 44
5 35 28
0 7 35
3 3 33
19 21 53
11 3 26
-7 27 47
15 13 45
10 17 19
10 1 45
24 11 50
11 19 46
12 38 29
-4 12 29
-8 16 29
8 33 26
18 19 31
-10 3 40
-9 37 25
1 19 28
27 16 18
21 3 36
23 13 51
23 10 32
25 17 37
14 20 21
21 24 26
-3 8 22
-7 12 23
25 1 36
0 23 25
14 7 40
5 34 30
4 38 51
-10 40 21
-10 27 26
-4 4 22
7 12 24
18 9 40
6 38 17
16 39 16
10 29 48
11 0 49
10 36 33
-11 8 22
-13 36 36
14 33 33
20 10 25
21 19 13
20 22 36
11 21 33
8 33 29
25 36 13
3 33 22
18 14 24
0 25 48
-2 18 19
17 7 35
-2 3 40
25 19 26
16 24 31
-2 33 40
6 9 32
21 12 31
-12 34 22
12 2 45
15 10 22
-1 37 27
23 7 33
8 24 29
9 1 37
27 39 31
11 32 21
17 11 47
6 22 25
13 5 42
-13 19 33
24 20 25
0 33 39
13 2 32
2 5 27
5 24 27
18 22 47
10 21 25
5 9 30
12 31 15
24 6 47
-7 20 35
-5 6 30
-12 19 33
14 21 43
8 10 49
6 21 39
-10 15 15
-6 15 43
-3 13 39
-10 6 30
3 39 48
-11 20 35
26 22 49
18 38 49
-7 34 52
-12 34 16
10 11 44
27 4 20
-1 28 40
9 4 33
-2 2 51
21 27 53
-6 25 32
9 26 40
10 26 27
19 8 39
-9 18 26
26 16 31
8 10 33
1 16 50
26 15 39
-3 28 53
17 30 46
13 1 51
24 40 53
1 25 51
5 13 33
-7 33 46
-9 20 37
-2 39 30
22 26 13
23 22 41
26 2 42
-4 13 29
9 10 35
-9 12 34
9 4 48
13 7 41
-8 33 19
20 9 19
-6 40 19
16 30 48
-1 15 40
4 37 51
27 37 31
-2 23 24
3 23 46
16 8 35
-4 32 24
0 20 29
19 21 46
-2 3 39
24 39 31
13 7 19
-3 19 45
-8 25 13
11 36 41
5 21 43
17 8 16
4 16 53
-4 36 41
-13 8 48
19 33 17
13 23 31
7 1 40
-10 13 41
12 12 17
-3 9 23
5 11 45
-10 28 33
24 36 35
25 38 24
5 11 50
16 26 31
22 26 45
10 11 38
-6 29 40
8 18 36
-10 35 49
-9 28 43
3 33 15
22 34 26
2 35 37
-7 1 41
6 13 35
17 16 43
6 27 33
-13 0 13
2 2 18
3 38 39
5 9 49
-2 30 42
7 11 47
25 6 48
-5 11 21
18 24 30
11 33 16
14 14 47
1 5 16
14 36 29
-2 15 48
3 25 27
-9 16 40
14 12 39
17 0 25
19 40 49
15 11 37
13 37 29
9 6 32
-5 21 44
16 19 46
-10 17 53
-5 39 37
15 3 23
19 35 26
20 38 19
-9 36 22
8 5 47
26 4 47
10 28 34
-2 15 20
0 10 52
4 36 22
26 8 31
26 23 51
-10 9 47
21 26 22
-2 2 46
-8 18 42
4 4 31
9 37 38
-7 1 41
-2 25 20
-4 38 23
12 20 21
3 31 50
6 18 41
19 29 16
-8 29 18
12 39 48
-7 19 22
11 38 36
12 38 21
-1 8 35
24 25 18
-7 21 40
9 34 49
-8 9 33
22 7 25
12 8 45
-8 3 21
19 35 16
6 22 17
4 26 26
20 35 25
-4 20 43
-2 32 34
-5 23 13
2 16 23
15 38 13
-12 3 24
-1 9 44
0 31 47
2 12 23
-12 6 15
27 26 20
25 18 19
26 8 40
22 8 37
4 30 41
-6 5 48
12 6 44
-11 17 34
17 8 28
24 4 42
13 7 21
-7 23 16
-7 30 43
8 17 13
-11 13 44
6 28 14
27 15 43
21 12 15
14 33 27
9 32 16
-9 16 27
16 31 45
10 20 34
-4 27 37
-12 36 26
5 30 35
15 32 23
11 4 41
-9 20 30
21 3 27
0 27 49
11 15 13
11 38 50
4 36 43
5 15 34
21 40 14
-9 26 41
-12 2 47
27 13 15
18 22 15
-8 13 29
19 32 15
-7 25 38
1 12 39
13 24 37
-1 26 36
5 31 22
13 6 39
-12 20 16
16 4 35
21 14 18
-5 13 32
19 27 49
1 37 53
13 30 46
21 17 35
4 30 25
19 3 35
9 26 35
-1 28 27
-11 36 38
24 12 26
3 8 48
5 1 32
-5 9 38
-3 15 36
-6 32 38
-9 25 39
-13 28 42
-11 23 38
-4 35 16
12 21 40
-6 39 15
-9 40 35
6 7 14
1 22 22
-8 32 42
20 17 16
-13 10 33
10 37 25
23 21 49
21 9 37
9 9 20
21 10 19
23 40 13
-11 16 35
-8 9 30
9 39 13
27 25 27
-12 17 52
19 10 26
7 33 42
13 6 36
3 29 17
17 38 27
-10 3 47
-10 1 14
4 34 48
22 25 17
-13 37 24
17 39 38
15 31 43
-6 6 43
70 7 93
64 -3 79
64 28 84
36 7 70
61 2 64
72 1 56
50 11 82
53 20 76
55 -11 68
71 15 86
74 8 96
55 19 56
53 -7 88
35 -9 57
47 4 93
49 17 93
57 19 73
39 -11 74
54 4 89
49 -7 57
63 11 87
37 19 80
45 -9 74
55 -6 93
68 24 89
45 18 58
73 4 72
67 -2 68
57 -2 61
61 10 67
44 -12 82
59 16 78
38 23 65
57 8 72
72 22 93
50 4 79
36 -6 64
49 3 93
60 3 95
55 20 67
55 -9 88
39 6 64
49 14 88
38 10 86
38 -5 86
63 1 57
73 -7 96
53 9 57
52 26 61
48 20 58
39 22 96
61 8 66
74 6 85
71 0 69
53 6 92
53 4 91
61 -2 80
41 20 63
43 20 87
54 16 64
53 28 56
37 2 71
61 11 79
71 -9 81
69 9 89
42 14 76
35 16 96
53 0 79
64 19 57
44 -12 56
42 4 66
38 -6 86
37 -2 81
72 -5 63
36 9 82
52 18 92
55 18 57
37 14 75
69 25 62
48 -7 76
42 2 72
57 -12 65
50 12 56
51 -6 67
57 6 94
49 18 68
65 3 57
74 24 61
63 8 69
56 -8 63
72 27 80
48 6 91
38 18 75
66 21 92
58 20 86
67 27 81
40 -3 59
40 26 61
52 18 71
69 19 58
44 7 77
46 23 65
54 11 69
56 -10 90
36 -5 67
70 10 64
49 13 81
63 -6 92
41 24 87
54 -12 90
67 8 68
50 22 57
37 24 85
70 -9 66
69 23 90
45 2 81
35 25 56
61 14 64
41 28 96
48 11 75
53 -6 77
62 -7 95
54 13 88
39 12 61
71 28 78
50 6 58
74 23 87
63 -9 84
65 15 95
52 14 60
65 14 66
44 26 84
49 -4 66
46 20 60
55 27 61
54 24 85
36 6 70
70 3 61
68 20 61
39 9 67
45 -11 74
61 19 69
66 22 79
71 5 64
53 24 76
54 5 71
54 19 72
42 -7 62
48 6 70
64 -11 84
57 -11 95
46 1 70
71 -7 62
56 -7 68
43 6 68
42 -4 64
57 -2 79
61 -2 62
63 14 84
35 -2 65
45 -2 84
41 9 61
63 -8 62
75 -6 89
72 7 62
46 -6 87
38 16 84
48 21 59
47 -4 69
56 14 57
40 11 67
59 -11 80
72 2 63
70 1 90
50 -3 73
66 3 96
53 24 83
68 25 88
61 5 70
64 8 94
62 12 66
57 20 96
75 -12 84
67 -4 90
72 20 80
68 -4 77
60 15 62
66 0 89
58 19 62
51 4 84
61 7 88
38 -12 72
73 -9 72
60 23 95
37 -5 83
54 13 86
71 4 67
48 6 58
58 14 64
58 -11 86
49 -11 74
47 10 82
39 11 56
36 -12 60
61 -7 60
39 -9 80
47 5 66
48 3 73
58 25 76
65 9 66
69 3 58
66 20 70
68 9 75
52 -1 79
63 4 77
48 22 75
52 15 89
56 -7 70
36 -9 88
74 -11 82
57 2 81
75 20 89
44 5 89
37 -4 83
48 26 82
63 1 88
52 16 86
39 0 79
70 -1 65
67 12 85
74 27 56
61 -12 84
44 11 91
67 14 58
68 6 79
57 17 94
57 -2 60
56 25 91
41 6 80
52 3 86
49 -4 78
61 9 64
35 -5 59
35 -6 56
70 -12 92
41 5 76
63 9 96
68 -2 81
36 -10 65
62 1 88
68 24 78
57 15 77
38 5 67
73 11 86
60 -7 95
74 -8 78
37 6 79
35 -11 86
75 24 91
63 -3 74
42 20 69
68 13 89
60 5 79
55 25 57
57 22 58
48 26 88
35 23 76
61 16 61
58 11 77
61 8 78
45 11 66
50 22 71
70 19 62
63 11 64
68 27 90
51 26 59
66 15 84
35 27 84
58 -6 77
67 -2 58
38 -9 61
67 16 89
59 5 80
46 6 68
62 11 87
46 -11 89
45 -9 70
60 2 69
52 -6 59
64 2 90
66 -10 90
43 12 82
50 12 78
52 -5 74
54 7 66
59 9 91
73 3 59
53 14 73
48 1 63
58 7 90
58 -2 80
50 -8 70
36 15 69
36 -8 73
64 -7 82
48 23 93
42 27 70
47 9 64
38 1 94
49 -6 66
66 -11 74
46 -7 80
56 1 95
60 8 60
43 -12 93
69 12 94
62 0 93
51 -6 86
46 -8 83
54 3 89
43 -1 92
44 -1 89
53 25 86
42 28 79
66 15 85
49 -10 70
52 -7 89
35 16 75
57 2 83
69 11 56
54 26 94
36 3 94
55 28 89
42 -12 70
67 2 81
75 18 90
65 -12 83
37 13 92
64 25 75
70 7 87
62 25 92
64 10 65
47 22 79
68 10 82
51 -12 78
68 0 64
38 4 89
55 20 93
50 15 69
48 -1 80
55 14 60
65 20 80
39 7 83
75 16 62
60 3 89
62 26 67
57 2 78
50 -2 89
71 -1 68
47 14 58
66 23 91
36 24 72
66 -9 63
39 -7 60
61 5 92
43 -12 96
42 -10 95
69 28 79
51 19 59
67 26 60
74 19 72
67 -2 67
51 -11 96
63 -2 67
38 4 95
70 4 64
52 14 61
43 -8 91
64 7 60
50 2 83
41 1 85
45 16 75
67 20 59
38 0 62
60 22 79
71 6 67
50 11 77
35 -7 68
51 22 91
65 14 59
39 -9 89
46 10 60
72 9 96
48 19 59
44 -2 67
45 14 78
43 11 93
73 -10 95
61 26 74
72 15 75
50 17 96
68 19 67
47 -9 63
69 -1 72
63 -2 56
39 8 84
43 17 69
48 28 66
70 14 79
49 12 78
43 -8 65
48 22 79
63 9 61
74 -7 87
52 10 78
52 4 81
54 20 69
37 12 65
71 -11 88
47 -3 79
41 5 66
64 -10 80
43 7 93
59 28 61
56 25 63
48 24 58
37 -1 77
66 12 95
51 -2 74
64 13 68
67 9 75
62 26 64
53 -10 68
75 8 96
63 24 95
71 -8 90
35 -7 87
70 -1 78
60 16 92
58 7 65
41 18 87
55 19 70
43 -11 71
39 12 75
65 4 65
61 13 57
48 12 58
51 13 87
35 14 73
67 -6 64
60 19 89
74 24 79
39 28 63
52 26 90
45 28 71
73 24 76
55 -11 64
61 -5 88
45 -8 75
71 1 92
51 28 84
41 11 70
66 24 86
71 -5 59
46 -5 72
68 18 83
54 16 66
74 15 96
58 26 68
48 -2 73
73 11 75
37 -7 86
59 21 91
72 28 73
53 11 66
36 -3 63
36 -6 69
35 11 92
38 5 87
38 14 89
55 25 62
70 10 93
50 18 68
65 4 75
54 17 72
61 28 71
75 14 77
60 25 66
43 15 85
41 20 79
66 1 83
42 18 87
42 -11 62
45 -3 62
56 15 71
64 9 78
48 -4 95
61 9 64
59 27 81
70 6 80
52 -3 68
70 6 75
58 4 79
43 7 62
54 9 76
74 0 60
39 27 67
47 20 95
48 18 95
47 23 69
38 -11 92
54 28 89
67 -9 64
64 16 75
46 0 89
74 20 72
60 21 58
71 13 74
40 8 69
37 5 92
68 16 83
36 19 91
75 -9 75
38 27 86
59 -10 72
39 14 57
63 -9 68
71 -11 80
39 28 83
53 -4 65
47 4 59
37 4 77
67 9 92
40 2 66
44 22 96
64 3 70
50 13 89
72 5 92
58 5 76
38 -12 68
41 0 93
73 -12 82
54 5 64
69 26 72
72 14 58
48 18 93
69 12 70
42 8 68
46 19 88
51 -7 66
65 -1 64
37 -6 76
67 -5 68
42 -11 59
71 -6 87
69 -10 83
49 18 81
61 -8 83
59 -6 88
47 8 91
71 -5 74
58 28 72
67 -8 57
69 14 92
70 4 67
46 10 76
40 7 80
71 -7 63
49 20 65
42 9 68
36 4 85
43 8 56
50 15 58
65 23 59
55 13 94
71 21 57
38 3 64
72 26 67
52 -6 64
48 24 86
46 8 87
67 21 88
55 0 60
65 -7 72
41 25 85
45 -12 75
72 14 82
35 17 94
47 14 88
71 7 84
63 -11 67
70 19 95
40 5 81
53 5 59
57 24 91
50 12 70
52 -12 60
67 21 74
39 18 70
35 -3 86
65 -12 72
47 11 92
59 6 81
46 -5 72
37 24 69
69 3 95
44 5 73
60 23 59
50 6 61
56 6 62
35 -8 57
57 -5 93
67 20 76
35 11 64
39 5 65
67 4 56
54 0 59
43 10 73
60 25 94
40 9 96
58 23 94
55 -1 57
46 5 66
53 6 75
64 24 63
56 11 63
40 11 94
35 -9 82
63 -3 65
57 -10 90
50 24 66
35 9 64
70 -7 63
64 21 61
73 23 66
45 26 85
70 24 64
50 -7 73
71 12 95
73 10 96
75 1 58
73 19 61
45 14 66
61 -12 83
60 14 76
51 14 66
60 19 92
39 -12 67
39 -7 60
39 -4 86
64 10 66
39 5 70
62 8 63
47 1 91
69 3 91
49 -4 67
50 8 62
56 12 56
35 22 79
39 -12 90
51 5 86
46 -9 85
46 22 65
60 -4 61
56 8 89
72 19 57
74 9 60
49 18 72
37 25 63
66 -5 81
62 -9 84
72 25 59
48 1 87
40 25 88
46 -11 63
65 -5 80
49 -1 64
71 -4 85
36 0 60
56 -8 93
51 25 91
69 0 78
53 10 63
44 24 85
49 12 79
61 3 66
46 -6 67
61 23 61
64 0 93
46 10 64
62 15 95
57 8 89
69 -12 58
43 -3 86
44 2 88
53 6 58
64 26 63
68 18 87
62 4 73
37 2 76
59 19 64
65 28 80
49 25 71
47 23 96
62 18 77
43 22 96
73 -8 67
60 10 83
57 23 78
58 19 95
36 25 62
47 20 96
68 25 90
47 21 82
64 20 82
51 -12 81
75 3 95
41 25 92
66 16 82
70 2 95
54 -7 83
39 -4 59
61 1 83
50 -5 70
49 7 69
55 6 65
38 0 65
53 -5 94
55 20 94
64 -2 95
55 -4 81
43 13 80
40 -1 83
60 26 70
55 13 57
50 -7 79
58 0 83
50 19 62
69 18 75
62 0 71
46 -8 78
41 16 68
47 27 94
62 24 72
71 2 82
38 7 95
52 26 60
45 -8 57
49 -10 77
45 8 87
59 22 80
35 -10 74
75 -10 63
51 -1 92
45 16 58
61 27 74
61 24 83
55 27 72
67 -8 71
65 -9 68
40 -12 93
39 10 79
64 1 90
51 8 58
37 22 86
47 11 82
69 27 76
55 22 72
67 17 61
67 13 67
74 8 80
73 9 92
35 0 57
40 5 81
59 22 91
71 15 82
52 17 79
42 7 64
50 -5 71
55 15 72
51 20 77
43 -8 93
73 14 57
51 15 90
68 1 94
48 7 64
73 -1 96
65 11 77
36 16 78
35 -11 79
66 17 57
67 1 83
56 -2 68
69 5 78
49 19 73
75 14 94
35 7 74
38 19 66
70 -6 63
49 26 56
68 17 84
51 -8 88
59 11 67
56 25 82
62 -4 84
52 3 83
46 16 77
51 -7 64
54 0 91
73 -4 77
48 1 63
35 -6 58
40 -1 86
67 -11 88
39 21 73
40 -9 91
68 24 69
68 -4 61
43 19 94
71 -3 87
65 -1 81
57 17 82
64 24 79
41 14 73
69 13 64
62 5 90
73 8 84
75 23 60
73 6 70
56 20 78
66 23 96
52 13 77
50 26 81
65 12 81
67 15 65
73 2 92
44 24 90
71 -12 77
54 -9 56
51 10 65
56 -6 77
45 -3 77
39 25 67
45 0 56
36 -4 94
53 -12 77
65 -11 67
39 -1 58
48 20 80
63 28 63
70 10 83
62 9 72
42 -5 57
39 -2 94
56 28 81
45 -5 95
36 2 78
43 6 94
42 18 72
57 -7 83
64 3 62
57 -5 95
60 9 86
73 -12 70
40 22 80
40 28 72
56 18 57
49 11 90
42 13 61
51 19 63
54 23 77
60 18 82
39 20 86
56 20 77
69 23 85
48 19 81
41 1 76
67 -11 82
41 -3 85
52 12 68
70 4 72
68 6 67
40 7 59
36 -7 64
42 -12 58
66 6 70
56 21 66
51 -4 91
42 16 63
71 24 72
37 -10 81
45 -10 74
48 11 56
48 1 58
70 4 69
45 20 74
37 4 57
73 3 62
71 14 60
74 -2 57
54 0 67
35 14 59
62 -4 90
44 11 70
61 -3 73
69 -2 94
56 27 59
53 -11 92
47 -3 58
68 24 64
65 24 60
72 -9 70
65 -8 66
48 -2 84
70 26 57
69 3 74
44 -8 66
60 1 59
72 27 65
61 10 89
46 16 58
73 -5 63
70 -10 76
44 3 90
61 2 73
70 6 85
47 28 89
62 -9 70
68 11 91
38 23 87
68 14 65
72 -12 62
57 -2 71
36 21 80
54 17 67
50 5 91
64 12 66
45 -5 69
37 24 66
35 14 62
61 26 68
54 21 74
35 6 66
71 2 85
50 -12 78
67 -6 63
60 28 66
64 -8 96
69 7 88
49 20 66
58 20 76
38 -4 83
44 28 67
69 -3 64
49 4 66
46 -5 58
56 3 67
56 18 93
60 10 75
38 18 80
46 -7 81
71 25 91
40 26 71
45 20 79
58 -6 87
40 18 71
73 20 72
66 24 71
70 3 64
67 -2 75
44 8 62
73 21 83
56 23 74
61 -9 96
45 0 68
58 23 72
41 -3 91
47 -6 58
71 11 60
61 -11 61
65 -5 72
41 13 91
47 -5 57
46 -5 80
51 23 80
35 17 76
38 -2 70
45 26 94
41 11 79
59 10 75
64 -2 77
41 1 64
61 -9 60
60 -5 67
55 4 93
64 -1 58
63 23 71
67 8 66
67 3 58
45 3 83
90 21 64
97 13 46
82 -10 76
103 7 41
89 -3 54
91 9 71
79 17 49
108 -18 73
98 22 70
81 2 61
109 -4 50
112 -11 67
112 21 61
84 1 49
94 -9 62
116 15 73
96 16 61
85 9 78
83 -18 45
90 -16 41
110 3 59
107 -13 79
116 -10 67
114 -14 68
115 -13 42
105 -18 60
98 7 78
113 -1 41
113 10 75
85 -7 68
95 -5 66
97 17 75
110 9 79
89 15 53
114 17 67
100 14 80
117 -8 76
100 3 57
105 5 70
109 3 60
116 22 78
92 -6 71
88 15 63
97 21 67
107 22 69
82 -2 79
101 -8 75
103 -18 70
117 -6 43
95 11 71
105 2 45
116 -8 64
88 -1 62
85 22 74
104 4 54
87 -1 46
118 -10 79
104 -6 79
108 12 72
86 4 47
93 14 40
79 -17 73
87 -6 43
109 1 41
80 -8 79
82 -13 70
105 -10 73
96 14 69
106 17 54
107 -7 73
117 -11 62
84 -15 75
85 -6 58
112 -9 61
89 -6 61
103 -16 74
112 -4 51
106 5 64
95 -12 51
85 -1 40
80 18 40
95 -7 76
80 -12 75
118 16 60
84 0 74
106 -8 63
104 10 46
85 6 71
88 19 80
100 7 58
109 13 78
93 2 66
87 -16 51
101 -2 47
87 1 40
94 -15 41
91 2 67
80 8 63
90 17 68
82 15 61
117 5 53
101 12 75
97 15 66
78 5 43
98 6 47
116 18 57
82 -4 61
113 13 45
105 -1 40
116 0 77
96 13 77
94 15 48
114 -12 62
86 2 40
91 -14 41
109 10 62
95 -9 79
89 4 72
112 22 49
108 -6 52
84 14 80
104 18 55
82 17 80
110 15 48
85 4 65
96 -15 65
93 -18 66
107 -10 51
109 1 66
113 4 71
92 -2 54
96 2 41
85 13 61
92 22 44
87 -15 64
118 13 44
115 -11 52
101 17 42
113 -10 58
99 1 75
92 -9 68
97 11 79
96 0 78
100 18 76
109 -7 56
109 -9 59
115 -11 63
112 -7 41
91 -7 57
107 2 66
116 21 59
105 -17 66
111 -11 72
112 -6 52
116 0 70
89 -16 75
112 17 72
111 11 60
107 14 63
78 8 52
108 13 62
116 12 60
78 -4 58
102 22 54
98 12 78
113 6 57
117 3 63
108 22 77
103 0 43
99 4 46
82 -5 76
97 7 71
83 -13 46
98 -17 49
109 -13 44
91 15 60
108 -14 78
114 9 62
84 -3 63
114 4 52
109 18 63
83 16 75
111 8 61
101 5 70
105 -9 49
108 5 55
101 -13 50
97 -7 71
98 -2 49
111 -18 54
100 21 70
104 14 64
101 6 77
118 9 60
116 -14 52
101 8 58
86 19 51
95 16 71
78 12 75
87 12 71
106 14 43
96 5 40
111 2 75
115 -15 69
115 -6 44
96 -17 40
100 8 61
87 14 72
99 6 46
108 -3 64
81 -14 44
83 -11 56
100 -12 47
106 -4 65
102 8 52
85 21 80
100 10 42
104 3 66
111 -2 53
115 -3 48
112 15 65
108 0 48
81 -18 53
104 4 68
106 19 55
93 14 75
100 12 55
114 -15 71
86 22 69
118 4 66
94 7 52
107 1 52
89 -15 80
112 2 67
85 1 54
116 -2 79
114 -12 56
103 19 47
85 -17 49
83 10 56
80 21 42
102 -11 67
102 16 77
91 13 50
99 -7 78
117 15 62
94 -12 47
83 -4 78
116 -3 52
103 -14 77
90 -16 44
84 9 62
97 -7 80
87 -8 68
100 12 41
78 15 64
98 13 41
104 -1 49
86 -13 45
100 -18 74
117 -15 51
85 7 40
97 -11 57
80 -14 62
103 -12 46
99 15 61
91 15 50
92 0 63
101 -13 74
84 16 65
88 -14 57
89 -15 77
105 16 75
103 1 67
90 7 61
84 -6 65
98 -9 44
81 20 55
92 -8 61
118 -15 56
89 -15 41
111 -4 48
97 7 59
104 9 66
94 11 53
86 -7 54
82 13 80
93 -18 59
105 -13 40
102 9 48
117 -15 61
97 -9 64
99 21 75
98 -8 76
113 16 71
89 -11 68
117 -1 57
85 -11 42
106 6 62
89 5 47
113 -1 60
99 21 64
79 -4 48
98 19 71
80 -9 55
118 7 61
80 15 52
98 14 58
88 -10 78
83 -5 74
97 0 54
96 1 67
99 2 76
94 22 78
109 15 68
109 -16 64
112 -6 65
102 5 74
112 -17 74
102 21 72
91 20 77
118 8 58
81 21 65
92 17 66
103 6 46
101 21 54
78 -10 76
89 15 51
82 0 69
78 -1 53
113 14 62
92 -5 51
107 15 71
109 5 76
100 8 77
110 8 65
85 14 49
96 -13 64
83 -4 72
78 7 55
99 6 60
116 21 73
79 9 76
103 -5 72
102 -6 52
103 3 66
113 -6 72
85 1 49
115 -12 49
111 -14 60
110 -14 77
100 -16 72
110 14 62
90 0 49
79 -12 70
93 -15 41
116 -1 55
96 4 69
106 14 70
79 16 51
99 -17 77
84 -4 73
99 11 70
108 -11 49
79 -4 61
100 21 80
107 13 61
103 17 61
102 -10 68
115 2 55
87 2 57
84 -12 62
111 9 77
96 -15 41
114 14 66
101 19 69
112 -18 74
96 -3 60
92 4 72
78 -5 52
81 9 40
92 8 74
98 2 77
81 9 48
106 -1 43
114 -2 75
112 16 44
103 9 50
109 -8 64
105 7 66
83 15 74
104 -7 66
118 20 49
89 -1 75
90 -16 44
81 21 68
80 18 57
99 20 53
86 -16 70
86 -5 75
102 -2 80
84 0 78
96 -3 42
116 21 79
90 15 58
85 22 55
94 -13 54
80 4 60
103 7 60
97 12 64
87 11 69
110 -6 77
99 3 76
109 -18 69
118 -15 59
92 10 72
112 -3 58
117 -2 48
99 -7 75
103 -13 66
85 14 59
104 17 70
109 10 45
95 1 62
106 16 51
86 17 65
97 -3 80
90 4 44
82 20 52
97 -3 41
107 14 48
89 1 41
111 1 66
91 -1 47
102 -4 74
104 -15 68
92 3 41
93 16 80
113 -6 76
100 -1 58
118 12 45
91 8 68
82 -3 75
115 21 68
115 12 72
91 -10 45
96 19 78
113 -4 77
108 6 42
98 2 47
91 5 50
84 -2 53
99 3 40
113 15 53
88 22 71
114 -11 53
93 8 79
109 21 53
118 8 80
88 10 50
106 5 57
95 -2 43
107 -1 49
103 3 52
95 7 61
80 15 52
79 18 62
104 20 53
97 16 43
108 -17 57
110 -7 66
113 -17 54
106 -4 72
88 14 48
113 -16 49
92 11 41
85 -14 69
84 6 54
101 15 57
100 -12 40
83 4 43
84 18 71
99 6 49
90 21 66
80 11 67
102 3 67
111 16 43
92 -14 42
93 18 43
86 10 75
114 -5 68
87 -15 44
89 -16 45
115 18 78
106 -12 62
88 -5 67
111 -14 48
86 -11 49
106 12 43
118 3 62
108 16 40
89 -9 47
105 11 53
103 -17 73
93 12 75
106 22 49
102 -9 64
80 -17 52
117 -18 74
83 7 58
101 11 54
102 22 67
89 15 80
117 22 66
84 20 51
111 20 52
84 -15 64
78 8 45
96 -12 45
112 -9 54
110 0 62
94 13 46
89 17 60
107 -17 50
89 -4 55
83 20 52
105 17 71
88 11 65
95 -8 78
92 -10 70
110 22 64
103 -8 77
108 -17 43
117 -8 56
78 -1 61
96 12 64
95 6 65
93 -11 75
103 -7 48
108 10 70
103 -18 58
94 -16 55
101 -18 67
118 13 67
100 1 71
99 9 49
83 12 67
118 13 67
83 9 80
78 -9 51
108 -6 74
95 -11 67
108 -8 59
88 10 63
108 18 68
83 0 45
84 -14 70
115 -4 56
109 -18 60
111 -10 51
86 21 68
102 19 64
116 5 64
90 -5 77
98 -9 74
87 20 68
99 9 57
92 21 74
94 -12 71
118 7 49
88 0 59
78 -10 69
89 -3 63
117 12 40
79 -14 48
107 1 68
89 -6 60
105 -15 50
84 -6 71
104 12 54
96 16 56
84 -1 73
118 -6 69
88 12 74
105 17 47
107 -3 72
81 13 59
85 6 58
118 -7 59
108 -9 80
115 -9 52
89 9 42
94 10 40
99 -11 49
117 6 59
90 3 77
93 -11 62
99 20 66
94 2 40
87 -3 43
86 21 67
111 -8 77
83 -18 41
101 3 51
95 21 69
103 -10 57
104 2 49
107 -11 69
105 3 70
86 -14 55
93 -14 49
114 -3 80
110 5 50
99 6 62
106 15 55
96 -7 80
78 15 57
116 1 40
106 6 69
96 -18 66
97 -2 41
96 22 43
82 10 40
99 -6 76
106 7 74
82 -15 59
100 6 74
107 5 78
93 22 44
96 8 47
113 -1 74
107 8 48
104 22 41
109 4 60
117 -18 72
101 8 59
110 14 71
100 7 61
90 -15 56
87 15 54
85 -1 70
106 7 60
100 -9 61
107 14 51
118 11 50
96 14 66
111 13 55
115 13 80
95 18 73
110 10 67
90 -15 50
106 -5 48
112 6 68
95 13 62
104 -16 76
94 15 54
116 -5 59
81 -13 49
94 15 69
103 17 56
87 -11 54
118 -4 59
96 -13 68
114 -12 76
80 -11 53
116 10 65
107 18 44
98 7 68
109 22 69
105 1 73
114 -17 68
78 6 40
84 17 79
107 9 63
96 17 47
96 -17 56
106 11 43
113 4 80
81 -12 64
108 0 69
97 15 70
113 18 64
96 -2 47
100 -7 41
111 19 75
93 -17 47
96 -1 64
116 17 55
101 -17 51
83 13 69
109 -17 52
99 -9 59
112 -16 74
96 -5 51
106 -14 50
107 -4 63
113 8 77
79 12 47
94 22 44
84 -15 70
111 13 75
102 14 62
86 11 60
108 -6 58
96 -1 67
115 1 66
98 8 41
86 12 49
95 4 77
103 -3 74
79 6 65
78 7 79
118 -15 75
106 4 56
84 3 73
114 2 53
86 7 77
101 4 41
90 18 76
109 12 68
106 -15 68
85 18 44
106 16 70
78 18 73
112 -12 48
104 19 45
107 15 60
90 17 47
97 -4 40
106 10 58
112 4 54
82 9 73
100 14 40
91 -12 72
91 -1 63
117 4 72
94 10 74
112 -13 44
80 -12 62
83 4 41
108 -18 66
95 16 56
111 -11 46
100 15 62
86 -16 52
116 -9 60
87 -1 53
101 22 76
86 4 56
103 16 55
102 6 65
85 -10 45
107 10 42
84 -2 71
103 16 59
118 6 57
88 20 42
101 20 53
86 6 55
118 -4 65
82 14 48
111 21 42
101 -2 48
116 20 52
113 -18 48
110 5 70
100 -9 79
106 2 48
80 6 56
87 -18 68
109 -2 75
113 14 67
116 -18 40
115 11 68
90 -5 58
105 21 46
117 3 52
88 -8 72
111 -15 50
98 18 79
83 8 44
110 19 43
89 15 65
98 10 70
83 0 53
85 -4 67
79 11 69
85 19 54
87 -2 71
93 14 63
84 4 72
107 -11 60
107 21 62
89 19 53
108 2 70
88 4 79
85 -3 45
91 3 79
93 -7 56
112 -9 69
81 13 74
94 1 46
98 5 41
117 -2 76
85 19 55
86 -14 50
98 1 57
100 20 64
118 11 62
80 7 74
101 19 76
113 13 45
110 -10 49
86 16 57
104 3 68
79 -15 62
107 9 48
83 4 69
116 20 64
99 7 69
112 -10 44
86 -12 49
96 -18 67
89 20 72
109 21 74
97 0 57
81 18 67
112 -11 60
101 6 58
99 20 55
85 -4 58
106 19 44
87 18 66
95 -2 45
110 16 61
104 -16 77
81 19 54
86 -18 51
81 11 69
104 -15 46
102 -4 80
84 0 73
114 18 56
103 -4 65
104 -13 59
106 -15 62
78 -3 56
84 1 41
90 -15 56
88 -6 43
89 4 61
112 13 60
87 -15 69
116 -5 56
111 13 80
112 17 70
82 -10 70
96 3 54
88 -9 58
83 8 75
78 21 78
83 19 53
80 -12 62
90 7 42
82 16 41
98 21 68
100 22 57
104 0 63
104 -7 61
99 20 41
105 2 76
97 -8 68
89 7 66
96 -6 52
110 5 77
104 6 57
92 2 75
90 -18 40
110 13 78
110 2 57
110 10 65
79 6 74
88 19 64
89 -11 58
111 -16 56
115 -2 62
113 11 79
104 -9 80
97 -8 53
102 20 77
114 11 80
113 5 68
83 18 50
87 -14 62
86 15 41
101 -12 65
78 -1 57
92 10 65
80 18 77
109 2 58
91 21 54
79 11 60
94 -16 70
102 12 77
91 -6 74
94 -7 71
116 -5 59
101 18 56
106 -14 56
99 9 74
108 -18 79
114 7 41
94 -14 71
79 -18 71
86 -12 55
94 -3 43
106 0 71
105 2 55
94 -10 78
82 -12 47
98 18 46
78 18 40
79 13 67
97 20 63
94 5 77
116 0 71
97 12 43
99 -2 50
82 -4 76
112 -16 51
117 -3 64
91 -15 57
90 14 46
86 -16 47
92 -3 52
78 -7 72
103 9 51
90 8 55
79 -9 59
111 -10 43
111 -11 48
115 14 41
81 12 61
115 -14 49
92 9 47
116 21 45
117 12 61
90 -13 57
94 4 68
102 -8 80
107 19 52
88 8 76
102 -14 49
90 -5 67
101 -17 42
95 -5 64
90 -8 46
95 -11 49
93 16 59
97 -6 67
80 11 51
85 16 45
112 20 53
113 -14 49
114 7 48
116 -15 71
80 -14 52
109 2 60
115 -13 79
114 18 42
79 -5 60
96 20 80
78 5 79
102 20 56
107 21 79
116 -7 76
100 -5 42
108 6 78
101 11 42
100 14 54
100 16 40
102 -15 74
90 22 74
107 17 74
98 -13 50
98 -5 55
116 -14 43
95 -11 78
105 -3 40
118 -16 61
115 21 67
100 20 73
102 22 75
101 13 72
79 -17 68
95 -18 50
81 20 70
99 6 80
84 -10 59
83 3 52
