413 522 74
435 489 79
382 473 13
380 469 37
395 468 40
431 506 32
460 451 71
424 533 28
380 435 13
371 527 40
464 455 55
406 479 86
428 503 63
397 497 76
417 491 80
456 498 75
394 479 68
380 434 46
394 455 86
371 485 13
413 484 38
376 502 58
377 468 -5
457 465 40
456 493 60
398 517 47
394 526 76
422 532 92
462 458 2
368 505 78
379 522 43
385 526 44
457 455 9
420 508 76
374 495 43
403 482 42
405 525 43
397 470 47
416 505 25
393 495 37
456 498 85
452 517 68
438 533 70
442 503 15
414 493 67
387 507 54
399 449 82
428 467 75
393 461 70
445 435 54
376 434 8
464 505 71
412 489 12
405 523 44
461 502 43
367 481 82
424 473 69
425 454 13
391 531 77
413 443 34
429 440 27
449 497 -6
408 529 41
388 443 50
458 476 16
420 486 56
428 478 -2
377 456 76
403 479 45
423 434 84
432 507 76
394 503 16
452 464 80
432 434 30
421 439 26
430 519 53
460 456 14
407 467 3
445 519 81
379 462 10
413 468 81
401 468 62
383 477 -5
391 452 64
398 455 77
418 515 83
411 483 92
391 449 31
381 471 57
389 439 87
457 517 69
380 444 46
424 456 58
399 443 39
461 509 35
448 522 42
452 501 2
422 472 21
418 516 0
426 486 28
374 519 22
407 453 79
367 458 92
448 499 6
440 525 28
391 522 75
454 504 77
396 477 89
401 468 7
419 506 29
450 449 31
425 476 87
409 485 22
458 507 14
378 439 28
371 489 -2
384 519 86
457 480 56
389 518 23
427 508 87
457 462 -7
419 436 16
381 434 81
384 488 14
432 445 63
416 449 2
426 517 66
457 439 80
461 507 43
432 517 30
394 509 91
380 448 29
422 443 7
421 470 84
436 449 -1
405 468 8
441 522 61
386 509 1
383 518 72
426 503 90
381 523 14
415 504 87
409 464 -6
436 532 -1
444 457 28
378 433 45
462 504 29
399 476 51
425 484 65
441 518 13
404 527 17
457 468 12
457 533 82
370 443 46
417 524 45
450 501 53
411 522 61
367 442 76
392 479 36
378 501 -1
445 499 58
389 438 19
418 533 18
449 464 72
434 439 74
446 533 8
395 529 40
370 524 62
421 444 50
420 440 85
406 500 75
426 457 55
439 495 69
443 446 53
380 461 9
439 484 73
415 468 23
422 528 15
439 493 59
382 524 11
399 493 82
442 465 10
423 494 17
452 508 93
372 524 48
396 437 24
384 490 65
454 529 90
461 456 39
461 499 11
417 496 47
428 451 91
367 464 2
365 489 84
408 445 72
426 438 30
376 491 43
401 496 33
365 518 51
457 439 42
299 307 41
245 358 106
291 380 37
266 326 32
274 294 60
323 303 92
244 388 88
236 316 95
312 301 119
267 296 115
309 387 80
226 291 23
231 322 33
241 373 69
320 344 54
268 295 46
321 324 67
288 312 94
289 359 56
318 297 55
284 364 44
284 375 88
237 375 73
286 300 34
257 351 43
234 361 65
256 373 109
257 371 42
292 298 93
310 344 106
311 354 47
320 344 73
293 327 40
241 335 48
245 319 37
241 328 84
323 373 84
289 314 72
250 325 121
307 332 102
326 288 118
277 322 121
267 344 76
249 386 94
254 295 36
237 292 113
237 351 38
285 347 46
246 362 37
261 304 42
284 326 44
286 347 96
259 364 96
271 307 42
314 341 41
251 301 97
248 354 63
271 364 33
247 307 30
256 333 28
300 364 45
303 292 87
271 338 60
249 362 85
302 386 36
311 330 44
320 384 92
233 343 115
261 311 122
312 356 28
283 330 81
283 293 23
322 292 63
312 330 39
307 325 76
290 313 42
325 326 123
239 302 110
321 310 26
265 351 58
299 317 123
307 379 36
320 304 108
309 308 53
233 367 95
270 321 70
246 333 25
316 355 118
323 301 26
314 330 82
314 318 53
288 386 88
301 336 48
276 379 43
325 380 114
248 320 31
312 289 79
267 288 105
258 295 40
279 310 116
299 339 87
236 329 120
301 313 96
272 344 74
287 319 43
309 377 27
276 291 86
235 315 46
239 339 32
263 349 31
271 387 100
310 339 23
307 319 120
317 311 52
241 369 119
253 384 73
237 293 98
320 369 24
243 357 100
271 297 80
230 313 85
226 370 95
240 313 101
248 317 26
226 329 36
301 297 64
230 321 29
298 339 23
244 381 92
242 310 106
236 311 100
324 377 100
242 327 43
321 321 38
269 380 112
298 339 86
323 373 59
271 345 90
325 341 119
258 341 109
293 303 85
232 319 41
254 385 36
253 329 104
244 330 76
315 366 78
234 386 106
255 381 115
299 295 50
272 364 81
314 366 115
251 325 58
287 371 69
316 329 114
291 301 102
326 373 72
276 340 31
309 345 80
283 370 78
305 358 63
321 300 74
265 378 96
280 371 66
313 324 91
321 324 23
317 331 85
226 324 119
250 312 103
229 301 88
240 294 40
300 367 42
271 333 112
242 341 73
324 309 98
305 294 37
253 359 94
276 296 89
265 334 83
280 302 77
315 385 69
315 288 58
261 292 120
313 377 106
320 351 79
321 380 56
249 359 104
241 379 64
302 364 99
280 313 57
242 349 64
236 373 94
316 292 52
298 327 100
300 340 54
246 373 120
322 289 109
266 350 120
237 365 36
290 360 118
325 351 23
193 169 195
247 236 187
177 220 160
169 193 210
211 230 170
213 257 204
261 243 219
203 174 238
256 206 169
207 235 245
176 246 201
233 177 180
217 206 235
177 194 200
184 170 156
232 244 232
202 195 236
258 223 148
179 235 202
172 235 154
206 229 179
225 226 196
212 175 198
194 217 241
250 229 152
205 187 190
213 264 161
175 212 196
255 237 246
189 177 166
226 228 227
200 223 182
231 177 165
165 225 203
204 181 197
200 178 193
219 206 230
214 208 163
231 194 157
200 250 214
254 257 194
197 221 196
208 263 150
199 173 197
169 209 164
182 217 162
175 210 179
246 249 207
175 267 172
181 232 200
186 197 240
188 180 152
179 197 161
230 205 224
196 244 223
244 241 165
167 198 175
199 204 226
241 205 183
214 269 203
183 244 160
218 178 194
257 181 237
243 170 186
245 177 179
177 223 237
202 174 179
262 202 162
178 251 169
195 224 186
254 264 214
184 184 230
162 241 209
183 250 152
250 203 159
202 174 166
187 238 221
200 241 201
168 251 222
206 221 219
219 246 201
168 255 213
166 221 164
217 209 171
179 221 200
240 235 167
204 210 166
238 182 188
236 178 225
162 183 180
167 236 239
189 185 230
173 186 218
234 194 196
167 219 168
219 193 174
259 188 235
230 185 206
188 233 216
208 190 238
248 217 232
244 224 216
244 170 222
194 171 223
233 219 168
246 266 225
202 255 230
237 236 203
166 240 164
201 193 242
188 195 208
199 195 146
171 190 234
174 178 154
235 252 166
215 199 158
184 222 215
171 260 229
224 202 191
259 217 151
188 242 158
193 202 158
205 222 244
240 180 221
212 258 212
179 249 239
195 268 154
203 216 153
213 240 225
171 207 153
163 187 238
254 262 179
187 246 213
230 263 221
187 267 224
181 253 193
174 238 209
218 232 169
225 250 222
194 213 226
175 234 209
185 253 177
256 238 184
239 242 213
165 212 222
213 218 148
213 191 154
174 268 199
206 227 236
189 223 205
230 239 179
246 205 199
181 250 149
226 269 242
241 216 191
191 220 159
171 173 190
206 246 161
200 186 193
196 205 215
181 178 171
235 235 165
221 266 154
247 236 206
184 181 162
186 215 221
197 204 156
215 245 246
217 264 243
253 227 176
195 174 181
167 182 207
220 224 242
187 192 183
172 228 218
233 207 192
209 203 227
200 197 154
215 255 172
245 205 202
184 221 167
235 252 181
262 203 163
194 179 245
177 259 168
176 213 213
251 239 161
205 170 203
192 242 172
257 262 191
259 246 159
232 233 192
206 215 214
180 194 162
206 234 158
226 244 225
238 234 225
212 253 185
195 254 214
223 195 236
96 37 95
51 109 139
104 110 72
88 62 105
68 107 61
90 84 95
100 48 93
96 42 60
103 11 47
141 60 51
126 19 53
137 79 114
122 51 117
105 102 128
115 77 142
48 23 59
80 78 97
126 31 119
46 95 74
91 32 118
85 35 127
60 42 95
49 101 130
69 103 123
73 65 68
113 70 125
140 28 47
137 51 113
126 47 121
124 24 100
90 98 86
124 69 87
52 93 62
141 108 77
99 106 82
99 34 124
135 93 50
126 60 119
65 37 111
126 82 81
123 55 129
51 34 76
88 92 49
111 97 132
137 82 66
137 74 117
97 60 127
57 27 43
76 37 68
130 63 95
139 34 59
120 44 120
87 72 120
107 105 79
79 63 63
116 46 52
47 22 59
88 57 81
97 53 75
76 16 64
102 75 115
100 45 122
45 58 86
111 94 129
127 81 99
145 58 93
104 98 66
71 11 48
111 42 101
78 43 112
107 102 127
108 83 132
50 96 71
105 38 125
128 107 65
119 25 57
108 96 73
77 71 99
72 44 79
126 30 142
91 50 70
129 72 106
66 42 80
98 48 59
75 54 46
90 98 123
137 31 75
120 17 109
66 74 104
120 22 46
55 111 95
63 48 47
100 98 63
96 100 56
79 56 65
78 96 96
118 91 87
107 31 47
61 12 134
117 108 143
109 83 113
139 99 70
104 44 120
145 16 58
135 79 63
127 28 96
51 90 49
144 31 142
116 32 126
45 21 54
117 45 67
81 24 84
67 96 109
68 58 96
106 33 123
58 94 99
63 31 125
75 28 135
129 92 137
99 24 73
107 22 85
89 55 51
113 93 126
119 58 143
120 46 74
72 30 65
71 83 53
71 43 71
117 63 104
143 76 70
117 80 118
105 28 50
90 96 73
134 45 65
132 88 67
97 79 143
49 70 78
53 25 72
143 71 86
76 75 131
137 106 91
80 59 107
63 85 90
79 80 63
45 24 140
126 32 131
120 22 127
50 36 51
74 105 110
116 55 112
117 93 84
74 107 61
64 50 120
111 96 55
97 110 70
70 80 118
91 67 139
126 19 119
49 12 68
103 104 138
57 74 105
112 65 126
132 53 123
121 106 132
49 40 143
104 44 110
86 22 92
133 78 96
89 91 116
120 91 117
45 24 53
102 35 128
99 46 134
52 110 126
49 32 138
69 11 88
61 11 50
71 12 55
135 81 98
135 15 73
142 38 62
125 83 56
85 40 96
142 63 51
100 67 117
118 27 59
140 37 73
99 28 47
62 47 114
112 52 127
101 23 143
144 86 106
134 15 71
123 56 84
129 107 76
125 110 88
124 34 54
142 21 47
127 56 117
45 25 91
290 39 115
298 41 129
283 15 99
272 4 61
262 17 154
315 -11 90
236 47 133
265 59 134
283 41 103
330 9 118
313 24 73
270 29 72
255 16 98
286 65 71
287 57 138
260 44 65
266 28 141
296 29 69
322 37 131
238 80 91
309 25 109
323 14 75
283 -12 154
328 -12 106
286 -15 149
287 69 136
316 31 63
329 54 150
301 -10 152
242 -5 79
334 19 81
329 10 58
250 23 110
252 14 95
251 28 108
250 66 144
287 57 104
326 -15 129
322 50 93
266 46 105
295 69 70
326 57 131
244 1 112
304 23 84
320 25 127
255 39 76
301 33 127
261 39 110
239 68 102
332 27 137
319 34 107
300 12 89
302 84 103
254 19 147
256 -6 82
292 3 142
317 20 103
239 81 133
269 47 83
257 36 55
292 63 96
328 17 133
311 36 98
245 -7 97
290 71 110
264 52 145
290 43 151
286 37 98
277 67 117
245 7 76
249 24 121
255 56 137
270 -10 97
311 15 57
268 26 78
308 20 62
291 6 114
334 -7 133
283 -5 123
287 21 145
236 13 129
285 55 101
295 21 101
249 72 120
281 41 125
256 25 112
265 70 140
321 7 79
309 1 93
273 2 54
315 -4 142
319 7 141
289 82 133
283 36 54
240 -7 81
306 56 109
242 -2 122
282 58 124
296 12 130
277 72 69
285 35 138
239 66 131
303 29 99
250 84 106
305 43 96
304 9 58
324 17 62
288 -15 70
308 6 124
335 81 131
301 58 129
292 16 131
321 67 126
315 31 85
328 -1 129
303 25 60
262 44 150
284 43 70
284 77 119
277 58 126
285 13 124
235 46 124
292 51 115
282 7 83
256 50 135
332 68 122
262 -10 61
302 22 142
307 74 83
235 -10 54
311 33 61
252 30 104
326 -13 110
275 -12 59
296 74 148
323 68 77
280 23 93
304 37 67
326 -13 60
242 58 66
269 7 121
313 6 139
301 33 109
325 4 68
298 60 132
297 19 83
335 31 90
284 38 117
292 41 75
322 79 75
245 65 119
298 30 114
301 81 61
242 54 68
263 74 132
329 33 93
265 3 79
313 61 61
273 13 60
288 18 91
315 -15 130
310 -8 135
242 39 90
328 -4 56
333 2 55
326 47 87
263 46 65
277 64 56
309 -8 104
260 54 117
244 31 80
256 45 109
335 -14 106
261 73 57
294 35 101
328 59 58
324 58 61
255 25 61
306 37 145
299 36 70
263 40 142
303 80 104
236 69 152
282 -13 55
243 12 139
302 -13 142
237 5 96
328 29 66
266 56 60
281 54 145
321 3 119
246 61 116
261 60 74
282 37 87
239 36 73
235 20 149
265 48 147
314 38 120
285 82 56
280 -6 114
334 233 27
373 257 -5
415 265 67
332 244 -12
320 220 33
318 268 40
347 290 52
371 260 11
338 208 72
362 238 68
396 224 14
365 261 19
370 269 2
374 270 26
412 286 -5
348 295 29
390 277 56
353 242 80
333 262 44
408 208 54
343 290 70
368 295 50
391 303 57
354 256 64
384 290 33
384 223 61
415 236 45
402 252 80
375 279 33
333 270 62
342 213 -2
383 270 -4
344 277 0
378 270 22
366 253 65
388 266 28
341 282 85
322 288 -8
392 265 7
356 281 40
374 250 68
390 274 49
352 300 48
415 274 -1
316 236 7
332 261 55
319 254 59
315 293 -7
376 261 77
375 253 8
382 250 -3
346 234 26
362 269 27
359 210 6
344 218 19
391 209 70
359 265 6
383 292 72
359 290 44
371 267 -12
401 289 -5
396 293 71
405 251 36
404 280 8
336 252 60
322 228 -10
341 263 44
400 239 3
361 241 9
347 292 -13
395 244 29
394 233 65
392 265 14
350 220 22
326 247 10
320 210 78
406 252 68
323 226 32
355 233 41
365 238 22
355 273 7
324 236 37
395 256 24
322 213 86
322 235 13
362 289 37
322 213 35
411 268 7
401 238 41
383 209 79
372 275 51
335 249 86
411 296 52
412 233 54
358 305 24
338 264 48
407 219 78
358 207 84
327 251 63
363 258 69
336 215 44
348 279 33
386 247 -7
364 210 72
413 219 55
362 252 50
371 262 34
333 267 24
322 275 -5
367 290 -9
320 224 -2
376 231 78
386 272 76
381 234 67
380 229 64
349 256 40
378 294 16
405 227 20
409 281 81
358 228 69
402 242 75
342 242 14
332 272 66
355 221 9
387 234 33
411 267 70
378 230 -9
347 226 59
361 265 41
326 220 74
391 233 53
339 241 39
335 284 -3
382 232 14
396 208 30
344 260 75
326 301 20
413 301 57
402 234 81
333 288 40
388 272 58
376 285 -11
352 222 25
364 248 51
370 295 65
332 230 16
409 214 53
336 286 66
358 213 6
361 263 46
352 239 79
372 276 24
391 244 4
370 218 51
348 271 -1
324 266 2
396 303 82
372 250 -11
329 275 12
338 274 78
381 212 7
386 226 14
373 223 2
407 260 27
331 291 -13
409 263 10
338 208 -3
328 264 67
356 219 51
319 270 51
389 248 82
319 248 32
384 299 54
379 207 -6
343 212 12
380 232 56
405 226 61
334 265 30
371 211 39
385 296 56
321 245 5
332 305 0
367 288 84
332 280 84
363 278 -8
315 223 55
340 205 46
337 252 37
380 208 19
388 238 21
363 249 18
383 262 12
391 271 68
327 224 55
390 236 33
399 227 6
336 233 55
376 206 14
320 281 -2
344 285 42
490 375 93
434 436 162
478 428 129
444 427 111
459 451 129
479 402 154
468 373 176
435 359 126
449 368 126
457 411 127
495 404 86
463 419 89
477 396 135
453 397 107
453 431 139
434 425 128
508 371 144
494 382 168
470 404 153
494 398 107
455 386 142
454 411 81
472 441 114
478 413 126
480 370 142
471 403 165
451 364 121
440 424 159
513 422 143
526 408 135
452 368 107
455 413 76
534 388 164
454 445 85
503 445 134
444 448 133
514 428 117
452 447 134
447 387 97
463 439 105
490 384 145
507 364 169
446 417 140
480 443 176
455 445 128
503 378 140
510 380 135
501 389 169
531 387 89
500 420 140
445 374 133
511 379 124
482 380 76
470 431 119
527 441 83
524 452 125
513 389 137
529 394 154
529 420 137
479 412 80
514 354 126
482 453 171
523 368 167
499 377 112
532 405 162
517 368 117
522 445 112
449 358 144
469 409 125
506 428 136
513 408 140
437 361 119
512 374 143
446 386 157
489 377 87
445 360 98
458 364 142
493 356 97
480 360 141
458 413 131
517 357 96
519 448 170
489 437 82
489 445 167
477 380 138
455 433 96
456 357 104
521 375 116
440 406 167
510 379 91
523 353 122
511 394 172
457 383 132
461 402 153
445 362 141
454 437 105
456 425 109
494 431 86
501 379 123
463 447 149
456 397 168
518 437 154
516 380 175
459 450 94
509 413 128
502 447 131
435 368 114
496 413 149
494 399 92
515 423 108
451 412 151
486 374 96
438 402 127
485 445 112
523 441 149
501 353 161
477 437 176
485 363 145
445 400 102
520 426 153
529 426 169
464 354 168
529 380 156
524 389 90
509 404 82
510 363 104
524 447 108
468 365 163
506 373 127
481 430 153
452 363 133
532 450 90
470 435 136
520 417 172
512 404 121
449 367 154
472 438 149
480 438 76
452 398 170
527 436 77
450 434 89
512 380 173
524 387 103
503 378 161
487 359 176
462 389 141
513 440 137
478 451 113
444 418 105
509 423 170
447 385 115
450 426 79
531 439 159
437 380 126
517 380 87
458 449 78
513 419 128
490 434 109
475 439 80
510 445 112
485 423 170
466 432 99
485 417 95
480 414 136
481 399 117
530 444 115
449 369 134
463 429 148
472 392 110
470 371 132
527 398 113
487 406 98
466 372 111
462 403 78
455 445 152
443 449 147
445 452 159
496 431 109
441 410 91
498 356 113
469 442 148
511 431 142
441 413 97
494 355 124
495 425 134
460 411 87
453 418 118
442 442 131
440 398 134
483 355 88
469 366 174
498 400 94
487 446 165
457 404 92
457 392 121
494 421 140
505 369 131
504 385 127
466 448 137
483 375 166
377 238 240
368 300 306
366 230 331
427 240 283
415 314 242
376 300 339
424 302 271
395 313 321
414 229 258
366 256 316
417 261 299
387 308 326
408 304 278
398 229 316
403 278 335
431 271 287
400 278 338
373 323 290
450 257 298
441 302 252
424 315 301
421 298 307
374 232 303
435 252 265
430 310 325
445 316 252
442 261 332
398 307 242
408 234 264
438 229 313
427 255 282
407 275 311
435 234 326
413 261 244
382 297 315
420 321 285
452 270 245
446 255 274
464 298 294
443 229 282
454 269 268
453 322 253
383 274 309
368 293 282
426 242 241
405 271 244
460 258 301
411 306 252
378 280 240
456 293 304
460 238 278
378 309 268
460 249 323
373 259 270
450 226 263
426 248 332
365 309 251
442 313 254
443 264 286
417 265 264
448 322 255
424 298 292
399 223 280
429 244 292
444 252 259
405 268 247
409 225 338
406 239 337
381 235 257
449 268 323
395 244 287
412 277 256
392 270 323
456 250 269
380 273 255
417 275 316
386 258 243
368 315 275
423 240 257
439 306 289
431 299 264
410 247 279
448 271 277
403 271 272
440 270 329
423 316 262
395 233 264
440 311 329
428 310 259
410 238 286
392 304 335
411 271 337
380 244 276
371 227 250
451 303 325
374 276 291
377 277 309
464 287 320
367 318 312
456 285 309
421 260 291
451 269 289
435 284 311
372 262 280
458 249 326
445 242 335
414 320 332
456 263 304
431 294 296
404 234 333
382 322 277
449 317 265
389 283 298
372 316 287
427 280 263
376 247 261
402 251 294
427 259 279
419 306 326
437 230 321
408 267 335
375 313 246
419 277 293
412 278 245
436 248 268
428 304 246
446 287 248
455 291 332
401 237 318
434 224 333
376 273 336
387 301 322
435 308 282
439 236 277
432 301 273
414 297 297
396 308 273
437 317 313
450 271 264
451 238 286
407 237 303
420 282 321
412 261 286
427 315 296
420 259 286
439 286 335
374 302 276
435 253 299
412 309 308
366 298 326
438 226 253
396 300 296
377 316 300
434 286 260
427 254 301
367 246 269
401 256 339
418 238 281
462 232 278
372 288 323
427 223 335
376 273 276
386 316 258
374 288 312
463 238 309
451 317 241
406 310 308
382 280 335
387 300 305
387 288 325
452 247 266
386 285 254
410 284 323
403 274 251
424 314 252
405 260 252
375 306 283
462 252 281
434 304 259
401 228 263
382 301 275
396 246 258
374 288 269
455 246 240
457 321 276
419 276 264
386 307 242
403 236 278
431 259 297
461 322 320
368 275 331
375 278 329
368 291 323
396 265 263
369 242 336
460 225 300
435 233 290
444 300 261
388 313 278
367 242 251
314 440 45
260 375 55
229 440 85
297 441 25
245 384 117
229 451 97
294 474 90
273 429 79
277 434 61
310 458 61
262 416 112
248 449 56
243 469 81
234 462 109
271 475 23
239 414 23
251 440 29
225 403 82
223 431 48
314 440 91
232 420 53
252 446 40
279 434 103
258 413 49
299 395 40
276 425 114
229 446 76
217 440 98
261 459 72
238 413 46
218 408 35
275 437 30
268 441 120
253 418 52
263 475 102
301 439 115
249 433 79
240 403 26
256 470 20
226 432 24
240 430 28
292 454 24
215 444 27
226 438 87
314 404 23
293 393 30
227 471 96
271 464 67
223 395 46
236 475 95
243 414 37
224 475 46
265 458 89
252 448 112
214 436 80
240 388 26
290 440 52
269 448 34
248 429 65
300 475 48
297 387 37
226 396 80
296 456 52
290 419 25
313 428 105
280 447 28
245 464 90
215 381 58
261 456 35
265 425 96
289 457 72
231 455 92
235 375 52
262 431 61
265 398 120
245 460 62
295 449 56
229 399 68
284 434 57
263 459 49
278 426 87
293 439 71
292 427 118
311 426 57
250 394 100
277 475 57
240 469 105
225 423 96
301 376 78
232 385 24
246 437 55
249 474 87
227 429 83
248 450 118
215 379 97
235 391 36
283 375 25
288 389 40
238 436 73
250 389 87
222 416 81
309 472 82
265 382 115
230 474 84
249 454 26
271 438 42
270 445 50
262 403 54
296 377 111
254 411 21
257 382 110
234 438 116
311 456 29
308 455 51
237 376 60
304 449 69
254 471 94
238 430 80
234 404 52
223 401 37
250 387 109
268 446 114
265 379 113
306 405 101
239 375 26
281 435 41
260 425 47
299 454 47
214 441 108
228 446 31
273 397 96
228 402 61
302 420 30
313 413 81
242 406 33
284 423 108
289 447 62
307 424 87
228 396 106
218 388 65
279 432 44
281 431 105
217 383 79
248 378 103
295 393 69
242 458 30
251 457 55
310 465 43
226 449 117
278 465 26
291 407 104
292 408 107
218 456 55
305 454 106
251 440 37
279 386 59
270 417 104
243 472 79
304 462 42
304 435 26
230 435 113
225 453 98
272 472 92
290 469 75
245 441 86
253 404 76
286 466 51
226 441 107
232 446 90
245 408 116
284 427 118
233 387 22
227 397 20
244 471 41
241 406 42
289 423 118
232 419 57
307 456 57
278 400 31
224 423 77
261 401 105
307 452 115
255 390 110
300 456 20
215 406 55
309 454 43
272 441 116
274 446 83
233 393 51
267 389 86
231 418 78
215 448 25
296 379 73
293 400 81
218 414 23
244 411 50
278 381 100
285 454 42
253 456 32
226 438 64
49 271 75
-8 241 127
14 276 129
10 255 159
-16 216 81
16 242 171
13 249 157
35 212 74
-35 202 169
-46 290 111
-1 293 154
23 272 85
-19 239 81
-11 276 160
29 200 118
-24 243 144
8 241 115
41 270 149
-46 203 166
39 223 87
6 228 148
31 211 101
-44 266 78
-1 256 112
-33 247 131
-45 220 137
22 261 141
10 277 98
29 220 107
13 284 103
-16 275 108
-10 227 141
49 225 76
48 287 163
2 250 164
-32 272 141
37 219 85
38 223 172
-11 240 92
39 284 112
-45 236 148
-43 229 74
28 234 125
14 245 83
-25 222 127
42 258 108
-26 271 128
19 201 73
47 264 88
-35 197 110
-37 231 163
-5 244 114
34 257 156
-40 217 132
-22 251 112
-22 263 163
-25 228 113
32 218 85
-33 256 84
4 289 84
-17 260 100
4 232 163
-6 209 124
-5 210 110
8 257 112
-45 272 144
13 233 116
-33 292 149
-33 255 121
7 214 101
-18 278 96
32 283 131
-5 205 107
-32 249 136
-22 283 171
-39 288 87
-16 222 96
10 214 123
-17 243 144
-40 195 76
39 241 161
-12 276 158
-35 227 141
30 247 146
22 213 156
-7 231 100
46 212 135
0 218 80
-22 285 100
-20 266 73
41 230 119
29 235 170
-15 260 137
-46 259 94
-8 274 144
6 214 91
25 242 100
25 279 116
17 202 92
-12 288 85
49 281 90
16 206 156
18 249 127
2 210 165
-18 281 84
50 244 99
25 227 112
32 222 132
19 227 156
47 201 138
-35 211 140
38 228 149
31 238 77
48 227 85
-36 265 114
23 293 155
-32 295 75
21 291 170
10 195 135
25 237 126
-39 254 140
54 289 79
-46 195 120
24 293 107
-41 246 140
41 294 134
-38 207 119
-38 239 137
54 262 89
10 283 156
22 247 160
33 249 79
9 224 100
29 210 112
52 210 80
8 241 118
23 236 120
-2 263 73
6 245 143
18 252 89
-30 208 91
-38 290 148
39 203 125
14 239 82
-12 216 76
-5 223 125
-37 240 126
0 270 160
41 247 129
0 210 106
42 198 117
22 222 148
53 263 165
50 203 146
-15 248 162
46 234 102
-16 270 112
9 277 104
-30 286 113
33 277 128
3 238 139
-40 282 75
22 271 171
-9 208 166
-37 276 109
-23 209 152
-6 256 132
-16 241 161
44 231 105
8 259 162
-38 267 146
-9 276 91
50 253 149
49 236 116
8 216 158
42 206 154
-26 269 82
-44 224 83
28 231 137
-40 240 116
-45 278 150
4 234 77
27 284 111
0 279 144
-32 267 137
-4 250 118
-40 203 169
-37 200 104
5 250 169
-37 252 134
-14 271 115
15 268 108
24 270 97
-41 236 160
-41 241 130
28 245 101
-38 247 101
-46 249 92
14 280 120
-21 267 135
