77 434 61
114 424 -13
38 435 66
91 401 54
97 410 67
84 413 36
90 427 12
60 463 28
27 395 9
118 370 -15
107 409 60
55 460 53
42 409 49
121 409 -26
86 446 43
87 426 -8
43 377 -13
46 425 46
77 409 24
106 424 43
101 460 25
49 447 41
56 439 43
61 387 68
42 379 54
44 389 53
116 408 0
40 384 42
116 373 40
122 395 27
65 372 17
55 383 18
99 458 30
70 384 0
108 375 50
100 366 59
78 392 15
26 406 69
26 392 23
86 427 -20
40 365 40
43 377 -18
66 450 -12
117 395 15
65 399 -14
112 456 47
110 391 5
50 456 46
85 463 64
59 366 12
96 416 -12
126 465 8
65 373 32
59 424 -18
81 460 -12
61 367 21
42 422 74
75 385 33
126 406 -6
75 430 65
72 365 34
70 462 -9
89 409 14
106 389 9
39 462 4
121 381 44
118 446 64
118 454 70
107 434 24
113 412 -18
51 415 60
57 386 18
102 437 -25
37 449 72
30 396 24
103 401 6
43 423 10
78 435 37
65 421 43
52 374 60
29 460 -11
48 401 21
60 403 35
78 426 36
75 419 43
58 415 68
58 380 21
60 429 26
54 454 -15
64 447 73
42 377 70
125 457 52
105 410 43
51 394 -17
116 381 3
36 443 -24
99 376 -7
76 386 49
33 375 -17
88 433 27
31 422 -23
108 448 19
50 451 4
115 464 74
28 409 -2
30 406 60
40 424 49
104 458 66
124 376 25
75 392 31
42 415 45
79 402 27
55 458 -18
113 423 47
58 443 65
94 373 -22
53 398 -26
81 414 45
74 464 -11
115 392 66
84 438 58
30 418 15
58 415 30
94 389 -4
117 371 -11
126 397 73
102 393 69
37 400 -9
37 435 68
83 397 24
77 441 28
120 386 27
68 463 42
57 372 62
119 380 33
45 416 57
59 435 71
84 387 -26
57 378 38
48 446 7
98 395 16
53 416 55
91 450 16
80 465 58
63 407 -24
44 389 10
111 437 7
113 366 36
77 441 37
122 371 37
105 385 -10
86 394 58
85 464 51
119 430 49
58 383 26
36 383 41
92 387 24
46 445 9
88 441 6
103 381 20
53 435 -20
71 405 43
48 373 28
40 451 4
54 409 63
71 405 36
112 394 -17
71 387 62
39 366 -3
120 421 20
106 367 35
115 423 53
107 407 33
78 390 35
56 425 55
112 458 -7
27 369 73
120 374 70
32 405 6
109 452 -23
113 417 10
63 455 -10
44 385 18
47 446 4
122 401 -9
106 371 46
73 413 -24
124 403 8
78 433 55
115 439 10
117 465 36
73 440 24
101 441 63
83 369 64
104 386 -9
73 455 46
36 443 9
85 446 7
124 399 12
62 367 2
67 424 6
96 414 59
104 452 -24
42 429 44
33 415 -4
48 420 50
120 397 -23
80 465 43
49 372 -18
106 460 37
77 396 36
126 405 18
98 418 -4
38 369 52
51 452 9
78 430 71
53 397 7
113 412 -11
104 425 38
89 410 23
125 428 36
117 385 33
58 437 22
95 446 61
100 382 55
45 402 32
109 448 65
114 431 44
54 451 28
85 440 37
103 437 28
41 420 35
126 426 -20
52 401 -10
79 443 21
81 420 10
49 382 -23
76 408 32
101 373 -1
28 394 50
125 434 -1
68 380 56
38 430 -6
97 388 22
83 416 6
76 378 30
55 463 -20
40 375 -1
73 432 -13
77 437 33
102 441 25
47 448 27
120 452 26
90 417 -23
63 404 -2
80 392 59
31 428 -13
95 439 31
54 388 19
64 435 17
86 395 -15
74 448 63
98 384 52
33 452 -26
94 464 73
39 386 21
58 446 -24
92 385 39
125 423 64
53 392 24
42 460 72
43 446 30
117 422 34
111 422 45
74 387 -7
59 438 25
107 464 47
126 400 5
100 378 44
82 428 59
115 377 3
109 392 68
78 457 59
43 381 68
86 365 6
104 451 -3
38 445 50
113 458 60
38 429 12
48 387 41
63 368 37
40 395 47
95 460 25
105 382 67
75 444 29
30 414 31
92 404 64
39 442 68
108 373 -14
99 372 20
217 233 478
244 232 435
249 202 457
290 272 451
269 192 491
252 274 490
249 273 461
240 214 504
258 202 497
242 229 457
291 279 431
306 195 441
299 227 490
223 203 453
264 248 465
237 222 455
309 198 441
249 270 466
227 249 511
258 217 454
298 204 496
299 239 500
293 210 423
282 269 487
269 241 433
285 207 492
275 227 511
259 291 507
246 229 437
305 198 454
211 271 471
250 205 443
263 270 469
243 280 465
222 285 449
289 223 513
309 221 452
234 216 453
281 230 427
297 284 505
231 239 443
304 213 466
305 216 448
212 225 520
256 245 461
222 217 510
287 229 508
295 283 500
220 213 472
212 232 499
286 207 451
279 203 502
248 198 463
301 192 510
213 193 509
291 223 504
285 267 475
225 207 518
234 211 513
211 278 423
253 292 462
264 231 477
305 201 469
231 206 429
220 283 459
238 283 482
250 255 461
232 192 440
265 250 479
212 247 479
233 280 433
288 250 454
244 262 482
245 227 455
302 208 515
258 213 473
271 216 450
226 250 515
220 231 438
248 291 488
279 291 505
230 204 437
276 208 436
227 273 476
234 216 467
228 250 435
268 245 430
243 281 498
273 208 485
237 279 469
234 223 503
220 288 512
255 213 490
254 248 452
302 230 505
235 204 483
311 239 515
299 234 427
225 234 509
287 220 428
220 254 467
242 291 489
301 203 501
222 249 430
223 256 471
233 275 487
237 211 439
267 196 490
236 214 434
248 279 497
235 267 496
307 216 502
271 257 453
274 201 435
280 225 491
235 203 494
304 254 440
309 200 458
279 240 439
268 199 467
262 270 426
309 208 506
249 241 421
213 253 472
279 242 512
302 228 489
311 198 506
265 214 496
262 193 461
303 275 487
238 204 520
280 270 444
250 269 480
285 270 473
290 257 495
254 278 504
282 255 468
276 250 520
236 269 461
249 241 512
261 270 483
272 273 475
264 249 465
232 277 425
258 216 479
293 215 423
215 285 460
291 241 501
234 270 426
300 222 514
268 282 468
303 280 471
232 221 493
211 244 507
264 264 440
217 218 465
212 203 495
242 282 442
255 278 499
298 200 495
237 227 504
268 279 505
249 251 445
241 244 426
276 240 492
294 260 505
247 281 492
269 236 449
246 240 496
278 292 515
232 251 420
260 274 453
262 269 472
241 271 472
279 286 483
260 236 466
290 291 492
242 266 477
243 265 519
221 243 478
278 269 477
212 219 477
288 257 438
247 195 505
221 231 465
276 200 518
262 218 499
262 258 490
222 264 452
236 287 441
291 282 509
268 285 467
219 280 436
282 223 439
256 271 447
258 249 520
260 198 451
222 232 465
220 229 437
219 231 436
267 236 422
257 216 436
311 280 469
273 233 428
283 238 429
266 238 514
279 279 512
224 201 452
232 254 446
306 269 492
301 268 479
244 269 442
287 231 458
224 205 449
263 217 486
294 252 487
239 279 457
232 232 461
229 214 479
308 203 441
280 271 455
287 292 480
294 197 445
303 252 503
253 219 519
281 218 451
290 242 496
249 232 442
272 229 498
290 222 501
308 291 518
228 201 458
277 221 499
303 214 445
221 206 431
287 199 486
301 255 450
282 285 435
263 210 512
247 263 446
280 228 420
275 192 483
234 232 444
289 210 490
215 278 500
292 274 440
220 216 451
211 267 434
251 265 508
286 245 457
253 257 474
307 214 455
296 266 447
222 247 484
264 219 492
226 213 422
230 239 466
271 241 431
271 207 488
244 255 475
245 206 487
288 244 430
278 194 489
213 216 451
230 234 500
298 247 504
230 258 451
265 249 447
213 242 451
219 223 502
288 274 481
232 226 480
245 222 436
245 230 474
241 241 476
301 284 508
228 194 422
241 195 445
282 286 448
212 281 451
309 212 466
283 194 494
251 228 517
294 233 431
257 287 441
276 242 520
240 281 486
295 195 495
293 289 442
242 214 487
299 252 484
285 277 436
282 259 481
255 195 493
251 200 426
257 225 462
249 243 502
296 236 441
266 248 467
216 210 422
-12 403 3
-3 398 19
-1 435 39
-6 447 76
7 413 8
80 484 -7
-8 425 59
33 468 -12
63 403 48
13 413 53
1 414 29
62 485 68
8 402 47
12 420 65
-6 484 -12
40 403 73
68 471 71
-13 415 34
15 442 0
14 472 72
8 444 7
73 429 -12
69 444 24
-4 409 49
44 450 -13
74 437 74
72 470 45
81 428 23
45 464 70
31 483 18
73 486 73
29 447 62
77 432 70
73 403 64
15 403 52
-1 423 40
-2 465 23
64 463 57
46 470 54
79 437 38
18 430 -12
-5 466 70
61 440 18
85 487 13
65 453 7
9 403 13
-10 445 6
64 421 78
79 438 -13
66 410 61
-1 474 4
-15 413 71
-4 414 71
74 488 31
60 393 33
16 465 65
32 396 51
84 414 8
26 468 -16
2 489 31
50 398 39
19 417 25
23 475 42
55 440 3
4 443 71
71 467 3
52 471 0
29 423 29
38 480 77
15 408 34
-10 430 -3
42 391 60
51 395 16
-1 453 1
43 473 27
55 428 20
72 479 2
25 474 12
49 413 -18
-8 455 9
53 442 2
15 478 30
51 411 17
14 426 24
-12 481 6
-7 464 -13
40 397 54
5 402 50
33 450 15
77 443 -17
-3 486 73
62 426 29
36 482 28
11 434 38
28 482 26
15 485 0
51 405 30
66 444 1
69 479 -8
83 472 37
40 482 -8
28 418 46
-6 414 1
50 435 -20
64 411 31
8 438 54
44 442 4
-11 461 54
12 421 -12
27 451 -9
-12 394 35
77 470 -9
28 472 -11
4 420 -19
49 393 64
-8 485 -7
76 408 71
21 469 45
50 471 5
84 453 31
27 455 11
79 397 57
64 488 56
69 453 23
1 426 26
70 441 -18
42 414 6
48 436 57
81 450 77
83 432 52
83 464 31
38 490 -17
2 427 25
70 392 18
82 405 38
3 405 12
43 458 75
52 414 62
32 431 41
29 398 22
5 423 -11
43 423 9
64 464 54
2 440 62
60 399 2
0 432 -12
72 441 69
46 410 76
80 439 -22
26 464 75
78 442 42
29 397 -4
17 454 12
60 440 -13
41 400 -12
83 447 35
75 432 -2
69 438 8
19 444 27
14 486 73
32 416 50
47 438 -14
69 427 -17
55 446 -9
53 436 35
61 439 -4
-11 484 5
-12 441 7
47 479 -1
82 402 58
18 391 5
-10 458 28
27 458 64
47 438 55
8 414 52
-11 409 5
80 443 -22
56 464 71
52 391 27
24 470 63
-15 440 -7
76 482 9
52 446 15
53 455 51
47 461 34
54 469 -6
64 416 -19
42 391 68
12 428 -6
1 400 30
52 470 22
28 485 33
18 401 61
27 481 4
83 433 52
12 437 37
26 392 -2
67 408 21
6 487 -14
51 391 70
30 432 52
77 457 -8
14 476 37
-2 394 52
23 481 59
42 475 14
16 473 48
70 468 -19
41 433 7
7 460 48
36 471 67
-6 463 43
7 445 46
4 434 5
62 414 21
7 447 7
20 418 -22
12 453 63
53 454 70
7 438 0
-5 414 -2
81 461 30
40 425 -18
51 410 67
27 454 47
-9 457 19
57 416 58
79 425 55
0 408 35
23 392 69
14 405 51
82 459 29
44 483 1
74 454 15
27 458 10
66 396 72
52 441 -11
9 413 -9
4 458 27
68 399 -5
-8 420 62
3 434 52
26 465 25
-6 481 67
49 435 17
61 430 11
70 449 43
30 440 -14
4 405 -18
24 480 -10
80 418 -21
48 390 53
20 460 14
69 416 70
77 430 18
7 488 -3
-2 464 13
-7 418 50
-13 400 3
7 484 5
52 410 20
81 419 77
35 470 17
7 428 73
26 458 44
-15 447 -15
20 431 45
0 437 31
52 422 45
-1 401 18
15 476 52
10 473 12
33 475 43
-6 420 -14
-5 460 5
76 396 22
3 444 26
-9 469 29
31 403 8
19 419 32
35 459 11
-9 452 26
50 390 11
35 480 -4
71 403 11
53 473 4
68 460 51
75 420 1
81 485 0
77 445 -1
41 451 -6
-4 445 39
85 440 -12
-8 472 52
17 464 48
5 405 19
-13 429 54
-2 431 56
41 458 17
40 411 55
323 118 438
363 107 409
302 134 389
346 120 455
341 200 389
302 107 429
345 197 437
361 176 455
378 185 471
338 206 417
380 170 450
311 138 473
376 131 443
313 165 434
313 112 385
359 117 426
306 136 447
348 203 474
339 167 425
343 158 448
377 185 432
293 158 474
376 147 457
346 145 434
333 113 482
310 121 481
359 151 389
329 149 458
312 179 425
325 146 396
303 143 472
319 160 408
373 129 471
366 162 455
339 165 421
374 115 395
286 151 441
295 116 390
302 183 458
380 192 466
291 188 410
298 175 435
319 150 399
297 138 478
307 139 419
347 182 483
366 202 427
324 106 481
293 189 428
293 185 409
379 161 475
290 205 416
358 136 483
303 203 384
311 108 433
334 136 429
368 187 474
342 158 412
331 206 386
355 148 479
336 158 390
342 150 434
352 152 396
365 137 427
310 175 435
311 168 394
377 121 439
282 118 459
297 151 390
368 142 446
345 123 420
318 161 431
360 183 398
284 173 435
377 160 457
348 178 479
362 134 436
335 166 403
306 134 443
282 167 435
331 125 389
320 155 386
373 174 386
296 128 459
326 181 405
331 116 421
317 181 462
298 147 404
378 198 461
366 182 385
375 171 450
305 164 455
317 181 388
346 127 478
302 108 434
371 147 476
313 203 426
310 159 389
294 123 444
376 191 409
361 150 436
281 205 473
362 150 425
334 127 419
352 155 458
344 183 430
314 182 436
282 107 395
379 201 473
281 178 430
314 156 464
375 199 407
376 180 462
377 151 392
362 157 437
322 180 450
302 180 436
284 188 387
317 176 432
327 194 481
362 138 475
374 199 479
305 180 440
290 154 399
300 121 385
352 199 465
281 193 408
311 178 399
346 107 479
292 110 443
359 185 433
316 183 428
287 161 407
288 169 456
329 204 402
283 138 407
326 170 449
358 141 429
333 172 395
373 194 432
317 106 456
365 164 481
298 202 421
376 205 469
375 176 399
331 135 459
356 185 408
342 156 466
320 171 478
367 190 431
356 110 402
294 131 444
340 128 406
356 112 449
347 199 388
282 191 470
316 123 479
284 197 446
359 179 390
355 128 404
337 206 389
357 195 451
347 142 438
292 137 394
327 108 384
309 199 473
374 130 395
376 182 470
284 114 417
303 120 411
371 143 415
318 133 464
372 199 471
320 175 441
341 175 462
309 193 434
379 112 405
333 164 438
324 137 476
331 148 478
360 183 483
314 165 454
337 203 471
285 115 426
317 203 434
375 116 464
323 138 426
290 129 476
368 108 454
364 136 410
351 118 447
307 203 471
374 186 449
373 152 389
358 127 435
316 186 388
283 169 440
322 160 448
329 202 423
365 110 384
362 116 410
339 109 396
286 145 389
353 200 443
310 198 451
372 120 477
284 109 408
323 191 407
307 136 409
324 177 450
331 188 409
322 123 466
362 129 405
305 206 442
346 108 447
299 109 444
372 173 385
309 181 387
313 198 424
319 129 470
284 112 412
292 111 461
291 200 438
369 201 404
334 203 454
324 118 415
299 191 447
335 155 437
301 191 403
334 195 482
342 106 443
310 184 434
311 128 453
378 130 424
373 107 409
348 148 435
283 135 403
372 163 419
343 187 472
345 183 384
313 108 466
373 202 400
366 144 396
288 178 404
358 205 478
316 200 479
353 187 394
365 186 439
328 157 403
299 185 429
353 106 476
359 168 385
307 165 464
308 137 386
288 180 447
358 113 395
367 122 467
362 149 421
329 155 423
342 180 462
326 136 384
332 144 447
343 129 465
374 178 463
353 122 407
378 195 427
375 127 477
317 159 397
369 149 456
366 113 415
379 159 455
379 205 432
285 187 400
309 203 418
367 142 465
343 176 462
375 164 442
297 130 464
364 189 449
376 160 399
354 160 479
324 178 395
352 151 408
378 161 400
381 111 466
328 164 434
298 150 466
326 172 452
311 158 457
297 154 460
350 197 423
288 139 441
301 134 396
373 158 398
296 159 418
360 184 450
294 124 394
326 116 443
340 150 440
351 204 462
347 58 162
339 -10 128
273 38 197
329 15 158
352 24 166
324 44 170
336 53 106
336 -11 155
289 54 118
347 -12 169
298 26 165
355 65 169
317 -12 174
327 28 107
359 -7 177
357 9 189
331 57 135
300 31 174
275 75 167
303 42 162
294 -20 149
303 29 156
330 26 120
365 4 147
344 6 185
318 9 144
337 46 112
351 63 194
276 15 160
319 50 170
279 9 145
308 67 197
328 56 164
295 56 128
324 8 106
347 39 142
353 45 186
312 49 191
319 79 118
319 -3 180
297 51 181
352 51 112
283 78 108
321 38 188
310 10 153
338 43 180
338 24 113
349 55 115
273 4 177
346 -5 200
295 14 161
337 62 181
284 39 157
354 -6 200
361 7 147
358 1 136
271 0 115
302 -16 160
334 -16 126
358 50 125
351 31 158
369 49 185
269 27 173
352 57 130
368 31 126
321 76 175
339 31 153
274 40 173
334 22 125
309 26 174
309 22 183
276 78 142
359 51 171
329 67 179
369 66 108
363 35 120
312 6 183
273 45 183
289 47 193
337 11 137
357 40 130
293 -18 192
330 56 138
362 -12 182
271 39 125
322 10 168
343 8 172
333 20 143
330 -6 119
332 -21 155
354 66 186
320 19 194
270 25 112
288 43 176
292 76 141
366 25 196
317 -5 194
341 53 126
309 29 146
278 -17 151
306 29 109
324 56 195
278 -8 178
326 24 145
280 -2 197
270 34 195
354 3 175
349 -19 154
310 20 167
269 25 188
336 -5 160
361 2 128
308 -10 191
311 -11 181
342 55 103
277 38 152
274 37 176
335 -15 115
362 5 118
329 70 167
273 -16 187
282 21 138
313 -14 103
359 14 138
366 -12 192
274 -6 124
361 -18 180
364 28 175
278 6 105
330 -17 147
289 14 175
355 26 187
330 41 102
352 55 140
355 77 116
272 -7 154
329 24 114
330 -12 200
315 31 156
304 -9 138
284 59 143
304 63 104
300 63 175
269 57 172
321 43 124
354 62 170
301 -6 176
309 -13 153
329 -17 192
343 17 121
309 9 144
299 62 188
349 13 106
352 34 109
345 9 144
303 13 131
356 51 173
315 26 135
271 68 130
340 33 156
269 20 184
293 73 156
270 -4 126
300 -14 191
351 59 200
324 -8 186
311 24 186
336 38 185
324 51 113
319 5 170
311 17 194
310 57 142
310 4 130
307 23 198
276 42 153
360 7 125
320 32 143
327 13 157
269 59 162
301 -18 156
346 42 148
360 12 170
274 39 149
300 27 117
351 47 121
307 -7 157
344 59 166
300 68 150
348 51 131
291 21 170
353 73 150
346 45 117
355 -4 117
331 78 158
326 29 143
283 64 152
337 43 176
311 19 133
345 69 159
353 74 188
284 62 116
366 33 118
341 -8 111
331 38 173
367 51 166
352 46 134
339 43 191
307 72 166
362 70 147
367 -8 170
313 7 128
322 55 111
300 -16 137
277 29 186
269 52 174
287 35 157
329 4 165
292 59 146
275 7 180
309 55 166
332 70 158
367 43 112
292 40 185
353 1 153
328 71 187
276 3 156
305 48 177
296 71 170
314 70 148
332 14 144
352 14 101
313 61 130
306 -7 192
294 56 129
316 32 127
273 -8 188
289 26 114
272 61 142
297 -5 174
289 43 197
293 48 153
283 45 107
300 23 140
321 78 169
290 62 164
337 10 112
300 3 156
290 44 171
285 5 111
345 58 113
355 32 158
288 53 193
364 15 125
301 -6 130
281 6 114
337 74 198
288 19 199
339 64 118
361 42 198
320 30 171
333 16 195
274 11 201
333 73 180
310 -2 197
315 57 178
289 14 122
298 75 102
339 23 106
345 6 115
334 -7 142
316 43 124
310 76 192
349 -20 118
318 68 145
356 0 119
292 13 134
362 12 158
312 21 116
284 -5 154
326 73 143
343 51 136
332 50 126
327 7 159
355 26 160
354 -14 107
303 -21 197
357 21 167
307 50 108
362 55 147
324 16 127
282 49 127
348 8 160
299 50 126
289 19 166
309 32 154
323 6 172
320 46 192
354 11 201
318 -13 196
346 16 180
83 286 357
48 306 438
68 273 399
74 303 441
42 292 380
12 262 412
63 332 413
23 281 381
67 334 344
97 272 381
88 244 415
65 266 345
28 247 430
13 281 421
62 299 373
43 297 385
34 259 391
77 293 374
83 333 439
6 244 408
55 304 393
34 268 364
7 301 391
63 281 354
97 320 411
74 279 372
17 296 357
39 294 342
57 255 413
30 243 423
86 270 399
12 269 347
93 284 438
25 280 430
32 247 376
32 261 426
61 322 357
62 271 441
62 271 409
7 250 347
30 341 353
2 256 425
27 323 412
49 262 356
52 267 384
43 256 425
44 321 390
76 254 442
78 285 387
33 250 432
42 265 408
73 248 374
56 253 437
49 310 400
28 252 370
64 329 343
80 273 437
83 246 392
58 269 436
45 333 360
92 305 402
4 296 413
59 307 368
24 263 413
23 283 430
44 274 375
82 290 407
45 269 380
46 323 398
87 281 439
97 275 370
18 250 438
63 268 395
24 312 384
21 275 395
86 268 403
43 323 410
100 268 372
64 321 399
7 283 373
32 317 398
17 290 400
30 265 398
86 254 357
35 270 414
44 272 345
93 333 378
52 263 392
52 303 411
42 301 434
34 279 391
58 268 416
2 319 414
99 322 438
97 256 384
66 340 422
13 277 427
37 330 442
28 290 396
20 265 344
52 258 439
24 271 408
94 331 352
48 286 416
16 275 440
99 335 372
91 244 368
6 326 397
89 287 378
39 274 440
64 270 349
58 282 365
63 325 372
54 300 379
35 254 426
49 282 391
54 296 395
7 278 372
65 313 359
99 276 401
98 296 372
99 293 396
47 297 377
84 298 392
102 298 407
51 248 396
85 276 398
84 308 397
32 311 430
73 303 393
77 321 345
57 339 431
54 241 400
79 287 399
68 290 381
85 341 429
44 319 357
84 267 393
17 262 433
3 318 402
25 301 390
28 330 377
91 258 344
85 285 419
12 312 361
50 321 399
89 268 388
56 337 345
55 311 420
99 336 373
36 299 414
99 330 390
86 324 371
13 259 402
47 314 425
11 243 427
62 307 383
59 331 376
23 331 385
59 327 359
51 334 440
86 283 410
60 274 384
59 281 384
64 317 369
60 312 368
53 247 400
89 336 429
33 311 348
77 337 406
25 340 411
92 294 379
77 241 366
76 261 388
49 336 427
2 319 418
12 269 381
7 272 396
94 289 439
70 306 363
87 303 357
5 280 374
8 266 370
63 338 351
44 327 417
73 294 383
46 259 410
26 285 360
92 261 417
64 320 387
58 310 403
83 308 425
27 281 412
29 289 441
5 273 397
18 314 396
58 288 348
88 315 387
39 312 437
68 269 436
101 301 412
24 285 342
13 340 380
9 252 430
62 292 385
86 311 352
62 318 405
43 246 350
95 292 427
65 275 397
13 278 392
24 248 373
3 305 402
63 249 414
45 333 389
40 272 422
40 309 442
67 287 410
71 264 406
41 291 403
8 315 418
79 291 347
15 319 391
17 338 348
63 318 380
14 257 380
32 302 417
9 276 418
36 335 363
32 256 384
32 282 396
94 300 420
20 329 413
14 341 358
100 254 414
31 289 350
9 243 424
22 293 354
34 338 413
34 263 434
97 276 407
39 246 415
94 307 440
42 252 430
37 257 372
76 294 361
18 304 411
76 290 439
96 311 367
72 328 347
64 333 350
59 243 422
48 260 423
37 319 383
62 281 433
38 258 442
88 319 369
58 314 440
6 241 408
29 269 392
23 289 396
75 303 427
49 307 416
90 334 388
26 322 439
76 308 412
100 265 375
2 242 433
90 307 438
3 248 420
56 277 346
53 258 392
75 267 365
87 272 346
19 258 389
85 327 424
81 300 391
44 316 413
53 246 345
65 258 391
35 310 382
102 306 383
5 302 419
30 328 352
23 263 364
15 307 418
28 287 419
6 333 431
74 332 357
60 270 386
92 286 420
70 329 399
21 313 415
48 259 397
44 283 383
3 249 356
10 310 371
72 306 370
90 321 423
18 264 343
254 512 160
193 522 142
217 518 143
195 507 127
226 519 87
258 474 158
188 440 158
198 448 124
216 473 176
195 448 164
216 475 151
211 515 155
218 499 123
250 506 92
200 512 85
286 435 121
243 502 134
245 447 160
188 446 103
271 512 89
199 441 96
237 479 148
233 506 114
198 498 130
238 492 134
223 450 178
286 465 116
207 462 101
243 511 172
207 463 115
223 490 115
258 450 168
243 509 127
236 443 150
284 484 128
229 452 124
190 437 143
281 498 110
218 512 95
192 468 83
232 507 117
193 509 98
253 496 149
222 460 96
259 484 138
248 521 122
271 526 88
229 459 107
264 450 127
224 457 98
283 450 98
253 529 94
240 503 155
265 442 157
205 458 115
225 479 147
244 453 83
237 508 165
232 475 90
203 467 162
227 454 134
225 474 173
257 485 152
208 469 101
193 516 125
240 515 89
231 497 157
254 509 179
231 502 139
256 487 183
196 521 133
236 506 99
280 473 148
215 464 105
189 469 101
205 465 172
206 475 164
259 456 164
284 513 128
190 452 114
196 491 136
254 501 89
282 478 162
233 510 125
203 506 165
190 467 135
214 495 112
272 458 121
230 511 132
233 473 145
239 510 167
190 464 162
227 532 172
259 473 101
244 460 181
253 469 99
272 478 129
279 470 177
258 493 163
239 439 93
245 478 163
272 451 134
266 440 176
196 470 182
225 484 137
247 530 158
256 463 107
239 531 118
247 449 100
230 461 106
198 510 135
188 474 171
223 491 179
192 490 135
242 519 137
227 477 119
272 470 136
236 532 151
210 469 93
267 520 114
214 445 115
216 479 146
251 490 118
220 466 91
210 485 135
204 470 137
269 477 169
231 494 157
249 450 113
239 514 173
190 494 158
207 463 94
243 491 171
286 465 114
273 441 161
238 461 84
195 532 103
247 442 177
265 442 158
219 503 146
269 441 134
246 530 156
199 515 142
209 471 96
186 521 114
253 524 171
234 499 183
236 475 119
217 488 83
230 487 96
264 496 168
226 465 139
238 471 106
237 440 87
280 435 166
259 498 96
266 508 182
256 450 142
205 475 113
198 435 145
279 455 102
211 453 182
279 523 172
208 510 86
206 456 99
260 469 96
282 441 171
191 458 154
212 520 104
284 450 172
251 511 173
276 515 115
189 457 102
211 457 167
279 485 130
270 485 171
210 529 172
252 466 140
218 494 109
233 523 88
211 520 138
254 469 156
283 499 172
274 521 159
266 450 163
260 463 162
236 454 156
252 499 93
251 509 131
228 529 180
237 467 129
236 451 85
197 493 146
221 526 122
221 502 98
223 486 149
209 501 98
261 519 182
255 463 164
227 435 149
215 519 149
259 455 106
231 527 108
262 458 147
210 490 111
227 461 105
280 515 107
188 475 122
208 519 126
226 447 102
252 530 170
241 496 138
241 491 173
277 528 123
187 476 131
202 473 126
218 483 157
222 519 177
282 486 137
210 518 105
218 470 91
276 488 106
260 439 136
243 513 100
246 492 137
259 487 95
218 531 90
283 531 118
246 472 183
262 529 140
210 442 170
273 445 169
277 510 105
264 453 166
237 504 105
205 494 157
234 510 121
214 472 100
271 438 125
193 472 172
203 465 152
234 499 85
203 504 119
238 453 127
193 458 127
236 468 137
205 512 83
230 455 171
237 464 120
262 530 138
197 529 134
275 485 96
236 488 168
246 456 117
249 472 101
221 472 122
217 528 177
195 505 176
256 449 182
267 461 156
219 532 176
222 519 154
267 494 171
253 508 117
244 439 116
217 454 150
257 469 124
259 453 91
282 499 99
193 507 164
252 500 151
224 452 179
250 521 141
282 471 108
239 527 140
254 532 137
284 494 136
232 461 161
261 434 99
202 483 157
246 486 104
216 438 180
224 453 99
203 456 95
256 466 169
204 522 104
254 435 114
211 432 87
229 528 115
192 482 120
256 503 176
233 498 101
201 474 114
219 528 175
192 438 149
244 497 120
210 472 96
233 446 180
246 515 163
205 484 180
486 352 312
499 314 346
507 337 281
530 396 292
529 376 283
492 351 347
520 394 269
495 340 273
540 382 258
511 350 290
478 347 350
472 401 333
497 350 292
511 354 340
479 404 320
463 392 267
485 314 301
448 358 299
492 342 352
543 344 310
507 398 283
533 384 292
447 352 340
512 312 263
499 354 299
502 398 274
544 342 274
507 408 314
518 377 333
502 407 298
477 344 321
477 328 264
496 324 308
481 388 319
510 353 276
544 345 255
472 336 317
537 341 327
470 342 354
519 400 345
459 388 303
512 402 295
501 357 311
534 354 269
479 361 289
532 380 266
478 383 323
518 377 319
471 342 295
485 388 261
503 339 335
451 313 294
463 382 322
524 347 305
511 331 292
450 406 314
504 363 303
457 393 327
509 398 352
507 386 272
526 355 260
464 350 257
471 340 264
449 318 351
493 322 262
472 375 297
473 350 294
446 395 275
543 397 300
487 379 354
502 328 311
476 376 335
505 314 283
524 358 290
529 388 352
449 386 262
511 388 295
457 321 263
467 385 276
451 408 289
545 369 344
473 377 261
483 324 288
511 384 337
523 397 352
459 404 334
495 326 280
514 345 320
518 320 278
448 373 336
525 372 311
513 396 335
540 324 278
497 411 305
538 347 314
463 404 266
486 380 262
478 319 306
457 408 278
479 396 306
461 322 279
536 355 275
522 403 269
454 314 331
467 335 325
483 340 324
533 389 273
476 406 331
532 383 297
511 408 272
511 331 306
539 315 273
475 405 299
507 388 327
449 360 345
521 383 340
491 385 277
534 360 260
518 332 262
503 374 280
507 380 300
467 392 342
521 330 278
517 367 274
537 369 298
461 322 298
504 342 267
453 319 338
507 342 311
452 355 290
460 352 287
510 369 350
505 324 303
464 387 338
473 373 354
522 377 281
446 375 276
469 326 314
507 342 282
454 408 344
477 408 353
493 358 299
539 393 284
528 361 354
525 342 324
491 330 322
484 351 262
450 382 290
495 365 325
506 346 353
511 356 268
499 347 301
481 320 257
542 381 321
510 386 290
537 404 271
521 349 353
465 367 280
471 316 280
492 395 349
501 370 316
485 407 281
513 357 328
516 389 285
533 321 337
462 378 262
539 335 341
512 330 292
454 361 336
519 340 304
470 355 352
467 329 304
493 339 294
536 348 307
471 398 314
471 346 312
449 350 350
516 391 317
471 324 306
474 387 288
539 355 337
446 312 261
483 342 330
543 314 321
448 324 344
512 370 352
454 393 322
539 326 303
517 331 280
503 356 346
479 335 328
467 385 337
493 367 299
472 400 265
539 369 255
493 329 276
485 389 293
517 377 318
485 400 318
479 362 302
536 321 284
455 397 279
501 396 333
507 375 280
509 337 319
453 380 300
459 338 260
465 386 338
496 318 281
473 343 294
458 364 274
480 313 292
507 397 336
487 390 304
456 340 304
487 385 281
529 377 355
487 398 285
531 389 309
448 318 280
507 315 352
521 316 289
524 379 325
464 354 349
532 391 329
540 318 266
512 365 345
528 379 264
537 330 306
530 341 338
514 399 286
450 376 343
513 314 290
496 364 298
458 388 297
508 410 315
453 331 340
449 341 264
498 367 277
472 365 346
536 404 260
521 352 271
502 323 298
540 389 334
452 394 270
525 396 267
475 391 314
545 321 336
531 393 288
518 351 343
447 330 347
473 393 354
455 332 351
478 388 310
542 398 312
489 346 333
485 340 265
522 406 315
516 327 305
535 332 263
522 382 292
485 394 275
470 394 343
507 382 295
477 367 352
448 377 316
449 329 318
455 365 264
511 321 255
489 346 305
453 410 262
517 354 318
453 354 286
503 326 348
537 348 303
506 345 307
508 391 345
503 341 330
516 375 335
472 397 274
537 366 298
476 386 313
450 391 308
465 402 274
523 409 267
466 366 304
476 342 268
476 366 284
470 392 311
509 397 256
478 373 276
527 365 310
463 409 274
449 320 344
530 367 267
486 327 269
458 328 334
510 410 325
485 401 297
452 329 266
475 265 229
408 261 299
461 190 242
475 251 237
395 216 264
434 244 306
415 281 245
441 199 237
443 216 274
450 236 303
422 207 283
472 197 313
439 198 226
489 201 241
410 250 271
460 279 243
484 231 291
430 268 229
431 261 251
450 221 229
449 206 274
461 222 267
427 280 230
391 258 255
400 274 312
488 268 242
490 199 255
422 242 317
490 193 303
431 287 298
467 280 239
478 255 252
490 266 231
410 202 293
436 268 273
409 256 295
467 287 288
443 290 308
454 239 275
491 238 296
470 193 299
395 202 248
475 195 247
465 251 224
448 258 295
397 231 280
489 200 225
436 217 276
440 244 250
439 285 229
468 207 274
480 194 281
430 290 288
458 263 228
435 245 242
397 220 280
424 203 302
431 288 260
454 279 285
433 289 321
455 245 259
428 220 301
409 194 313
404 218 274
486 257 300
408 241 225
477 234 303
450 270 234
434 208 292
482 272 308
399 249 245
445 263 298
409 285 318
478 233 254
477 281 237
394 272 234
393 283 304
403 221 228
471 241 307
407 277 308
455 276 322
473 234 288
392 194 270
488 209 259
429 215 318
404 233 283
480 273 305
426 190 310
412 247 242
456 231 267
424 228 240
457 199 238
450 248 309
458 241 307
391 205 313
441 220 283
471 247 264
419 255 309
432 252 272
419 207 265
461 257 260
476 193 264
399 287 274
464 278 323
461 224 241
449 290 313
457 279 275
477 263 225
471 273 282
488 265 234
410 197 241
465 257 277
488 267 313
399 249 298
473 193 299
477 287 301
399 199 257
489 272 287
451 197 253
421 217 232
397 230 317
394 200 282
485 226 323
468 263 235
468 281 309
478 213 290
428 249 274
434 241 296
444 231 279
489 191 306
455 227 244
438 251 235
423 279 290
480 260 321
425 265 270
449 192 290
395 223 255
393 211 242
479 283 278
406 248 279
446 196 236
439 280 303
415 289 242
472 285 302
478 277 323
425 211 294
415 214 270
426 233 282
471 287 282
402 214 247
392 273 288
460 223 227
469 237 227
440 270 268
462 249 280
468 198 288
400 198 246
453 279 320
427 210 254
398 255 296
408 222 287
395 222 276
403 286 321
477 272 276
392 209 234
455 249 323
462 217 300
490 258 303
489 254 250
444 217 306
466 238 279
398 250 268
430 238 319
412 229 246
394 286 262
391 286 280
428 256 293
430 192 260
484 193 234
446 216 249
456 220 300
431 192 288
400 209 258
465 283 272
479 190 293
408 264 321
409 209 224
471 284 272
439 209 251
453 286 285
398 264 244
474 275 274
398 249 259
397 240 237
457 223 283
415 266 237
403 229 311
452 227 259
408 254 312
481 281 319
475 265 271
415 219 267
450 244 312
475 233 249
461 194 278
490 232 250
455 252 228
450 236 267
425 246 236
456 233 277
406 266 289
466 246 290
399 210 261
446 244 251
470 248 230
476 263 319
422 224 249
477 270 223
423 282 241
475 243 284
425 278 254
466 255 263
408 200 227
462 285 315
455 251 266
456 195 272
453 213 225
453 257 307
404 206 313
438 241 298
479 276 255
444 276 312
421 249 234
418 285 284
418 219 299
489 272 238
441 247 321
439 232 255
456 280 245
491 232 285
408 200 303
458 250 266
440 274 299
411 236 264
465 257 245
478 277 259
484 278 262
454 286 288
413 238 246
448 262 243
487 235 303
400 274 280
484 266 302
392 252 275
428 198 315
475 254 261
393 190 243
467 224 246
407 242 300
418 270 303
411 219 293
439 287 225
461 230 290
487 224 305
437 275 229
443 199 239
449 244 245
439 248 277
406 289 257
433 253 231
443 225 236
411 215 284
465 265 295
447 258 252
452 274 279
446 247 308
437 205 227
433 289 254
420 205 282
392 193 313
490 284 286
394 204 284
401 282 283
444 191 293
416 282 301
404 271 250
488 225 273
487 223 277
486 271 282
422 290 295
462 205 255
491 257 288
470 192 262
445 212 231
394 190 255
408 243 238
430 232 294
447 248 270
453 191 258
419 207 299
214 213 106
241 203 176
198 241 94
226 260 127
259 230 182
187 261 188
171 192 148
200 248 182
249 186 191
209 212 142
177 193 187
210 199 99
182 234 142
266 254 167
213 240 131
196 218 116
185 187 164
199 269 133
234 198 184
179 275 106
211 250 180
252 194 97
215 222 97
254 178 165
223 228 133
218 238 187
210 218 167
208 192 98
190 244 173
248 270 120
189 176 182
237 243 121
230 255 95
176 217 192
212 261 169
257 203 128
172 242 147
210 272 128
179 191 110
183 269 122
270 257 157
223 177 123
256 205 123
195 216 162
266 243 128
227 231 115
268 268 175
248 253 115
240 207 150
256 189 172
221 232 99
211 206 118
237 229 170
180 186 141
240 180 174
226 236 94
253 201 103
259 271 95
228 253 110
180 249 167
266 208 185
171 259 172
193 230 184
231 214 186
197 246 126
231 202 121
240 238 107
247 257 165
259 192 184
206 239 148
253 230 167
229 232 120
239 203 128
217 259 121
211 194 160
176 231 93
261 260 96
224 210 174
260 221 171
200 180 99
229 182 119
257 179 118
254 259 135
224 230 158
238 182 156
207 251 115
182 268 110
194 253 141
256 236 180
226 182 179
196 194 139
171 273 104
235 214 119
266 221 100
224 276 142
186 233 94
231 242 164
247 247 136
232 231 124
190 269 148
224 271 94
222 260 138
179 225 188
269 216 108
201 194 185
232 236 125
199 249 109
236 196 156
214 261 99
204 201 190
203 248 93
222 180 173
197 259 172
250 276 139
265 236 111
226 228 106
198 223 150
263 251 168
226 246 163
183 264 184
208 207 125
253 264 119
200 244 164
229 220 153
176 188 141
220 238 109
173 210 122
233 190 125
180 222 118
236 243 150
214 221 97
205 231 162
176 223 177
213 193 134
209 181 108
208 241 159
224 208 134
193 214 168
196 212 123
195 195 145
236 240 125
221 203 180
189 252 172
219 183 96
210 187 139
265 262 130
236 212 193
194 224 127
194 181 166
226 240 97
243 222 143
243 229 149
176 206 157
223 257 120
217 179 131
190 256 94
271 187 132
252 256 152
234 250 102
216 263 109
212 217 163
202 263 162
185 217 125
180 207 167
175 254 177
236 195 132
233 273 134
239 205 168
209 194 121
266 200 117
263 228 133
258 201 112
265 219 145
248 257 168
208 228 135
181 240 148
209 202 183
219 266 162
175 268 166
262 191 120
262 253 142
224 219 140
214 196 188
242 263 185
190 181 115
249 210 165
263 232 126
181 208 153
195 243 97
246 243 178
241 176 151
182 186 156
206 237 130
205 186 116
205 267 170
225 194 124
244 269 100
239 234 174
210 236 184
208 209 192
184 242 135
171 192 171
216 271 133
183 221 189
202 204 189
214 229 160
192 223 157
194 241 120
202 256 156
192 208 185
174 195 193
237 204 186
215 207 183
210 233 118
210 272 166
228 223 171
228 263 167
222 186 129
245 204 125
263 233 110
206 181 192
204 252 148
200 264 125
260 223 110
177 267 130
176 275 112
218 182 124
262 189 166
179 196 173
192 250 102
264 257 173
211 179 133
232 228 179
184 238 175
219 197 155
265 209 114
185 232 147
177 177 164
257 263 174
243 253 98
217 263 136
179 186 133
189 271 134
233 177 128
257 232 124
217 233 147
181 274 135
268 247 93
184 255 160
259 209 177
203 241 102
246 179 122
209 199 156
237 248 177
178 212 114
178 272 131
199 234 99
190 263 162
210 227 130
247 248 154
237 262 124
222 270 166
195 194 94
215 261 178
200 191 164
222 211 110
226 271 186
252 270 103
229 220 190
211 237 173
238 260 130
248 180 136
234 195 115
193 202 151
179 251 107
195 203 139
235 180 137
230 241 133
243 253 179
234 209 103
172 246 192
218 179 94
189 260 148
218 205 98
180 232 163
191 228 144
244 250 133
226 247 179
217 188 130
184 248 119
235 203 131
243 244 193
250 231 97
264 192 171
208 247 145
214 231 165
206 213 191
191 192 191
207 217 134
259 186 192
