21 16 5
56 2 11
55 -11 5
31 27 18
58 -1 19
26 -7 14
42 -1 18
49 2 19
41 -6 36
45 6 42
35 -7 5
22 12 30
35 4 12
43 -4 36
45 0 23
29 -4 6
26 20 9
49 -5 11
29 14 11
41 0 42
49 6 17
48 22 19
57 -11 44
60 6 41
45 5 30
38 -12 26
30 -7 10
24 26 23
41 1 25
53 18 38
54 8 26
39 8 10
31 23 36
23 -9 34
35 -4 16
50 -4 12
54 28 8
33 2 36
23 -12 13
38 16 37
29 -3 42
25 10 44
22 19 23
23 26 26
56 22 39
44 -9 26
35 -4 26
20 -3 21
47 16 29
28 19 14
37 -3 17
25 21 41
31 1 12
45 22 9
60 3 17
46 18 26
43 -12 17
21 19 7
54 -11 35
45 20 7
57 21 18
36 24 18
48 23 21
55 -11 23
43 25 19
49 -4 36
29 15 11
50 25 36
36 8 15
53 16 7
44 13 6
42 20 28
50 25 11
55 -8 15
44 25 30
38 5 29
26 -8 36
22 12 20
48 6 5
41 19 13
53 -4 45
25 -1 12
46 25 35
57 -7 23
25 8 12
58 7 16
26 -12 6
33 22 28
42 19 43
57 19 10
47 1 28
49 -3 17
58 -8 26
47 9 12
34 -2 9
42 25 44
27 8 42
38 12 45
36 23 40
31 11 39
33 13 10
29 -1 9
44 25 8
31 -7 29
54 18 10
59 -8 20
35 27 40
24 -2 35
39 -9 34
53 8 41
57 28 43
32 -6 14
47 2 5
59 8 44
30 4 43
52 28 9
44 -8 32
47 10 23
24 21 27
45 -5 27
30 22 22
29 20 12
41 -4 7
29 19 29
30 15 21
22 -2 34
47 -5 7
58 -6 40
50 16 42
55 5 30
48 -8 41
37 2 32
60 4 37
35 -2 29
28 15 8
33 -4 10
41 26 29
46 -11 10
45 19 19
32 9 15
49 0 15
41 -8 24
43 11 27
41 -9 11
32 -8 37
60 15 19
23 12 36
27 -10 30
36 -2 36
49 9 26
42 15 41
42 2 35
40 -3 20
20 8 7
50 20 35
60 -1 6
26 22 25
22 -6 32
57 9 21
57 28 30
53 -9 7
36 2 5
49 24 7
47 14 28
51 23 40
32 9 20
48 -9 29
25 -5 15
48 15 28
28 -12 30
60 22 33
44 9 28
34 27 14
31 10 21
60 7 11
60 6 11
27 14 32
42 -6 16
49 1 21
56 -6 18
37 19 8
51 21 15
58 21 24
35 3 18
30 16 33
31 27 42
35 -2 9
56 7 5
27 -7 33
36 28 8
26 2 29
42 0 18
48 14 18
35 -10 33
23 -5 10
34 19 38
21 5 18
49 21 15
38 10 18
59 7 14
51 21 42
30 -11 7
47 18 6
53 1 28
29 15 34
29 -6 40
30 -7 24
24 25 45
44 24 17
25 7 27
36 5 43
56 22 36
30 -12 36
34 -8 14
56 27 27
37 25 37
25 27 21
53 -4 9
43 7 34
60 12 9
30 -9 19
43 5 34
55 -12 34
35 23 26
24 21 18
47 -6 33
45 24 41
60 3 6
59 -1 22
43 3 20
27 -2 28
26 16 7
22 -4 38
60 21 24
52 1 24
34 10 28
21 9 16
28 15 37
32 -1 42
47 24 33
51 -1 7
25 -8 43
44 8 17
46 -12 7
28 -8 32
26 16 33
41 25 21
46 21 21
40 -4 31
43 14 23
30 12 12
57 6 13
29 25 24
40 19 23
51 21 5
51 18 11
21 6 20
24 -3 29
44 13 14
43 16 28
38 27 7
27 -8 8
59 17 11
40 -1 22
58 14 29
22 3 36
60 20 45
21 17 38
27 27 16
34 2 10
38 -12 8
31 2 6
22 6 34
24 10 21
43 13 21
39 9 20
40 0 9
41 9 43
48 17 19
33 27 34
32 21 11
37 24 5
30 23 38
39 1 32
59 26 38
54 24 14
32 -4 7
49 18 18
49 15 27
35 14 29
20 26 44
44 15 44
58 -5 23
34 15 40
33 -10 41
27 -9 34
30 8 31
49 16 20
42 -6 28
52 -1 15
60 5 43
44 -5 6
49 -11 38
49 25 44
59 1 6
59 11 18
47 -11 20
41 15 26
56 -10 8
34 0 31
41 17 15
28 -6 18
39 -3 37
40 -4 43
58 24 11
42 8 29
30 22 33
22 9 15
43 8 43
59 17 19
48 15 44
45 1 18
43 9 16
42 25 18
36 9 23
25 25 11
48 16 40
27 -4 37
46 -7 25
46 -3 40
60 26 44
52 -11 33
44 22 30
43 28 43
31 22 5
52 13 11
22 28 30
33 -10 24
48 20 33
46 14 10
49 -7 40
37 16 32
27 7 25
58 20 26
35 -3 32
20 4 15
44 11 10
27 10 13
40 20 23
36 0 24
35 14 32
39 12 14
25 9 25
20 15 25
60 2 25
49 -3 19
59 11 24
53 -12 31
37 -8 23
38 10 10
51 5 25
59 7 23
33 8 22
46 13 17
43 25 25
22 25 7
39 -6 15
50 -7 29
22 -10 11
55 28 11
46 23 21
33 -11 30
39 0 41
34 -6 38
22 16 10
48 23 37
32 -7 16
53 3 21
53 -8 32
50 27 45
20 28 41
51 17 27
53 -9 27
59 -11 23
49 28 26
25 -3 25
51 13 7
29 0 41
32 -12 12
50 28 12
33 4 21
52 21 23
53 14 34
24 28 42
50 7 35
39 25 31
44 -1 31
26 -11 13
41 27 24
43 2 42
64 16 93
61 17 96
42 7 89
56 -3 86
55 0 101
47 2 109
51 -1 95
62 -14 89
56 13 77
54 -6 102
39 13 84
41 -15 75
32 4 84
37 21 88
48 3 97
30 -11 80
36 -14 93
63 23 114
53 7 108
46 0 80
33 -14 89
57 14 79
58 10 105
43 13 105
62 2 87
49 19 90
56 -9 79
53 -11 76
61 -12 79
57 -9 92
57 7 75
51 14 86
51 9 91
61 4 83
30 -15 109
38 -3 104
58 -6 76
35 -8 107
53 -1 94
56 21 109
32 -3 84
49 6 102
54 2 110
27 10 102
28 -4 100
37 11 99
31 18 88
45 -12 104
54 6 104
24 11 95
58 16 75
40 23 101
49 -4 101
31 11 83
29 -10 98
40 23 92
41 17 111
27 -2 91
45 22 99
62 12 102
63 22 115
60 4 106
39 -1 114
44 9 97
57 19 100
59 0 78
47 0 112
49 1 80
51 18 115
40 1 90
26 18 111
64 6 75
36 17 105
34 -6 87
64 -14 83
43 0 79
63 9 92
43 -1 89
59 13 112
57 -15 103
37 17 96
31 5 76
35 -13 109
35 18 107
60 6 101
38 14 97
53 4 96
41 23 100
54 22 94
34 -9 96
58 -3 114
36 -13 85
26 17 86
49 5 87
61 -1 93
27 -1 81
51 -15 88
30 -16 105
28 -13 113
29 21 105
58 18 84
63 -8 94
36 -15 90
52 -4 93
56 -8 79
62 23 82
64 16 79
35 -3 80
47 -15 81
60 17 87
64 10 83
58 13 87
44 20 103
62 17 107
56 3 79
47 4 89
41 9 85
57 11 89
56 2 103
47 3 75
53 10 85
30 -12 106
53 17 83
36 20 86
51 13 98
38 -5 85
48 21 86
64 -5 114
39 5 84
34 -16 80
46 17 114
51 21 76
43 20 91
44 -4 99
38 4 77
26 2 75
37 -8 79
35 9 94
62 -8 93
31 19 83
27 -1 90
44 -10 79
52 11 105
42 13 111
27 13 114
54 -5 76
51 2 98
33 -15 87
35 -1 115
38 5 91
28 -14 101
51 14 81
61 -4 110
61 9 95
41 0 107
54 -1 105
60 -7 100
61 22 88
35 9 107
37 5 113
38 -6 88
27 -4 106
47 -8 101
56 16 83
49 -17 110
51 -1 75
33 -16 76
41 12 77
27 -3 106
50 0 93
64 12 100
49 8 99
37 4 75
39 9 101
24 -14 101
32 -14 111
63 -16 104
29 8 105
60 9 87
37 17 80
64 18 77
25 -14 94
43 17 98
51 4 112
52 14 82
39 -14 101
44 3 75
48 14 114
24 11 91
52 0 104
48 -7 104
29 3 92
30 -16 99
57 7 75
44 13 106
52 16 76
25 4 103
37 -10 97
44 -1 85
63 -7 101
43 -15 107
50 -7 106
41 21 107
27 11 100
45 7 105
57 23 90
52 22 94
27 4 92
55 23 114
46 4 100
35 9 87
56 -6 104
50 -4 92
36 3 102
62 2 100
52 -5 106
55 -16 101
47 3 109
39 0 113
41 -6 80
54 21 96
64 -14 106
35 19 104
53 11 81
27 0 107
55 -1 103
36 10 110
41 -8 104
42 23 106
63 -4 111
58 15 115
37 -13 92
57 -14 85
46 -10 75
42 23 109
48 1 111
53 10 87
61 -15 114
59 -12 84
52 3 108
36 -15 100
27 -14 111
45 19 76
40 3 106
38 16 95
37 4 80
52 -4 77
58 2 101
56 0 114
58 4 113
51 22 90
62 9 96
40 17 109
28 11 101
60 12 87
37 -11 97
44 16 106
51 3 104
24 -8 101
26 4 85
46 -16 81
39 -4 108
60 -5 81
53 -4 83
33 -16 113
24 -5 85
30 -7 87
44 1 112
62 -12 84
62 -7 112
48 -7 112
61 11 78
54 -2 77
63 -16 89
57 9 115
41 11 109
45 21 84
33 9 113
34 13 76
31 2 86
59 -5 75
35 9 87
48 -15 105
44 14 94
57 -8 84
49 9 99
24 -7 94
42 14 110
54 -3 114
57 6 105
31 -13 82
36 -9 84
62 -16 93
57 15 75
52 19 106
60 14 101
63 17 90
35 0 107
47 -6 82
33 6 83
28 12 107
46 23 108
39 2 100
52 -17 96
41 -15 107
30 22 101
24 20 97
45 1 115
28 6 91
28 19 115
42 -3 106
51 12 110
47 -13 98
33 -12 112
33 1 75
51 14 105
55 6 95
38 7 81
50 -4 110
37 20 85
28 15 86
59 -9 83
33 22 90
52 -12 100
48 -1 112
44 1 90
29 10 96
28 -1 85
36 -15 83
56 -3 96
59 3 94
57 9 79
63 17 80
57 -6 93
36 4 88
25 19 88
33 -12 88
44 20 98
25 22 105
48 -1 111
59 18 98
44 2 86
40 12 115
47 -6 97
35 18 107
24 -2 83
29 5 105
55 -17 109
31 12 83
35 20 79
29 -17 95
50 23 109
58 -11 92
25 2 75
26 -13 92
25 -8 97
33 -10 75
54 12 106
44 6 76
49 5 80
53 3 75
33 -6 81
24 -3 81
60 10 96
52 5 115
28 -12 76
42 11 107
28 -10 88
29 17 113
61 -9 76
37 2 99
52 6 96
52 2 77
29 9 93
39 -4 90
41 -13 85
26 7 83
47 8 78
61 17 96
57 1 93
33 14 81
37 -2 87
45 19 102
37 -7 104
30 -9 85
44 -6 90
50 20 79
41 17 94
44 -14 109
49 15 112
62 -9 109
46 -16 84
52 -6 112
40 -14 88
49 1 90
57 9 106
24 -3 104
38 1 79
44 -4 100
25 -12 82
82 87 50
87 69 41
79 60 14
114 70 35
103 60 39
89 79 17
100 85 15
114 61 52
101 77 23
94 81 45
98 80 35
100 87 45
81 72 54
94 89 26
76 67 51
99 91 43
105 55 25
112 87 16
111 57 26
89 53 30
84 87 15
83 88 39
115 78 29
106 80 36
107 61 36
92 87 19
79 74 23
111 51 20
83 85 32
81 59 31
75 86 14
109 90 51
84 73 41
91 90 40
90 90 28
108 56 42
98 73 23
115 84 19
93 57 23
115 61 32
102 88 25
112 57 24
87 91 21
115 52 29
103 79 54
87 51 24
115 53 27
115 57 54
90 58 39
84 68 23
89 86 22
103 66 35
98 77 22
92 72 28
88 69 28
105 66 53
112 73 48
88 60 47
114 68 24
101 60 19
107 66 40
113 81 40
97 57 16
114 68 25
100 87 35
115 74 18
104 72 47
80 57 49
78 59 51
83 82 27
81 77 44
79 69 25
110 61 17
82 58 34
108 63 26
88 74 22
102 67 26
105 57 19
108 78 52
110 70 54
84 63 21
102 65 37
98 72 28
75 55 42
94 71 41
75 89 23
80 78 23
90 60 54
104 72 30
100 85 36
75 91 45
84 78 14
85 87 44
86 73 21
100 86 38
100 83 20
108 73 47
75 88 22
110 65 14
104 90 26
77 71 43
78 82 41
114 87 43
90 90 35
113 76 27
109 67 29
96 66 36
110 78 24
88 61 27
93 87 45
91 78 41
87 75 40
98 91 18
109 72 34
96 68 24
79 68 16
75 81 46
114 70 30
96 69 53
96 78 31
83 79 53
101 89 28
110 66 46
88 71 48
86 67 35
98 64 25
94 65 48
78 54 19
93 83 36
77 62 45
79 56 18
85 54 53
106 83 24
80 87 42
105 78 38
87 84 15
78 72 24
96 69 14
90 75 21
78 66 46
107 79 29
83 90 35
101 73 29
97 67 50
110 90 30
103 83 23
95 88 27
104 52 48
89 53 26
109 84 18
82 85 14
90 82 14
112 88 54
107 73 48
93 90 17
98 56 44
106 61 17
77 67 49
90 76 43
107 82 40
77 55 53
82 52 48
96 64 34
87 80 51
94 88 23
96 58 53
108 66 15
101 78 50
101 64 36
94 63 47
85 69 28
81 65 43
102 59 17
111 76 41
111 80 35
76 53 54
107 88 50
77 67 46
87 52 44
87 87 46
90 74 17
114 86 17
106 59 26
82 64 29
94 57 15
108 82 48
114 53 23
103 88 54
79 91 49
100 80 38
100 73 40
78 74 41
107 79 51
78 88 28
100 66 35
115 83 42
107 73 35
76 85 27
99 74 24
115 51 39
104 60 14
100 63 22
79 57 37
114 83 50
82 52 28
102 51 50
111 69 38
97 71 52
91 84 54
96 85 17
87 62 18
86 69 43
110 59 19
103 69 14
113 60 21
79 73 49
108 90 42
88 77 36
78 75 15
75 70 39
76 86 39
107 65 41
115 81 51
115 59 28
86 68 52
77 79 35
106 78 40
113 77 48
92 65 21
112 51 48
99 83 45
99 58 30
93 81 45
93 74 14
86 77 52
85 69 36
90 64 45
84 68 50
113 82 28
97 53 41
106 86 43
100 69 25
98 79 30
85 70 15
97 84 50
100 75 14
104 72 47
94 65 31
97 59 32
80 81 40
104 61 26
113 80 46
90 91 46
85 60 38
84 82 21
87 87 40
90 90 38
87 56 18
113 74 36
104 83 15
93 58 37
113 70 18
103 88 24
108 67 34
97 72 22
80 71 33
112 64 18
96 75 18
78 72 48
84 87 16
108 84 35
89 67 44
101 64 26
91 54 46
114 69 46
103 78 33
79 90 20
86 64 38
89 67 43
100 70 18
105 56 39
94 83 35
79 90 22
109 53 25
100 68 45
76 54 34
112 85 25
81 76 54
96 51 49
85 69 54
87 74 29
97 61 43
103 62 33
77 71 23
110 54 45
90 80 21
82 59 19
83 70 30
111 62 33
105 73 17
98 63 44
89 69 46
103 63 39
77 88 32
105 57 39
76 69 24
75 53 42
103 70 23
81 91 37
104 51 33
112 65 46
112 79 42
100 60 51
109 59 49
102 67 46
88 87 29
81 76 14
110 65 35
79 90 24
79 81 43
104 63 54
114 84 15
80 87 41
91 57 26
89 82 40
80 59 54
102 54 32
86 84 33
96 55 43
104 74 22
107 83 19
86 91 16
97 84 17
109 83 19
85 87 28
109 83 53
92 84 22
84 83 25
87 72 43
77 82 50
115 61 53
93 88 18
115 88 49
90 80 53
99 82 16
79 66 41
109 65 31
79 61 37
111 74 47
78 83 51
84 65 50
78 78 54
75 80 19
104 66 31
88 61 17
111 52 17
77 79 38
89 89 43
91 52 31
89 75 33
97 55 49
105 86 52
78 83 39
106 58 26
100 69 17
77 70 54
88 71 40
103 62 43
113 90 32
75 66 42
95 79 52
111 73 28
89 78 17
94 51 44
88 79 31
81 56 32
96 88 41
91 77 43
109 69 24
78 52 27
76 66 47
100 90 17
99 66 18
83 78 25
75 55 22
80 51 34
106 81 14
78 71 51
107 83 43
98 69 50
103 64 44
106 87 52
109 72 44
96 67 53
110 72 20
75 64 54
86 71 31
105 86 28
88 56 16
81 66 36
22 89 17
-15 79 -3
18 69 17
19 103 9
-10 77 28
-7 94 -11
0 85 16
9 104 7
20 70 1
3 83 -2
-1 92 -6
-10 101 25
9 92 1
19 75 26
-18 70 27
12 100 26
-5 78 -5
9 107 15
0 100 20
-4 68 1
13 68 24
-7 74 21
9 82 26
16 70 -1
1 75 -3
22 82 22
3 72 6
13 105 1
-2 100 17
5 87 10
2 106 -9
0 99 -12
-16 84 17
-12 76 -11
21 84 9
6 93 -8
-15 82 27
-5 84 13
4 80 3
-4 71 6
0 81 -7
8 91 9
-4 71 -10
-4 95 -5
-18 101 -9
15 87 25
-2 85 19
-4 79 25
5 88 15
6 85 1
14 85 4
-2 79 23
-8 69 17
20 73 0
-12 97 6
22 100 0
1 82 25
-3 99 22
18 72 -1
22 72 23
18 104 13
14 71 28
13 106 26
8 91 19
9 98 2
8 100 5
-5 87 19
15 99 27
16 98 8
-5 100 -12
-1 68 25
17 102 -12
-10 81 27
-7 70 -12
-16 73 3
7 101 -10
19 71 19
8 77 1
7 86 -10
16 79 10
-5 96 10
7 82 11
-7 99 -8
16 100 -11
-6 83 24
6 83 18
4 70 20
-17 84 22
0 69 14
-2 83 4
-12 74 23
20 108 -7
14 97 11
-5 102 18
6 95 10
11 77 25
-12 94 24
13 100 8
16 87 26
-16 72 18
19 79 25
-8 89 10
-1 93 9
18 85 19
-10 68 -8
-12 68 9
12 104 -4
19 92 0
15 107 16
-4 79 13
-13 75 23
2 104 21
17 76 21
1 108 -8
7 98 8
-13 73 20
-9 74 -11
-6 85 -8
22 68 -9
-18 98 -7
-18 90 27
5 78 25
-1 76 -10
11 96 18
-17 71 -9
-5 104 -9
-13 74 9
-2 78 27
19 92 -9
-7 88 23
-7 80 -3
17 80 -8
-11 107 8
21 88 -10
9 96 27
21 85 -1
-13 79 18
12 81 3
-18 76 2
-3 93 5
-18 95 4
-10 72 14
20 101 -5
-8 83 -8
16 105 5
22 88 14
-4 96 -12
-15 76 27
1 74 0
-17 77 8
19 75 -10
0 82 27
15 79 18
-7 70 5
22 71 22
-5 106 13
17 96 21
-1 71 -9
-15 103 -4
1 74 9
-11 90 22
-15 83 20
-6 95 14
10 93 11
4 74 -5
-13 68 -5
8 78 -7
-12 73 -4
0 103 15
-17 97 3
-9 68 21
13 92 16
8 83 -1
-11 97 18
-15 91 5
-2 86 11
2 70 9
14 87 -4
-16 89 -2
-8 71 16
11 98 14
4 71 6
14 106 7
-13 80 15
6 76 4
9 80 -8
-8 105 4
6 90 5
5 105 5
7 93 -10
-5 95 -9
7 86 16
-12 94 -8
15 98 27
1 71 7
10 99 7
22 73 -3
8 85 2
-14 85 22
-3 84 8
-6 71 13
2 94 7
-14 89 20
8 71 22
-17 98 14
-8 107 4
-6 73 10
14 71 13
19 104 3
13 103 15
-3 86 11
8 84 22
-6 90 13
-15 82 -12
-12 70 1
2 73 26
-7 97 -4
16 83 -1
-16 105 -11
-12 86 17
18 84 8
10 104 10
-1 96 -1
-14 100 3
20 106 20
7 73 7
4 101 9
6 70 12
-2 87 28
-7 88 24
15 73 -3
17 91 -9
-9 100 -2
-8 71 -11
8 71 11
2 108 15
-17 106 -7
-17 91 -8
-10 76 15
-13 102 18
-8 91 -3
-2 82 -3
2 105 0
14 74 -3
-14 101 15
19 79 -7
1 91 17
1 104 9
-15 92 11
-13 98 -4
18 101 2
8 105 -4
-8 85 25
-11 84 19
-17 108 25
4 94 5
1 75 -1
6 83 10
12 80 12
2 85 9
19 91 8
20 86 11
-16 82 -4
-14 91 -2
-12 78 8
11 101 11
15 72 11
-14 100 25
-8 73 3
-4 94 -9
13 78 7
-8 103 -11
-8 100 6
5 76 27
11 94 16
-4 83 11
-17 74 20
-13 75 4
7 91 21
-5 78 11
17 92 1
20 101 7
-2 106 3
-10 93 25
-18 94 17
17 89 14
-12 92 26
13 77 10
10 81 6
7 82 1
18 69 9
-11 96 7
-11 77 16
-18 84 -12
17 69 9
-12 88 7
12 104 2
21 106 2
22 91 28
15 99 8
-2 88 -1
-10 82 21
-17 92 21
14 98 26
-10 99 0
15 68 -12
3 100 14
22 87 13
-11 68 15
9 69 17
-2 83 -3
-17 106 5
-7 68 27
14 107 -7
-10 79 -12
-4 70 -6
-9 90 -9
22 102 2
0 80 11
-9 102 9
-8 90 15
-17 91 22
19 94 -9
-10 98 -10
2 97 1
10 105 7
-14 100 26
13 99 -7
-15 87 16
-5 85 14
5 105 11
1 76 21
17 85 1
-2 68 20
4 68 20
5 68 23
-6 74 -1
-12 107 -8
-4 99 -6
-15 94 -11
-6 104 18
19 74 18
5 97 10
14 84 -12
-16 76 -6
19 86 -2
11 86 11
-4 83 17
20 104 3
-13 93 3
11 79 -12
8 83 4
0 87 3
-6 85 -3
-6 78 26
3 81 15
3 82 13
-7 88 -2
21 77 28
9 72 7
12 90 -8
9 83 -6
20 108 27
5 79 25
2 72 28
-13 96 1
5 89 2
5 75 14
7 99 -1
-3 106 17
-3 68 25
-7 100 15
7 88 6
-10 100 28
-14 108 15
5 101 19
12 103 8
9 85 25
-13 74 -10
22 72 -10
15 87 14
4 87 0
-8 91 -3
9 90 9
-15 103 7
-14 73 -7
6 98 14
17 98 -1
16 84 15
19 82 9
2 108 17
10 101 -2
8 76 -4
-11 89 0
15 72 19
14 75 -11
14 81 28
7 86 15
8 108 1
21 72 25
44 52 19
33 60 31
48 61 43
67 31 43
66 36 22
57 35 30
69 54 13
64 39 25
45 34 12
72 64 24
53 58 32
71 61 27
38 63 31
41 61 25
67 35 47
72 62 26
54 44 19
70 27 26
40 62 38
65 33 18
54 56 30
50 40 22
40 45 41
48 65 33
50 34 48
50 35 16
68 56 25
52 38 30
40 44 12
59 29 13
50 64 47
37 65 23
47 29 19
71 33 46
69 63 42
38 43 37
65 54 9
63 44 38
68 57 34
55 39 12
60 44 48
40 31 9
39 63 9
69 42 44
33 62 35
55 48 31
37 36 40
55 57 40
38 42 45
38 39 38
52 47 17
51 61 28
62 27 41
48 32 18
53 42 26
33 54 32
65 41 10
49 30 17
55 30 14
40 66 12
54 48 43
53 48 18
50 57 12
73 52 16
66 47 45
35 63 13
66 51 11
40 36 33
52 54 42
72 42 24
33 27 15
60 28 35
67 29 41
38 44 12
69 33 45
66 63 42
58 35 16
48 48 44
34 50 44
38 55 9
67 33 10
53 55 38
56 41 40
43 30 41
71 42 45
46 59 19
47 26 48
37 55 11
34 60 49
43 27 13
64 48 10
42 42 32
73 57 15
72 61 33
37 51 16
38 65 24
56 34 39
60 28 11
67 27 11
40 39 44
70 27 44
63 45 29
58 27 17
58 35 24
37 51 9
48 65 27
71 42 23
58 52 30
36 63 44
43 61 46
73 51 45
70 33 29
72 41 38
33 38 39
50 59 44
63 35 10
64 39 35
39 39 15
47 63 37
36 32 30
44 31 39
73 32 30
64 29 17
64 51 15
50 35 32
64 64 34
69 40 28
35 55 11
59 33 15
55 41 23
72 36 32
33 55 35
52 35 16
52 55 32
60 44 49
67 65 16
33 27 25
55 61 23
72 36 39
41 64 33
49 28 30
46 56 36
55 42 44
61 45 41
73 38 47
62 53 19
67 50 13
69 60 45
58 35 26
64 62 49
56 41 20
38 46 28
50 28 45
37 47 44
68 61 31
56 49 14
39 52 44
48 32 36
68 65 40
36 43 27
42 61 18
54 65 48
49 38 12
72 44 44
41 50 12
57 42 19
45 28 42
68 53 49
45 46 48
47 57 25
59 38 11
63 27 10
50 35 47
70 65 11
57 27 22
65 62 24
68 47 42
52 50 27
51 52 26
42 57 19
33 43 20
44 27 23
71 29 40
57 55 15
71 40 9
61 46 32
36 40 39
68 58 10
66 40 46
57 57 46
63 33 38
36 58 42
71 47 28
41 49 30
39 57 14
70 37 48
39 38 45
41 41 36
60 52 9
46 45 9
57 58 16
35 32 28
54 49 24
63 44 47
46 52 30
66 43 29
71 42 27
57 45 37
54 51 26
73 65 17
43 62 45
38 28 33
70 61 20
38 61 48
36 54 11
63 45 28
62 51 37
40 35 15
49 41 13
38 39 39
39 48 26
44 37 38
50 57 21
71 44 29
59 46 41
43 36 30
34 38 44
67 29 22
49 32 42
60 43 34
71 50 43
67 52 32
63 48 47
63 43 16
37 36 15
66 52 14
36 62 41
64 58 34
37 53 35
68 40 35
70 35 35
54 34 22
53 32 29
40 52 20
72 32 48
48 31 20
68 26 35
36 40 48
39 31 10
44 40 15
47 60 44
48 48 40
67 26 49
56 59 13
70 37 23
38 63 34
69 36 38
67 29 37
55 42 29
56 39 10
40 34 41
62 27 9
35 65 10
43 39 42
57 56 41
61 35 38
55 40 15
71 64 16
64 44 48
66 49 22
56 55 40
61 50 47
64 52 32
59 62 46
63 35 41
58 56 12
36 54 21
58 58 16
65 65 26
52 49 37
38 41 33
46 47 44
48 51 46
45 52 13
72 44 33
72 34 27
44 32 42
45 45 26
63 63 21
51 46 43
55 46 12
70 50 24
67 58 49
42 32 22
45 29 30
49 32 46
72 45 11
73 55 41
33 29 12
34 49 45
64 54 38
65 53 46
49 55 21
69 53 30
39 63 27
46 57 10
33 36 28
54 52 11
62 43 15
45 63 20
73 64 38
46 42 45
38 44 32
40 27 49
43 50 15
54 52 19
42 29 22
66 42 48
57 64 37
51 56 10
65 64 15
63 47 13
72 39 15
34 28 33
49 64 46
71 56 25
42 57 21
68 53 24
49 51 20
63 40 15
33 63 17
43 59 20
53 46 33
71 44 9
37 66 10
59 48 41
60 44 29
35 57 24
57 62 11
53 44 30
50 41 32
59 41 41
54 37 31
62 38 26
57 59 46
65 27 9
58 66 45
59 58 30
64 37 28
46 43 39
70 33 21
43 49 15
44 30 47
34 28 29
73 56 37
45 26 48
70 50 39
69 52 29
48 46 14
67 58 34
43 62 49
69 66 33
56 64 31
59 55 19
66 34 37
52 54 27
66 41 36
37 50 22
54 45 36
50 52 38
35 42 31
68 46 41
70 32 34
48 48 17
67 36 15
56 56 36
33 31 34
62 45 38
43 42 16
70 61 19
42 56 46
64 51 32
37 54 38
56 43 34
46 65 12
48 27 25
70 38 24
38 43 27
53 38 29
68 58 42
33 34 27
57 65 47
60 37 22
46 51 42
61 30 21
46 54 22
33 39 21
73 27 43
55 59 35
47 59 43
16 28 7
28 48 23
16 50 20
31 25 -7
9 60 12
18 57 -10
15 40 25
15 63 18
31 57 21
-1 31 -4
4 53 -5
24 35 16
5 54 23
14 29 7
-4 56 22
9 49 -6
19 36 9
-3 37 -6
25 62 8
17 38 14
21 57 -8
25 28 -11
20 53 16
32 58 27
18 61 5
2 63 26
18 35 14
14 42 7
-5 54 5
28 44 -3
3 60 -10
-3 35 18
30 30 24
30 27 -2
0 52 7
3 44 27
22 47 9
5 36 19
27 31 27
29 30 7
32 64 -6
8 34 12
-5 31 10
33 63 -12
4 44 -8
10 57 -11
11 62 -11
0 39 26
5 60 4
1 62 19
17 61 8
32 24 -7
-3 24 26
31 33 21
25 59 10
21 62 13
-6 26 19
29 40 15
18 54 23
-4 32 3
-2 61 24
3 40 -2
24 54 18
10 61 15
12 63 20
-1 48 1
16 51 3
9 31 -1
0 55 9
20 24 19
1 55 -13
-5 50 -1
18 46 22
29 25 -4
9 49 12
8 31 9
30 25 27
-3 24 -6
30 41 -2
20 31 -13
25 38 18
15 32 7
10 61 1
4 61 11
23 25 15
-5 48 -6
5 63 -1
12 27 8
-4 30 25
21 43 16
7 30 17
3 29 -8
-1 54 12
-7 42 -8
1 60 27
22 64 3
33 33 -8
9 39 6
5 50 21
-3 45 26
23 54 16
20 32 4
11 44 8
11 30 -1
33 60 10
2 43 15
29 44 23
6 59 22
31 33 -13
4 24 16
30 49 1
14 29 24
14 26 -12
24 31 -3
10 25 4
19 42 20
5 45 -11
16 31 18
14 62 0
12 41 0
0 46 4
4 49 -7
5 24 -11
24 62 -11
16 55 7
19 27 7
-3 25 1
12 33 26
33 56 9
16 45 20
17 63 3
0 64 -10
16 53 -11
-3 48 15
14 25 4
31 61 11
18 35 -1
25 29 -4
22 46 7
16 43 -11
21 51 -9
24 32 -1
-5 48 26
20 63 -5
26 35 4
10 43 7
20 34 -8
17 49 6
30 52 12
29 56 -2
29 45 15
2 45 0
10 56 25
27 56 -6
-4 36 21
8 55 -10
15 29 9
31 60 -9
32 54 24
18 48 9
-4 38 -6
14 58 22
13 49 18
28 56 14
-7 26 13
32 55 12
4 36 -5
14 40 18
-7 34 8
-3 41 -8
0 52 24
4 61 9
29 50 26
26 25 8
13 30 12
27 55 -10
33 39 13
6 53 10
7 31 3
19 59 24
1 46 8
8 43 20
-3 24 9
1 45 -7
29 51 -7
-7 26 11
11 55 25
31 63 -3
9 62 17
18 52 23
-2 52 5
33 62 18
23 43 10
28 58 19
29 45 -4
-1 54 16
11 52 -6
10 38 19
17 57 25
19 42 -8
-3 26 14
23 42 -13
18 37 -11
28 43 6
-7 45 27
15 25 13
12 52 10
-1 49 10
19 45 19
-5 61 10
17 26 17
15 53 -5
4 61 -8
-6 56 -10
21 31 9
33 63 -4
1 49 10
-7 54 22
23 30 -2
29 38 6
25 28 24
-7 27 11
13 38 -1
13 54 19
18 56 13
0 44 17
23 57 -7
21 30 -4
8 41 24
18 44 24
9 55 18
17 47 20
18 39 -3
28 28 1
31 39 7
28 47 7
6 31 -3
10 32 22
9 26 -8
33 36 -12
-1 29 -8
10 52 -3
28 40 17
33 30 20
-7 61 16
11 51 -11
29 40 -6
33 31 -4
-7 32 -4
2 53 -5
26 45 16
25 37 6
16 36 -12
15 48 26
30 41 21
6 56 8
9 35 -1
9 25 23
18 59 5
5 47 -10
27 32 21
-4 59 14
19 30 13
-6 35 0
-6 52 15
11 58 27
14 59 18
19 55 -7
21 40 19
22 28 9
4 58 -11
-5 49 -8
3 39 0
10 25 19
20 62 6
3 60 19
9 60 -6
-4 27 6
-6 44 -2
17 40 6
-7 28 27
3 62 18
21 26 8
23 53 16
15 56 10
-6 40 23
-4 38 5
-1 37 13
4 59 21
33 28 24
-5 33 20
6 38 -1
30 37 -13
-6 49 17
-2 50 -6
28 48 -7
-4 62 8
25 32 -12
-5 43 7
22 56 -3
21 54 -12
-6 34 7
-6 24 22
30 30 15
-4 26 -5
11 55 -12
-5 63 1
13 56 12
24 37 11
29 28 5
-2 47 27
21 45 27
31 29 22
13 32 19
21 46 -10
28 44 -2
12 42 -11
2 54 3
5 55 19
31 48 -9
17 28 24
27 60 3
30 39 5
8 35 15
4 48 7
32 48 4
17 28 25
28 33 25
13 55 -6
17 33 2
28 63 21
-7 26 -10
22 28 17
17 52 -7
4 45 14
22 33 4
10 38 13
24 40 8
6 26 14
-4 51 13
2 60 20
28 56 18
-5 57 -6
-7 32 14
17 39 25
0 37 18
20 32 -13
23 39 8
-5 45 6
7 55 -1
14 32 -9
27 60 6
23 29 -9
31 45 26
15 52 -4
2 39 -1
23 56 21
24 62 -6
4 47 0
26 41 2
8 30 -11
-5 30 9
-7 41 4
6 61 -1
-6 64 -12
12 34 4
21 36 -8
14 31 17
18 43 19
22 47 16
31 63 -12
-6 60 -12
9 29 -6
3 44 7
3 39 4
14 57 -12
4 47 3
20 31 15
18 31 -5
0 28 3
22 51 23
13 34 -11
18 38 13
32 55 25
10 58 17
8 55 0
0 46 10
-7 36 -1
9 31 10
18 24 -2
9 56 -7
12 36 19
1 50 -6
6 38 6
-3 28 21
7 24 -12
25 64 1
25 63 17
24 36 2
16 57 1
17 106 94
47 74 83
20 76 78
21 81 81
28 90 66
44 89 71
44 75 70
33 71 82
15 90 102
14 90 104
33 71 88
48 75 92
48 97 100
20 108 89
21 102 72
33 90 86
42 75 68
42 92 95
12 78 105
9 81 76
24 83 84
21 79 78
45 87 94
21 76 86
16 75 102
34 89 84
14 85 72
33 109 70
42 80 75
31 106 99
21 109 89
39 98 92
14 103 105
26 80 77
44 72 82
49 74 92
10 86 81
27 78 68
11 104 93
28 78 79
44 76 99
39 75 104
23 91 80
45 84 80
39 109 71
16 106 71
14 104 78
26 70 72
29 71 80
22 93 83
46 107 104
25 104 93
47 85 71
47 86 105
11 79 76
17 95 68
40 99 99
32 69 89
37 84 102
34 83 75
36 106 105
16 81 92
26 97 95
11 99 96
49 92 82
17 87 89
44 71 71
44 104 86
21 70 86
23 80 69
13 84 91
18 90 70
12 76 105
35 105 98
45 69 70
49 108 94
28 79 94
36 102 67
29 69 72
34 85 102
45 94 93
33 83 66
10 93 84
17 101 103
23 93 100
9 86 84
48 74 79
28 99 70
45 69 78
20 100 71
13 83 87
25 95 103
41 69 84
10 100 76
40 92 84
43 80 96
11 70 73
22 87 76
14 101 72
19 86 72
31 70 87
44 75 74
9 85 104
35 102 84
13 85 80
10 98 87
12 78 96
27 87 94
22 100 96
48 69 77
28 77 75
30 85 97
29 96 99
29 109 87
9 84 89
42 105 72
10 99 78
34 72 92
23 81 66
42 85 102
21 70 81
35 69 94
19 71 95
40 104 93
43 80 91
23 100 99
17 75 73
30 98 73
30 98 96
32 108 66
29 96 78
48 70 94
21 89 105
20 78 88
41 80 68
27 107 71
32 78 102
17 70 85
45 108 88
28 76 84
30 99 98
31 103 104
32 101 97
19 103 66
15 94 82
12 94 83
36 96 94
37 98 84
44 78 92
12 105 93
14 77 101
44 88 95
46 88 105
14 105 80
45 83 67
45 84 93
16 103 95
27 70 68
12 77 70
42 78 104
47 77 78
45 87 100
19 76 69
26 106 103
24 98 74
17 86 92
44 86 95
40 97 84
28 75 82
17 103 97
31 109 88
32 74 98
21 69 76
32 88 100
23 84 72
9 102 78
20 101 105
27 71 67
24 70 97
18 85 102
42 91 67
24 86 100
15 72 88
15 83 67
31 88 77
46 69 75
20 75 81
23 93 85
32 104 91
39 89 79
48 76 73
36 79 105
18 83 77
33 89 101
32 81 95
16 74 77
29 77 87
9 71 93
31 72 103
44 96 88
25 79 97
11 104 98
41 91 97
49 73 81
34 90 93
26 69 89
21 102 67
28 100 94
41 94 85
18 92 92
33 82 96
16 86 73
25 73 74
44 105 92
37 87 91
29 94 75
11 74 97
34 103 104
25 73 84
40 91 85
12 87 102
40 97 73
46 72 71
46 85 71
47 69 68
15 93 105
9 107 91
32 94 76
45 94 79
30 77 98
19 83 97
37 82 99
12 99 84
10 102 84
31 100 102
35 99 101
38 89 99
45 78 98
18 94 98
26 74 105
11 89 80
33 90 85
33 89 67
44 69 90
46 78 96
16 75 85
40 86 95
47 78 90
44 72 78
18 77 99
9 98 81
42 102 79
14 94 80
14 74 88
31 90 79
35 107 68
34 82 97
28 103 69
39 107 74
15 99 105
35 84 91
16 72 101
30 77 93
46 72 81
30 80 81
11 78 82
14 104 94
20 107 104
32 73 100
39 70 99
31 77 95
21 93 95
48 104 68
45 71 73
25 93 68
13 90 82
11 93 68
49 90 67
32 88 86
24 107 103
41 78 79
39 80 90
35 89 66
22 99 105
23 80 105
26 79 90
39 83 66
24 109 84
49 91 94
18 70 80
29 71 69
45 72 91
20 77 80
19 81 93
16 94 74
11 105 68
10 86 84
18 91 91
40 77 89
43 82 71
16 103 77
9 94 68
32 85 96
33 69 76
25 88 95
14 81 92
23 108 74
11 76 79
17 92 98
45 76 76
35 109 88
23 96 91
17 69 88
11 93 81
27 97 96
17 88 79
23 74 99
11 84 105
29 87 84
39 75 83
39 90 84
9 87 90
22 81 88
36 83 79
27 87 89
23 80 74
12 70 68
46 99 74
10 97 85
44 109 100
48 99 74
47 91 79
39 88 79
18 80 87
17 91 77
11 99 89
17 100 92
45 105 104
15 103 94
39 74 103
17 100 99
25 84 71
20 86 74
40 91 102
40 107 90
37 84 90
49 77 81
15 74 101
15 69 76
27 96 68
13 69 98
42 97 85
28 100 87
24 81 76
34 76 94
43 103 93
48 89 104
9 97 67
20 106 93
11 98 82
27 108 73
34 103 93
34 106 88
48 75 95
46 71 97
39 96 65
43 82 86
18 101 101
34 92 67
18 72 65
35 81 87
13 101 97
46 90 101
38 101 65
26 72 76
38 88 66
18 107 78
25 107 74
23 92 67
42 107 70
17 109 71
41 102 77
28 97 97
29 93 71
40 103 86
32 95 78
15 83 95
10 88 85
17 98 105
42 80 99
30 108 97
21 79 103
27 80 82
21 92 91
16 89 94
37 101 78
32 91 93
46 90 89
15 84 83
48 90 102
-12 41 64
5 15 65
20 37 59
-17 42 80
-17 30 84
-1 13 45
1 28 58
-8 31 68
11 18 57
8 46 64
-4 44 85
15 50 65
0 19 78
-9 36 56
5 32 81
12 28 77
14 47 53
-10 49 74
20 48 84
-13 18 66
18 13 54
20 27 69
9 35 85
-6 23 76
20 42 73
4 27 69
15 12 72
9 21 49
10 34 62
14 11 79
22 11 66
-12 29 68
-3 30 48
12 31 50
-2 14 57
23 16 78
20 42 78
12 49 55
-10 14 82
-15 31 57
22 34 80
-11 50 82
-15 41 51
-2 35 70
18 42 74
5 34 83
10 43 59
-14 36 84
-11 48 61
7 37 76
-8 12 76
-7 38 64
22 27 65
-13 26 60
10 49 83
18 20 46
-17 10 76
-11 37 55
23 14 49
22 50 66
22 29 57
20 13 64
23 29 59
-13 48 62
14 21 73
6 20 79
-15 47 72
-8 14 73
15 18 72
6 19 52
19 25 54
-8 49 75
-5 15 85
-7 47 47
17 49 65
11 46 83
11 20 67
7 39 79
13 19 62
8 48 83
17 32 85
-10 28 51
-8 39 45
-7 34 81
18 45 69
2 38 75
22 40 56
9 27 76
22 50 78
19 32 72
23 35 84
-1 31 46
1 42 52
8 43 80
19 49 71
8 42 54
7 21 68
-9 32 58
17 46 77
9 19 49
18 39 71
3 22 59
9 41 54
-6 12 69
-7 25 81
16 30 55
16 18 75
-13 18 66
17 23 67
22 41 68
-9 21 70
-3 16 58
21 34 54
-7 16 77
23 21 72
-17 10 73
14 29 74
5 16 53
-7 45 51
10 45 74
0 21 56
-14 36 53
11 14 53
13 13 54
6 21 51
17 37 51
2 11 82
1 48 56
13 25 49
-15 42 69
4 41 59
-16 39 54
-8 13 49
14 31 58
18 36 81
16 11 81
-2 25 57
4 38 51
17 20 53
-4 13 64
9 37 71
-12 31 63
17 35 72
0 47 61
15 48 46
4 46 73
14 29 50
3 37 71
12 49 64
11 36 55
8 42 78
-4 41 58
16 47 56
-2 30 45
13 26 60
-9 46 63
3 20 67
-17 12 79
10 21 54
2 39 84
-15 29 83
-17 13 45
-11 29 70
-5 11 55
9 28 51
-15 14 74
-7 13 63
2 36 56
9 48 74
5 41 54
20 35 58
-11 37 63
9 20 68
-7 22 54
-17 14 49
16 28 56
-6 49 51
-9 30 55
8 11 59
-16 15 71
-14 19 48
-1 45 50
12 41 75
1 38 69
12 12 55
-7 20 72
3 29 58
-3 38 54
17 36 84
5 46 85
-8 32 70
16 32 60
20 35 67
20 44 56
6 22 47
-2 42 50
11 50 60
-14 48 50
20 16 77
21 47 73
19 39 73
-4 11 54
-5 25 67
-15 49 45
11 38 46
-2 12 81
13 34 82
16 39 64
-13 10 49
-14 20 67
-10 44 69
21 32 59
1 46 70
18 41 71
16 20 80
1 37 45
3 41 58
-11 29 58
16 21 81
16 11 64
8 31 79
1 12 66
-11 28 47
9 48 55
-15 39 56
23 16 48
8 37 48
20 30 82
20 11 74
12 30 50
2 14 69
5 26 47
1 15 51
21 47 73
-2 10 81
1 45 85
21 20 82
10 32 75
0 21 80
1 27 48
22 17 62
-7 14 55
-5 24 68
7 48 66
2 35 60
-16 10 52
-11 47 52
-5 45 83
-8 35 48
18 21 58
12 43 53
13 41 84
14 49 57
15 32 50
0 36 51
-4 33 68
4 13 79
8 28 76
-17 48 85
-1 46 85
23 10 83
-2 37 58
-17 17 66
19 39 47
-17 22 76
4 16 80
-4 42 56
-9 41 54
0 19 84
20 50 51
12 34 52
0 27 75
20 18 51
-4 34 57
-4 31 56
-4 49 68
-11 32 78
4 12 66
6 16 65
11 25 85
8 16 76
10 24 72
10 35 78
-15 38 60
-5 50 60
2 12 68
17 12 81
-8 20 58
5 39 55
23 12 60
-6 33 53
13 35 47
-9 24 49
17 15 48
18 17 49
21 18 63
-6 30 47
10 44 67
-3 41 72
1 35 67
-8 16 59
20 13 54
1 19 53
6 39 68
-14 23 74
-12 29 48
-1 39 82
-9 47 85
-16 38 48
22 21 53
7 24 55
-14 35 62
-2 39 45
-7 36 50
2 45 72
-6 37 74
16 26 80
-5 19 60
-12 49 84
-1 25 52
6 41 46
2 42 67
17 49 46
0 41 85
15 31 76
10 39 85
12 23 48
10 30 85
13 22 82
2 50 47
-3 43 75
8 50 56
-17 19 75
10 18 56
6 22 82
17 15 80
19 23 61
23 15 51
23 30 64
10 13 83
7 47 51
9 40 50
-12 47 64
20 40 72
-8 18 52
8 32 68
15 50 71
5 38 57
-17 13 59
-2 13 62
17 31 75
4 44 46
-9 10 85
-6 23 64
23 20 54
12 38 55
12 25 59
5 41 66
2 27 81
-4 10 50
15 19 48
-12 47 52
16 48 71
3 33 85
7 30 70
-10 49 65
3 23 51
7 13 49
14 23 85
15 14 59
10 46 70
-13 36 59
12 24 82
-16 49 72
-14 23 63
14 37 84
6 21 78
-5 33 48
-7 28 79
-16 50 79
-6 42 60
-11 27 58
12 41 74
18 45 47
13 35 53
0 31 73
-2 43 60
17 43 75
23 28 46
1 12 58
7 14 52
19 21 75
0 26 59
-11 34 84
12 35 66
-6 17 85
1 19 76
-1 32 65
6 48 49
17 42 78
50 37 76
48 26 95
59 34 105
62 20 76
39 24 92
76 21 106
61 15 106
72 40 80
41 16 87
58 33 93
54 13 84
47 30 99
62 42 97
55 23 99
62 41 106
68 13 72
48 18 80
45 37 98
55 31 86
50 25 82
41 28 80
40 48 101
72 15 71
75 34 99
57 15 101
54 52 107
48 19 92
53 27 99
69 50 101
74 13 71
44 37 71
75 38 90
65 44 76
75 17 80
70 48 83
53 40 85
64 26 78
50 18 74
51 14 81
39 47 80
74 15 90
40 50 82
62 25 73
70 40 88
64 41 108
79 47 75
66 22 108
65 51 110
75 39 71
67 37 76
59 29 111
78 20 110
45 20 105
76 12 75
45 44 98
51 32 83
44 37 78
79 36 111
71 16 79
57 51 93
67 26 74
52 37 92
58 31 110
50 33 86
72 29 94
71 36 106
78 23 104
46 13 73
49 16 82
75 33 110
48 29 93
56 39 82
55 39 96
65 14 96
69 47 110
49 27 77
63 24 102
39 21 102
58 34 99
39 31 108
49 20 99
45 52 103
77 38 91
54 45 110
73 12 73
62 14 94
45 22 77
56 50 97
53 31 104
64 29 99
66 18 99
77 45 77
77 30 74
48 36 99
70 20 77
53 27 93
63 35 101
53 18 75
52 17 98
64 32 108
52 15 87
41 28 109
50 45 78
42 24 103
52 34 97
42 44 100
69 52 109
55 29 106
51 41 79
41 25 75
43 24 83
43 47 87
68 20 77
65 37 75
78 36 72
68 22 80
64 34 108
78 27 75
40 30 93
43 47 78
50 14 77
70 44 72
53 17 84
65 46 79
44 48 73
41 32 81
58 24 111
53 50 96
63 37 82
48 12 103
57 49 97
50 16 75
56 23 100
75 20 90
51 25 89
58 14 107
69 32 78
61 25 76
41 50 98
43 27 105
67 18 103
61 23 81
64 31 108
54 26 75
39 27 98
50 12 110
72 44 105
79 14 107
67 42 73
51 51 94
66 36 86
61 22 102
61 45 99
68 28 91
56 36 99
44 17 107
43 38 79
51 51 93
55 52 79
39 21 82
46 37 80
63 39 77
42 26 93
40 31 98
77 49 97
59 18 78
66 19 89
64 39 74
54 29 83
49 16 83
70 24 84
69 36 86
49 32 107
60 34 104
72 31 107
51 17 73
64 46 95
64 30 101
52 46 81
45 52 77
62 44 85
47 29 102
57 19 86
43 12 74
42 12 89
57 15 84
74 29 75
43 14 85
53 13 92
39 40 93
41 52 75
66 24 101
50 15 72
44 20 88
66 43 90
72 14 93
61 32 86
41 34 81
59 21 88
58 18 76
72 46 108
61 24 71
72 46 94
69 38 98
49 35 111
79 13 107
48 22 85
66 48 88
62 34 74
61 18 93
65 44 71
50 35 98
77 14 101
57 52 103
78 52 83
74 43 84
59 35 85
53 52 75
39 28 107
61 26 95
58 40 110
44 41 96
47 43 79
61 28 82
58 13 82
74 34 91
79 27 85
55 49 102
79 34 86
52 48 107
78 46 109
54 38 102
41 19 73
73 40 72
65 47 103
57 36 93
42 35 99
57 35 102
74 24 111
49 43 99
54 12 98
74 28 96
56 36 87
39 15 84
40 13 73
48 18 80
49 31 99
40 14 81
77 50 98
72 52 101
50 25 88
67 15 109
42 26 90
61 48 100
61 35 84
59 17 108
55 40 80
53 12 85
76 15 77
39 45 84
40 44 100
73 50 75
42 27 105
51 47 106
40 32 110
49 26 101
52 42 102
63 40 91
44 36 92
78 25 78
50 29 83
58 12 77
63 28 109
64 31 88
49 26 93
58 33 81
50 33 108
57 38 71
68 29 89
50 42 96
63 22 84
70 24 73
76 18 95
52 43 79
52 21 101
56 21 77
77 42 74
51 46 97
52 22 86
58 49 99
54 28 103
56 18 93
53 32 76
44 47 92
74 43 75
57 28 89
44 14 89
52 46 94
53 23 76
39 44 98
50 18 71
56 45 103
43 26 91
55 50 85
56 51 93
46 48 76
49 41 72
71 12 103
70 30 84
47 20 82
45 41 76
73 25 93
47 23 94
68 33 105
42 39 96
46 20 87
71 25 106
71 47 92
49 46 109
58 51 75
59 34 107
43 48 76
51 25 82
53 31 109
66 34 71
63 52 90
43 30 84
72 40 94
69 16 107
42 52 85
71 47 109
53 32 82
64 24 111
79 18 96
76 47 85
41 45 81
59 24 101
54 26 76
76 32 110
51 25 91
47 31 99
70 50 75
60 51 80
43 38 106
75 28 96
75 19 74
58 46 94
52 48 107
75 20 104
67 15 76
50 44 100
56 47 93
68 46 94
50 46 86
53 30 78
49 24 76
65 16 105
45 24 98
58 46 95
73 14 83
49 46 107
77 52 83
61 42 80
71 45 72
67 23 71
57 42 103
61 42 104
69 17 103
71 35 94
48 42 74
51 47 101
74 17 107
64 47 76
75 49 110
56 27 106
54 23 72
42 21 88
48 47 106
77 13 83
50 45 74
53 45 75
43 45 92
78 49 87
41 44 84
62 40 85
48 16 108
45 44 82
54 38 90
46 22 74
69 17 110
76 36 75
59 38 83
47 14 101
56 47 94
52 42 86
67 50 98
48 18 100
57 28 71
60 13 94
75 50 104
68 25 83
60 14 109
58 -12 93
73 -4 106
63 9 75
91 19 104
72 19 100
68 -12 106
96 9 98
63 1 84
75 28 103
76 18 104
93 16 73
71 16 90
59 0 94
76 24 84
97 13 104
96 21 80
75 -2 109
71 13 75
77 -10 93
74 4 80
68 2 88
75 9 104
67 27 93
91 20 96
94 3 74
97 -10 111
69 -2 103
78 11 72
95 1 94
87 -9 72
86 26 74
92 1 72
69 -11 73
90 -5 86
62 -1 107
87 -7 110
87 13 85
97 28 80
95 -10 99
72 7 104
75 16 90
98 -9 99
90 20 110
63 13 89
61 24 109
98 15 106
88 -3 90
61 17 79
86 -5 76
65 17 93
97 9 106
64 -3 82
62 -11 74
77 10 111
78 -5 94
68 20 87
93 3 81
97 -11 88
65 -10 91
70 11 109
63 -7 95
97 9 100
81 15 90
88 -11 90
74 19 83
94 21 94
71 27 101
91 -8 110
81 0 87
91 -5 110
62 12 102
71 25 110
69 -11 102
70 20 93
61 -1 110
96 -7 83
86 15 91
61 6 97
89 15 75
70 0 94
81 10 109
92 8 75
89 -1 81
76 -3 92
72 -1 85
81 1 89
64 -1 94
79 -7 76
91 26 100
61 -9 78
65 -8 104
72 22 102
80 26 93
62 22 88
96 -4 74
82 7 75
69 27 94
91 22 89
66 28 78
78 -12 90
92 11 82
66 7 97
69 -7 101
81 0 100
66 24 79
85 2 107
60 4 84
94 -9 97
84 9 93
62 17 77
60 -6 104
80 11 91
74 24 95
92 13 88
71 8 73
78 7 87
76 -9 72
63 26 96
63 5 104
76 20 100
82 15 73
68 -10 83
80 5 105
63 14 90
63 28 76
86 21 101
96 -2 82
88 7 99
67 10 103
82 26 90
62 3 73
76 4 80
98 9 96
72 -1 93
79 10 110
98 7 74
77 9 74
65 21 93
77 7 110
67 -10 109
67 14 105
65 15 108
78 2 82
78 0 90
60 21 87
87 -11 109
96 19 91
78 21 74
97 27 80
89 -4 76
98 -4 105
94 13 107
70 11 107
59 24 109
69 18 80
70 2 111
73 28 97
74 -1 81
83 10 111
95 20 88
91 28 81
94 -11 111
78 23 111
59 -4 111
81 14 100
88 2 99
98 19 98
92 18 97
77 1 109
78 27 103
96 25 96
81 -10 99
58 -1 99
98 6 84
80 20 98
97 25 105
68 5 93
84 23 81
96 2 71
81 4 94
64 11 109
71 17 75
80 9 96
72 -10 71
80 -9 90
92 0 80
98 26 91
90 -4 98
75 9 97
66 13 95
86 10 110
78 -2 71
97 3 109
66 6 94
91 11 80
59 18 108
82 20 91
59 18 78
69 0 79
69 10 88
74 23 86
77 9 87
88 -1 73
60 13 105
95 -11 94
80 27 75
88 0 91
63 -5 95
63 23 73
64 -3 90
66 10 108
87 26 80
81 9 99
83 1 103
67 -6 89
79 14 88
79 23 79
95 20 100
59 19 96
87 13 97
75 -12 102
84 23 83
76 -4 110
59 -11 96
74 16 106
91 12 110
92 15 102
78 16 88
90 20 89
63 15 102
64 27 104
83 17 109
72 23 107
87 -2 99
86 10 85
89 9 87
72 -2 90
97 2 73
90 0 98
84 19 82
87 5 75
86 9 74
70 18 88
94 -12 80
74 -11 85
71 14 109
88 2 96
88 19 100
96 21 96
68 -1 103
58 21 99
70 -4 81
59 23 87
86 7 77
76 18 111
95 17 108
72 -10 105
67 21 89
59 5 84
74 10 98
79 -10 87
58 -10 73
89 15 77
67 -12 78
61 13 102
58 1 88
78 -7 75
76 2 76
84 22 78
66 10 77
60 24 97
91 -5 97
67 9 110
79 18 102
71 18 80
82 7 106
77 -10 91
81 27 95
79 -3 107
81 16 105
93 28 92
65 -11 95
93 28 72
94 26 102
87 17 104
76 11 103
78 1 95
75 -3 91
97 14 84
97 5 107
92 -5 92
72 16 101
88 15 83
89 -10 105
70 7 75
90 17 100
95 14 96
72 23 108
60 -1 108
96 -10 80
90 3 71
58 5 85
77 -3 72
65 -3 85
65 16 96
78 -2 103
95 8 91
79 -11 102
70 19 88
78 13 106
59 24 75
86 -1 100
72 6 87
83 0 88
61 -11 85
65 24 99
95 -10 93
84 18 98
69 11 102
80 24 94
83 -5 103
58 17 104
97 3 92
87 28 71
69 -5 93
61 3 86
94 6 79
76 25 110
89 -8 76
95 27 79
94 2 90
60 -7 82
79 6 89
95 18 94
98 24 72
81 6 108
60 16 85
67 22 106
61 25 107
87 26 110
67 -10 95
73 6 82
85 -8 77
82 12 102
69 -2 74
75 15 91
72 17 94
58 16 102
85 22 97
72 27 83
63 -5 94
79 23 96
87 -1 84
93 16 89
72 9 85
95 14 101
88 -3 108
91 28 73
79 17 82
87 8 75
62 -4 103
63 -9 87
76 -8 79
90 -5 85
75 26 90
97 -10 110
94 26 101
93 13 77
75 16 96
97 21 103
83 19 104
77 28 95
72 0 89
87 -4 98
73 -4 91
76 1 102
71 -7 93
59 26 81
71 -3 82
59 13 88
90 -9 77
66 11 95
73 5 88
70 19 92
74 -2 110
66 19 77
91 12 91
88 2 109
72 1 81
80 -10 75
81 16 80
61 24 78
75 11 79
62 22 87
89 13 99
69 4 89
62 -2 107
90 19 83
