160 21 452
120 31 499
160 49 420
196 48 460
183 28 508
183 23 456
122 -7 471
149 24 487
106 42 477
122 -8 475
200 15 428
122 -2 507
125 -15 455
191 -32 455
140 17 438
107 -34 446
105 0 507
146 -42 496
180 29 441
144 29 495
199 32 499
155 -35 498
138 20 429
115 7 419
199 16 503
154 9 444
195 -1 429
110 -36 511
186 25 506
164 -3 441
149 35 514
193 45 458
116 28 443
124 44 451
168 37 463
163 38 519
111 20 519
108 2 467
146 -22 487
118 -8 464
164 -6 463
158 3 441
128 -26 456
120 -6 473
137 -31 452
147 -5 483
149 -43 480
151 -43 450
188 23 423
195 -45 511
201 5 442
129 -8 454
168 -13 519
183 -20 438
114 20 432
111 -48 500
151 29 502
135 25 476
103 13 516
192 -32 499
131 27 488
200 4 424
203 -31 492
186 29 443
189 47 422
170 22 433
164 11 445
182 19 451
120 -33 507
144 -33 444
192 -50 479
120 3 463
180 42 459
114 36 449
103 47 457
192 -33 449
183 -42 498
181 -8 492
160 -30 435
122 11 499
120 21 424
156 32 509
118 -22 501
166 24 490
135 -7 483
119 12 469
197 22 467
188 6 518
149 -6 468
110 -43 494
108 -29 442
145 -36 444
192 -14 451
149 -42 422
142 -16 430
202 16 498
203 -43 456
121 42 481
106 40 447
112 -31 489
110 29 421
130 -6 510
190 -18 495
186 -45 445
177 43 448
119 45 482
123 -18 442
171 25 439
203 22 457
103 44 471
151 5 454
188 2 452
168 -9 427
160 -7 422
189 -12 516
198 -25 466
117 1 507
164 31 506
123 4 485
188 7 451
109 3 463
145 -41 433
156 -43 495
131 -12 491
202 10 444
196 -33 499
149 39 492
152 -15 504
166 -32 479
188 30 516
152 -4 426
143 -37 484
201 39 504
105 -16 430
190 7 511
137 -17 432
195 -9 477
195 31 491
177 12 511
188 -28 507
121 39 466
145 22 432
148 -31 477
203 -14 482
175 -22 440
117 16 504
108 -13 449
126 -32 452
129 12 462
160 -28 504
134 29 439
114 -1 426
123 -34 426
119 50 463
178 -15 483
162 17 434
150 -34 510
168 -25 493
135 44 519
170 -1 474
164 36 472
192 41 497
113 -48 479
147 10 436
180 16 499
146 13 507
179 4 498
137 13 470
140 48 473
199 -2 422
147 -10 420
123 -28 484
132 -40 446
202 -28 479
122 -10 501
137 -33 429
145 -31 498
124 36 419
188 7 488
109 -40 444
199 -10 509
152 -39 437
188 -46 424
109 -42 514
190 -16 435
135 26 426
133 -33 510
182 -40 419
164 20 464
133 -38 497
202 -6 508
130 -12 437
131 -3 483
143 10 435
165 17 519
148 -6 481
147 29 448
201 -20 478
142 31 465
198 -35 485
174 37 495
169 -35 509
189 -38 484
115 32 433
146 22 484
198 23 447
119 12 486
167 -50 454
133 17 422
166 -28 508
158 -28 496
189 -19 466
139 1 501
128 -37 441
105 -15 421
170 -26 433
125 19 502
133 -48 517
160 -37 430
186 -18 434
176 -28 435
201 -33 471
164 30 431
203 14 515
191 -7 442
166 -48 428
139 -48 499
154 21 456
109 43 463
144 23 518
109 15 466
181 44 440
138 -8 467
191 7 425
183 46 493
122 17 480
143 8 489
125 30 433
151 -14 442
201 -24 421
162 -45 436
183 -11 459
203 -21 424
196 22 504
173 -40 427
154 -23 503
198 -24 485
133 -8 445
104 -25 426
183 -33 468
192 1 461
181 38 508
179 28 458
114 39 482
139 33 461
109 2 475
175 -37 420
124 23 513
153 -16 496
196 -29 424
146 -30 496
197 -22 500
162 50 456
126 -37 468
155 49 509
183 14 484
153 38 442
183 -48 424
176 -27 456
177 -18 452
110 -48 514
105 -15 518
138 -30 436
114 -7 476
120 -9 452
112 -30 472
162 35 478
175 38 435
107 -14 419
159 -36 507
143 40 462
196 -23 436
138 -8 511
124 -41 518
127 41 444
192 10 516
154 31 454
132 1 451
194 -12 514
123 -38 507
176 48 443
178 -21 468
159 -23 498
127 37 421
134 12 468
134 29 481
137 32 431
152 7 421
146 -23 419
107 29 512
121 -27 496
134 40 467
172 31 451
138 -17 445
141 -6 455
176 45 470
144 -49 423
150 34 472
182 19 421
184 5 427
190 -38 438
110 34 490
127 0 506
133 34 475
169 -28 433
133 -6 474
105 -48 432
144 35 471
181 38 420
187 19 495
166 -38 460
138 -8 443
179 -16 517
127 27 444
203 -50 448
117 -3 467
115 7 428
195 -5 453
170 13 504
124 -40 519
142 -43 471
105 -9 508
169 -41 466
141 -32 500
115 -9 468
129 39 443
136 -11 488
144 -29 519
134 32 464
165 17 457
195 19 437
168 -47 437
133 -6 452
129 -44 494
179 -12 500
151 27 451
113 17 482
119 10 459
190 -20 500
133 -35 447
137 -38 481
159 -24 501
110 -40 484
159 -5 464
159 27 464
143 -3 435
135 -42 461
180 33 503
199 50 484
135 15 434
112 19 486
195 8 493
150 -40 447
135 50 449
114 29 437
133 -37 507
160 -6 440
115 16 426
166 -47 475
170 -18 449
106 39 496
185 27 471
105 16 490
125 -16 460
193 -17 435
180 20 515
110 -46 477
111 24 511
103 -32 441
118 -33 425
104 50 454
148 -9 470
119 33 446
158 17 501
189 -17 426
147 6 505
188 -26 477
165 -33 502
185 -44 459
117 -18 482
108 38 425
106 -14 510
183 19 435
198 -35 459
164 31 510
132 37 435
171 33 478
121 38 479
122 -29 498
141 -47 503
203 -40 502
124 -24 511
106 -1 515
106 8 489
176 -47 445
154 42 515
151 15 421
105 41 479
169 -40 467
118 50 506
198 -46 459
166 35 510
133 -4 468
117 -37 450
109 -33 471
143 17 449
118 -33 519
182 7 433
178 23 504
201 21 424
135 49 452
153 -39 465
202 9 457
129 44 430
198 37 499
181 -21 430
161 40 496
199 -13 430
197 47 427
201 39 505
129 27 426
134 -30 468
143 -25 466
160 35 472
173 15 450
117 36 484
118 38 424
195 -30 509
108 45 484
148 17 487
202 -31 429
169 0 420
174 47 504
118 17 493
151 45 476
174 -3 449
179 22 513
129 -29 433
139 47 474
178 49 493
148 24 482
156 -9 474
170 15 506
183 18 509
177 -50 494
108 -45 491
168 -18 480
178 -15 432
137 47 515
123 -16 466
176 -38 482
104 -42 454
130 -39 464
133 21 469
187 0 482
179 -29 451
139 21 455
120 35 457
185 45 495
177 -33 491
159 26 426
120 -47 500
127 31 506
175 29 494
177 -36 465
147 -2 443
194 -28 508
178 -50 485
162 10 445
139 -43 485
199 -11 463
125 34 499
113 -25 444
182 -6 481
159 30 497
136 0 478
135 46 504
165 -46 488
108 15 455
135 -5 502
155 37 419
159 -23 463
106 18 482
109 28 431
167 -10 473
202 43 515
131 -4 422
198 -1 508
179 -49 427
142 28 436
351 434 238
317 394 255
408 401 302
331 482 253
361 455 320
380 474 251
371 413 281
382 394 268
370 451 266
351 428 319
388 467 284
319 407 252
335 418 243
325 411 323
346 429 302
340 483 286
335 408 274
324 442 321
373 401 315
415 463 286
397 420 297
407 454 277
411 396 327
332 410 264
413 408 290
340 473 253
331 428 280
351 421 240
368 399 324
388 464 280
325 415 321
342 446 308
352 402 306
355 400 243
365 385 312
372 420 276
403 484 307
350 452 249
373 399 298
390 481 322
388 403 311
371 384 329
416 449 291
391 436 278
359 427 283
342 465 300
411 423 243
346 466 260
409 457 269
337 440 323
393 401 323
378 435 294
394 426 252
386 458 251
365 428 234
393 432 237
363 415 277
336 401 246
346 443 318
402 394 230
349 396 279
323 476 260
384 455 247
403 471 289
349 444 268
350 400 315
348 445 277
417 407 327
357 386 299
375 460 293
364 406 293
390 484 318
376 463 309
410 431 281
393 450 281
367 423 269
398 477 324
406 463 265
387 451 300
360 434 272
332 454 254
363 413 276
363 424 297
405 441 240
335 438 240
341 481 295
364 386 314
376 430 263
341 460 282
415 412 315
370 403 246
341 424 256
380 420 268
404 479 238
370 470 308
330 385 274
377 413 230
326 461 239
365 413 248
395 416 293
362 423 287
391 480 290
400 460 269
375 432 317
376 453 245
375 419 315
323 484 303
352 393 329
343 404 315
392 410 263
409 472 272
388 408 250
415 408 315
320 467 233
409 384 251
341 447 239
354 446 259
380 445 288
353 416 296
333 447 329
367 422 315
387 417 313
410 448 310
341 392 312
378 452 247
359 401 258
389 426 269
352 392 305
358 470 272
378 418 269
417 464 315
403 456 310
379 480 317
406 410 324
351 416 298
353 406 233
324 394 240
322 484 323
327 405 242
334 435 312
344 412 258
328 432 268
321 440 263
345 445 267
381 443 247
348 474 326
417 462 324
402 419 234
384 426 322
375 467 328
368 473 233
335 474 313
322 421 305
319 384 291
331 475 329
366 408 248
345 417 330
367 404 316
363 407 264
400 462 249
357 484 296
338 469 230
416 445 251
358 458 273
355 439 323
387 407 313
376 483 248
374 484 326
342 462 313
361 396 235
384 418 306
383 468 254
344 391 287
389 453 284
343 416 243
331 477 320
365 415 254
376 455 308
346 441 304
377 454 321
350 412 272
377 408 293
384 420 250
326 413 248
369 416 327
394 388 232
382 427 234
321 442 306
382 449 278
413 481 244
358 465 313
404 410 303
411 387 245
329 416 246
381 450 241
359 468 254
321 388 287
363 397 269
417 417 316
411 422 235
335 470 324
344 391 276
345 412 236
396 437 274
327 447 256
413 441 253
390 477 232
385 385 264
339 430 315
376 411 272
359 432 313
342 417 305
326 393 281
388 420 301
341 476 291
362 420 275
383 451 325
318 413 247
359 434 254
347 420 278
413 441 260
339 412 323
345 481 241
338 482 247
403 446 310
354 440 293
407 420 327
341 388 256
389 398 235
332 417 298
356 478 249
357 427 244
341 397 234
327 447 249
356 396 298
343 472 285
343 459 327
375 425 236
405 477 234
339 483 249
416 416 290
346 476 323
349 388 248
345 389 244
396 396 281
354 459 250
366 440 287
350 458 280
353 449 327
361 398 326
386 484 300
417 420 302
323 454 305
332 389 269
331 385 330
359 480 284
372 397 317
328 418 284
327 406 281
346 441 236
317 409 276
390 442 264
405 466 307
384 464 325
394 457 248
321 447 294
349 394 247
350 414 241
351 392 267
352 476 233
414 472 305
370 449 297
342 417 271
372 444 267
324 460 322
319 452 285
385 484 262
412 434 294
361 400 250
381 474 258
326 440 311
317 458 330
384 426 299
369 449 262
415 459 323
409 422 277
410 456 255
395 453 274
334 439 286
319 414 233
413 395 264
384 475 251
383 433 271
342 407 293
329 397 296
323 467 295
404 394 326
363 429 283
386 411 319
417 448 302
318 404 311
374 389 246
391 484 245
343 406 271
397 454 321
403 408 264
394 459 329
327 404 231
377 474 235
357 448 300
410 398 288
340 459 290
374 464 234
363 437 289
353 408 261
334 475 265
327 427 245
360 483 308
401 466 310
402 473 280
352 464 290
369 441 275
379 452 299
360 430 258
357 427 271
385 386 252
377 423 292
373 450 265
378 480 326
363 384 329
367 480 305
385 462 288
389 454 273
397 455 266
327 462 277
349 423 237
379 409 239
375 436 267
378 420 270
329 447 320
396 403 310
375 410 253
319 458 285
330 483 257
399 450 309
342 482 280
392 452 289
362 469 313
392 447 257
320 478 257
390 472 278
398 429 288
369 429 294
401 469 328
346 408 253
360 446 237
380 474 270
317 440 297
361 467 297
341 465 287
338 471 325
341 431 275
370 399 250
338 464 318
353 455 298
359 410 262
384 385 268
388 471 309
390 469 278
354 388 278
357 390 285
335 423 243
362 395 287
336 442 246
362 391 251
405 465 251
384 424 232
329 456 268
379 427 237
411 400 259
353 430 326
394 427 266
400 441 292
393 430 328
386 391 262
367 401 313
388 405 282
331 464 316
328 461 328
383 400 287
329 404 311
405 447 232
338 478 245
392 470 323
417 443 271
393 411 239
388 389 259
409 461 280
387 428 322
411 452 254
343 401 308
365 399 260
341 481 279
377 435 248
353 422 262
372 420 298
363 442 278
399 431 275
351 387 329
353 450 261
408 422 310
403 460 249
408 389 237
403 445 302
350 397 272
385 442 271
359 444 232
380 437 275
323 468 249
404 480 233
344 408 309
335 444 231
368 461 289
322 395 248
395 401 292
345 450 319
326 441 283
410 482 319
381 391 317
356 477 236
349 433 258
317 401 283
337 474 305
395 428 285
338 384 257
338 473 324
377 484 306
347 406 289
320 484 260
380 412 251
333 464 260
394 478 236
352 427 292
352 469 250
339 443 254
404 420 248
361 418 281
358 421 239
406 428 298
366 384 302
320 448 266
378 445 283
384 477 318
413 464 328
346 422 241
325 447 254
378 392 260
395 394 310
385 452 251
413 386 242
377 415 273
351 406 285
382 429 249
333 414 268
337 408 292
390 468 305
387 437 263
360 467 291
395 478 295
345 442 318
326 460 277
380 466 320
327 399 237
352 397 308
326 453 267
404 412 239
415 470 278
401 482 320
340 449 244
381 460 291
370 397 292
382 430 320
406 447 257
411 437 232
408 467 275
378 406 295
384 443 239
333 397 289
407 469 317
398 432 302
342 462 298
417 421 296
371 447 321
352 389 268
352 481 297
363 430 299
371 465 327
334 429 301
362 439 318
360 472 312
391 151 205
412 103 187
388 161 186
395 118 216
347 90 193
376 93 203
398 124 170
401 76 254
388 95 186
346 156 257
376 71 248
426 166 198
378 85 235
365 114 237
400 107 219
409 129 257
366 121 194
348 79 223
398 160 230
378 159 209
430 145 261
391 132 228
360 120 165
423 111 184
405 152 173
428 85 168
365 128 224
409 141 171
424 82 215
343 100 206
417 134 222
405 148 253
418 114 186
337 163 182
390 128 182
397 159 211
402 151 247
415 78 170
427 116 263
416 159 168
385 103 167
345 120 252
434 71 219
383 106 259
370 139 217
376 143 168
433 105 253
410 69 248
396 116 187
412 121 185
378 144 210
353 161 253
402 81 219
427 78 204
355 118 182
422 163 256
415 91 254
407 158 213
396 160 200
403 88 233
409 96 234
346 79 237
359 134 172
420 76 228
366 168 182
423 82 173
436 114 241
350 149 199
416 102 232
339 96 204
413 135 176
390 119 209
341 81 226
397 97 248
405 101 254
339 135 175
405 90 234
367 130 204
390 76 260
399 95 198
431 72 186
434 122 265
412 106 230
372 86 244
353 89 242
341 158 166
434 106 182
414 115 256
384 132 165
423 149 177
373 71 218
409 148 211
406 118 206
365 85 241
362 150 235
357 81 205
388 73 263
398 132 210
351 151 223
390 105 192
372 145 246
356 124 185
375 145 191
424 93 189
428 113 180
415 132 217
391 135 232
367 160 193
376 167 216
343 70 224
419 90 219
396 108 171
372 82 172
419 129 230
387 123 213
355 92 242
387 108 167
433 78 167
350 110 241
347 72 185
430 86 224
354 115 240
416 83 250
399 99 233
354 96 223
410 169 227
362 150 238
344 164 200
343 96 170
421 98 264
403 128 172
370 148 207
354 111 178
401 147 224
336 145 237
435 85 229
401 133 204
417 72 211
430 138 256
340 107 264
400 71 210
379 118 205
405 145 176
389 133 208
363 93 200
422 70 185
341 147 175
435 139 216
376 166 224
367 69 237
361 142 256
368 158 175
426 123 215
372 86 212
352 74 259
357 141 233
398 167 254
337 114 182
401 128 236
368 75 169
389 159 215
350 142 214
415 82 263
355 132 214
411 116 264
417 105 171
361 143 251
370 117 222
424 84 218
433 111 240
359 94 245
354 150 206
392 129 236
346 89 193
359 69 250
367 112 233
350 85 193
380 164 220
376 104 263
381 127 252
352 168 253
364 110 198
399 132 265
381 132 185
360 145 225
383 89 258
365 101 253
338 114 201
362 139 246
340 133 197
400 134 199
408 79 193
339 125 177
379 131 180
392 131 246
384 88 225
366 110 171
375 85 199
435 100 210
376 158 234
415 156 214
390 131 172
406 145 199
367 161 252
376 149 215
424 94 209
381 71 233
426 133 208
399 95 247
406 131 214
381 145 180
348 147 188
385 94 264
396 119 206
401 135 212
365 88 184
436 165 181
425 132 192
347 94 220
365 112 242
420 134 227
352 155 182
360 168 255
410 102 243
358 129 175
349 78 247
428 109 203
426 164 182
383 110 253
342 154 232
340 99 263
376 114 199
376 128 265
386 92 207
357 69 183
361 82 260
428 75 231
391 160 231
412 74 223
434 116 207
382 119 170
399 98 237
365 167 226
409 107 192
363 105 185
341 118 171
392 165 209
414 130 174
386 140 188
360 100 229
338 74 228
349 80 198
416 121 250
435 74 190
364 99 259
378 147 228
405 101 196
390 96 170
360 120 243
421 118 220
423 100 236
418 107 231
432 130 211
394 109 213
380 103 227
362 114 169
346 85 167
401 112 260
359 100 196
338 124 199
411 166 204
427 119 182
434 138 169
347 108 213
415 112 259
435 75 178
381 154 217
337 160 235
409 126 239
419 161 241
404 137 177
349 96 211
404 149 182
435 84 262
386 85 252
365 118 165
371 130 253
389 97 212
382 98 205
400 83 255
337 150 254
363 113 165
421 89 246
365 103 168
411 141 208
397 128 245
390 96 187
408 86 223
387 162 216
392 123 265
381 116 229
337 94 258
399 165 231
424 169 211
358 89 192
403 93 237
415 130 207
345 76 172
413 133 243
356 73 192
400 82 171
411 142 231
350 73 240
430 120 170
369 74 238
350 125 205
436 78 242
340 156 209
384 166 185
374 78 240
382 129 222
361 150 222
411 157 260
428 119 187
337 100 239
394 160 208
425 89 234
402 97 182
393 88 185
397 149 181
356 87 222
436 138 247
373 95 210
359 112 191
364 128 200
406 166 229
405 125 180
380 88 240
414 111 172
410 140 254
408 138 257
429 128 206
349 107 215
376 136 199
393 144 264
343 89 230
361 165 191
385 158 246
340 82 166
413 87 240
412 155 176
410 127 211
375 101 171
403 109 188
349 100 176
365 166 220
376 94 242
414 151 246
427 71 166
422 84 175
349 77 249
435 124 258
421 120 191
346 167 252
351 164 191
359 145 202
392 101 213
393 94 232
383 110 185
357 124 219
389 142 171
379 71 256
416 112 260
436 126 213
418 101 236
352 72 264
411 152 166
366 73 196
400 99 257
373 103 208
368 126 170
400 88 207
412 163 196
376 77 186
435 114 230
361 81 211
380 163 258
433 87 251
394 128 193
389 110 199
338 124 170
420 155 195
360 154 225
410 88 190
412 113 255
432 120 206
394 132 169
361 120 182
353 91 256
397 74 203
395 139 182
355 122 237
407 144 200
380 168 196
373 159 176
434 167 255
402 75 232
350 72 238
415 158 169
357 69 199
359 83 203
401 165 176
392 105 208
392 124 211
392 156 220
354 86 224
417 151 184
433 79 188
417 155 214
355 146 195
428 99 177
411 72 231
404 72 219
365 108 249
432 78 175
351 70 175
424 159 222
356 132 251
341 73 178
406 127 194
392 134 166
365 139 195
348 165 216
382 148 201
416 89 209
361 150 220
395 109 226
356 92 191
433 138 263
405 141 198
348 79 178
401 100 249
382 134 227
416 122 175
395 146 217
433 166 228
412 130 220
386 88 228
404 148 229
364 94 182
403 83 188
396 76 203
419 127 223
430 153 183
352 135 199
384 149 169
371 73 227
409 109 252
344 76 197
431 144 195
422 142 174
366 94 242
391 84 217
414 158 226
349 108 187
347 106 187
406 76 196
362 164 183
436 169 172
433 122 227
364 97 222
347 72 201
351 88 251
385 168 198
401 82 178
340 150 209
376 101 180
428 116 174
376 76 251
343 169 224
388 105 192
370 121 259
351 126 205
390 155 185
357 161 172
379 73 199
421 82 223
381 106 216
356 158 184
417 143 242
392 146 217
346 132 199
365 131 241
345 134 255
360 86 220
376 167 181
400 87 215
416 89 179
349 102 200
345 152 214
79 33 322
55 81 273
105 70 342
128 87 362
108 54 333
107 16 284
144 115 363
59 79 283
74 102 342
61 39 303
92 95 346
75 45 282
94 45 276
73 21 337
82 95 287
135 59 266
63 46 359
108 87 325
119 108 292
85 29 345
147 58 268
138 54 364
63 49 303
78 97 298
114 79 281
81 45 294
147 84 322
69 20 364
143 51 348
88 31 318
68 57 284
71 52 356
115 49 315
61 27 278
85 105 307
125 62 344
141 36 288
96 115 326
101 112 316
85 35 323
99 39 329
98 62 346
59 72 270
106 69 331
57 103 281
85 42 277
54 55 281
105 101 344
135 96 316
98 27 363
65 92 354
140 45 287
78 54 358
66 15 339
83 38 283
54 28 313
126 95 281
62 58 324
57 41 351
137 77 343
111 74 350
71 63 283
126 41 300
148 76 294
144 63 335
74 34 334
102 38 279
91 110 274
76 41 300
91 21 344
69 75 273
129 44 311
71 70 358
66 34 288
113 22 336
67 61 319
135 93 354
73 27 359
97 54 286
60 105 281
126 113 309
51 30 269
82 16 322
82 53 350
87 111 302
101 113 316
127 54 315
93 52 289
107 31 319
64 113 342
145 70 343
105 54 276
98 102 285
113 108 299
88 60 339
123 31 361
130 26 358
67 37 364
94 18 298
130 33 312
140 37 342
140 34 350
101 40 341
111 82 358
64 90 298
87 102 280
60 18 329
132 78 354
100 109 357
83 61 279
84 44 312
150 29 318
104 59 360
137 42 333
138 63 289
146 39 358
74 80 322
64 112 362
147 30 300
86 55 332
69 99 345
93 28 269
81 106 311
138 65 295
117 18 299
83 32 334
55 67 337
101 22 312
126 72 363
108 63 364
79 112 276
75 115 285
52 30 276
51 30 316
134 21 340
120 18 324
89 39 334
135 108 311
85 45 323
67 113 301
116 18 265
113 85 356
149 17 355
78 29 360
66 40 341
70 62 295
100 103 359
105 19 323
92 88 352
81 64 327
91 106 334
139 56 293
126 29 316
62 112 326
133 65 304
83 115 307
74 91 303
87 101 284
139 78 314
131 64 330
149 101 304
108 52 348
148 41 348
134 51 281
51 52 357
128 59 359
72 76 362
107 93 277
82 90 361
104 81 304
97 27 310
121 67 283
104 35 299
81 49 361
131 23 316
66 92 352
133 27 267
74 43 320
100 115 282
131 95 356
72 52 318
137 64 355
133 73 322
53 22 282
95 34 312
95 23 317
129 95 337
139 45 293
118 46 341
145 92 335
83 35 347
111 105 325
65 25 316
81 106 353
54 52 324
143 107 270
124 95 317
123 83 352
61 78 335
56 96 277
128 52 266
144 25 280
127 83 306
60 61 355
139 41 284
85 41 340
97 24 353
62 101 283
148 69 298
63 77 265
81 48 343
58 52 320
104 73 308
107 96 278
107 32 321
119 64 303
91 112 351
112 45 334
65 87 280
147 72 341
133 24 313
66 55 323
84 95 268
118 55 310
51 92 343
57 56 272
51 103 276
93 75 365
120 101 356
108 97 338
126 41 309
121 70 307
134 103 314
99 107 325
142 77 311
94 49 365
142 78 300
80 98 346
117 114 316
53 112 354
51 54 306
144 41 282
134 21 325
97 33 321
139 93 339
74 102 294
106 77 326
148 104 329
60 67 300
82 51 315
51 58 359
70 101 339
65 17 307
134 51 311
114 46 325
54 75 336
86 67 292
87 105 273
105 56 337
145 21 294
70 111 350
116 48 275
110 95 320
59 17 315
90 52 337
84 83 291
119 94 359
143 93 293
51 59 279
54 39 319
144 43 320
131 43 364
87 75 364
102 64 336
85 113 287
107 100 345
122 35 299
56 101 281
98 51 314
149 74 362
63 81 287
63 80 360
86 80 295
107 42 289
122 66 319
148 21 302
86 80 330
77 42 355
86 112 329
88 89 293
55 25 285
58 47 270
139 72 322
122 41 332
130 31 315
73 97 322
99 91 320
64 26 304
53 99 290
142 89 289
60 77 309
85 115 365
76 15 274
96 95 348
103 24 291
107 28 288
135 86 359
85 22 270
79 90 343
65 37 299
78 102 286
117 19 365
72 21 316
55 97 324
140 61 325
131 100 299
118 29 350
107 59 324
136 86 361
108 54 289
59 31 299
115 62 327
140 27 295
127 112 356
113 86 326
59 90 360
142 19 337
110 91 304
68 65 352
101 67 358
115 61 282
72 17 280
72 77 364
54 36 278
87 107 269
74 41 333
82 57 334
53 71 318
50 40 275
68 23 339
64 102 273
56 74 292
56 16 267
77 33 343
108 61 295
69 81 279
94 71 283
60 102 265
88 61 275
76 108 349
101 114 359
119 113 348
98 76 300
56 40 303
52 24 269
103 49 296
113 80 324
126 38 310
126 71 313
52 41 311
65 20 271
63 34 296
107 97 308
62 15 281
92 76 297
94 53 293
130 59 329
144 45 291
68 99 298
146 21 286
140 32 330
59 17 288
94 97 329
118 84 306
89 73 341
134 35 266
92 69 343
85 55 352
147 99 307
82 81 299
148 104 292
131 39 363
55 45 294
145 56 364
109 114 301
87 19 335
83 63 271
70 80 271
111 89 341
54 68 358
54 64 287
138 17 359
53 66 357
98 75 288
62 107 296
99 94 357
86 25 286
80 57 268
100 68 282
112 21 361
143 105 287
120 88 293
108 45 272
142 108 344
81 110 340
80 104 322
105 45 345
137 27 293
139 107 267
56 31 309
112 56 353
77 65 305
60 38 322
55 16 341
121 25 333
120 107 327
92 26 339
55 101 365
76 100 323
92 109 304
109 87 316
113 49 303
129 109 319
80 46 271
98 51 336
87 73 285
97 23 350
67 34 333
140 48 301
121 80 272
110 92 340
101 55 336
140 114 323
116 93 290
82 25 348
89 79 316
107 94 286
83 108 279
93 34 343
72 39 270
75 60 269
60 33 275
102 102 289
93 28 363
124 40 299
148 19 357
64 34 324
133 24 326
79 37 306
74 39 277
117 57 348
79 25 270
55 55 292
107 113 330
146 88 272
76 71 275
53 105 357
83 54 355
67 17 280
107 92 265
137 96 344
55 85 336
81 95 310
60 79 298
88 36 265
82 110 353
64 48 333
100 83 303
134 85 315
96 65 299
58 35 335
72 34 271
55 25 273
121 44 318
57 78 335
50 70 292
149 53 363
121 113 362
120 49 310
78 71 323
64 79 331
130 31 279
100 71 335
78 73 363
110 85 322
81 53 335
96 109 266
139 66 309
130 22 355
104 45 330
91 55 289
132 40 340
60 115 333
75 89 347
144 20 362
149 66 326
115 41 296
125 51 326
89 62 300
104 106 266
415 195 263
428 114 303
369 149 250
391 108 245
359 172 301
380 179 245
367 184 302
354 125 225
344 184 295
372 183 244
386 109 271
361 148 269
346 201 267
384 172 242
434 180 297
391 131 288
395 158 256
348 168 255
416 156 281
386 142 274
359 178 236
338 150 312
382 138 235
384 116 261
372 201 310
377 126 314
383 133 235
404 182 305
411 202 231
338 169 278
345 180 272
376 151 283
392 176 250
380 163 320
392 189 265
399 177 248
350 119 244
393 168 227
410 146 292
360 197 305
348 195 242
436 155 296
409 165 284
382 110 263
383 204 272
428 129 306
351 114 255
401 168 252
371 143 278
390 128 276
429 124 289
338 154 289
357 198 244
400 203 300
375 183 303
356 162 306
385 136 311
349 143 220
384 127 259
399 130 312
428 116 226
378 174 242
381 168 299
382 169 309
421 188 261
407 117 258
348 125 281
419 155 280
389 187 233
434 114 296
421 194 261
369 118 315
423 159 288
404 135 287
376 152 227
409 161 279
378 111 265
435 188 243
402 109 293
342 108 248
419 178 303
386 169 306
351 120 242
424 190 255
381 117 277
416 191 305
414 127 303
429 126 281
400 129 296
390 104 312
382 166 286
388 152 306
414 146 288
376 143 294
336 128 222
373 180 254
430 166 238
343 163 249
403 105 315
416 147 271
341 171 315
378 186 317
433 148 264
407 186 232
359 106 284
396 121 311
345 166 309
395 124 228
424 116 319
360 154 257
400 125 315
373 145 267
339 172 221
369 194 221
425 151 299
436 140 319
356 139 289
430 104 238
410 160 307
411 148 254
435 182 285
367 117 236
420 180 269
404 154 295
429 180 281
383 160 287
404 137 290
359 150 265
365 194 310
404 145 233
420 104 236
378 112 250
378 136 236
353 126 300
417 130 237
344 125 300
404 125 285
380 188 286
344 158 270
342 181 278
343 169 256
400 161 295
422 199 225
424 124 290
376 145 247
355 175 315
376 141 227
357 110 258
411 128 289
358 109 264
354 191 254
398 110 256
340 156 305
388 154 280
346 116 317
400 110 286
389 135 251
388 140 271
381 150 241
372 186 302
361 199 282
403 185 287
351 117 285
386 117 276
364 116 282
401 192 292
341 175 318
422 118 252
395 156 284
436 188 227
408 144 230
375 192 318
354 115 277
344 117 254
372 113 303
379 157 264
393 186 274
351 149 263
420 179 233
353 180 231
418 178 279
421 171 262
418 191 222
422 153 314
393 142 261
357 114 225
420 159 266
386 152 282
380 112 222
431 154 253
396 115 230
381 189 267
366 199 240
360 198 309
338 203 293
412 113 274
383 104 242
363 194 224
370 134 235
337 157 259
349 177 239
358 155 306
336 182 223
350 131 266
354 173 255
387 151 293
384 110 273
410 189 303
394 126 235
402 125 306
415 199 300
383 172 313
422 153 229
389 119 252
400 196 226
392 198 249
338 194 286
403 152 278
390 153 284
341 117 260
339 154 311
389 168 319
360 179 282
366 198 293
399 176 317
412 151 256
409 197 270
340 110 276
378 188 312
420 181 240
381 171 284
372 130 290
358 193 290
400 106 320
347 121 225
424 168 261
433 168 223
385 173 305
408 149 259
396 171 272
354 174 244
417 162 234
435 110 293
380 105 223
400 157 318
402 175 254
398 132 315
358 201 284
352 145 316
372 135 291
363 135 239
365 109 236
343 106 311
400 126 235
422 109 257
406 125 229
393 194 307
397 204 258
347 177 256
379 141 223
384 171 305
393 154 296
395 174 230
356 121 256
376 139 306
359 163 320
428 107 301
427 200 293
400 179 225
350 149 249
436 107 259
411 193 223
419 122 278
345 154 242
372 127 271
384 198 304
361 169 320
397 120 240
367 144 311
342 115 307
343 146 240
434 140 258
410 111 228
399 132 293
382 107 245
369 181 268
391 122 270
359 196 282
383 182 232
367 143 303
358 146 266
385 125 262
346 170 271
410 164 222
423 124 319
353 154 222
338 169 247
377 145 258
424 158 268
435 165 291
380 164 315
417 123 287
369 125 263
371 123 232
358 189 240
418 168 273
339 157 231
373 143 234
435 200 277
373 119 300
336 129 282
378 147 300
382 148 233
367 150 308
429 169 222
351 138 238
354 131 227
410 197 287
341 114 317
338 157 264
432 203 236
346 132 247
364 181 277
430 153 278
388 201 236
410 185 244
340 175 260
395 166 254
427 203 238
427 113 234
396 146 266
336 144 319
365 164 293
414 123 254
354 104 234
405 191 289
390 132 252
385 141 318
412 178 223
363 159 277
375 127 221
393 159 258
362 136 319
379 199 244
375 104 259
390 195 256
416 145 244
382 204 295
393 161 314
362 184 241
419 126 286
353 158 316
385 135 261
342 135 284
383 157 231
362 167 312
348 198 275
374 196 269
424 180 287
421 121 292
355 179 251
416 128 248
429 153 272
352 114 304
400 113 230
342 180 233
403 197 228
427 148 275
414 105 238
415 170 298
417 193 238
370 148 317
345 185 285
376 173 274
382 187 239
379 122 272
338 134 233
337 140 236
356 193 229
357 139 237
361 163 230
396 106 266
396 113 271
362 201 233
420 199 285
346 174 235
349 109 293
380 151 308
369 183 273
412 139 220
392 187 314
336 123 314
340 146 252
393 165 247
404 139 239
348 165 233
424 195 232
379 198 292
354 136 263
388 125 307
384 184 268
410 130 253
423 144 229
432 161 303
395 112 244
354 131 286
344 158 306
395 168 255
361 163 251
390 176 252
362 152 308
372 182 294
337 155 319
431 190 224
342 181 232
430 111 304
375 193 226
344 107 296
387 168 300
342 135 315
356 203 233
382 158 261
369 124 306
434 116 308
404 196 264
431 115 241
358 138 237
340 132 240
431 144 320
359 174 225
388 194 279
336 125 294
415 113 269
393 134 241
376 126 227
427 188 254
349 125 254
412 120 312
370 159 303
385 115 315
369 170 310
353 122 228
373 158 229
413 194 260
348 123 317
416 176 314
394 197 288
407 111 229
415 118 245
413 154 279
394 117 303
379 124 275
388 126 316
392 180 275
436 165 275
366 159 228
382 105 264
347 177 290
359 121 281
379 162 267
342 113 313
386 149 320
431 165 264
407 179 296
345 189 305
345 147 319
425 179 244
384 104 279
361 123 312
376 155 288
393 152 258
390 203 316
429 140 318
402 155 256
404 122 316
421 131 220
376 184 244
343 118 245
415 110 255
386 161 255
379 174 224
337 156 252
379 164 290
407 108 294
357 163 307
355 117 298
366 177 220
436 141 226
365 157 263
353 108 306
407 110 229
390 146 244
405 163 267
434 133 289
377 133 269
401 152 311
419 140 275
360 118 253
378 134 238
436 176 316
23 28 90
54 61 39
106 69 113
54 -8 42
101 13 114
101 6 108
25 50 51
19 25 36
60 1 29
91 -3 74
45 11 31
25 68 29
62 37 87
82 -14 85
69 28 107
77 19 26
78 36 68
45 50 29
14 9 101
46 33 66
10 34 28
82 28 76
50 31 29
44 75 57
90 7 76
10 53 59
49 76 104
32 5 85
21 56 68
59 13 101
29 66 85
75 72 75
47 -20 111
75 62 119
106 15 61
102 -17 108
75 65 85
32 29 74
70 6 19
88 53 105
86 -13 109
101 -22 50
108 1 54
28 -4 111
94 65 69
88 4 62
21 68 65
54 41 27
78 -5 30
103 27 28
25 57 36
83 59 44
26 10 61
66 71 37
40 -4 114
92 28 85
96 12 56
97 -15 26
76 57 92
27 6 116
26 -2 92
29 19 29
56 55 94
66 46 106
46 45 43
70 2 74
98 42 31
59 57 31
71 27 90
62 13 104
70 47 85
46 66 38
22 -8 101
63 -10 59
33 40 22
31 -16 42
91 12 94
106 33 114
36 65 87
106 37 49
48 -17 87
37 -2 117
80 -22 29
77 47 115
38 74 19
84 76 34
94 25 70
97 12 45
59 61 62
59 43 25
94 62 51
36 18 88
58 37 75
43 27 64
36 54 79
11 -15 25
75 -8 118
17 67 68
27 -18 39
19 11 106
73 55 49
44 31 41
71 16 83
57 28 105
36 14 78
98 7 75
18 -2 55
29 -6 75
96 -13 36
10 74 100
105 7 35
71 30 24
94 41 106
25 21 61
42 47 100
104 -13 84
92 24 99
86 -14 19
102 62 39
54 48 30
64 -15 100
14 60 48
105 3 32
92 72 99
95 60 34
47 36 45
24 -3 83
44 53 73
94 59 36
15 45 82
36 36 90
96 34 48
30 56 114
42 -10 26
36 15 84
87 -15 53
106 34 26
21 35 89
13 5 20
21 25 70
72 75 102
90 45 45
106 -12 85
65 48 50
108 25 52
39 0 99
87 23 37
94 55 92
30 -15 89
109 10 68
72 -16 44
62 6 50
87 56 75
9 15 44
29 31 97
16 31 68
74 75 39
94 3 49
63 56 70
62 -14 71
50 -17 25
102 37 81
53 -5 93
108 67 41
104 12 85
60 46 113
11 36 19
27 71 74
92 57 56
35 -11 102
70 59 53
78 26 42
29 15 42
66 51 43
74 73 64
25 21 89
40 9 74
57 -24 82
20 4 118
88 24 52
10 -4 79
82 63 109
85 -4 69
52 23 100
93 -14 32
9 -4 97
46 1 94
64 64 114
24 39 46
98 16 29
104 52 79
59 -1 51
80 4 39
52 72 77
85 11 76
37 -11 72
41 18 53
31 19 51
20 72 106
80 22 37
41 -23 90
96 -17 47
41 44 83
22 23 62
23 40 49
81 63 87
97 5 51
96 -5 84
62 -13 56
100 56 74
109 54 108
109 39 59
65 38 116
68 69 40
89 7 20
52 70 52
73 16 35
80 -11 22
96 30 73
53 74 108
78 18 74
26 -23 45
109 74 115
27 -3 50
53 25 74
33 -5 51
55 25 79
95 -22 59
46 72 28
30 23 33
12 49 63
80 -18 102
91 -9 69
29 8 118
102 55 31
98 59 60
109 0 78
24 -7 29
93 56 63
24 9 57
64 65 105
97 -16 76
96 5 85
84 14 29
22 37 91
18 41 74
73 50 98
16 65 56
15 30 44
53 -4 102
72 59 44
16 56 79
11 -15 61
25 60 62
96 8 69
94 3 20
105 69 85
74 32 73
92 19 25
27 19 68
41 10 108
29 65 52
66 -7 28
34 34 66
64 75 79
77 43 47
94 65 62
64 -24 72
106 -2 110
75 14 38
76 -4 54
54 74 20
61 56 23
52 75 39
45 42 110
101 59 88
22 74 81
21 12 114
57 69 52
54 71 78
96 7 33
102 -5 57
26 -14 36
15 7 104
108 11 60
42 16 47
64 -1 20
94 49 37
93 20 22
43 61 58
55 44 56
26 -12 42
16 9 30
39 37 58
10 44 91
96 34 116
69 16 80
83 9 83
13 -11 55
45 28 54
12 31 53
72 33 19
28 60 58
59 50 85
87 45 59
25 58 55
58 44 99
40 -18 119
68 22 107
70 32 51
66 46 106
33 17 45
16 38 111
15 55 31
30 30 78
88 52 48
32 38 67
66 -11 59
28 -13 114
27 -13 118
39 61 67
43 3 63
24 -8 28
85 76 102
51 73 45
67 -21 57
62 -22 51
82 -17 52
90 74 92
70 -4 22
54 70 46
31 -9 36
88 10 113
35 58 95
92 14 37
24 23 85
19 -23 86
32 5 51
109 37 55
100 37 26
31 0 98
55 -1 98
16 38 49
65 11 30
90 8 57
21 71 69
15 42 110
11 69 65
103 22 112
30 59 87
30 9 100
99 66 30
55 -16 75
87 64 107
38 -21 78
72 17 65
91 -22 28
68 4 55
86 69 19
96 54 53
74 32 40
16 41 67
43 -16 90
78 40 71
24 -15 67
29 35 76
47 -10 27
35 -16 71
30 24 68
81 43 55
83 50 103
33 6 93
38 69 81
14 22 23
92 5 57
108 -18 116
57 58 55
16 5 101
103 48 37
51 -6 34
23 4 66
51 27 110
28 1 84
106 31 114
80 11 68
14 29 42
79 67 77
18 39 88
16 -11 104
56 -3 82
34 -5 71
21 63 54
43 -3 53
56 9 115
17 67 58
108 -8 82
73 19 36
44 0 77
22 61 95
109 21 38
48 53 19
52 39 37
46 11 103
100 73 111
31 4 47
76 52 93
58 38 19
38 12 107
88 36 19
105 52 108
28 -16 119
109 40 59
56 40 100
29 50 72
61 1 59
32 15 22
12 21 90
46 -9 39
16 45 29
32 26 110
44 52 84
61 43 100
85 21 45
18 45 26
34 -11 36
100 36 61
99 34 68
83 10 114
31 3 72
86 -21 19
76 68 95
51 -17 109
105 -18 105
41 60 69
73 31 67
51 63 52
64 74 79
69 4 44
16 44 34
52 73 68
53 16 69
9 26 112
68 -19 28
56 35 95
85 44 79
15 -7 53
19 -21 78
39 -13 59
64 72 58
10 -12 82
21 71 110
29 -12 33
18 33 50
63 -17 86
81 54 58
18 -20 19
74 44 25
27 45 19
66 31 27
40 2 71
99 2 60
18 58 46
78 42 88
19 39 45
33 5 78
21 39 119
86 27 113
35 -15 27
46 51 89
103 5 35
88 58 101
99 -13 69
29 75 85
85 -2 113
22 -14 39
28 46 33
44 10 60
69 43 66
34 26 109
49 -17 59
68 -14 40
73 25 108
62 56 33
29 -8 62
37 52 108
105 46 67
105 61 98
69 -23 79
84 -14 27
51 38 62
41 25 109
30 5 27
93 -24 52
68 22 104
40 75 92
76 44 21
72 33 69
83 60 33
18 47 86
25 53 87
273 304 151
298 260 206
288 328 209
288 291 178
227 312 206
288 315 131
324 255 144
312 306 173
303 321 158
249 284 200
290 252 133
300 311 194
280 245 193
292 294 140
315 274 134
306 312 148
275 295 201
293 316 195
237 254 162
264 336 157
297 259 119
321 264 132
272 303 206
324 261 155
281 281 140
267 281 169
271 319 130
317 300 194
267 323 210
232 329 143
327 310 171
308 293 169
323 277 119
312 315 130
283 327 177
281 296 209
319 254 126
305 302 168
255 241 118
303 338 124
325 241 199
241 251 209
247 328 123
325 315 195
244 336 144
256 286 188
315 275 119
316 250 132
311 279 169
239 268 160
283 320 211
257 331 176
317 303 172
273 328 199
286 326 142
297 278 154
282 290 170
325 278 213
262 293 187
259 336 165
230 339 134
248 241 162
232 296 172
239 241 165
262 308 215
316 326 184
280 286 209
274 250 166
293 278 145
260 332 152
323 316 188
300 297 162
242 322 126
245 339 149
227 242 194
253 279 202
268 263 148
292 260 150
307 327 180
294 332 159
303 309 126
308 244 152
267 267 186
314 282 128
288 332 132
326 244 166
259 325 125
307 255 148
277 301 154
252 334 168
326 261 188
258 328 208
314 267 209
269 290 153
288 273 141
309 282 195
314 309 120
264 267 122
288 250 153
285 322 178
252 312 210
287 247 126
291 332 171
274 287 216
316 308 157
228 269 174
262 256 178
292 306 135
312 276 175
232 261 140
278 334 165
232 288 143
283 290 200
244 259 138
263 337 137
275 292 162
265 267 141
276 287 199
324 265 202
240 274 142
320 321 215
296 303 167
290 306 186
314 327 179
284 335 158
242 308 196
295 256 190
325 281 195
254 334 170
320 279 118
291 253 200
252 319 128
307 313 154
307 302 176
284 292 167
235 339 185
234 287 189
282 249 207
280 278 144
258 304 202
272 294 128
228 266 146
327 282 158
258 328 141
242 291 171
269 339 198
288 310 134
244 265 122
302 270 129
230 251 208
236 303 185
247 312 171
312 283 189
259 312 132
275 273 129
282 258 155
227 328 147
266 264 145
230 255 137
267 302 201
282 303 175
325 325 157
294 316 200
259 296 185
289 246 122
324 293 162
252 255 153
315 329 128
262 284 118
263 318 184
241 333 214
245 304 188
279 288 214
259 293 204
317 298 119
239 248 207
254 329 151
274 277 195
312 290 172
325 341 207
300 256 171
270 245 191
318 268 185
272 262 173
286 261 118
239 256 180
291 316 152
264 294 185
254 276 193
322 336 145
261 334 140
313 262 119
253 307 211
298 330 134
230 304 165
234 258 142
274 283 188
292 295 116
320 264 131
268 250 198
243 300 143
234 293 155
274 329 214
269 306 208
276 278 207
234 249 159
291 275 171
318 250 190
307 277 177
251 341 144
307 250 171
302 294 203
235 281 196
319 303 213
323 267 178
302 277 206
243 326 134
239 267 183
235 276 214
301 251 193
256 289 167
289 325 139
290 319 201
292 252 148
283 340 190
261 332 127
308 244 158
252 300 135
277 281 169
242 340 203
311 252 211
259 305 169
243 253 212
287 309 168
314 254 124
289 288 157
281 280 143
245 267 187
281 313 183
297 290 169
257 322 191
319 269 147
292 280 195
314 314 194
289 330 183
319 285 178
295 301 203
283 293 208
287 260 131
296 318 146
304 297 178
247 244 192
299 261 215
320 300 184
244 311 195
315 256 215
264 311 212
311 282 152
273 255 129
227 252 196
297 286 139
240 324 122
323 333 164
309 330 195
278 295 175
277 325 123
284 289 165
250 296 174
294 254 213
246 279 176
251 269 136
252 322 131
246 278 153
240 290 121
254 266 175
311 297 199
298 273 196
255 339 212
243 278 170
242 339 197
245 311 116
245 304 155
293 256 124
233 329 194
319 259 209
281 284 155
318 273 146
261 263 216
264 269 125
300 262 203
276 297 169
227 256 125
288 309 168
289 319 207
294 279 163
303 244 151
238 299 139
316 290 175
266 322 123
244 285 190
249 336 127
240 330 175
301 242 180
242 285 170
324 306 167
319 330 129
292 283 156
310 299 181
315 283 117
276 274 174
228 314 216
286 319 190
254 313 202
309 333 132
300 316 122
295 274 191
267 324 152
306 249 150
273 280 146
299 245 162
265 327 193
277 315 202
294 262 156
246 246 170
320 286 135
323 306 123
249 292 179
312 288 139
253 301 163
246 246 185
296 337 152
304 323 163
241 323 138
229 253 213
310 246 173
312 280 127
246 297 142
280 327 127
304 294 131
268 266 164
246 307 142
291 324 168
235 252 155
241 245 139
280 323 152
306 276 206
326 291 170
291 274 193
320 331 154
264 261 201
316 248 192
267 290 161
253 296 197
237 324 170
255 255 144
244 252 197
269 254 180
281 244 156
269 341 165
260 256 179
299 256 214
272 325 167
297 308 211
292 246 122
255 256 143
277 269 199
237 270 203
260 262 154
321 263 212
278 266 135
308 241 159
302 272 215
297 309 181
315 278 194
327 258 169
229 316 164
289 285 199
274 242 203
281 304 183
265 288 211
231 289 202
266 246 164
297 334 177
291 331 194
308 332 198
232 306 192
262 325 143
242 280 139
270 310 156
313 277 195
233 248 159
233 294 189
254 300 123
296 257 144
265 259 203
323 242 140
327 255 180
325 298 155
254 331 203
246 264 119
232 312 148
266 267 125
241 279 216
303 341 142
291 245 178
228 329 134
285 297 116
245 260 193
298 255 147
228 338 176
304 250 206
283 285 178
325 332 197
241 323 185
239 272 174
257 300 175
238 280 178
323 310 191
309 252 116
292 257 128
310 288 164
253 328 119
247 255 157
326 258 195
297 257 193
286 303 177
298 290 164
307 273 198
298 244 158
262 320 145
258 260 123
243 279 190
306 242 205
284 274 132
245 319 164
311 320 123
306 293 170
260 273 172
258 271 135
228 261 208
283 301 141
278 282 208
244 263 133
311 258 184
315 304 133
256 332 192
326 292 164
250 283 136
261 276 210
239 338 137
285 243 158
283 336 154
246 264 166
274 252 124
271 257 214
283 290 211
246 277 151
313 248 143
240 290 121
261 295 185
244 316 157
305 333 143
262 321 188
259 246 186
302 333 133
325 289 135
317 255 152
273 327 137
294 241 196
309 248 154
288 328 164
264 283 139
269 255 141
243 334 165
275 277 194
228 300 183
312 287 147
257 266 152
268 325 203
293 318 196
249 249 205
281 291 141
286 336 141
312 282 182
323 304 206
255 255 200
300 327 216
291 286 141
227 329 132
242 324 134
235 283 182
266 257 151
227 274 137
300 264 173
318 301 164
299 336 193
275 262 211
231 298 205
279 268 168
285 326 137
76 171 246
106 225 274
54 229 269
103 186 252
143 255 314
92 221 288
114 173 251
91 202 275
83 237 233
54 240 241
73 267 270
69 198 309
105 246 275
88 240 316
129 204 255
57 256 230
135 232 261
63 217 260
78 228 227
149 201 251
90 225 300
61 180 302
109 258 277
119 255 310
105 247 308
51 202 220
78 257 278
111 234 229
53 215 238
90 178 312
128 172 243
145 228 238
55 218 294
146 195 311
129 196 240
147 205 247
104 231 233
148 260 256
103 231 259
114 191 216
101 186 276
52 267 242
136 174 313
137 200 225
134 255 231
108 243 253
99 226 254
83 174 261
77 187 250
97 202 300
114 215 229
129 225 253
59 172 262
88 190 288
101 195 281
90 206 247
49 185 274
95 205 313
58 177 309
138 184 277
63 203 259
137 257 273
84 227 292
138 207 229
130 259 228
75 248 309
104 205 270
143 203 290
123 202 246
101 225 238
98 248 316
83 236 316
148 190 303
54 260 290
73 254 225
120 183 286
109 264 263
66 242 239
73 174 277
87 208 259
148 190 312
119 226 273
60 184 290
146 223 236
106 258 310
105 186 294
94 226 259
125 262 307
76 251 249
119 196 315
67 209 313
89 231 236
90 256 247
92 190 229
101 181 270
98 193 298
64 194 249
96 220 312
102 212 257
90 174 244
51 204 222
132 173 242
127 182 294
106 266 247
91 249 257
84 202 248
112 230 236
139 186 239
59 223 288
72 224 290
95 256 303
104 199 286
117 243 294
85 224 254
79 199 219
146 205 283
75 254 254
55 171 295
98 253 295
74 213 245
66 174 236
51 260 315
142 209 234
74 244 252
115 188 311
89 247 295
100 262 279
54 256 281
96 204 272
137 183 241
70 211 280
63 195 270
112 192 311
76 170 288
89 177 276
138 220 288
130 230 226
100 190 293
111 209 281
64 181 237
81 195 297
120 175 255
102 175 242
105 259 291
97 237 231
82 169 305
98 246 297
132 209 234
108 263 266
49 244 234
95 207 238
110 228 216
149 261 269
124 250 252
80 169 277
97 241 307
94 180 250
74 260 250
84 252 313
141 209 237
130 219 230
136 186 312
100 171 253
120 202 233
103 172 248
135 209 288
127 192 231
77 234 234
114 229 225
90 216 261
116 246 297
92 179 286
121 173 269
66 263 301
123 259 221
73 194 218
113 174 264
74 261 241
143 229 308
81 191 218
126 183 266
66 246 253
147 240 310
142 258 266
116 193 265
119 267 220
141 218 298
90 239 310
55 235 305
67 240 291
63 233 282
76 218 304
72 202 224
82 172 251
56 211 264
112 195 232
143 213 230
114 246 307
108 262 251
103 241 298
135 193 247
67 194 229
104 187 294
81 180 243
126 235 233
103 228 259
55 194 297
68 259 283
134 232 292
86 171 273
137 178 301
55 218 266
70 224 263
94 228 244
114 176 301
136 231 269
140 195 217
138 265 298
125 181 238
110 259 246
60 202 301
98 258 222
148 190 272
140 184 314
68 207 217
87 197 294
64 194 222
117 263 253
74 223 304
95 178 216
103 192 250
66 200 289
79 176 295
60 233 222
136 195 219
62 186 223
109 243 234
140 253 267
110 233 248
49 224 234
58 266 227
83 194 282
140 190 245
145 222 279
57 169 311
138 194 232
140 202 252
138 232 242
149 189 270
71 189 222
140 226 274
64 265 294
116 230 258
149 196 315
126 202 257
57 261 286
134 202 311
53 231 237
139 193 284
102 236 218
117 238 235
93 207 311
125 262 296
121 201 271
57 238 300
129 244 234
98 183 239
83 200 243
122 243 316
58 198 312
93 213 296
115 196 315
68 231 273
102 268 271
106 255 257
135 173 271
148 233 312
70 244 219
81 258 316
75 227 262
114 196 285
65 197 269
91 172 288
140 256 233
140 225 262
122 195 245
76 203 274
71 234 241
81 257 237
140 207 288
71 180 309
132 169 266
70 248 270
105 225 242
144 259 301
55 170 246
121 191 271
89 236 309
102 231 243
86 223 264
142 181 223
102 247 257
65 185 311
73 183 289
95 248 221
140 209 315
53 232 244
140 212 241
80 200 271
76 198 263
106 237 297
106 260 309
92 233 307
134 228 288
137 223 298
103 187 260
125 259 247
73 197 296
89 194 216
97 259 275
66 187 224
71 186 235
149 247 261
91 242 231
142 241 237
50 205 290
131 190 300
60 186 307
89 186 311
78 242 256
116 212 305
73 226 257
147 211 273
135 200 261
95 200 310
103 184 315
126 185 236
111 211 230
52 229 308
93 200 244
129 268 224
78 226 287
53 235 258
115 238 234
132 195 302
117 172 232
97 239 293
52 232 301
133 227 278
113 265 222
95 261 218
91 240 289
136 221 254
130 254 298
71 232 280
131 179 238
105 173 299
79 200 260
113 267 238
86 264 290
52 241 276
111 251 232
103 195 268
97 266 301
61 212 274
139 207 229
109 217 261
104 250 284
145 247 268
102 241 274
93 233 273
63 187 217
106 213 259
95 182 282
119 178 235
74 254 261
105 264 275
103 264 249
78 189 233
87 262 271
140 211 275
108 174 256
114 192 288
107 211 270
69 189 298
98 221 249
54 177 292
56 247 239
53 250 316
127 241 240
137 177 291
121 265 273
135 261 242
139 243 315
118 236 228
70 232 280
142 185 285
50 172 230
135 239 291
124 243 307
79 248 278
98 226 221
144 211 273
115 206 240
67 241 269
69 181 249
73 172 264
144 190 223
62 173 290
62 264 273
73 223 246
143 251 220
67 222 311
73 200 267
99 205 216
81 228 249
130 207 266
95 217 280
149 183 277
67 168 302
100 230 307
102 204 222
94 204 286
95 172 220
70 208 274
138 180 301
89 267 294
110 185 309
78 200 312
123 232 241
86 220 300
79 218 296
85 227 311
75 197 223
107 175 247
98 267 288
98 219 274
89 261 231
127 209 226
58 196 258
83 257 296
111 251 304
107 204 310
97 219 276
67 181 235
71 230 295
69 172 238
53 205 283
105 249 216
93 204 266
108 263 309
87 208 295
114 214 263
142 184 263
62 197 278
101 214 223
106 218 256
61 253 255
65 168 270
77 230 219
55 207 315
136 184 261
59 256 227
77 250 278
54 201 248
108 193 221
122 199 287
78 239 234
128 193 315
62 191 238
117 229 265
143 203 238
66 224 314
103 177 293
141 262 283
124 250 279
146 261 277
74 192 234
91 200 279
70 265 244
78 240 296
65 178 231
86 235 230
141 253 257
76 188 233
113 262 285
129 237 309
73 229 226
125 181 300
142 239 285
145 194 265
140 267 286
74 242 297
102 225 268
97 188 267
86 196 299
51 191 221
115 188 245
101 207 278
114 268 306
89 332 471
112 325 519
153 366 542
149 311 459
139 334 490
124 325 472
143 318 486
108 305 521
148 315 543
96 277 467
167 284 497
134 332 542
101 326 486
123 346 483
99 291 494
162 339 492
157 349 475
120 355 480
122 342 496
146 331 517
118 313 518
170 271 503
88 354 493
117 356 463
164 326 513
94 309 545
164 326 464
163 301 466
161 340 498
159 362 459
115 302 455
167 286 454
157 371 531
130 278 501
107 299 469
122 371 456
165 294 532
123 284 522
170 371 478
129 362 506
166 280 468
145 328 466
143 317 502
162 357 463
99 305 458
163 353 537
170 310 490
173 281 511
137 361 454
164 364 508
177 338 456
131 346 527
112 284 492
136 329 474
113 274 495
160 303 457
181 280 532
174 281 486
123 362 517
133 289 489
112 344 512
136 361 456
124 325 528
88 320 455
160 370 499
123 295 546
141 317 512
86 316 548
106 287 450
86 286 521
126 355 524
117 302 456
118 353 499
81 300 503
126 340 470
180 356 513
149 307 545
108 345 545
171 367 538
124 351 461
122 364 505
94 292 543
125 309 463
166 281 549
81 318 452
111 313 521
175 345 475
155 339 514
180 347 477
105 276 525
109 324 512
108 343 529
84 348 481
98 352 508
138 336 492
110 355 541
147 283 472
154 337 486
162 274 465
167 361 525
102 275 519
176 285 485
85 300 450
169 335 517
82 353 450
102 297 456
135 300 490
169 367 545
139 361 483
129 308 522
154 302 544
144 293 497
117 317 500
90 329 515
159 369 525
169 353 495
108 316 525
178 303 492
163 284 541
110 369 466
151 346 537
85 308 500
152 333 502
87 359 495
143 319 481
116 299 461
103 289 494
91 279 471
97 297 458
95 310 508
113 330 506
138 302 457
139 328 487
93 273 532
96 284 483
121 301 487
159 300 500
164 305 499
169 336 537
150 365 500
180 356 491
128 337 515
143 283 460
90 320 516
112 314 531
159 326 479
119 333 529
141 326 465
136 331 491
172 283 467
165 358 505
146 362 529
122 350 500
146 360 532
92 287 453
169 351 492
137 356 466
173 292 532
171 339 496
164 316 485
142 293 473
126 362 464
110 355 542
172 367 528
174 353 477
132 356 486
147 279 497
144 369 495
152 279 474
162 351 476
149 329 501
93 325 498
102 292 508
175 319 497
119 300 509
106 285 478
117 323 547
111 323 454
178 292 470
139 319 499
139 327 533
108 343 508
139 365 501
155 341 515
100 348 479
155 273 480
180 280 451
139 296 507
139 311 515
174 351 464
126 327 512
111 302 520
159 368 511
117 362 493
87 308 535
92 280 539
181 276 533
141 334 458
131 301 544
147 320 504
170 367 473
94 308 469
84 343 503
139 353 505
167 339 483
164 354 457
130 286 478
82 299 491
101 318 466
90 354 469
123 300 459
107 336 529
104 299 541
156 367 541
121 300 450
97 369 488
120 358 461
93 315 532
117 347 490
88 302 486
88 299 546
179 354 543
113 319 526
94 359 480
149 273 528
164 319 532
92 313 459
105 322 460
101 364 518
165 336 543
91 316 504
133 300 541
105 291 548
117 342 539
155 316 508
134 346 515
167 281 501
133 320 527
85 359 458
163 292 514
115 274 516
162 346 529
129 355 548
168 287 490
107 305 454
107 293 520
137 349 547
146 348 458
120 323 484
180 323 520
131 358 474
99 344 523
84 338 501
148 316 508
88 315 509
81 318 534
101 338 498
163 355 498
111 275 540
136 289 530
90 284 482
172 308 511
123 305 454
111 336 517
174 338 487
120 322 502
126 321 544
109 352 502
139 344 520
120 330 514
143 299 501
126 296 504
154 291 509
125 283 480
144 319 515
88 313 490
119 278 488
153 308 492
142 323 518
130 363 475
181 369 525
93 298 513
178 319 472
146 294 540
151 278 548
99 364 463
144 275 511
150 329 490
146 342 464
84 291 480
82 351 530
181 313 468
103 355 515
123 324 534
126 345 516
162 313 486
99 316 476
162 362 464
143 300 519
115 337 489
150 319 492
145 352 526
97 370 506
96 320 525
90 288 529
138 368 492
161 274 491
113 303 531
135 369 470
135 333 463
153 346 517
127 326 527
149 367 547
87 278 542
181 331 485
126 278 471
88 278 519
119 318 496
170 331 490
115 336 496
95 345 475
118 303 509
98 285 478
87 338 474
128 328 519
99 362 494
100 313 479
114 357 452
172 354 500
92 304 534
87 273 502
153 336 495
105 352 548
143 356 492
132 321 523
142 311 498
105 304 519
173 271 510
152 334 538
178 281 525
85 369 538
172 357 487
170 359 505
108 314 473
118 300 464
109 320 497
166 294 482
83 300 532
163 288 463
83 339 450
82 331 474
88 287 507
153 341 466
171 303 474
90 328 523
165 322 521
175 320 529
87 368 522
172 308 492
168 299 527
162 360 539
158 362 479
96 327 461
170 319 536
139 346 549
138 272 458
148 366 516
170 361 468
123 370 485
181 300 488
107 350 504
118 300 471
150 345 453
158 347 527
142 318 467
123 309 471
147 338 490
100 369 547
99 351 542
123 291 501
106 329 459
81 271 484
128 288 508
94 281 545
135 312 520
143 274 468
171 331 505
99 364 503
83 276 462
168 326 494
99 342 452
178 371 536
129 308 476
143 289 467
114 319 528
108 354 503
88 332 549
116 364 518
175 299 493
162 293 532
153 303 453
108 311 530
94 350 549
93 275 508
153 331 504
119 283 487
133 324 474
116 355 471
175 304 484
121 302 471
145 361 502
155 272 468
121 322 524
117 292 513
176 350 522
156 316 463
110 361 484
81 314 490
146 351 476
120 353 531
170 340 458
171 277 477
179 302 536
95 308 549
131 337 490
97 306 512
179 339 518
122 328 547
162 284 500
96 362 511
166 341 516
179 354 502
180 330 468
115 274 522
180 278 460
116 363 514
119 368 533
82 293 506
140 338 528
126 295 478
152 273 453
179 316 465
88 309 509
95 285 453
154 361 485
128 301 548
181 271 521
103 277 548
115 330 463
111 302 544
92 352 456
157 366 451
124 301 488
114 300 456
152 367 476
172 316 504
84 294 454
172 347 541
91 282 513
171 334 550
143 281 525
135 370 461
168 321 525
101 283 518
99 348 518
83 316 454
121 301 543
98 308 510
84 296 465
95 370 525
93 336 476
132 283 531
124 307 499
155 319 478
154 294 521
147 294 549
93 280 505
149 305 515
142 317 491
94 274 497
149 338 488
128 327 459
89 294 467
113 276 543
82 345 514
96 343 491
81 327 505
107 339 457
118 285 528
173 349 534
144 290 527
118 272 460
82 324 501
149 302 533
135 322 513
133 296 540
110 360 512
111 343 526
95 321 457
140 275 475
283 207 450
273 218 419
263 195 418
205 170 414
286 126 448
193 213 471
262 185 462
217 164 411
204 190 439
244 184 415
216 164 433
270 181 462
260 164 375
240 209 391
194 165 407
264 175 454
220 197 420
292 203 413
275 149 411
229 178 414
260 160 461
208 129 404
293 188 465
278 164 425
197 145 452
216 127 386
219 130 468
270 179 454
211 222 435
253 188 408
199 201 386
264 180 382
259 217 473
245 150 451
270 161 419
223 184 436
239 219 411
243 199 422
263 219 449
233 165 464
224 191 473
209 183 416
274 138 459
217 205 396
230 193 376
262 224 416
201 212 469
291 174 423
217 162 432
202 178 462
286 153 449
249 140 433
263 182 459
205 179 441
241 177 403
208 221 453
243 134 456
253 155 416
209 179 421
287 163 377
276 146 439
279 191 377
216 143 465
217 128 427
257 225 403
225 220 465
279 207 465
228 207 378
281 144 439
210 201 425
254 220 425
258 196 427
194 161 414
215 138 442
274 176 436
292 167 389
216 155 385
225 172 446
249 161 399
266 207 417
264 154 431
249 157 400
275 156 461
276 140 474
247 210 462
214 141 416
207 218 473
288 224 461
283 225 404
216 208 377
236 167 436
199 195 391
264 186 447
293 188 437
256 201 471
199 217 413
259 131 446
224 160 433
248 218 465
258 147 462
243 203 399
277 155 415
243 194 412
200 185 391
286 203 439
246 164 418
197 218 473
278 222 376
273 197 377
201 127 395
202 174 381
287 198 417
232 182 377
267 154 410
276 158 415
237 191 442
232 138 409
216 181 468
288 141 460
240 148 390
293 195 438
232 158 404
252 155 466
216 212 414
286 175 380
269 131 434
268 173 390
226 176 450
261 210 412
280 146 414
200 192 389
259 149 466
229 181 455
291 145 390
194 128 470
274 180 395
284 134 458
195 131 437
214 148 453
205 162 402
258 160 414
267 155 402
228 156 466
248 130 431
261 224 401
235 224 445
196 204 461
282 148 436
266 177 457
246 205 419
226 149 397
254 165 454
265 186 415
217 219 408
245 185 440
242 145 415
278 129 469
239 136 413
216 207 393
259 196 469
251 197 414
222 179 446
279 162 417
241 162 470
270 189 389
243 184 442
214 143 449
283 135 424
272 130 447
240 193 389
288 129 425
248 192 391
241 186 446
196 150 431
247 155 449
228 132 411
220 204 379
268 140 401
241 156 401
270 152 449
217 132 392
249 147 404
252 190 463
236 214 407
284 125 379
242 221 389
255 127 383
229 176 453
206 139 448
270 166 387
224 172 444
196 177 473
223 185 464
285 134 448
211 165 388
265 144 391
196 197 411
215 199 446
285 168 381
287 190 426
234 158 417
281 197 402
255 157 387
254 189 428
239 169 381
280 187 422
202 203 385
253 163 423
203 213 435
214 188 451
226 221 410
279 223 474
282 162 475
219 166 445
264 129 412
195 178 415
204 174 412
291 216 430
257 202 404
282 222 384
220 154 412
253 185 442
243 220 442
213 169 392
238 132 389
243 134 447
291 136 430
262 188 452
251 175 461
207 163 432
228 222 392
197 214 411
208 199 452
254 131 390
214 180 424
266 131 425
273 173 435
223 178 380
225 182 461
292 206 418
259 201 380
276 195 401
229 211 459
233 140 457
292 142 439
195 126 387
246 153 403
266 152 389
250 206 430
255 161 452
238 181 456
207 213 397
288 157 416
207 159 447
278 149 405
271 193 443
276 176 425
274 141 375
255 199 396
217 167 458
194 145 393
277 156 386
256 196 473
238 136 429
210 182 377
207 210 402
272 163 389
238 147 432
271 199 439
258 204 453
219 195 415
285 138 465
249 165 389
268 141 461
278 183 454
209 185 411
282 222 387
286 205 442
201 169 464
267 157 406
286 130 410
281 210 428
202 185 407
207 157 467
223 206 413
292 151 392
255 166 428
216 204 461
262 174 380
212 192 389
214 209 449
237 159 474
211 140 407
195 159 422
204 154 381
198 202 442
276 221 461
224 215 436
213 180 434
257 189 462
236 128 375
286 225 377
280 215 461
266 177 415
208 189 430
267 180 467
211 212 403
215 203 474
251 170 403
227 190 417
293 150 388
277 198 463
285 181 412
265 213 388
239 190 428
239 128 418
219 143 390
267 141 385
265 190 418
235 212 381
286 164 409
248 217 417
249 186 429
249 129 448
225 140 466
278 185 438
282 186 408
207 126 392
226 197 460
198 132 391
229 167 433
252 167 456
241 203 398
217 211 471
206 177 386
286 160 460
231 133 431
281 144 421
238 147 456
221 181 393
211 195 404
245 165 414
273 142 393
232 203 434
283 143 451
276 224 456
194 151 431
277 167 437
264 157 470
200 222 428
206 138 423
255 136 393
202 126 401
234 178 397
239 219 446
271 187 381
247 211 473
278 156 377
217 156 406
211 145 377
250 216 414
193 173 397
285 174 420
218 187 430
288 219 440
215 143 389
248 135 395
246 206 377
237 131 384
202 193 423
195 135 453
239 176 377
251 225 417
229 153 464
196 133 398
237 181 414
245 204 385
264 197 446
286 211 380
292 189 471
202 158 406
245 206 420
264 213 384
256 167 391
196 174 475
253 163 378
229 132 471
252 220 431
242 153 416
232 225 404
217 129 471
203 192 400
232 148 392
227 212 445
289 142 393
193 180 447
254 203 471
275 155 383
205 212 402
282 204 445
239 142 395
220 186 451
199 216 390
209 186 475
224 196 406
237 128 434
247 215 474
246 175 454
234 186 433
291 152 463
243 183 465
259 140 466
251 138 395
268 163 411
291 197 456
285 182 435
212 125 392
267 150 407
263 135 390
196 138 458
280 134 445
226 169 452
274 139 467
214 165 440
270 151 475
202 128 385
263 129 448
244 139 465
265 204 418
206 135 388
205 190 425
236 175 423
257 208 473
241 137 430
290 206 395
223 192 388
223 195 461
198 195 385
211 174 408
195 205 434
203 217 421
287 146 387
243 156 464
225 149 447
230 156 412
246 223 456
264 148 436
234 185 386
199 203 450
194 216 427
203 209 443
205 177 403
249 175 466
284 193 406
231 159 410
270 203 429
216 203 459
261 159 408
281 150 403
198 147 405
194 180 439
264 216 424
219 207 409
207 125 392
278 161 439
217 151 472
249 166 475
209 172 412
261 222 453
193 131 458
268 145 413
261 145 451
222 129 444
200 133 401
256 155 422
206 166 456
247 207 465
270 203 467
268 177 474
218 212 449
254 138 386
249 137 452
280 135 417
208 181 437
204 140 442
206 202 415
236 183 474
205 193 428
207 192 432
222 181 409
203 220 458
218 149 439
268 224 461
249 203 421
289 186 475
205 224 453
253 135 415
276 203 398
214 159 376
230 147 413
