78 44 55
78 73 48
59 47 33
46 62 33
81 58 26
50 57 38
51 62 30
68 68 22
42 68 54
53 37 31
74 63 42
45 77 56
57 46 25
56 73 41
80 47 24
74 70 26
44 37 26
68 46 37
59 43 55
67 39 47
70 64 59
57 41 46
44 58 44
47 45 25
78 48 48
46 39 24
54 40 51
49 37 33
77 63 34
47 66 47
78 39 41
43 75 48
57 76 23
80 42 35
47 48 26
58 42 55
53 69 27
43 64 42
46 46 44
78 38 57
59 62 45
64 58 32
50 37 50
55 54 44
51 48 40
80 51 25
58 50 42
71 57 54
68 49 55
76 61 61
68 76 60
81 51 47
59 49 28
60 37 52
60 77 26
60 67 33
61 68 53
81 63 40
74 43 24
44 52 49
57 76 21
77 61 53
78 73 30
63 46 32
63 42 43
74 54 46
54 52 55
81 38 42
43 47 28
81 72 61
67 65 40
44 46 53
68 46 58
55 60 56
63 71 38
61 42 40
62 64 60
82 53 38
50 61 44
69 72 25
55 40 27
72 46 25
75 43 45
73 46 42
74 69 51
42 64 52
73 75 51
76 64 49
71 37 26
58 71 30
55 65 27
73 67 43
80 42 44
58 39 30
76 56 36
44 73 58
42 54 45
81 51 29
43 57 34
52 44 55
56 55 24
70 41 51
73 71 45
67 74 60
70 51 42
67 40 49
52 58 47
77 67 51
68 69 21
80 54 41
75 61 50
61 76 33
55 70 33
49 69 29
54 42 51
63 61 50
66 48 61
64 62 47
80 50 55
43 49 55
45 66 60
51 59 32
47 73 58
43 46 29
79 49 36
79 45 33
75 46 49
65 77 48
62 40 25
45 69 32
54 51 39
75 42 60
64 62 35
62 63 22
53 65 24
55 50 48
74 61 52
64 41 27
77 43 36
69 75 35
54 40 32
61 48 40
44 72 58
72 48 45
64 50 55
62 73 38
72 58 43
60 40 27
61 63 33
53 58 49
50 62 35
79 65 58
55 41 21
49 54 26
47 75 38
58 48 34
43 45 37
65 63 56
71 71 52
48 37 24
60 40 33
53 52 35
52 46 39
60 40 33
71 47 22
80 66 36
81 47 50
76 77 54
57 55 49
66 51 31
51 44 51
71 48 43
55 72 21
44 50 33
48 46 48
78 40 28
77 74 56
79 75 26
71 52 52
52 49 36
72 61 58
42 60 46
65 60 50
52 43 24
58 76 52
75 75 57
55 47 54
58 72 30
56 50 22
58 75 60
55 67 36
82 48 58
76 75 30
82 61 41
70 53 41
75 39 31
80 69 54
50 52 57
52 68 38
64 50 49
59 37 28
46 61 50
55 55 31
54 63 48
62 61 31
48 63 57
55 54 50
64 62 28
54 42 22
79 47 35
46 38 46
79 77 49
61 52 31
75 42 51
59 68 37
79 65 49
46 67 53
80 64 31
66 70 55
47 62 25
62 65 39
45 45 34
56 59 26
75 53 56
66 74 38
63 58 29
46 63 46
57 67 36
70 45 40
72 59 59
42 76 52
74 67 35
47 74 51
78 44 58
53 69 61
77 58 37
50 66 48
56 48 31
48 62 45
64 61 36
62 76 43
52 42 48
77 64 41
74 73 56
77 44 34
51 57 60
47 53 32
78 54 57
67 73 32
61 71 33
71 68 40
62 43 39
55 50 33
60 71 32
70 53 61
48 48 46
48 60 47
76 42 45
57 76 22
66 65 23
43 39 58
53 48 32
50 38 61
64 72 28
82 67 48
72 54 42
58 60 25
50 69 36
75 55 43
81 71 59
61 77 41
53 64 30
79 65 52
46 49 23
54 56 28
51 39 61
68 51 28
46 50 35
73 71 60
46 45 56
53 54 36
68 58 33
52 58 22
54 58 48
62 46 28
78 52 56
51 57 61
50 60 25
52 74 24
67 61 51
51 75 54
72 41 22
64 58 34
62 74 48
56 46 43
54 38 33
69 51 23
69 61 61
53 42 57
49 53 24
55 66 25
64 39 37
65 66 23
52 55 46
45 46 54
43 47 47
69 42 54
54 62 25
78 64 47
76 69 38
74 51 35
49 65 32
52 63 44
76 69 43
69 42 23
75 42 38
49 44 41
80 48 50
81 47 47
61 70 60
62 45 26
45 42 55
44 65 41
65 50 41
60 68 24
63 56 56
82 49 39
54 59 42
58 65 21
48 65 47
65 62 27
68 57 27
81 63 22
82 49 25
64 70 55
50 65 39
57 72 37
77 47 38
81 69 22
79 54 23
77 71 59
51 70 24
53 61 50
77 53 32
61 64 61
55 77 33
70 71 31
72 61 59
53 68 58
72 42 25
71 46 22
57 53 25
47 67 60
48 63 51
71 51 43
75 51 55
80 70 51
56 62 34
49 48 41
44 55 38
75 74 51
43 76 57
70 46 29
45 37 34
55 59 41
69 72 41
70 72 26
72 76 43
60 39 60
73 52 44
80 67 61
76 66 44
76 42 29
82 49 22
55 45 50
51 57 26
44 45 42
49 50 38
54 54 51
75 38 36
44 63 30
66 40 44
62 58 21
64 44 35
72 38 36
74 76 46
71 45 32
64 50 61
45 54 40
61 55 31
76 39 37
67 58 30
81 37 48
46 62 58
56 41 35
72 44 58
65 55 61
63 71 30
46 38 22
62 72 50
48 41 47
61 49 53
56 66 26
70 61 33
53 65 59
80 69 44
60 76 40
46 42 46
75 37 25
59 39 44
53 66 61
52 76 57
53 67 35
62 44 28
60 70 27
51 67 54
45 59 34
55 54 22
80 53 47
42 63 41
80 76 59
75 59 60
77 72 45
74 58 21
57 71 43
44 61 32
60 52 60
67 57 31
75 76 41
56 58 26
58 59 30
54 53 31
59 54 51
57 37 57
62 57 32
64 47 53
70 40 54
43 56 49
64 53 21
75 74 39
78 60 57
55 59 32
45 41 40
68 49 49
82 39 57
50 67 26
66 51 36
68 38 24
50 45 33
69 56 52
70 49 28
66 75 34
73 72 54
79 70 52
73 66 54
64 67 24
46 46 28
78 68 25
49 46 49
69 57 23
55 63 30
77 64 34
65 37 28
74 40 27
65 76 30
49 60 36
46 72 21
53 75 21
68 66 34
75 49 26
79 60 41
51 59 29
67 58 26
54 46 57
65 56 43
60 39 55
44 60 32
60 67 29
45 49 52
52 51 38
53 37 39
67 59 58
71 76 53
48 53 32
58 76 60
80 57 47
71 50 55
48 50 41
55 71 39
69 74 28
58 42 61
70 44 31
48 63 61
42 54 40
53 68 21
57 47 36
78 73 60
63 64 50
80 48 60
43 38 48
73 61 39
80 67 45
44 61 45
64 40 52
49 72 30
66 48 23
49 75 34
59 50 55
72 76 58
74 57 55
42 69 42
64 74 39
71 50 56
49 53 21
72 38 24
71 51 54
53 72 52
70 49 49
53 74 35
57 69 35
62 51 44
43 63 57
74 65 55
57 62 27
67 63 47
77 64 28
44 38 51
72 66 50
68 77 56
82 37 54
65 55 26
78 62 25
60 73 57
65 73 46
64 38 56
77 45 34
64 40 38
69 48 46
63 70 34
55 63 27
47 43 50
58 76 29
67 70 57
70 62 39
82 51 52
47 50 35
44 45 50
73 45 53
42 48 51
57 68 29
81 38 48
55 63 48
66 57 42
45 38 52
58 60 53
67 70 50
43 52 36
50 74 30
63 44 22
76 75 48
42 46 60
80 60 33
57 67 40
55 41 41
73 72 28
48 56 34
46 49 57
64 67 51
42 50 42
52 65 39
69 50 33
71 56 50
79 77 27
49 65 39
73 37 31
66 75 44
57 45 60
63 53 42
54 77 59
81 69 57
77 55 40
69 54 29
78 69 50
52 49 50
50 40 35
71 52 48
59 57 54
72 57 54
69 74 49
59 37 36
52 67 57
51 48 60
53 57 29
51 70 53
75 46 61
79 40 30
70 57 23
79 75 29
61 41 26
60 56 29
27 35 35
37 16 35
0 33 32
2 39 48
19 16 43
10 32 46
23 27 34
10 24 57
23 18 58
4 19 54
28 36 48
17 39 24
26 34 42
30 52 46
21 28 35
17 42 35
24 44 43
0 47 54
29 42 57
38 22 38
10 27 45
18 48 59
10 52 61
27 23 53
37 34 29
20 50 28
19 41 60
6 40 57
3 27 33
31 50 59
29 47 59
0 24 45
2 18 57
24 33 34
15 48 24
21 54 32
34 33 58
24 49 30
0 25 59
5 28 33
3 28 47
11 31 33
31 42 38
21 54 54
20 42 47
31 15 36
32 40 56
-2 54 25
3 51 32
19 34 29
19 41 37
-1 33 28
20 29 48
-2 43 29
29 55 60
22 26 50
13 30 28
32 36 40
30 22 38
38 31 27
36 19 46
11 33 23
12 28 45
13 43 51
22 49 54
2 52 63
16 53 47
33 45 38
26 37 56
10 44 52
6 43 61
21 49 35
2 31 46
7 39 44
23 35 36
3 22 46
38 26 23
6 33 57
20 50 35
8 18 41
23 19 32
16 37 53
0 51 53
12 54 28
31 30 29
2 43 53
31 51 37
8 49 38
27 38 62
35 43 40
-2 21 63
0 21 58
29 31 34
6 48 34
-1 31 31
9 41 45
30 42 26
36 32 58
7 21 33
16 21 36
14 15 43
26 44 31
22 42 63
16 39 54
-2 34 63
16 43 37
6 42 42
29 48 33
16 52 28
13 33 52
25 46 53
9 40 25
36 47 59
7 45 53
34 24 55
34 19 41
11 20 31
7 45 51
27 21 27
0 45 48
13 23 63
4 23 49
-1 41 52
9 33 31
21 21 23
30 47 35
1 40 51
4 25 46
6 45 59
16 40 40
-1 38 34
34 51 36
30 18 32
22 34 56
22 50 55
15 21 24
-1 32 38
32 21 48
12 31 23
4 23 49
27 38 62
19 55 31
23 47 59
0 51 44
20 27 37
25 37 57
36 17 55
13 33 61
10 44 61
2 32 24
6 28 23
37 46 42
7 45 33
30 15 47
4 45 60
9 21 52
5 41 40
8 43 50
5 37 55
0 35 49
6 55 49
10 32 39
19 22 33
18 22 36
25 41 27
12 35 41
0 24 49
38 38 50
12 28 62
-2 49 63
9 22 35
5 51 46
19 49 42
18 54 41
33 20 63
1 49 46
23 19 36
7 17 31
4 33 45
4 31 36
28 43 46
38 15 31
0 45 55
8 55 32
25 22 44
11 50 60
9 25 43
25 19 58
8 24 57
26 52 30
6 19 48
23 51 26
2 25 51
27 52 46
35 20 39
25 37 24
5 52 56
32 27 46
34 44 46
31 52 32
27 25 45
14 30 43
1 39 28
31 47 35
37 32 41
6 38 39
21 52 36
9 43 58
14 22 25
24 44 36
36 24 53
24 29 28
3 44 47
0 15 53
23 47 44
26 16 37
25 47 62
36 54 62
11 19 61
21 25 53
1 18 42
17 38 63
19 51 62
0 22 51
6 30 29
5 15 42
11 55 45
33 47 43
8 26 61
19 54 43
26 33 33
4 26 36
36 52 46
-2 36 29
25 16 24
19 55 45
-1 30 40
2 51 43
7 38 36
5 52 37
28 20 34
29 53 41
25 53 32
22 36 38
27 26 55
13 47 59
12 29 58
25 51 33
8 26 41
22 28 23
21 18 30
21 34 56
11 51 38
19 26 44
19 26 46
13 44 38
18 28 58
11 31 61
28 48 24
16 35 50
18 45 34
35 54 59
30 53 23
13 43 63
26 24 39
17 35 56
4 48 28
36 32 26
22 52 49
15 33 51
10 42 57
28 16 23
5 43 60
12 25 28
36 51 31
18 26 53
33 55 32
19 42 59
26 23 59
27 53 30
10 36 59
38 49 59
12 38 43
11 23 54
4 39 60
10 55 41
3 25 29
34 34 42
2 50 51
30 32 37
1 54 56
17 48 37
-1 26 63
36 27 31
38 49 36
19 42 34
12 17 55
6 28 62
31 55 31
8 44 39
29 27 47
27 16 23
10 55 57
13 38 25
25 51 47
33 27 27
9 28 24
24 19 40
22 41 57
30 31 54
26 47 30
15 50 35
3 17 26
11 20 47
9 24 51
36 42 50
38 47 36
16 40 41
12 34 32
10 18 25
9 44 34
35 30 39
3 24 55
33 43 52
26 38 39
25 44 38
32 45 58
2 33 52
1 27 48
9 21 57
15 46 39
21 45 29
33 18 45
-2 28 51
14 28 33
8 54 25
28 43 63
4 34 34
30 17 30
22 19 43
36 27 47
25 44 39
31 19 55
25 18 63
12 38 28
32 47 25
15 49 47
2 18 39
1 35 51
34 49 59
15 51 46
5 21 49
3 45 40
33 23 60
25 54 27
20 25 26
2 40 26
11 35 24
27 42 43
8 31 50
25 35 36
6 54 61
32 34 48
30 37 51
19 53 42
24 35 54
13 41 60
0 31 43
18 24 36
17 49 34
1 33 41
15 48 46
11 18 31
19 41 33
10 33 42
22 22 62
1 33 37
-2 39 42
34 31 47
28 53 41
22 42 28
19 18 58
20 31 43
-2 20 62
26 44 58
13 39 27
-2 40 45
32 15 31
28 45 53
29 22 53
25 38 40
25 48 34
25 45 58
32 43 23
7 47 55
18 33 56
-1 23 26
37 48 25
4 32 28
4 17 38
20 17 23
12 39 41
25 31 44
11 44 49
22 32 60
5 54 30
-2 36 46
24 29 26
26 54 35
9 33 23
0 27 39
13 39 33
21 53 54
13 30 33
16 54 41
28 17 41
13 47 51
6 30 51
3 34 49
31 18 49
-1 21 43
29 35 52
22 40 45
2 31 60
2 50 46
37 30 61
27 26 49
28 39 45
33 21 27
23 38 58
37 35 61
35 51 33
-2 49 46
30 24 33
15 36 40
29 15 38
4 22 38
13 35 31
19 29 38
30 52 36
17 33 46
32 16 59
25 38 43
2 40 56
22 32 61
5 16 45
6 29 47
32 26 61
3 24 57
32 20 61
18 52 32
30 52 58
25 48 42
0 48 26
27 31 50
29 38 46
8 44 57
33 35 55
30 42 24
-1 23 24
-1 54 61
22 48 27
5 16 42
26 47 35
22 33 46
13 32 26
28 31 39
22 49 43
36 17 50
24 40 25
6 27 48
18 41 27
28 19 50
11 21 26
8 40 26
36 15 43
3 21 26
30 31 53
19 18 39
7 35 41
3 19 31
6 39 44
38 27 25
27 25 25
35 47 56
15 40 28
13 33 57
34 19 61
22 26 34
30 38 25
24 43 24
33 50 55
12 20 48
13 26 61
19 27 29
38 26 61
36 31 49
30 29 33
5 36 60
36 17 59
13 36 39
1 51 41
17 45 51
9 48 63
29 16 51
12 50 63
17 25 37
36 55 51
25 22 42
33 42 50
22 50 63
23 49 29
16 15 34
20 54 37
36 17 33
15 15 61
17 52 47
7 53 33
37 32 56
15 36 26
19 23 56
25 49 42
38 19 50
19 39 43
35 50 59
26 34 28
5 34 50
31 35 61
-1 17 34
7 41 35
12 38 30
16 33 58
10 25 32
36 27 60
5 35 63
12 28 58
13 50 34
37 31 44
17 31 25
6 41 56
6 16 55
1 49 23
35 26 27
13 43 56
23 53 56
17 38 36
5 24 36
14 53 39
32 48 62
-2 17 31
28 18 29
30 49 36
4 41 44
0 24 27
35 19 60
24 48 43
17 30 32
29 33 60
34 19 50
25 51 37
12 22 41
8 28 63
-2 29 31
14 38 43
19 42 41
11 42 63
0 55 62
36 45 45
36 24 36
35 16 52
5 19 41
36 31 54
-1 46 52
35 30 47
24 22 46
26 18 61
23 37 25
5 38 41
17 34 45
30 29 37
8 16 24
7 43 52
2 33 35
34 35 54
14 51 39
4 18 34
22 20 44
9 53 37
19 17 35
20 31 29
14 33 27
8 48 24
7 46 55
16 18 39
19 19 61
31 43 25
12 30 54
25 32 51
1 55 25
27 47 40
68 52 106
58 75 98
37 49 73
45 62 76
61 51 72
48 40 80
58 62 102
61 59 70
71 75 108
42 72 78
51 65 87
50 41 93
47 53 72
46 74 107
47 46 74
37 49 86
57 46 77
73 68 86
37 76 110
59 66 80
36 66 98
65 62 89
57 73 91
67 48 70
52 49 86
35 71 105
38 55 91
52 62 82
71 43 77
51 45 92
69 60 103
71 80 97
57 46 101
51 42 74
73 45 93
52 42 81
71 42 77
61 42 77
53 66 76
47 56 106
71 79 81
37 69 110
55 68 90
58 57 100
42 46 72
38 70 98
49 73 81
41 58 95
61 59 81
66 65 87
49 57 99
64 54 104
71 60 104
73 71 74
63 80 96
68 45 75
68 76 86
72 76 102
34 45 80
51 42 78
71 63 77
48 48 88
39 51 97
62 75 97
59 40 89
52 62 73
38 51 100
51 44 71
73 73 84
34 75 70
62 79 80
44 60 77
40 52 110
73 75 92
51 51 91
41 64 98
38 72 86
49 52 75
55 47 89
46 51 99
54 66 102
53 78 83
48 51 89
45 59 70
51 78 75
57 56 78
68 77 88
64 73 106
74 79 110
38 69 104
46 44 103
35 44 81
73 78 81
60 50 97
59 55 71
47 72 83
54 56 90
57 58 79
44 64 103
47 68 88
66 54 89
43 54 73
71 71 85
41 67 87
41 42 72
55 52 99
36 66 84
35 75 81
72 45 84
55 73 103
50 75 90
63 71 88
35 45 93
45 46 99
35 68 90
36 46 76
42 63 79
74 63 103
54 56 92
58 60 103
39 64 109
42 40 88
34 79 84
70 63 97
39 50 75
71 60 101
35 75 88
62 80 73
68 51 103
63 75 87
51 44 77
34 43 85
37 67 93
56 49 92
53 76 76
67 54 88
61 54 90
51 50 108
73 71 85
53 51 75
65 77 101
50 80 86
72 79 97
45 78 82
73 63 73
74 49 70
46 54 97
73 49 95
66 80 95
44 56 75
40 60 95
74 58 84
37 55 78
50 44 81
44 48 103
71 65 104
55 71 103
51 48 86
57 62 91
36 64 106
64 42 83
34 79 92
47 54 102
54 72 102
63 41 109
74 59 108
58 68 81
44 47 78
74 50 73
71 71 89
45 79 84
54 64 72
61 70 101
70 48 89
56 46 85
47 43 94
68 66 105
55 47 94
74 56 106
62 44 75
38 68 89
54 50 98
54 62 90
37 52 95
66 73 92
68 59 84
58 67 86
57 66 89
41 40 75
51 51 83
37 45 77
73 66 97
45 73 109
65 45 90
43 63 108
42 42 104
61 71 76
41 70 88
64 63 95
69 52 79
45 61 89
37 61 84
40 49 94
37 51 84
65 48 104
62 68 74
59 63 103
59 46 80
35 55 95
71 66 70
60 50 110
40 59 104
49 45 78
68 64 91
73 60 91
63 48 72
55 58 97
59 78 86
65 45 83
45 51 83
45 78 75
66 60 94
53 60 98
34 70 72
74 63 72
54 64 94
72 67 74
62 49 106
57 57 74
69 68 95
46 52 73
47 78 79
64 77 92
72 49 98
50 55 79
58 46 89
43 78 98
69 74 98
61 63 87
63 65 94
54 65 79
69 60 92
46 65 99
36 69 73
66 43 79
64 55 95
44 71 98
67 52 83
62 62 99
34 52 96
60 74 105
69 45 104
57 41 108
70 71 87
65 71 79
56 76 87
62 50 72
49 43 78
71 75 81
34 79 108
68 80 81
61 78 83
66 57 101
58 65 86
37 59 72
51 48 76
66 41 92
71 50 91
35 47 100
65 57 96
61 74 82
34 59 92
61 75 87
38 77 91
37 58 83
63 64 77
43 51 109
60 66 104
69 44 95
41 44 77
42 46 71
74 75 98
50 56 78
55 49 95
40 72 88
53 73 92
68 71 79
37 52 102
73 58 103
48 60 94
64 63 81
41 79 86
35 58 108
48 52 80
43 77 76
54 58 101
71 45 95
38 73 74
63 79 82
53 56 88
42 76 102
55 79 70
64 44 108
61 60 85
54 45 79
47 45 104
50 60 94
73 48 98
65 76 92
57 50 92
43 44 96
44 69 74
60 64 72
50 48 78
47 71 75
61 64 76
48 72 101
53 46 85
34 41 80
63 77 74
67 72 71
58 44 102
63 51 91
63 40 84
59 52 91
69 50 80
44 65 87
52 47 93
58 70 106
40 77 97
65 61 75
52 52 97
67 53 106
43 57 100
69 62 90
38 62 105
59 55 84
70 52 85
60 76 109
57 54 84
34 71 78
47 52 78
72 65 100
52 79 99
74 47 98
74 64 103
45 56 82
56 49 71
45 54 78
63 80 103
49 52 99
46 76 91
51 76 78
47 59 77
40 72 87
54 48 92
42 58 81
56 47 77
57 41 83
71 48 71
45 59 99
43 78 83
67 79 79
60 77 96
44 61 110
72 58 98
65 55 105
60 75 88
46 64 80
61 69 95
34 52 94
48 51 108
44 78 104
56 71 105
39 76 92
53 50 109
34 57 94
35 63 95
41 74 74
47 43 75
38 57 84
72 73 76
61 63 88
38 59 97
61 54 106
60 66 91
69 68 110
66 52 97
72 65 92
55 40 95
59 69 82
69 71 104
50 58 73
74 67 109
72 59 102
46 48 95
68 74 96
43 46 87
45 80 97
71 45 74
54 43 80
73 45 106
41 70 84
67 60 102
61 46 70
47 62 84
48 42 91
38 55 93
36 57 110
56 77 101
37 45 97
60 46 90
51 70 102
67 61 70
51 47 89
50 75 72
55 55 94
39 59 78
49 63 109
72 75 89
72 76 92
41 60 87
73 69 95
44 67 91
54 40 103
38 76 83
56 78 110
36 42 78
38 51 88
53 78 96
41 57 84
45 63 105
49 44 75
43 71 99
65 40 85
38 80 79
64 76 80
67 61 88
42 41 72
74 61 104
62 59 75
65 53 97
55 43 82
64 46 101
73 61 107
37 64 99
52 45 89
38 69 91
70 40 100
67 61 97
69 52 87
66 80 95
60 70 90
38 63 86
43 79 98
64 72 84
42 60 107
35 80 96
49 76 90
51 55 97
56 77 97
48 73 110
36 52 83
59 72 91
40 77 70
63 79 93
67 72 72
70 58 91
43 69 98
68 40 102
35 48 104
66 48 101
69 53 90
39 47 97
67 79 74
57 69 90
54 63 70
42 60 104
72 55 74
59 43 97
48 47 81
74 49 99
56 59 97
69 40 71
44 53 92
70 63 95
37 46 73
66 45 99
60 40 83
68 55 84
65 78 91
74 68 93
42 73 108
63 40 87
62 45 103
71 41 107
34 79 88
62 64 87
46 55 86
74 78 83
37 61 95
41 48 104
43 42 71
35 59 107
64 80 104
43 71 108
37 71 105
71 76 100
71 67 95
67 73 80
42 74 97
49 47 109
45 64 93
42 62 88
57 78 74
37 61 72
68 73 73
39 71 94
59 61 97
51 53 109
37 54 110
73 73 80
38 48 89
36 42 84
70 62 85
41 41 108
73 46 81
42 74 81
66 40 107
47 59 71
65 68 78
53 45 88
63 41 110
40 45 102
49 73 95
41 54 71
64 57 80
72 74 94
36 61 97
37 78 101
40 65 108
63 46 101
74 56 102
63 54 99
66 79 76
49 73 100
64 40 71
65 75 82
41 76 74
64 57 70
54 55 77
58 69 91
39 66 110
41 74 75
71 55 73
38 80 98
71 77 83
73 75 91
46 56 77
40 62 105
66 45 85
45 57 106
64 75 102
73 41 104
35 64 100
49 63 105
44 74 104
65 76 99
37 52 70
65 64 85
59 46 109
36 78 106
56 44 96
61 80 91
52 64 73
38 47 87
72 80 73
64 52 104
48 70 110
51 53 85
57 44 92
54 80 73
53 68 100
50 67 84
71 53 93
44 46 84
51 42 77
46 77 110
73 70 105
55 41 80
56 43 107
45 64 95
73 58 109
54 42 87
39 59 70
56 70 99
69 69 90
70 45 74
43 47 108
40 51 95
92 15 7
101 8 22
103 8 20
97 15 28
83 7 13
105 -14 3
67 -8 30
77 5 32
77 -5 24
66 1 -2
86 8 -1
96 -4 6
70 11 32
94 2 21
90 -11 15
76 17 27
73 12 -4
104 13 3
85 -16 15
87 3 23
72 21 35
98 20 -5
67 23 -4
87 -15 -2
101 -14 10
76 -12 26
71 17 11
71 -13 21
80 19 35
79 1 8
80 11 -3
77 11 32
77 12 20
71 13 17
68 23 15
79 -7 25
81 18 12
103 -5 28
85 12 14
78 2 16
94 16 28
93 -5 7
106 6 2
92 8 15
71 22 31
66 -5 2
87 18 6
104 8 4
96 -13 34
98 -15 3
87 23 -4
80 4 -5
84 10 13
100 9 1
74 -14 32
92 18 -1
91 4 3
84 4 13
100 4 8
83 18 32
67 -15 30
83 8 15
78 2 -2
68 18 33
86 -7 32
105 1 1
85 14 4
106 -7 21
91 22 31
71 1 10
100 -14 27
82 -6 -3
72 16 -4
77 -10 2
101 12 31
90 18 34
83 15 14
101 11 33
106 5 33
91 13 26
101 16 11
97 5 -2
90 12 0
97 -1 31
90 14 13
86 -7 31
78 18 16
105 13 31
101 -2 8
89 -1 14
87 20 25
85 6 -5
95 9 26
70 19 1
67 6 15
102 23 19
68 6 20
106 -7 -1
80 -1 29
85 1 -3
88 3 4
92 -11 -2
68 16 13
87 6 18
70 -4 23
73 10 15
68 13 -4
83 8 34
92 2 30
70 6 -1
88 -12 14
92 15 22
76 5 13
104 17 20
74 2 11
80 -9 22
100 2 16
77 -5 8
72 7 17
92 11 3
93 14 4
78 -5 -4
94 21 15
66 13 12
94 17 -2
71 10 7
87 -4 -1
103 21 33
76 0 7
93 18 33
87 20 5
79 16 14
67 -14 34
101 21 26
94 3 0
85 -12 26
103 -14 9
76 9 -5
95 24 5
70 -10 18
97 23 12
70 9 8
66 -13 23
75 15 5
70 0 6
101 -16 6
72 3 5
71 1 25
99 -1 10
74 -4 0
104 6 34
98 -8 7
89 -11 8
87 3 12
99 19 27
84 14 16
80 -1 5
71 -10 26
72 16 25
82 20 30
106 -6 4
78 -5 22
84 1 2
102 -8 27
91 -10 8
72 -8 29
102 4 3
82 -9 5
97 -11 27
79 11 32
85 4 29
97 9 1
75 8 28
77 -5 35
75 2 27
90 -3 33
78 12 35
70 5 24
76 3 -4
82 -4 23
106 12 9
105 -11 22
86 7 11
75 23 33
99 23 29
66 -1 5
105 -13 22
87 17 28
104 7 -2
71 6 25
77 5 -4
93 18 -2
104 -14 17
72 -10 35
72 -10 12
96 -16 28
80 -2 23
93 -14 22
100 19 16
101 8 1
90 -3 24
70 11 26
93 18 11
73 -6 6
90 -9 13
78 1 9
93 -5 2
88 -15 19
98 -14 23
103 2 22
97 9 29
67 0 8
92 -11 3
66 10 26
70 -10 10
94 24 2
76 -12 21
92 4 18
97 -3 34
89 -8 20
89 6 25
98 21 21
95 5 12
76 22 21
75 3 14
99 4 23
102 9 22
78 14 23
90 19 32
93 7 7
79 1 9
90 19 5
88 -4 1
103 21 4
88 4 0
69 3 32
87 15 -4
66 -16 3
94 9 26
73 7 -4
84 -4 9
86 -7 27
88 24 8
68 9 19
105 -13 35
86 21 19
79 -5 23
85 10 6
102 24 29
88 7 12
84 10 8
67 4 12
102 5 13
97 2 25
106 23 12
90 -9 0
70 -2 30
105 -9 17
74 6 5
82 -5 -3
67 -5 18
67 12 9
96 -10 9
67 18 13
66 -1 -5
81 -4 -1
78 17 0
74 12 27
94 6 8
74 -14 28
79 24 21
96 -16 8
73 16 26
83 3 -5
91 -14 9
90 3 -5
76 -6 14
88 13 9
82 17 34
103 23 33
70 -3 16
87 13 19
82 15 14
68 10 2
86 -9 27
80 6 26
103 4 3
74 -12 33
77 16 27
72 6 -3
70 9 -1
101 18 34
73 5 33
68 8 14
66 3 13
71 -2 1
103 -9 12
90 24 8
71 -5 28
81 13 17
97 -16 28
102 -4 26
94 5 -4
72 -12 6
85 -10 29
85 4 35
87 8 18
99 6 35
92 15 5
105 7 9
90 -15 22
78 -5 30
90 -4 12
85 16 4
104 0 -4
70 3 6
97 -2 12
84 5 26
95 16 2
66 7 11
78 -16 31
81 20 -3
106 17 32
83 14 28
99 -13 0
70 10 19
94 8 -4
97 2 17
102 21 8
77 -6 -3
85 -11 32
76 13 34
84 15 1
90 14 20
87 3 34
82 19 -4
90 5 18
77 19 13
91 13 11
73 9 2
75 15 -3
84 -15 24
100 -6 24
76 2 -3
100 -16 24
78 -12 11
91 24 26
105 0 9
90 6 24
85 19 4
73 -2 11
84 -9 3
78 13 -3
88 11 4
69 -1 28
89 17 24
78 15 -5
83 1 32
102 9 31
71 9 28
74 0 29
85 -11 7
90 -3 -4
74 -6 2
94 -1 -1
105 -16 26
87 17 18
78 -14 -1
91 0 6
90 -1 28
93 12 17
76 10 25
91 -15 18
68 -1 28
70 22 5
81 17 -3
68 20 26
70 18 29
94 9 21
82 -15 10
68 13 19
71 7 -3
68 6 10
66 7 2
100 -3 26
67 6 8
69 16 26
103 -15 12
69 -12 0
80 11 24
72 0 26
74 17 12
83 -6 1
106 9 28
75 17 -2
81 -11 23
100 23 11
80 24 22
94 -6 5
96 4 6
67 -10 25
98 -1 15
68 -10 -5
105 19 7
91 -1 13
99 -13 19
68 24 14
68 -4 35
76 22 13
77 18 -4
74 -7 7
85 -4 5
86 -1 19
89 17 10
89 24 7
91 9 7
101 19 0
91 -3 20
75 13 10
77 4 20
73 0 -5
82 0 5
103 20 33
72 22 7
67 6 23
71 -14 1
85 23 2
75 2 23
76 -11 24
81 17 9
102 11 27
104 -2 -2
87 -5 20
83 13 0
91 7 7
85 20 22
102 17 8
67 -13 27
94 -1 12
104 1 23
76 -13 6
106 11 23
78 6 12
82 13 15
77 -10 -1
95 -8 29
101 13 -3
100 13 3
102 -14 12
102 -3 2
87 11 29
72 17 -1
68 -12 16
106 15 22
91 -6 -3
89 15 -1
79 -12 17
103 -5 4
84 9 25
91 0 27
103 18 2
101 -12 11
94 0 -5
73 22 -4
84 17 27
87 4 -2
77 -1 33
90 -14 31
73 16 7
89 -9 28
81 12 15
93 -13 21
76 9 5
69 14 20
78 2 4
104 23 27
74 -8 0
86 24 35
98 -13 26
92 -5 33
97 0 9
93 -14 7
86 7 3
106 18 16
75 -15 26
103 24 18
71 -9 35
81 -10 14
97 -10 33
98 -3 33
81 22 -3
105 19 29
83 5 23
95 -8 29
89 -8 33
93 -11 -3
78 0 1
82 1 20
69 5 8
86 20 10
102 -4 12
101 -1 29
96 17 13
106 -5 21
103 2 3
98 -16 9
80 9 23
99 -7 2
86 8 1
93 -5 34
77 -15 29
83 16 33
86 -4 30
87 -11 8
70 -10 30
89 -3 -2
93 -10 5
100 21 35
92 21 8
96 8 11
104 -7 34
85 4 2
88 -11 0
66 11 27
83 -14 27
66 -5 4
89 -10 20
84 12 27
86 -5 7
75 0 32
100 13 27
91 17 31
88 -14 1
75 19 8
105 -10 20
89 22 29
101 -11 18
87 1 -5
105 12 13
77 11 11
87 23 10
101 -9 31
95 10 22
93 21 28
95 3 28
83 8 19
79 23 25
85 9 0
95 3 6
79 19 11
67 -5 3
90 11 35
99 -9 0
92 -1 0
97 -7 33
80 -2 17
82 9 12
87 2 -2
67 16 28
87 3 1
96 -8 16
82 24 5
99 1 4
102 12 17
105 13 -2
92 -5 24
90 23 26
66 2 5
91 -15 28
96 -5 2
79 -7 12
70 -8 -1
67 14 34
88 -8 13
99 1 5
69 11 17
73 -7 15
97 -16 23
71 0 13
87 -8 -1
102 -15 2
95 4 6
74 4 17
74 0 4
78 -11 4
98 -14 3
97 7 9
100 16 -1
66 16 33
87 1 10
95 0 6
80 8 33
92 8 16
69 -16 8
85 2 34
80 20 35
72 0 -3
97 -6 30
97 1 6
81 1 -3
24 5 25
34 16 20
8 5 17
0 18 -6
28 6 2
38 30 25
38 6 -2
23 31 24
20 34 -10
21 26 18
5 10 4
31 35 -3
22 16 -11
6 12 4
21 22 23
37 9 16
-1 35 9
9 -2 24
25 33 12
10 19 25
30 33 -9
5 18 24
3 17 12
24 -5 15
18 1 -7
38 -4 6
12 -4 -14
19 8 0
10 14 17
3 13 14
-1 -4 -11
37 25 12
6 15 16
19 24 25
36 7 -1
20 7 -4
20 25 2
17 0 -12
22 17 16
14 -4 2
4 32 9
20 28 -14
1 11 14
20 -1 7
17 16 11
35 -4 -6
1 -4 -2
7 18 8
25 -4 22
6 31 -10
10 30 22
22 30 -8
16 24 -13
1 9 -12
16 0 -7
3 17 14
38 20 -8
12 29 22
21 10 26
5 5 -12
21 26 17
34 23 -6
28 0 -4
31 2 -12
30 1 -12
11 34 24
13 22 11
0 1 13
16 2 22
29 21 -1
34 33 17
39 35 19
21 19 -9
20 9 -2
6 -2 -7
0 27 3
15 3 3
20 -3 12
17 11 16
25 35 9
7 26 -11
33 5 -8
19 8 -14
35 33 10
14 -3 -10
14 -4 -4
3 21 16
35 34 2
25 0 22
5 33 -8
22 10 23
10 26 7
0 15 9
26 10 0
21 30 22
11 16 6
1 12 -9
14 35 15
36 -4 14
20 29 11
20 7 14
14 -4 -8
12 13 26
11 7 -7
14 29 -5
16 -4 21
21 17 11
27 0 21
3 8 21
30 26 -10
10 13 -8
31 22 -10
38 1 -3
22 23 18
0 2 18
9 25 16
27 2 -4
4 1 -2
25 2 26
0 5 2
15 25 1
25 18 15
7 33 15
30 6 9
1 34 -4
31 34 13
26 -2 12
36 22 11
39 16 23
19 33 -9
24 13 13
6 9 -11
8 6 15
32 1 -6
1 31 25
-1 23 -5
2 1 -14
8 4 21
37 9 24
18 14 -11
31 12 10
22 17 23
4 31 -13
38 34 23
24 28 -8
37 0 25
30 18 24
29 30 3
12 28 -14
1 34 -7
34 16 19
38 22 20
3 1 -6
29 34 -13
32 29 16
28 30 -7
3 7 13
10 20 3
6 19 15
11 -1 2
20 26 18
34 35 -7
0 18 -3
30 23 2
4 12 20
33 26 11
22 27 19
29 2 23
12 9 0
0 22 11
35 2 1
36 0 5
21 14 6
23 30 4
15 14 7
30 8 2
32 14 -9
31 13 13
2 28 12
10 18 -10
13 22 -6
36 21 -14
9 16 24
26 -1 -12
0 -4 23
31 5 2
17 1 25
18 33 7
10 6 23
6 -2 5
11 19 -10
24 10 25
1 25 3
39 13 10
12 6 -11
4 10 1
35 23 -8
32 32 0
2 33 6
1 19 7
1 8 21
31 23 17
3 32 16
12 7 17
39 -1 7
31 15 -12
30 11 23
7 29 15
12 18 21
6 13 -13
25 6 19
17 -1 7
30 30 -12
34 11 10
21 11 14
38 27 13
7 13 7
38 15 22
15 24 17
36 29 3
28 32 11
6 27 -6
28 3 13
24 31 16
12 11 15
-1 1 0
27 21 -7
1 24 3
27 31 -9
19 21 4
-1 -3 -14
16 35 13
33 15 -7
3 -4 6
8 28 11
3 0 6
21 34 -11
10 30 -14
0 20 26
14 33 24
28 27 0
29 29 26
14 32 23
4 16 19
6 32 17
15 3 -9
7 11 -9
27 30 -4
30 30 25
15 16 23
18 26 -14
32 23 2
26 34 13
27 25 6
4 34 9
33 35 18
8 13 -10
14 15 1
22 35 7
32 -2 13
22 1 25
10 22 13
6 11 -14
5 1 14
4 15 -14
4 0 8
5 11 13
32 34 10
17 29 14
6 2 -11
1 -5 0
31 23 -12
20 10 18
27 28 -14
14 9 -14
30 -2 19
5 31 19
31 23 5
4 4 -7
32 6 -5
23 25 -7
32 -3 -9
24 4 8
33 28 -1
13 21 23
31 -3 24
28 2 -1
27 23 -9
10 -3 11
33 7 18
7 35 -1
36 25 -8
29 23 18
29 11 9
31 29 20
34 20 9
10 0 2
24 22 24
29 11 -8
25 15 -11
32 18 -7
22 13 2
37 22 24
31 8 3
24 31 -5
11 4 -6
35 0 -8
6 33 -8
37 1 -13
32 -3 8
10 26 17
38 9 11
33 26 -5
26 11 0
16 4 25
39 -3 5
14 16 -4
26 21 12
17 29 26
0 32 -10
15 35 17
-1 -2 18
0 23 3
6 9 -10
17 35 14
22 20 -12
20 23 -3
28 30 -7
5 26 17
10 -1 18
16 11 1
21 33 8
12 32 16
9 1 26
11 30 26
39 4 22
8 1 -8
-1 21 8
37 34 -4
14 13 18
19 9 6
6 -3 5
0 -4 18
16 25 0
34 35 15
37 0 8
11 7 24
18 18 14
30 6 -11
2 -2 4
30 9 1
5 8 -7
39 14 1
7 6 24
-1 8 4
32 21 11
25 -4 -8
39 14 1
28 20 26
28 12 14
22 35 -7
9 6 -7
12 13 -3
35 0 0
31 15 -3
19 29 3
18 7 -7
10 22 -11
28 -1 16
11 9 -9
34 33 8
9 22 14
17 6 -9
25 26 -11
0 -2 -7
22 -1 6
1 30 10
32 -2 7
6 3 14
14 0 -5
21 25 -5
29 17 -7
14 27 8
38 19 -3
33 30 25
22 18 -14
18 31 20
24 0 22
4 30 -14
29 26 20
12 4 3
28 -2 -6
22 28 6
15 29 -2
7 25 7
25 35 1
13 18 12
36 29 23
22 18 16
29 9 -7
16 21 14
1 -2 1
8 30 4
11 2 -10
26 12 -11
19 32 -1
20 35 -1
19 9 -14
32 26 -3
30 32 11
39 28 -12
13 6 4
36 31 -5
33 -4 17
25 8 6
38 18 21
24 -3 12
1 29 21
21 9 -14
19 17 -5
20 17 -2
25 22 11
21 -5 12
8 23 6
-1 -5 1
28 28 12
35 32 -9
19 2 -12
28 25 5
4 15 -1
16 8 23
6 5 6
9 33 -10
35 16 -9
21 0 -5
20 -1 -14
14 33 2
-1 16 23
-1 -1 5
23 2 6
22 3 3
-1 21 -9
16 18 -6
7 10 11
27 19 12
28 5 -5
1 18 -12
18 -5 -6
9 30 10
34 30 15
24 30 -6
11 18 5
9 7 12
12 18 21
9 -5 10
14 30 9
3 31 11
19 12 7
-1 10 -5
33 12 4
3 18 -3
6 26 12
27 -4 20
32 9 11
39 15 -12
14 15 6
13 0 -14
35 7 -11
-1 14 18
-1 6 11
23 35 20
7 18 9
3 23 -11
6 0 5
-1 27 -8
30 -4 -4
37 14 6
10 1 0
9 3 15
37 30 -7
27 12 2
30 2 -2
28 13 -4
9 20 19
31 7 -10
15 16 22
13 17 -7
34 27 20
37 7 15
10 5 -1
0 18 11
28 33 4
35 27 11
0 26 -5
13 33 25
15 9 -14
3 34 -2
36 9 20
6 5 11
10 14 15
12 32 -14
37 28 4
11 21 9
20 14 -10
25 21 21
11 23 -12
35 24 0
12 9 10
3 33 9
39 -5 -6
37 28 6
7 1 23
23 8 19
2 14 -6
37 -5 4
36 21 -2
27 31 21
24 0 0
19 -4 8
39 29 -11
22 28 18
32 1 15
17 11 10
20 7 -9
14 -5 -10
13 31 -2
36 4 -12
13 16 4
6 34 -1
39 0 13
2 24 -10
5 8 -12
8 34 10
27 28 24
17 22 8
1 11 -1
5 30 13
2 3 -12
24 29 18
6 9 -13
1 15 -7
19 26 4
-1 7 2
0 6 -11
3 4 12
26 10 19
-1 30 -5
29 35 -11
22 0 4
23 8 3
24 32 19
17 29 0
16 1 2
0 35 14
4 -3 -13
30 15 6
24 -3 -8
8 22 -3
35 -3 6
1 18 19
15 6 18
34 5 25
26 12 -12
6 32 1
-1 9 17
29 1 20
30 1 -5
1 7 11
15 12 -1
5 14 23
34 12 20
5 11 1
25 13 24
0 12 -3
16 34 -12
38 8 5
22 34 11
16 7 9
22 -3 13
16 7 -3
24 5 12
12 2 -12
34 29 11
28 28 -9
15 32 -7
18 -2 3
5 -2 18
20 19 9
4 8 -7
3 8 10
23 21 24
27 30 25
11 9 -1
30 -5 -6
22 1 13
28 11 17
27 28 -14
7 31 -14
38 9 20
29 33 17
84 39 35
95 18 45
93 38 64
73 28 40
74 21 53
112 28 50
98 10 71
91 30 62
108 8 59
86 22 57
106 29 57
111 19 70
84 43 57
78 28 54
109 14 65
75 7 53
80 37 62
97 33 60
104 21 58
107 45 38
88 15 33
95 43 71
94 16 62
89 13 41
100 22 59
85 14 64
83 40 68
97 22 57
105 46 43
88 41 67
80 16 67
78 8 41
91 21 50
112 23 35
108 42 42
110 16 34
98 36 68
76 38 33
73 41 42
80 28 46
112 24 48
106 47 45
81 30 40
73 32 53
86 10 50
95 31 69
97 14 62
110 13 53
77 40 62
81 19 57
105 30 69
92 36 40
108 25 36
98 17 60
91 37 58
84 45 43
89 36 48
101 43 67
96 18 48
101 39 45
108 21 38
91 7 42
81 19 43
106 24 40
106 31 56
101 37 64
101 38 32
93 8 61
85 25 49
98 11 33
86 22 60
85 30 39
100 20 42
79 42 37
99 38 34
90 12 45
112 32 49
98 21 54
113 41 42
73 15 62
100 39 46
80 40 47
85 34 51
100 14 51
102 42 44
94 14 66
80 33 57
109 38 67
92 27 68
105 15 47
83 23 44
88 14 37
101 38 37
109 22 40
78 40 47
109 17 68
78 18 62
109 29 64
102 43 51
87 13 41
93 16 59
102 42 32
108 12 32
91 29 67
104 15 38
80 31 32
79 30 67
83 13 32
110 42 48
90 44 41
77 7 65
110 23 72
100 16 39
79 27 53
91 36 67
100 8 57
106 43 54
75 38 50
102 46 41
74 34 63
75 19 61
74 43 33
101 19 59
90 43 44
78 10 47
100 37 70
111 10 34
86 25 54
101 39 45
75 10 36
80 11 46
113 43 69
78 34 67
110 14 57
81 38 50
84 37 66
94 9 48
78 25 60
75 9 56
104 24 52
112 19 61
73 43 65
96 27 58
111 39 65
109 36 35
97 38 64
84 27 50
106 29 42
103 12 71
100 37 65
75 30 66
91 17 58
97 26 42
73 23 49
84 31 46
78 30 36
85 22 68
90 33 65
88 16 63
97 14 62
92 26 64
88 46 58
93 10 55
84 22 40
108 37 36
112 42 70
104 24 37
79 37 37
82 22 60
86 11 57
101 15 45
96 11 45
76 31 37
79 43 57
111 21 55
112 33 35
87 20 36
106 42 55
92 43 45
101 44 39
100 25 34
87 8 52
104 23 32
85 28 56
107 14 51
90 43 55
101 7 43
112 24 45
92 19 56
88 39 56
87 39 36
105 9 48
96 43 67
84 37 46
111 18 69
75 42 65
80 38 41
104 10 65
105 45 38
108 31 67
74 10 47
73 44 58
110 11 41
110 28 45
77 20 49
88 16 36
90 21 61
98 41 72
103 30 65
79 8 55
103 42 51
100 40 54
103 36 72
80 36 57
108 42 64
92 34 67
108 11 67
97 45 37
76 22 50
91 39 43
92 8 52
111 35 44
77 44 41
89 43 57
113 26 32
78 12 43
90 10 53
81 13 59
100 29 39
99 42 36
109 31 56
96 9 61
84 28 64
75 27 33
97 38 61
82 34 61
111 43 64
90 16 34
105 24 71
99 43 32
74 13 72
88 31 49
103 46 39
109 32 61
82 21 58
75 46 32
105 20 70
99 36 55
90 38 60
82 16 32
100 17 41
89 30 54
110 28 41
103 46 58
107 46 53
108 19 64
106 25 53
79 35 61
98 28 59
109 24 49
103 8 59
90 11 64
104 12 68
86 47 50
93 23 52
88 7 34
100 20 59
98 34 41
107 28 39
81 7 51
93 40 57
106 23 44
93 45 70
91 9 50
110 31 69
109 15 66
113 38 58
102 13 62
75 18 37
97 19 70
113 14 66
73 41 66
81 32 68
81 26 39
79 39 32
109 40 60
81 28 62
96 25 72
109 8 63
104 38 67
110 36 70
92 42 69
112 15 46
110 17 65
108 43 56
80 32 51
98 29 66
79 40 62
85 45 66
91 36 66
84 40 64
82 20 47
107 44 47
105 35 42
86 45 45
91 40 43
87 35 60
87 32 33
101 38 62
100 36 47
76 10 44
99 38 48
93 15 51
75 36 39
79 44 41
108 17 61
94 43 52
113 13 63
75 45 47
88 41 58
87 42 42
73 44 52
112 21 59
107 20 35
101 31 66
86 32 40
89 30 56
80 16 65
89 11 49
75 33 54
111 7 71
84 44 51
112 12 34
112 7 61
94 23 70
81 32 44
86 10 61
87 20 61
96 36 63
84 11 65
87 15 44
105 12 46
96 12 50
80 12 64
113 39 68
105 36 40
78 8 61
84 40 60
105 16 37
96 30 60
97 15 64
91 19 68
106 39 52
97 25 51
98 45 64
93 20 70
93 30 49
106 30 71
89 7 34
109 8 37
84 16 71
95 7 51
111 32 47
88 25 38
107 40 54
98 15 47
112 33 32
89 45 61
91 22 32
103 17 62
93 20 72
94 24 38
98 37 45
83 27 41
97 37 45
78 7 51
110 19 61
97 37 66
103 39 67
105 24 64
110 36 49
109 14 62
110 38 67
113 24 38
86 29 58
100 12 42
78 11 68
74 28 38
101 22 40
112 45 39
93 21 35
77 43 39
101 24 33
73 17 72
73 18 65
95 41 67
99 21 61
83 30 41
86 11 70
110 34 61
80 20 50
73 13 35
74 34 40
86 10 48
93 41 59
92 19 71
73 24 54
88 22 55
96 41 67
89 28 33
97 43 34
75 26 40
73 32 46
109 37 38
75 29 44
82 34 72
112 23 35
78 10 33
105 30 53
96 21 44
92 40 60
94 45 38
89 24 33
87 38 70
85 39 39
84 40 53
103 43 32
89 13 45
113 40 47
92 30 41
107 15 34
94 23 45
99 7 38
103 10 37
104 30 46
101 27 71
113 9 43
100 27 54
105 18 55
93 41 52
110 46 56
92 45 42
85 24 43
104 41 71
84 17 44
97 7 56
99 33 63
78 39 71
108 12 47
103 18 44
80 12 51
83 18 34
81 47 35
93 32 61
104 8 57
73 47 47
94 35 65
98 28 46
99 38 57
101 24 71
83 43 70
84 30 37
81 18 55
78 17 35
88 23 32
73 29 69
85 42 71
93 19 69
94 11 54
82 23 41
108 35 47
88 27 37
108 28 71
108 37 59
79 23 66
81 15 64
89 35 68
104 39 54
91 19 49
85 13 55
83 26 48
80 12 63
85 18 62
89 8 72
98 22 47
83 14 38
74 24 68
112 46 34
107 9 44
89 16 32
78 33 58
106 13 53
89 7 34
92 10 72
87 32 54
87 9 72
83 34 52
82 36 56
93 25 34
90 21 37
113 10 71
101 20 38
110 24 67
112 17 38
113 47 69
88 13 36
86 8 42
97 35 51
79 37 72
80 14 34
112 23 38
86 34 72
74 26 54
89 46 72
101 31 55
103 46 67
74 46 54
87 25 40
95 39 62
109 47 67
81 42 67
92 46 53
86 43 57
113 31 51
87 17 32
97 14 56
106 7 72
81 7 68
103 33 39
99 26 43
92 14 64
104 12 41
101 13 49
105 27 53
98 23 33
104 19 41
106 32 48
101 36 41
80 29 58
75 45 52
85 28 50
108 37 40
92 21 66
95 47 41
78 18 37
82 27 46
98 22 65
93 20 45
75 41 56
86 8 69
88 43 57
90 32 39
106 37 58
109 21 49
113 13 51
106 19 55
85 9 40
87 8 55
111 10 45
103 16 47
75 36 52
110 40 47
99 44 46
108 36 48
112 12 44
106 12 54
102 38 43
89 22 36
100 21 34
113 42 72
97 11 43
80 27 69
87 27 64
108 29 53
95 11 58
111 41 60
101 14 68
82 25 48
98 8 70
113 21 38
111 21 47
113 44 49
75 11 41
86 32 46
112 19 53
80 12 34
88 29 59
95 11 47
85 9 50
104 21 67
75 21 61
89 44 41
113 45 65
104 10 70
102 41 37
85 44 46
101 16 47
95 21 41
108 45 35
91 28 68
115 21 72
78 19 77
117 11 81
92 37 93
77 38 70
84 41 90
90 35 86
116 29 80
92 4 98
93 34 83
90 25 92
84 25 97
78 43 98
102 30 84
78 12 65
116 19 83
86 31 65
77 27 68
102 35 94
89 25 88
93 13 83
116 19 94
84 37 94
104 28 77
85 24 85
116 15 94
111 6 60
103 12 70
91 33 91
108 6 60
94 3 89
97 31 97
107 17 97
110 4 69
89 3 99
81 11 87
77 13 84
97 24 98
77 3 84
81 10 92
86 6 85
89 25 70
99 42 99
116 11 71
78 12 70
89 17 67
82 26 99
115 32 83
104 28 96
89 39 77
80 20 69
117 12 64
115 22 82
92 21 100
114 19 67
80 18 72
82 16 88
84 12 79
83 39 68
110 21 92
81 20 63
90 29 84
104 15 89
107 5 85
107 26 82
98 23 61
77 36 92
107 5 69
109 17 90
104 23 61
98 34 86
103 31 70
113 14 87
77 12 83
100 32 88
115 21 100
116 14 91
89 29 98
92 29 62
97 23 69
84 38 100
96 13 71
81 38 97
87 9 98
90 22 69
111 14 86
77 35 95
78 27 81
108 9 60
91 25 70
100 4 77
77 8 67
117 16 79
87 35 72
84 15 76
91 11 81
112 26 71
91 32 63
97 36 69
94 5 72
81 9 79
106 21 97
104 32 83
84 15 65
107 35 89
113 39 79
117 3 79
84 19 76
106 3 72
98 35 94
89 6 60
85 3 74
79 42 81
83 8 64
77 15 97
113 38 67
117 6 63
87 38 61
92 20 82
102 33 80
103 7 71
106 11 69
103 7 69
89 40 62
105 35 99
108 11 95
114 33 96
97 13 76
78 24 94
100 18 76
97 24 70
83 33 91
93 17 76
116 36 67
106 18 87
91 6 92
88 10 89
82 20 77
80 23 61
77 11 82
103 29 95
113 10 85
90 15 91
100 34 95
103 19 95
82 33 71
101 33 87
94 9 81
78 9 91
111 19 82
98 7 82
86 30 92
104 3 71
88 15 83
106 32 95
107 9 80
110 19 96
85 42 88
115 7 76
112 22 63
92 35 70
109 25 85
95 29 65
80 3 85
83 9 89
104 16 80
116 21 87
99 20 75
114 21 77
80 29 60
105 8 66
117 21 88
84 5 63
108 21 81
108 14 72
111 11 85
85 42 64
117 15 100
110 30 60
79 42 89
102 11 72
107 3 77
96 35 92
102 10 69
114 20 82
101 7 63
89 7 94
116 5 69
89 36 87
112 9 82
94 35 82
113 30 76
97 7 93
80 22 70
81 8 96
90 34 79
89 8 69
93 13 98
79 13 94
110 9 61
96 31 83
98 23 96
81 25 84
115 13 61
96 19 87
104 41 62
107 17 69
94 17 80
113 14 80
94 33 65
86 15 60
93 15 63
102 22 71
99 39 80
80 29 90
116 31 71
84 17 69
109 13 66
78 26 81
93 38 68
102 16 70
99 19 90
95 39 94
109 41 81
79 5 66
91 5 91
112 24 94
116 31 73
87 38 89
107 30 86
115 25 83
101 21 63
79 29 72
96 12 77
87 20 85
112 36 77
117 15 86
116 26 84
116 34 89
80 3 62
86 33 98
86 32 78
112 30 92
105 8 78
77 36 67
88 35 87
92 27 67
98 22 90
81 27 83
98 29 89
94 5 96
98 5 72
110 23 94
93 20 81
99 31 84
95 27 68
78 4 79
116 42 73
101 19 97
81 24 70
96 12 91
103 3 71
100 17 77
101 18 100
111 24 82
78 37 62
102 13 62
117 30 91
91 20 62
94 15 77
115 24 91
77 25 78
87 34 95
95 3 68
82 42 78
115 27 60
87 18 81
90 15 95
89 27 85
79 28 65
100 25 76
96 18 64
90 10 87
80 28 96
86 34 80
111 18 93
95 7 75
109 3 74
89 40 77
77 20 66
86 3 86
113 10 70
108 35 68
100 27 94
78 11 78
100 30 100
91 23 76
105 27 86
97 42 79
102 26 90
77 18 78
109 20 73
91 29 69
98 24 89
79 12 87
116 21 72
105 12 63
116 31 85
101 34 80
89 7 80
100 34 81
78 25 64
105 15 78
89 20 80
101 22 92
101 24 63
78 31 66
95 4 84
101 15 85
87 28 92
95 30 68
103 36 94
117 37 68
117 25 79
103 7 85
79 13 97
104 19 78
77 42 76
91 27 75
86 8 84
93 39 64
81 22 65
89 15 64
115 22 79
77 18 63
88 14 64
105 30 93
84 25 69
96 28 97
77 42 91
82 43 86
79 8 100
86 26 63
78 37 70
88 24 60
102 31 92
117 31 95
82 41 73
113 4 85
85 28 74
80 12 88
104 34 77
81 8 92
97 10 73
116 24 78
101 38 98
107 40 98
90 6 75
78 37 94
110 35 78
113 12 63
102 32 78
113 18 93
96 28 61
94 35 93
87 10 60
101 6 93
77 27 97
103 12 99
101 18 61
100 8 92
91 10 96
93 16 64
87 34 89
97 26 65
100 33 67
108 25 96
105 3 89
109 16 96
95 7 94
106 6 61
94 25 81
97 37 68
95 30 74
77 10 87
91 27 93
99 28 87
108 25 81
103 5 77
79 37 78
80 23 79
83 9 92
109 19 90
114 33 86
113 39 65
107 43 96
88 26 95
97 32 93
81 21 75
89 37 97
107 19 71
88 20 63
86 38 72
117 23 93
100 32 91
104 16 61
78 17 73
112 22 64
115 27 84
102 40 84
93 20 78
77 40 91
94 16 99
99 14 86
108 18 64
104 3 98
84 17 84
98 31 94
99 32 68
84 41 86
90 13 60
102 9 69
108 8 61
103 39 74
83 35 64
107 28 86
84 15 63
82 26 97
115 17 92
94 6 80
78 4 79
87 42 89
90 35 61
101 28 94
93 11 77
113 24 72
105 8 70
81 32 63
81 5 86
78 8 71
100 5 96
104 24 80
103 14 97
91 25 61
86 14 87
83 14 86
89 16 68
106 9 63
81 15 85
113 15 61
88 6 67
113 17 61
80 5 81
79 38 64
108 42 90
102 41 60
87 30 72
90 23 82
91 6 67
88 22 99
89 16 91
89 31 63
79 29 91
117 18 60
85 32 76
116 20 96
96 27 92
87 33 88
112 31 99
87 21 86
112 17 89
92 42 63
85 43 96
88 42 90
86 25 73
113 35 72
77 10 75
81 16 74
87 18 81
105 18 94
102 16 60
117 22 97
96 18 94
115 39 61
86 26 89
113 23 76
110 5 64
102 23 99
107 24 75
97 38 60
94 23 71
109 22 97
108 4 60
114 17 81
77 41 73
80 12 77
112 30 99
100 13 85
84 28 86
81 9 64
82 27 79
97 12 96
98 7 99
85 41 82
83 38 78
116 25 74
89 13 89
106 5 91
117 12 76
101 42 94
110 31 64
92 19 93
112 36 86
117 17 61
114 33 70
108 25 66
113 18 65
113 21 60
110 22 93
117 6 62
110 3 84
77 6 60
112 25 72
109 16 95
97 20 88
98 5 98
85 36 62
92 40 65
95 35 86
95 28 73
105 20 74
104 14 84
86 23 80
89 42 61
96 42 74
110 32 72
99 42 99
93 20 98
102 21 76
95 39 93
88 19 87
101 35 81
98 7 77
114 27 87
109 14 90
80 26 83
102 15 77
83 9 61
85 30 68
92 4 99
99 11 72
112 5 68
91 6 67
104 40 90
117 10 93
104 26 100
114 4 94
77 34 91
112 40 89
88 8 94
101 35 71
81 34 66
116 36 68
110 23 60
97 33 86
90 38 100
98 32 68
87 19 61
111 17 92
101 22 94
103 4 91
81 30 98
98 15 77
106 22 81
87 35 91
89 26 95
83 19 86
100 11 64
83 10 71
117 10 77
103 31 69
99 14 90
101 3 86
85 18 92
99 29 82
104 40 99
104 19 99
107 25 97
113 18 77
113 21 77
98 42 99
107 27 70
104 35 92
87 19 79
93 34 84
88 25 60
100 21 70
111 14 91
81 35 68
86 6 70
74 66 49
100 99 59
72 94 27
77 65 58
72 65 52
89 97 34
82 78 38
78 92 54
97 63 40
77 59 36
103 67 55
68 86 57
72 76 32
102 70 27
75 70 49
85 88 37
95 89 41
74 95 43
77 78 45
91 99 22
71 69 46
68 84 42
90 96 52
69 85 56
72 72 43
71 74 31
93 74 25
86 70 59
87 93 40
86 71 55
73 66 25
93 99 37
77 90 26
87 80 29
100 98 32
73 91 22
71 68 46
73 95 28
84 90 45
94 75 56
105 63 45
92 85 54
76 69 54
102 78 56
90 83 39
95 80 30
88 65 29
94 89 45
104 87 38
103 75 38
103 60 50
91 72 51
101 84 57
66 93 40
72 62 32
84 97 47
106 96 38
68 61 35
100 80 44
91 79 26
82 83 24
90 60 21
91 95 31
99 65 37
94 89 30
70 72 26
79 87 59
90 70 52
68 86 49
75 78 30
93 87 42
80 86 56
70 85 60
106 84 46
78 68 52
85 78 58
86 85 35
105 96 26
101 65 30
94 61 24
102 97 40
77 67 61
75 78 46
76 67 27
97 86 31
67 68 32
69 61 47
87 89 56
102 88 50
103 98 54
103 97 26
88 64 58
95 95 21
90 77 24
66 75 21
73 96 43
72 98 42
105 70 21
91 80 25
100 87 59
100 79 30
96 87 43
89 91 51
104 69 48
90 60 55
79 75 35
90 95 41
75 59 44
99 96 36
94 78 55
74 91 43
66 80 48
80 60 28
80 88 46
85 87 56
70 91 27
78 79 54
100 77 32
91 68 54
86 69 48
106 77 32
71 61 53
106 70 55
69 68 48
105 91 27
105 74 43
98 96 59
105 87 44
85 80 61
83 92 42
92 85 48
104 66 49
103 86 56
91 94 35
102 64 31
71 91 28
83 64 61
103 95 43
76 75 49
91 97 54
68 97 24
81 98 26
72 75 37
89 91 31
81 62 59
77 66 49
71 99 21
68 69 49
100 61 53
87 90 40
73 72 47
81 65 32
81 82 42
74 63 41
98 77 36
72 89 28
84 94 50
86 83 55
102 74 29
100 72 34
71 61 28
87 72 22
104 74 46
75 61 44
79 61 43
101 85 41
97 59 26
88 69 36
88 77 26
70 95 41
71 78 46
66 83 39
87 61 53
106 89 35
67 96 47
83 97 52
99 98 36
105 93 58
85 85 25
104 75 58
89 69 52
99 93 29
85 95 35
79 70 25
98 63 29
86 60 31
102 70 38
100 94 47
96 97 57
75 70 24
67 72 22
71 79 52
67 61 26
103 92 24
82 62 54
96 92 39
96 86 46
96 93 58
96 59 40
104 70 58
106 76 52
88 65 60
89 86 24
101 69 41
95 72 61
90 96 43
97 72 29
85 94 52
90 71 45
68 88 36
103 78 30
105 75 48
99 81 47
77 74 40
96 77 28
93 77 21
74 90 42
96 96 38
85 62 48
85 98 25
104 85 54
77 65 59
87 81 36
89 89 25
82 94 30
96 63 24
72 87 50
75 86 43
86 69 57
71 83 55
85 85 22
87 79 45
97 88 28
104 71 39
99 84 48
81 79 46
96 75 42
101 74 25
66 77 27
94 67 59
71 94 42
75 88 27
96 98 28
81 75 61
85 76 38
84 84 53
93 72 29
69 68 44
89 75 61
104 80 32
83 64 51
97 91 44
73 88 32
71 82 46
97 73 21
73 73 50
69 99 56
68 74 50
80 91 53
95 71 55
84 90 45
105 89 36
102 72 28
81 95 42
104 92 40
102 91 31
67 69 28
84 79 42
70 92 29
81 73 23
86 72 60
96 77 21
104 85 39
98 69 61
81 71 34
83 68 37
69 97 24
82 86 58
91 74 42
102 86 52
103 77 40
73 98 21
79 61 55
98 72 23
102 71 56
80 71 55
68 95 45
69 70 31
82 61 42
94 70 45
104 98 36
81 70 60
91 70 52
73 98 33
96 78 46
94 94 35
100 91 43
73 92 49
68 82 58
92 88 46
93 59 26
76 93 26
93 85 59
75 91 36
70 86 32
69 76 47
95 71 34
101 95 47
83 84 59
75 93 36
99 73 51
99 79 24
88 78 54
84 84 39
77 93 32
69 81 56
101 87 26
84 95 29
99 82 50
99 85 26
77 85 56
82 70 33
80 87 46
90 65 30
93 82 28
99 76 61
76 69 61
82 70 38
86 88 29
106 61 27
92 83 52
91 71 28
77 87 45
73 63 46
76 95 42
72 97 31
89 99 37
92 61 30
83 82 25
85 80 24
94 59 41
98 61 56
96 88 21
72 71 57
81 64 57
91 81 31
87 64 37
76 88 45
96 93 60
97 80 39
106 95 51
84 61 29
84 71 33
100 68 60
88 66 39
97 88 26
96 96 51
81 77 21
95 59 22
101 97 57
100 80 43
100 66 40
75 90 34
105 60 38
79 81 46
73 82 37
77 59 54
71 93 42
71 71 51
74 68 58
71 74 32
69 64 28
103 69 41
91 59 43
89 80 35
72 99 51
100 87 55
79 93 61
102 67 36
103 86 39
96 66 29
86 85 45
88 72 49
93 88 40
101 73 59
95 92 61
85 69 57
71 79 48
84 91 34
66 64 25
95 99 46
85 69 57
104 82 30
82 69 56
66 70 60
72 70 21
95 73 28
106 63 57
106 70 48
92 73 31
94 85 43
106 91 51
84 82 61
105 93 40
97 72 61
85 59 57
77 77 26
103 80 32
101 92 25
87 65 35
92 92 52
93 98 22
103 90 28
75 62 50
67 75 61
91 76 22
91 89 48
79 62 54
93 62 21
73 98 40
71 70 27
93 88 46
99 83 35
80 73 44
82 62 40
95 63 37
93 82 48
84 75 35
81 64 29
80 67 57
83 72 47
72 87 52
72 99 45
101 68 45
71 75 47
73 90 51
103 84 36
72 97 53
104 80 22
99 65 53
85 82 56
66 63 59
71 96 48
93 69 51
89 89 42
70 86 58
84 89 34
69 91 33
95 98 42
104 64 41
92 59 29
93 64 45
106 87 26
83 85 27
104 71 37
91 80 47
74 82 29
91 59 29
84 71 53
89 72 45
85 65 26
82 78 45
86 76 40
83 98 48
84 98 25
97 67 54
83 81 37
69 99 40
101 74 25
77 76 32
70 78 24
81 63 26
77 60 33
87 66 24
94 67 46
99 75 49
83 66 42
66 91 39
95 60 39
85 74 21
73 70 28
78 62 21
94 71 37
82 63 61
100 78 45
73 87 51
102 61 26
99 84 21
104 70 34
77 94 46
98 69 49
101 81 33
104 87 40
102 96 37
91 95 33
100 87 24
79 89 41
74 92 40
87 83 27
67 64 42
66 70 32
88 84 32
81 65 42
94 85 22
72 76 53
86 74 36
102 97 26
71 66 30
106 90 53
78 68 27
104 83 55
100 90 57
100 99 28
92 89 35
98 74 47
92 83 21
95 73 48
103 63 59
97 92 47
69 62 49
77 66 42
102 95 39
99 91 31
93 77 38
99 82 34
98 67 43
100 97 42
96 61 29
75 86 27
74 78 21
83 75 26
66 76 38
73 89 52
67 65 30
75 82 31
86 93 41
106 88 46
100 78 45
99 81 22
104 75 47
66 83 41
77 69 50
104 90 49
97 95 56
89 93 54
69 66 33
98 75 22
79 70 43
106 59 46
95 69 57
73 76 28
74 78 24
98 62 49
69 68 52
87 74 47
94 63 28
93 80 39
67 92 40
76 77 61
84 59 33
75 62 32
69 77 35
98 87 57
79 93 60
76 83 27
97 88 31
87 91 31
68 76 55
101 87 23
92 68 58
73 59 28
83 68 54
103 99 42
100 64 58
106 99 24
95 72 31
87 70 54
66 89 58
99 95 30
91 75 34
73 65 33
80 87 52
86 97 23
83 60 37
78 80 35
91 72 41
73 95 46
99 64 44
82 78 37
74 71 50
91 78 29
66 63 25
84 63 29
99 80 42
73 85 39
83 99 47
87 89 56
103 80 30
94 70 56
87 81 34
47 32 3
67 16 22
56 39 33
60 26 1
46 52 -3
48 14 15
71 22 24
51 51 -5
38 18 11
64 46 1
63 43 -3
73 43 -3
46 46 33
49 34 -6
61 34 31
72 35 20
70 17 10
61 48 26
67 43 32
69 26 33
34 48 0
49 21 -3
65 38 -7
70 47 -2
65 39 -4
34 36 4
65 46 32
54 31 27
50 32 25
60 36 0
55 32 9
65 27 -2
53 40 23
43 20 11
58 51 15
60 29 15
65 25 17
61 17 -7
67 31 3
59 37 6
58 50 33
51 21 28
60 40 -2
73 53 15
38 27 20
34 39 7
41 21 11
61 30 0
70 37 7
72 48 8
46 20 12
40 39 17
73 46 4
61 22 20
65 30 -1
71 14 18
49 51 28
53 50 7
41 36 -1
42 38 28
55 43 14
66 20 0
69 18 0
39 53 32
54 50 -5
49 32 1
67 17 30
70 18 8
49 23 27
69 40 12
69 35 4
66 16 21
60 42 21
38 18 12
59 48 12
40 45 15
68 45 14
42 29 29
52 54 9
74 19 4
44 52 25
35 26 -1
67 42 27
60 52 8
37 25 19
59 21 14
66 24 13
71 28 0
34 53 31
62 49 12
67 25 24
56 41 18
46 33 20
66 32 8
57 23 -7
62 21 -2
52 43 22
47 20 4
36 30 -4
42 15 -2
61 29 33
45 23 -5
49 45 14
68 23 -4
73 24 11
53 32 33
37 41 12
42 14 21
68 32 24
41 18 16
48 48 16
59 32 23
57 18 6
35 21 20
70 26 -5
51 24 9
51 31 29
44 50 -1
70 26 9
57 16 -5
34 47 4
74 16 -3
37 49 7
56 24 0
49 38 18
35 49 25
42 49 -1
51 24 21
45 30 16
41 53 -4
35 54 9
44 44 22
66 53 20
70 36 29
69 51 4
67 18 29
66 28 15
69 24 24
68 22 4
45 35 -2
72 48 -2
34 30 3
47 32 -1
52 14 6
65 37 18
45 17 5
57 21 7
35 30 12
56 22 26
36 37 22
40 24 26
36 36 32
56 30 -6
48 43 12
73 41 23
59 36 29
67 34 22
39 16 9
52 14 0
60 14 -4
51 47 -5
45 46 17
36 16 -3
73 32 32
63 14 30
66 48 -7
63 50 22
54 26 19
48 25 21
72 47 25
51 42 10
34 32 29
51 27 30
59 53 33
34 52 3
44 23 21
47 37 16
40 41 17
53 35 3
39 40 13
35 51 10
53 41 4
70 17 2
56 52 3
73 25 9
57 27 3
59 45 -5
56 48 31
53 43 19
72 46 -5
41 22 26
67 44 -5
65 33 13
56 28 9
46 53 -2
60 34 29
64 32 26
48 21 6
49 47 1
41 15 29
35 30 -5
63 32 20
58 30 20
54 42 8
49 34 25
73 14 -3
35 33 14
54 30 17
61 14 27
42 28 30
71 30 -6
35 45 11
36 21 5
43 48 -3
37 28 -2
67 14 5
49 36 3
63 14 33
45 19 24
63 44 9
34 37 -6
58 22 -7
42 25 20
41 22 23
48 35 2
35 51 -1
67 53 -7
66 31 -7
43 47 3
68 30 16
64 44 15
40 24 16
45 40 4
65 31 8
51 44 13
66 42 32
41 25 12
52 52 16
42 32 11
57 27 20
56 27 24
45 20 6
35 46 1
52 44 10
35 19 -5
66 31 -3
45 42 33
48 34 -5
38 48 31
51 26 30
57 17 4
52 54 9
59 36 -3
56 47 26
63 49 7
46 47 8
47 20 19
48 39 9
54 32 5
42 25 -1
38 43 -3
48 53 -2
62 16 11
49 32 9
49 39 13
34 47 -7
52 30 10
51 36 11
62 30 16
54 51 -3
66 25 17
46 38 15
51 18 31
54 18 -3
57 33 1
46 19 20
64 34 12
57 52 12
62 22 29
38 29 24
35 24 15
71 24 -7
60 33 -7
69 39 7
36 40 10
62 17 15
55 21 -5
57 34 18
56 24 5
52 28 28
56 16 5
49 20 11
60 30 20
74 29 14
46 49 13
50 26 30
61 26 5
37 15 32
56 41 6
37 34 0
65 22 31
53 52 28
65 53 20
49 17 33
41 35 26
66 24 19
49 38 0
71 40 15
74 22 11
45 15 22
36 47 8
56 46 28
54 15 29
64 18 32
47 19 5
42 51 17
48 37 10
50 44 19
40 33 26
73 21 22
48 27 6
51 52 12
69 41 -1
47 23 31
72 41 -7
42 15 -7
74 25 33
73 19 5
50 20 -4
67 54 22
44 30 6
50 48 3
59 33 16
47 40 13
54 51 4
71 31 15
57 42 0
52 43 5
59 29 2
34 48 16
57 28 21
68 47 20
41 46 13
70 16 7
44 47 3
37 27 24
48 46 -6
52 53 13
64 52 21
37 20 17
48 20 14
67 54 6
44 17 9
70 26 0
47 50 -6
39 20 -2
66 33 3
40 20 -2
49 18 31
40 44 7
65 54 3
61 49 10
50 28 24
71 38 31
44 36 21
55 20 33
46 44 9
47 28 -4
65 22 11
67 35 32
69 34 -3
74 36 23
34 46 -7
53 48 1
38 29 6
50 39 1
51 21 -1
46 27 17
52 19 14
66 53 12
57 15 22
66 46 -6
67 15 23
68 36 26
45 53 26
43 29 33
53 48 1
74 53 7
56 34 14
66 31 13
49 32 20
73 17 31
61 49 19
56 33 26
71 34 11
61 45 14
69 21 13
59 33 22
62 43 12
54 15 5
37 27 3
43 50 6
65 27 12
58 34 4
47 43 18
74 35 -4
40 40 -6
46 36 12
49 30 23
53 39 -1
42 21 -7
35 47 -2
57 30 4
73 53 4
67 30 -5
71 32 24
61 37 31
51 26 25
50 43 12
53 35 13
64 40 19
59 14 19
47 30 3
56 51 5
69 33 13
63 49 -3
38 16 16
38 39 28
56 49 8
40 23 10
37 54 -5
51 35 11
44 23 20
42 26 26
61 15 19
35 52 5
59 44 30
43 24 28
46 44 11
35 33 3
72 54 25
66 49 -4
35 45 2
40 45 28
68 46 18
35 53 14
55 49 24
73 22 9
62 30 21
63 23 24
60 21 -3
42 45 24
34 42 21
45 35 13
69 44 10
48 42 15
56 19 -2
34 45 11
53 45 13
63 51 17
74 47 33
47 19 11
43 24 21
68 39 19
34 39 11
65 45 28
52 36 21
71 50 9
41 30 32
51 25 29
43 45 1
55 52 30
44 23 -4
49 19 32
54 50 19
43 52 21
72 46 24
45 29 12
39 24 21
59 46 3
48 47 1
65 25 14
65 37 32
67 16 26
71 42 21
51 36 8
40 40 -4
58 16 18
41 26 4
44 25 24
41 14 26
48 24 14
34 40 1
45 54 9
56 41 22
66 17 4
61 47 22
49 40 31
51 45 2
70 25 13
63 48 15
40 42 -5
67 20 11
48 25 19
54 31 2
48 41 -2
45 45 -4
69 26 1
57 20 11
63 40 7
64 45 31
59 34 25
68 47 12
39 29 -1
74 21 -1
60 44 10
45 33 -2
65 36 21
54 30 23
49 25 15
43 22 25
71 54 5
42 46 -2
35 26 21
34 47 18
73 14 30
48 52 0
35 48 1
57 42 7
38 22 14
64 21 20
63 22 19
62 44 4
53 16 7
49 20 5
71 27 2
70 51 17
68 33 -3
58 48 30
37 25 8
48 15 -3
41 24 -4
50 28 30
69 47 16
52 34 30
66 24 14
36 19 13
70 31 3
54 36 2
47 24 24
39 19 17
70 23 -7
37 47 25
52 25 -3
53 19 -4
56 19 22
40 38 2
73 19 33
42 19 30
62 25 17
52 29 28
52 46 7
55 23 -7
65 17 31
64 34 6
63 46 9
64 53 8
38 54 23
70 48 15
44 22 20
41 25 -7
69 44 29
56 32 19
43 49 20
53 44 5
70 28 14
64 20 11
67 48 -7
70 20 -3
35 26 13
57 19 4
46 18 29
47 41 30
45 35 19
36 52 -7
71 27 -1
40 29 3
43 17 0
41 53 17
34 22 6
62 19 -7
48 35 9
52 51 0
52 17 25
56 16 22
66 19 14
68 26 28
72 48 19
47 42 29
71 31 24
79 23 61
73 12 77
86 21 62
104 16 69
102 34 93
77 46 62
96 50 74
87 36 79
73 16 68
74 20 75
88 22 72
83 28 67
99 33 80
79 17 81
91 36 90
80 42 66
96 21 93
85 42 57
75 40 55
110 34 58
77 41 54
93 11 62
81 50 75
105 47 63
80 13 82
103 40 74
75 13 58
80 27 69
101 22 57
78 20 62
100 14 83
71 11 59
80 16 59
98 50 80
85 38 76
108 31 89
93 33 72
95 18 61
85 30 76
88 35 54
86 40 79
75 24 85
77 39 71
95 20 92
102 30 82
87 16 57
107 15 60
94 35 53
108 42 67
106 24 58
93 27 59
74 25 77
92 28 83
110 43 89
95 31 58
90 35 81
102 19 54
77 16 53
70 19 89
72 16 70
71 32 69
102 29 68
96 12 72
85 50 86
91 30 90
90 10 67
108 36 85
74 18 56
75 43 90
85 23 83
75 43 62
74 20 87
95 47 70
72 39 80
102 45 78
73 10 87
77 15 80
99 24 58
110 45 84
89 21 85
70 47 59
94 31 80
98 46 86
70 25 78
75 38 69
91 41 75
109 15 83
87 44 76
70 33 66
105 38 62
86 25 60
74 25 90
75 22 82
95 21 85
76 26 79
78 38 65
76 45 89
92 34 91
80 24 75
83 22 54
84 28 88
91 34 90
105 48 86
105 45 79
104 47 53
72 22 78
90 35 89
86 26 81
94 22 79
96 26 55
74 21 67
78 26 81
80 38 64
89 34 72
98 26 89
91 39 61
86 45 68
101 16 61
84 43 93
90 49 77
73 12 54
107 24 58
78 38 90
88 16 69
104 25 78
106 46 78
103 28 92
77 20 67
79 11 84
88 41 58
85 24 86
97 34 60
106 34 88
92 43 57
87 47 92
75 15 68
72 26 57
90 46 87
109 15 63
104 31 66
100 48 87
82 43 63
97 36 61
97 27 57
101 46 83
82 21 65
70 19 80
93 49 73
109 30 83
84 47 93
108 48 71
90 44 69
94 24 62
82 41 86
91 49 76
99 21 53
104 49 63
78 16 76
82 11 92
86 14 63
78 19 56
85 28 53
106 26 65
82 16 87
78 19 83
90 46 62
87 38 86
90 13 79
106 32 64
100 39 64
97 15 82
100 22 80
98 29 90
99 22 85
91 35 63
80 38 91
92 13 81
90 24 56
92 48 60
107 46 71
86 10 85
77 18 62
99 48 93
94 14 87
99 38 89
89 40 53
82 16 84
100 31 88
92 50 80
91 12 54
75 29 59
88 33 77
104 25 86
92 20 88
73 19 68
86 37 92
70 40 88
84 21 86
81 13 64
106 19 87
70 34 78
84 31 84
95 27 86
85 46 89
80 28 53
76 45 71
74 38 77
109 32 80
109 19 65
73 41 83
82 32 73
92 19 87
78 13 68
78 15 73
102 38 76
70 29 86
102 23 72
73 39 56
77 45 56
71 11 70
91 28 59
74 12 60
84 13 55
107 50 74
95 26 91
73 39 88
101 41 70
110 38 70
96 18 88
106 17 90
110 17 69
100 41 65
86 40 65
93 17 72
97 28 85
92 28 68
103 50 81
109 33 57
93 27 67
90 32 64
79 16 87
90 26 91
79 32 76
107 39 83
79 40 92
97 15 88
102 37 68
82 29 68
81 43 85
97 40 76
80 48 61
107 36 87
78 29 60
104 44 84
100 10 53
93 11 90
72 24 61
84 37 74
109 17 55
103 20 76
76 10 77
85 17 64
102 15 73
77 24 89
110 32 80
97 50 77
70 18 58
99 35 79
81 43 79
83 48 60
80 15 57
72 45 74
93 17 73
74 33 55
87 23 71
80 45 80
76 14 76
110 17 69
87 49 59
107 10 65
79 32 67
86 35 65
101 16 78
73 49 89
84 12 66
98 11 74
100 20 82
75 44 84
75 28 77
76 28 56
100 10 61
77 35 62
96 19 69
86 31 93
89 27 84
98 24 91
83 25 63
76 37 76
87 15 76
93 29 67
74 28 78
87 19 55
110 42 78
72 38 92
106 17 68
106 11 58
78 16 66
98 19 88
70 26 86
103 43 85
103 15 63
82 39 86
98 39 87
89 27 74
106 37 77
76 25 93
79 35 67
100 18 73
105 46 64
87 24 88
95 37 64
81 19 58
81 10 67
86 49 63
102 26 66
78 25 72
74 26 66
79 50 91
107 30 76
90 22 66
94 15 93
81 42 77
73 43 75
80 35 87
72 12 62
80 40 59
108 46 69
92 11 77
84 10 57
107 48 74
104 43 92
87 43 54
74 44 84
79 33 67
99 25 55
87 47 70
81 20 83
108 42 85
101 24 56
99 15 58
83 49 79
74 15 78
88 23 55
103 11 72
87 31 68
100 39 76
102 16 77
84 16 92
99 14 93
98 25 72
107 23 78
107 14 71
96 40 76
98 39 54
74 26 62
104 24 53
88 25 72
101 48 55
99 32 56
104 34 54
104 12 56
100 30 57
81 13 73
89 37 92
106 20 66
86 26 77
104 16 65
110 49 92
80 12 55
90 38 56
87 17 81
93 10 57
91 35 93
70 33 81
107 47 72
82 47 92
80 48 93
108 30 65
83 27 88
85 18 56
76 12 92
79 24 86
75 38 89
95 22 84
71 19 92
82 40 82
109 23 89
97 15 78
77 34 74
108 33 72
74 38 55
90 28 86
108 21 87
94 50 83
99 48 83
83 11 62
104 24 68
95 33 87
76 34 64
93 28 64
109 18 63
77 36 92
110 39 77
95 42 54
90 49 90
77 17 91
98 36 92
100 39 60
104 18 82
73 17 85
92 18 58
90 17 82
97 36 54
98 13 63
93 41 76
95 40 61
75 25 55
78 24 79
98 39 64
87 45 71
103 25 58
70 40 83
99 36 70
103 29 62
105 28 61
97 33 85
106 15 61
77 41 68
85 42 84
108 46 83
79 46 84
109 15 85
80 33 55
98 13 58
95 40 63
76 18 72
97 18 56
99 25 64
74 17 90
74 15 63
76 11 90
97 22 86
107 32 75
93 41 54
80 50 81
89 25 88
83 39 72
70 44 80
96 16 69
107 30 71
81 25 76
72 45 84
95 10 80
96 19 71
95 26 63
86 12 79
89 28 68
74 32 66
97 14 70
76 10 62
102 30 79
81 30 55
86 14 71
110 14 60
71 20 60
79 22 92
102 10 68
110 18 65
105 49 87
97 27 62
95 49 93
93 22 90
101 17 66
88 44 78
86 35 56
94 44 57
92 18 59
74 45 78
102 35 78
102 36 58
70 45 58
89 20 57
89 20 78
83 28 90
93 23 62
79 22 82
105 48 84
80 30 79
72 31 71
74 25 82
103 35 90
106 28 88
99 48 72
86 41 59
89 16 70
81 46 72
91 11 88
104 50 71
89 12 76
101 30 86
85 14 83
82 44 73
81 31 63
103 36 92
79 28 85
101 14 63
89 26 80
100 30 81
91 24 76
105 39 73
78 32 67
82 18 86
92 30 82
92 42 86
81 29 57
90 43 85
84 35 61
72 16 59
78 28 70
71 11 73
105 14 64
100 45 68
108 12 82
76 50 90
94 49 53
101 44 69
99 34 77
93 44 80
104 46 56
90 50 76
99 47 92
98 21 60
73 48 75
77 17 61
85 44 55
74 10 59
93 25 85
79 33 61
89 36 92
78 25 76
104 41 79
71 40 75
85 39 62
86 32 65
97 22 83
98 48 59
92 23 78
73 27 53
80 45 80
93 47 89
84 39 61
82 25 77
100 29 89
108 44 67
93 42 92
106 44 74
94 38 70
101 32 64
89 10 83
81 36 55
107 17 61
86 37 61
80 19 87
108 21 88
92 19 78
85 48 89
78 14 90
77 46 71
101 35 91
107 44 70
108 44 59
80 12 88
109 48 71
75 33 90
97 27 75
79 16 73
97 44 57
104 29 59
70 18 64
87 45 85
103 27 61
102 50 73
90 30 88
71 11 71
77 20 53
86 41 78
94 44 72
91 41 53
83 21 84
80 38 58
