112 55 95
86 80 104
87 55 94
79 55 78
100 68 68
109 50 106
102 67 106
104 77 79
111 80 97
105 62 80
111 79 69
95 68 81
98 66 103
91 80 92
99 84 88
84 81 69
78 84 105
87 64 89
85 57 71
82 77 94
84 69 77
84 69 96
91 85 96
104 59 69
92 53 73
112 84 78
105 62 73
74 63 105
105 51 79
76 87 66
104 47 90
109 53 100
112 56 102
100 48 106
76 61 76
114 73 79
99 81 76
79 53 88
79 79 84
112 63 104
84 64 77
89 58 87
79 55 98
92 78 74
107 72 95
103 69 87
83 61 71
105 67 104
76 47 90
113 67 67
100 69 71
94 65 73
109 69 95
75 87 84
114 61 77
97 50 103
92 56 77
86 48 73
86 67 99
82 49 73
92 48 102
106 66 101
84 49 71
81 68 103
90 58 96
81 66 76
75 65 96
81 73 82
95 52 75
101 72 70
77 53 82
92 72 96
81 60 73
88 66 90
88 67 72
105 49 85
113 67 83
75 86 90
79 68 83
92 51 86
80 68 83
110 74 93
99 72 79
114 87 86
97 73 91
92 84 83
81 80 70
92 78 98
76 69 79
88 66 91
108 64 71
103 76 91
95 56 102
96 79 74
86 70 72
89 74 90
93 57 96
90 69 66
87 57 83
89 59 91
75 80 71
90 61 94
111 79 101
77 73 95
105 62 76
101 72 90
114 61 99
78 69 101
100 54 72
76 58 69
79 50 91
113 86 68
92 62 73
101 84 98
74 66 99
87 52 90
92 63 94
102 70 80
89 58 101
74 86 70
83 49 92
99 58 90
94 60 83
103 65 83
113 81 102
102 65 98
112 62 67
87 83 90
106 69 66
78 75 78
75 75 76
79 73 81
99 54 81
89 82 69
81 61 94
84 72 105
80 71 83
88 72 94
76 52 67
80 69 106
74 62 73
85 47 92
109 68 77
79 57 76
88 76 105
105 60 96
106 48 82
97 85 94
75 69 97
83 85 97
83 72 69
93 75 78
80 58 100
96 84 74
79 81 99
92 49 72
105 78 72
107 61 88
104 76 92
113 76 98
92 51 89
92 66 81
100 69 95
84 65 102
104 54 80
114 75 84
78 68 67
87 65 105
103 80 86
80 57 87
104 65 68
95 62 94
113 86 102
98 55 98
110 81 77
102 60 70
87 82 105
80 69 73
95 55 106
99 73 95
110 65 78
99 47 104
106 53 71
103 59 99
100 58 86
106 59 75
83 76 72
104 60 96
85 62 98
111 79 79
77 73 98
105 85 106
83 81 77
113 74 91
112 78 71
111 51 92
74 48 88
107 73 66
77 72 72
89 55 67
107 58 101
80 70 100
100 54 75
97 85 93
79 71 88
79 57 92
76 76 88
93 70 69
95 63 73
84 53 71
104 47 93
91 67 91
98 70 80
108 58 74
95 79 98
78 57 73
79 79 100
99 75 90
102 53 69
107 84 103
99 69 100
111 54 105
84 82 75
110 81 73
110 63 93
95 58 97
94 60 83
93 80 87
76 53 97
99 81 90
88 54 90
110 66 68
80 68 102
107 80 78
90 83 106
94 50 103
95 81 78
96 62 97
112 56 67
102 52 69
83 86 79
113 69 76
113 66 89
78 86 75
82 73 76
91 51 94
105 66 88
97 65 98
83 54 78
110 50 68
92 57 74
84 66 76
78 80 85
75 80 80
114 87 103
75 75 71
107 68 106
107 70 101
86 66 68
100 64 106
74 75 70
105 68 69
110 50 81
84 54 82
90 65 87
87 75 73
80 57 102
90 87 81
86 62 81
81 79 100
89 68 82
100 61 95
106 71 79
93 72 80
101 48 80
112 85 102
89 55 89
80 67 67
108 79 96
103 87 77
103 79 82
113 84 88
107 80 102
105 52 81
107 56 89
91 59 92
97 70 78
89 61 77
106 82 84
83 75 100
93 64 80
83 49 87
78 53 101
96 86 78
112 73 85
98 63 80
98 83 92
89 83 95
110 87 100
110 76 74
97 48 105
103 75 93
110 80 78
112 73 105
82 53 106
84 47 76
93 74 98
114 59 97
107 74 99
89 57 83
75 69 71
81 50 103
74 80 77
93 79 81
112 57 99
75 79 77
111 83 105
91 71 95
105 52 72
95 67 77
95 58 83
114 76 67
101 74 77
87 59 81
92 67 84
87 67 84
98 78 72
106 83 103
80 82 91
79 57 87
109 83 90
78 73 83
113 61 91
109 65 80
93 80 95
74 67 95
112 76 82
80 54 91
110 49 84
113 81 77
96 86 70
113 73 67
94 77 98
85 51 105
104 70 92
109 64 93
109 83 104
108 86 93
106 48 66
89 66 80
103 64 79
101 72 95
74 48 66
80 49 97
106 85 80
101 74 83
89 87 89
89 72 67
74 64 73
89 71 81
77 48 78
90 87 74
79 47 90
82 64 70
103 48 103
106 84 103
104 83 66
100 64 83
87 59 75
74 85 75
91 85 66
79 79 79
86 49 72
97 55 95
103 62 80
80 47 79
79 78 82
113 77 106
113 78 81
87 58 92
78 53 73
79 74 98
89 58 75
114 73 102
94 86 98
100 62 91
77 84 95
109 77 101
83 54 81
97 77 98
84 82 76
103 55 72
86 49 104
77 51 73
104 70 80
86 63 99
102 69 84
100 86 74
114 66 84
107 72 103
101 70 95
74 57 90
78 60 67
108 54 89
79 66 106
79 83 71
107 85 79
80 84 99
98 64 91
76 86 75
111 75 100
74 64 89
74 74 66
75 51 72
111 86 101
78 66 86
96 52 66
108 59 104
107 65 91
102 81 88
94 74 101
80 81 72
82 85 76
88 72 71
76 60 99
89 60 84
90 47 83
80 81 82
82 81 94
93 50 77
104 73 91
93 54 70
85 62 102
103 76 103
75 47 69
83 70 93
80 68 96
81 74 98
75 59 89
89 76 71
89 69 82
79 56 94
95 51 88
99 66 85
100 61 71
96 60 79
98 72 66
87 68 67
85 70 76
75 63 93
80 50 106
100 81 93
92 48 89
87 72 77
113 82 75
88 67 99
91 81 82
105 62 71
84 82 78
85 70 73
101 85 73
76 85 83
110 59 105
90 86 97
102 51 104
101 61 104
99 71 95
75 57 96
102 56 68
82 51 93
104 73 100
102 70 78
98 76 83
112 59 89
78 79 83
109 79 97
88 71 101
114 79 78
109 80 102
85 72 104
85 86 101
84 66 80
112 58 87
88 70 105
75 63 100
78 57 94
111 83 90
110 54 79
79 75 93
100 80 79
99 67 101
94 64 92
110 84 82
90 48 74
111 51 96
89 66 73
99 57 81
106 67 87
88 84 100
113 55 94
101 75 66
102 75 99
77 51 95
74 62 67
111 71 98
106 63 75
97 85 89
113 61 97
108 61 71
108 66 72
93 76 81
78 73 71
92 72 86
81 48 71
82 78 73
111 51 70
83 48 67
94 78 99
87 68 103
113 59 91
98 79 96
108 57 75
96 52 87
102 85 73
110 70 104
95 61 105
86 62 78
75 54 99
106 50 103
110 79 91
86 85 100
111 75 76
102 61 96
95 75 79
82 69 70
113 73 75
83 70 106
80 86 98
83 66 81
87 69 102
104 58 105
79 80 70
88 62 102
107 58 103
86 53 72
84 77 92
86 64 84
112 58 80
101 65 97
113 74 72
81 69 84
76 50 84
77 67 83
79 60 87
88 74 78
100 87 73
98 56 77
78 74 70
97 63 94
90 53 67
92 64 95
93 74 87
79 66 98
111 53 83
108 55 72
110 82 96
96 53 87
85 86 96
113 67 78
91 70 69
79 63 98
100 55 78
96 72 91
79 47 82
87 63 92
82 65 73
90 79 87
77 82 101
111 54 87
101 70 97
74 76 73
98 55 88
89 49 82
75 70 67
81 80 95
104 70 97
101 66 95
78 79 103
102 48 77
110 86 83
83 83 89
75 82 99
99 79 99
105 69 78
101 61 70
103 58 102
106 48 71
77 53 98
102 57 93
84 55 73
77 50 104
108 75 90
113 53 72
110 83 86
74 71 104
98 84 96
110 66 84
97 81 96
92 58 93
85 63 69
106 49 100
99 50 101
83 51 104
92 51 102
82 50 88
80 76 80
88 49 75
113 78 67
92 55 98
105 70 76
87 68 101
105 87 92
95 55 87
114 77 87
108 86 94
78 58 104
104 59 81
91 68 101
110 75 67
77 66 90
87 65 80
81 51 75
97 57 105
75 74 85
91 56 74
81 59 85
104 53 80
110 78 91
100 68 86
101 84 83
102 68 103
91 80 79
111 47 81
93 64 94
80 82 69
97 83 81
103 74 83
108 82 95
112 66 100
79 64 85
105 53 88
85 48 104
81 60 97
92 57 103
98 84 79
95 49 67
77 65 77
84 48 102
83 85 89
101 52 93
100 57 72
87 60 74
74 63 95
102 47 73
94 65 69
99 55 92
90 63 101
78 49 68
113 70 96
74 87 84
111 77 87
92 65 72
92 50 79
90 81 91
108 66 96
111 54 99
106 52 104
112 50 71
78 75 80
79 62 94
78 62 97
94 80 83
101 82 96
91 47 97
75 81 81
92 79 90
96 61 78
93 71 99
78 85 99
95 66 83
87 62 102
77 51 80
77 59 86
104 82 81
108 59 78
74 66 73
95 73 76
112 49 92
77 55 88
109 79 83
106 20 59
75 13 32
76 6 57
106 43 40
95 31 43
86 37 41
73 28 62
84 24 46
80 21 33
99 35 34
96 26 50
71 26 63
89 41 65
74 15 59
80 12 37
104 22 60
95 9 38
77 23 60
87 11 45
87 33 57
97 5 30
80 41 63
100 14 31
91 22 42
71 37 51
75 9 34
98 7 38
72 33 44
73 31 29
70 43 42
87 13 57
78 30 44
84 36 31
90 16 53
97 18 29
78 36 29
93 38 44
67 23 28
93 15 31
76 23 29
68 41 39
94 19 40
92 15 58
91 24 38
73 28 32
79 9 43
95 31 52
66 30 51
83 24 32
93 15 47
100 36 38
80 42 60
83 33 31
99 31 48
86 21 62
83 10 67
102 3 40
96 9 65
73 10 39
106 29 42
69 14 34
92 28 46
87 18 45
79 40 45
106 36 54
86 19 62
103 33 65
69 41 36
105 40 48
83 41 48
104 14 35
70 25 65
95 7 40
101 31 55
78 18 36
82 19 27
69 40 30
99 27 45
106 29 60
82 20 62
93 16 45
102 21 40
97 27 48
76 18 42
93 43 54
102 41 53
75 23 60
91 39 39
89 20 51
76 17 56
83 43 62
103 38 54
81 20 43
77 35 57
92 31 34
86 28 62
73 6 51
76 6 31
98 15 32
104 35 60
82 40 33
103 8 42
88 37 28
80 23 29
76 40 58
92 13 43
101 37 50
77 29 32
98 14 45
106 8 56
73 38 41
89 12 51
89 13 64
104 20 60
78 19 27
77 20 37
92 36 62
101 28 45
92 35 33
102 13 43
90 25 31
90 10 62
89 37 43
99 22 47
103 14 66
68 28 50
105 8 62
75 9 27
93 39 56
69 13 40
81 7 39
106 35 29
85 18 60
105 40 47
71 19 65
81 14 38
71 36 42
96 20 41
67 29 65
106 8 33
87 13 48
70 40 61
83 41 42
83 16 37
98 3 61
67 24 35
79 36 57
80 39 43
104 11 49
100 7 63
92 41 41
90 36 44
95 8 49
98 16 28
94 27 55
75 15 31
80 29 67
90 4 67
91 42 58
91 19 39
104 11 57
72 35 50
102 24 49
72 24 57
82 27 29
102 37 53
70 3 42
98 12 42
68 7 47
91 38 31
106 22 50
93 19 33
77 5 35
68 10 49
69 34 41
95 21 47
87 4 34
91 26 65
105 9 34
73 33 65
96 18 60
97 23 55
85 17 41
102 14 33
88 29 44
77 42 45
103 13 62
83 40 46
105 20 53
68 9 41
102 23 60
85 29 35
67 21 34
74 32 57
87 6 29
85 16 30
93 3 67
76 3 53
92 42 58
106 26 54
106 35 63
88 30 49
95 36 66
91 37 39
75 9 38
82 32 35
68 39 60
97 31 46
96 42 41
78 27 35
88 42 49
77 27 52
94 41 59
104 37 49
106 17 42
101 25 52
99 17 47
103 23 56
98 36 55
105 6 27
87 31 53
76 10 55
96 26 59
76 37 50
76 27 65
79 41 47
88 29 58
89 38 63
96 16 28
82 10 48
100 4 27
70 23 60
82 31 62
70 38 28
92 26 31
101 3 37
69 9 51
96 11 59
90 32 49
70 15 38
80 22 59
72 16 31
80 26 52
99 30 42
83 41 38
79 14 30
95 20 51
95 16 65
74 21 66
89 4 28
81 39 33
90 26 63
88 31 38
104 34 46
99 37 50
77 11 53
102 6 27
92 23 32
85 34 29
103 38 39
96 28 46
77 28 30
66 18 63
71 31 46
104 40 64
66 14 27
67 4 28
81 40 63
98 41 34
85 22 36
100 12 41
92 27 48
80 24 59
83 36 54
105 42 58
82 38 46
74 13 56
102 14 27
87 30 29
78 24 61
83 37 32
94 12 51
80 27 54
75 33 57
91 18 53
73 41 56
66 37 64
87 15 65
89 5 55
104 35 62
85 7 57
102 25 56
106 6 39
97 10 39
67 3 49
73 14 63
80 42 48
94 22 50
70 29 40
101 11 47
97 5 30
100 5 61
87 39 30
74 8 58
89 8 53
87 14 62
77 18 62
98 27 61
103 35 39
89 20 44
74 6 44
94 10 61
67 17 58
78 41 52
99 22 38
71 38 50
75 22 57
74 15 31
91 19 65
76 38 45
70 19 53
95 9 27
92 21 44
93 9 53
70 11 27
70 15 60
85 16 32
83 11 54
80 18 36
66 25 46
74 31 47
68 22 58
75 43 55
73 26 62
101 12 37
106 19 64
101 15 59
85 11 39
101 42 35
71 21 66
74 23 44
76 7 41
104 25 49
73 26 66
100 20 55
89 42 59
77 24 27
87 31 44
100 14 51
97 15 38
98 3 57
72 6 40
100 20 63
89 39 29
92 43 31
103 39 42
101 16 60
94 17 37
99 39 45
79 21 53
101 18 65
101 22 60
74 5 33
105 25 65
85 41 36
76 37 67
81 10 36
70 16 30
86 33 64
78 40 39
94 11 51
92 20 41
83 31 44
91 9 43
76 13 28
78 38 29
83 10 63
71 8 57
80 36 59
72 33 38
74 40 49
79 7 32
99 15 55
72 21 56
100 30 35
79 18 39
83 39 41
71 26 42
82 42 30
104 17 49
70 25 52
81 30 31
105 23 30
102 26 37
78 38 40
84 40 27
78 6 55
95 41 31
83 14 29
89 42 39
72 22 59
69 43 64
98 35 30
88 6 28
76 16 36
104 26 27
105 36 37
67 36 53
95 13 30
80 12 52
100 22 61
68 37 36
86 33 30
66 15 27
80 41 58
78 19 40
72 6 62
75 23 48
92 33 45
82 26 37
89 36 50
86 21 55
97 12 42
83 24 63
99 28 52
72 32 61
85 28 39
91 7 41
106 43 48
73 27 32
105 22 63
84 20 40
72 32 32
85 39 34
78 39 42
98 11 65
91 35 65
91 26 53
98 11 39
67 6 65
99 28 33
76 42 43
104 29 49
91 24 28
91 29 41
74 33 28
92 23 63
104 19 63
81 5 37
80 20 63
93 8 62
92 29 63
82 17 41
96 33 31
103 9 60
82 7 41
82 37 58
100 37 58
70 23 41
69 39 63
75 23 61
79 7 60
106 43 63
83 4 56
77 39 32
94 39 39
99 25 28
96 38 41
90 22 28
76 34 37
71 19 36
96 23 48
81 17 27
90 35 43
97 23 57
81 24 34
96 3 44
95 14 60
82 13 67
68 11 40
100 29 35
86 25 59
94 31 66
90 6 27
101 3 43
97 22 58
76 32 48
79 32 29
77 18 63
99 24 43
80 38 45
89 36 59
84 12 29
104 20 64
76 12 41
105 6 38
88 7 29
77 39 49
79 14 62
106 21 28
67 30 58
83 7 38
93 19 64
88 19 27
84 8 44
72 40 64
70 35 65
99 35 61
68 21 49
99 39 27
77 7 50
104 40 54
81 20 55
105 11 53
83 19 32
90 13 46
70 11 36
104 33 57
70 7 67
106 3 65
93 6 39
66 11 66
66 25 37
75 15 48
87 19 32
106 10 41
82 31 58
87 28 62
105 14 38
91 22 48
84 29 47
90 38 57
73 34 66
75 39 32
78 10 63
102 13 45
85 18 45
99 24 39
67 40 41
95 42 39
95 7 62
104 13 48
102 29 43
78 12 36
70 16 48
87 28 62
98 30 66
80 24 47
103 17 67
102 18 39
91 10 66
67 17 55
78 31 50
85 24 50
92 8 57
85 36 62
97 32 28
87 30 47
101 16 53
75 5 34
94 36 63
83 28 63
106 23 54
85 4 62
94 26 47
80 22 56
66 34 39
82 32 54
88 28 50
104 32 51
75 41 67
106 4 40
76 31 41
96 5 29
76 41 60
84 7 29
91 16 38
103 39 38
76 10 29
75 21 38
92 18 53
93 26 46
95 12 29
90 3 61
94 21 55
93 29 64
90 31 51
101 39 67
75 5 36
92 16 53
77 5 60
72 26 65
78 29 29
101 35 63
99 23 43
77 10 51
82 24 50
99 11 32
101 43 28
85 22 57
90 36 54
74 14 39
83 28 49
75 25 60
86 25 28
101 40 29
90 7 33
66 36 50
66 28 54
76 24 52
69 36 60
74 20 56
94 11 31
95 26 27
101 13 34
67 31 55
96 32 48
86 4 47
102 6 36
89 33 55
104 30 54
90 4 38
105 43 49
79 17 62
87 33 28
76 13 61
86 16 63
72 16 66
74 34 48
101 6 61
86 17 44
88 29 29
84 9 55
81 19 30
84 37 35
74 35 67
81 10 32
90 26 47
82 35 31
98 15 61
78 35 44
100 6 33
77 21 55
100 9 67
87 12 51
75 23 47
104 27 29
100 4 44
83 28 59
101 13 51
106 34 54
86 10 58
81 15 48
75 23 35
92 37 31
82 37 46
68 27 31
68 8 30
86 20 57
98 3 48
76 11 53
98 4 30
97 12 58
82 23 52
106 22 43
82 17 31
70 27 39
102 41 37
93 4 66
90 21 32
97 3 62
71 32 29
86 38 43
99 41 46
74 15 55
71 28 39
100 24 37
99 32 28
76 9 57
69 42 55
86 20 62
80 17 38
98 4 53
89 33 61
86 36 28
79 24 31
92 28 51
86 39 43
81 41 39
106 27 34
74 8 64
102 25 27
78 18 65
104 13 29
89 37 40
95 40 47
92 31 50
104 21 64
83 39 46
77 3 32
88 70 39
81 77 34
113 38 20
88 59 29
101 49 45
95 37 28
79 57 17
109 54 19
118 57 39
119 54 45
89 51 20
102 41 40
100 61 46
84 58 24
108 39 20
92 57 30
91 58 55
112 57 42
89 45 39
105 53 24
111 37 39
99 56 42
107 57 43
92 44 45
109 69 40
86 61 49
88 66 29
87 51 16
82 61 31
108 43 21
103 55 49
100 68 24
79 51 54
95 40 34
99 56 52
96 42 51
87 48 19
105 57 15
102 65 37
83 47 36
99 59 32
115 43 25
102 54 30
83 64 20
80 55 41
119 59 41
96 42 54
101 37 47
81 74 44
88 68 33
110 71 16
117 69 49
85 66 48
95 55 27
98 69 53
95 39 41
105 70 25
86 75 45
110 52 34
98 74 35
118 58 18
89 55 39
96 76 53
90 37 44
113 70 50
110 50 26
115 55 31
116 64 21
107 61 46
100 52 32
109 74 29
110 64 48
113 75 34
82 52 47
90 61 33
83 55 44
83 75 28
88 71 19
98 68 16
80 50 38
87 64 44
111 68 48
107 58 35
96 53 37
117 45 19
101 37 36
88 57 22
86 66 34
103 48 16
100 63 26
90 58 41
111 44 33
117 52 21
94 72 37
112 55 45
80 65 33
88 46 49
100 52 30
102 44 16
109 42 35
111 39 19
117 50 40
98 46 29
85 69 34
90 73 35
107 68 39
117 74 16
85 50 44
119 69 25
109 73 40
112 54 42
114 38 47
96 47 42
109 42 31
105 50 52
101 44 51
80 43 47
110 52 15
93 64 35
114 69 33
102 73 47
84 59 35
105 56 52
117 47 30
107 44 22
102 42 23
113 50 26
111 68 54
101 71 33
108 51 40
115 43 45
95 54 27
119 64 53
119 40 23
116 59 32
109 71 30
83 44 43
88 62 26
87 58 29
97 54 35
101 62 51
83 68 25
100 67 51
84 72 22
115 40 27
86 74 49
99 49 52
98 73 49
80 58 30
99 66 44
98 59 35
99 41 39
95 75 48
87 54 40
91 73 19
86 76 42
108 48 31
98 46 23
91 54 22
113 56 32
90 42 48
103 41 55
98 54 54
119 55 22
88 68 45
114 59 49
111 75 29
102 53 48
106 42 47
83 63 53
98 49 43
79 68 41
102 50 39
104 73 16
110 46 43
93 63 46
101 65 39
91 60 39
115 74 18
90 72 41
85 48 46
82 52 45
110 56 53
112 43 25
92 43 15
85 76 15
113 73 32
102 44 55
90 46 48
98 70 26
100 65 45
113 50 17
88 61 55
109 49 53
118 50 25
92 54 34
88 62 15
119 37 55
88 65 49
112 59 50
85 62 34
116 49 18
96 45 47
98 41 52
116 54 48
108 62 27
85 51 20
93 44 55
106 43 15
86 38 22
79 58 38
114 48 28
114 65 20
83 71 42
97 56 38
81 76 45
98 55 51
106 70 19
106 49 52
101 54 48
108 53 23
111 67 32
83 64 21
111 41 25
83 40 39
84 74 46
83 64 22
115 74 52
81 52 25
107 61 46
111 57 35
115 72 50
87 64 19
118 43 25
116 72 17
109 52 20
91 58 32
95 65 28
98 50 34
103 69 46
100 51 19
85 39 20
83 72 49
90 49 34
82 65 28
94 60 51
79 52 55
108 39 19
104 60 30
84 63 52
102 40 40
118 39 30
86 66 37
103 37 51
110 66 18
116 37 22
109 43 24
110 71 48
79 41 45
90 54 23
98 57 21
84 66 43
101 48 27
85 75 39
106 64 28
104 75 33
91 57 28
105 54 50
118 67 52
102 68 22
108 69 37
119 54 33
113 66 27
103 43 41
112 56 31
84 45 21
119 56 16
116 38 50
102 40 48
103 43 29
106 40 28
81 77 34
114 53 40
113 52 32
112 54 18
87 75 34
95 44 51
103 59 44
90 53 32
112 76 41
114 47 16
85 48 22
114 64 45
82 65 35
89 52 40
111 48 36
80 55 50
105 50 21
86 51 52
102 71 46
82 62 50
99 61 26
116 71 27
102 59 19
81 54 21
114 71 32
104 69 49
98 75 40
101 66 23
114 41 30
100 40 28
88 63 21
104 37 19
99 55 52
93 67 49
99 77 38
95 53 48
115 50 19
97 45 19
112 73 51
87 51 54
92 69 32
101 54 29
100 53 55
114 42 25
118 51 18
93 48 37
104 70 40
100 67 19
85 73 38
92 48 44
118 68 20
110 76 20
111 63 48
88 47 19
109 70 32
94 41 49
105 51 37
83 52 29
118 48 21
104 69 39
108 40 27
92 39 25
107 38 29
83 54 44
118 74 27
82 58 38
100 59 19
119 50 43
102 41 15
84 42 15
84 69 26
116 68 33
98 40 38
90 40 37
109 74 26
89 64 24
111 51 15
98 40 37
90 75 38
85 43 53
104 56 32
89 61 31
108 74 17
82 55 31
103 59 35
87 68 43
110 68 34
115 73 30
115 62 25
89 75 16
119 56 40
118 68 24
119 49 26
112 56 41
81 55 16
119 56 37
92 74 46
119 38 28
92 46 42
82 49 55
84 59 48
104 47 42
93 55 43
118 47 40
112 56 36
94 57 37
102 43 52
82 54 18
112 67 53
113 48 48
104 49 21
81 67 15
84 51 25
96 51 17
119 64 24
102 70 45
86 67 29
115 51 35
93 65 51
109 47 25
102 42 22
118 53 45
105 73 15
86 37 28
103 57 24
97 72 20
96 50 33
118 54 36
118 46 32
104 76 54
84 38 44
118 45 47
87 69 53
84 71 32
79 60 52
92 63 24
105 58 29
108 75 18
82 76 34
112 49 49
113 59 53
100 56 39
99 39 45
110 54 32
85 63 23
86 62 38
107 59 53
94 70 31
118 44 20
99 65 24
90 63 15
89 45 38
109 63 51
111 40 42
81 46 21
80 70 30
89 67 26
88 73 51
92 62 38
84 75 29
96 48 18
90 44 35
117 47 35
103 66 31
92 50 26
116 51 48
119 44 33
80 45 22
86 65 40
116 47 47
119 71 20
90 59 42
112 55 15
83 42 24
97 54 54
101 54 33
104 56 40
94 46 25
105 41 38
85 38 19
109 56 41
104 57 50
109 54 30
96 69 33
82 40 37
94 52 49
87 59 44
88 50 49
83 69 37
90 71 52
89 77 37
98 44 41
83 69 33
88 64 55
103 69 54
79 73 15
100 67 27
114 57 32
117 39 38
109 58 54
88 51 32
103 51 42
79 72 34
98 40 17
87 55 53
102 49 47
97 71 49
82 67 20
113 72 55
107 76 22
112 72 50
94 74 55
110 60 50
119 54 17
87 53 34
104 45 34
104 74 29
86 42 37
97 71 54
92 76 40
86 75 35
114 70 18
89 60 46
92 40 55
117 43 44
83 57 37
86 72 42
81 67 37
90 49 45
116 41 21
95 46 41
117 46 33
116 39 51
89 65 24
105 48 28
112 57 55
106 52 52
111 67 38
92 42 30
102 38 33
92 42 42
115 54 53
103 43 15
108 40 35
85 41 36
97 45 35
117 53 38
110 55 19
99 71 50
112 54 15
88 44 51
93 56 41
95 72 44
119 54 47
91 76 20
97 44 18
85 66 48
104 50 47
113 40 20
83 75 46
79 44 51
94 66 15
104 72 29
87 77 53
89 37 39
93 44 15
112 71 43
102 57 33
104 58 34
88 73 19
84 68 45
106 67 41
116 72 36
101 74 22
118 48 20
88 74 48
81 52 24
98 38 40
117 70 44
89 65 51
79 60 24
95 53 27
113 52 25
82 42 36
109 49 15
84 70 35
105 39 52
109 73 33
93 74 40
110 50 15
110 75 41
117 55 16
89 71 49
99 75 44
89 46 55
103 72 52
115 61 55
113 49 34
88 47 26
112 73 28
95 38 21
111 50 47
100 57 34
115 49 15
108 71 50
106 46 35
119 55 21
99 41 42
106 70 43
116 38 15
107 59 48
115 76 43
114 56 49
85 37 53
116 60 55
119 44 35
82 65 52
104 44 31
101 60 42
89 49 21
114 55 40
94 60 30
91 74 31
84 75 54
98 44 32
114 76 33
79 53 52
107 60 42
87 37 16
119 77 19
108 49 54
95 52 42
90 63 40
81 71 28
96 61 30
105 46 45
89 64 49
82 75 24
89 62 17
85 65 20
94 70 41
111 47 52
107 53 22
93 59 41
103 71 41
84 70 16
115 39 16
101 51 32
103 68 17
93 45 21
106 39 26
79 67 36
82 68 25
111 59 36
101 47 24
89 37 31
116 73 52
89 59 15
92 64 36
102 39 16
88 44 50
98 65 32
94 63 39
98 54 30
91 46 40
97 62 15
101 63 41
95 66 17
116 64 16
80 40 48
109 47 53
98 38 46
97 54 35
97 49 38
116 69 43
105 57 23
107 59 22
119 55 24
109 39 45
81 73 46
90 46 15
97 75 44
118 71 16
118 42 17
83 61 41
87 55 55
110 47 36
109 57 49
90 74 40
99 43 17
109 50 38
96 49 44
80 39 33
87 47 20
111 55 54
102 59 30
98 77 27
94 72 42
100 66 49
85 56 53
102 69 17
82 60 24
104 55 39
99 71 54
82 62 33
114 40 44
91 66 31
81 44 24
110 49 38
111 66 39
118 50 43
105 50 28
81 66 39
115 64 45
98 47 16
96 38 22
80 56 22
82 69 20
84 72 15
14 10 12
6 36 -17
23 36 15
16 5 17
2 35 -6
-2 32 -4
26 3 0
1 9 -4
21 23 5
29 24 14
22 16 -5
1 40 21
20 39 12
28 26 5
13 34 -6
-1 0 9
33 27 -18
16 25 -4
29 33 -14
31 24 4
10 16 1
16 8 19
11 30 5
14 15 -7
-5 22 -10
9 12 8
24 23 18
15 17 11
0 5 -16
6 31 10
6 15 -16
31 26 12
30 38 22
8 14 6
19 27 6
30 5 -4
4 40 -17
-5 3 18
21 7 9
-2 33 9
4 1 9
8 26 9
34 4 -13
33 27 -18
10 21 -6
30 2 2
33 23 -6
32 28 -5
-2 27 -4
13 34 21
-2 20 -17
26 4 9
13 30 -9
27 7 -11
31 34 -15
28 32 -17
26 5 -13
33 36 4
20 2 1
4 7 9
7 22 -3
18 0 -14
1 7 14
10 39 -11
-1 17 -12
0 25 15
20 29 7
20 26 -16
10 22 -9
25 4 -9
5 12 -2
34 20 10
-5 15 -15
2 12 -5
1 21 -16
-6 38 8
7 5 14
2 30 0
-4 26 -11
14 38 -12
-6 39 7
22 39 -1
9 13 1
32 29 6
32 24 1
1 30 -13
13 7 20
4 36 -10
11 18 -10
3 12 -6
12 25 -6
22 30 10
18 20 1
15 12 20
29 38 -10
12 23 -6
31 37 -10
-4 38 19
24 22 -14
6 5 18
21 38 -18
-6 27 -14
17 6 -5
13 20 16
22 14 20
9 1 -11
3 13 17
8 12 -13
-1 7 5
32 25 8
18 13 -2
33 8 20
10 10 -1
17 16 -7
-5 3 -8
3 15 1
1 38 10
30 11 -14
-3 2 -8
-1 5 -15
-5 32 11
18 8 16
26 33 12
-2 35 -12
0 40 -13
22 18 -18
1 24 17
33 23 -14
-2 35 13
3 18 7
11 22 8
31 40 -12
20 16 18
31 30 -2
13 21 -3
26 32 18
17 5 6
34 5 -18
30 26 9
10 9 15
30 35 3
-5 18 15
6 39 -18
-6 36 16
-3 0 5
1 34 -4
-5 29 -17
16 34 7
1 2 -8
8 30 -1
-2 11 7
34 40 -8
13 9 12
5 0 -5
2 4 17
-2 25 -16
23 31 4
33 37 11
-6 1 -14
19 27 -13
32 1 1
14 19 -4
2 25 -6
20 10 8
19 8 -11
17 28 -18
16 6 -17
5 34 15
4 13 -13
13 31 15
4 4 10
13 14 19
7 25 17
12 29 16
3 13 14
17 32 0
0 25 -9
24 39 15
0 11 11
-1 36 13
1 9 9
20 36 -13
21 32 -14
4 13 0
-1 11 9
3 11 10
1 25 16
9 26 16
1 30 -2
-2 36 13
16 22 16
33 19 19
32 40 -17
24 27 12
11 33 -4
12 10 5
-4 16 0
26 32 20
-5 2 7
27 32 3
11 29 21
24 5 15
20 0 -18
24 10 1
14 18 14
2 18 -6
22 16 -13
28 14 19
12 26 -5
27 17 22
16 39 -14
26 14 21
8 12 -4
21 31 -17
12 39 -18
-1 7 11
0 11 -1
1 23 10
9 3 7
26 17 6
8 38 -17
16 7 -5
2 15 -18
6 11 -2
-6 7 -15
8 31 -4
8 25 15
-2 10 -11
-3 37 14
9 8 19
3 14 -14
1 21 1
8 26 3
11 19 -6
34 29 -16
-5 19 16
23 15 -2
13 22 22
17 2 -12
23 20 11
-2 26 -6
2 5 -16
23 29 20
-3 34 13
-3 2 -7
3 27 -1
25 16 -12
31 5 -10
-2 33 13
31 38 -1
-3 15 -12
-4 17 -11
-1 25 6
20 32 0
6 27 -16
19 14 -13
6 16 2
11 38 8
-5 17 15
5 14 20
26 11 3
27 11 -1
-2 36 -3
12 38 14
16 8 -6
21 19 -9
0 40 -17
2 7 17
-2 0 7
9 25 -14
9 0 17
29 38 5
19 29 10
31 27 8
21 16 2
21 9 17
11 17 7
31 11 5
7 18 6
-2 10 1
4 9 -5
33 6 -11
24 3 -3
23 11 6
-6 3 18
4 4 -8
15 29 22
-6 40 -4
3 23 6
3 3 17
27 3 8
3 33 20
-3 18 22
13 17 -5
5 7 -12
22 38 7
20 23 -16
14 2 -7
-4 39 -11
14 18 19
3 25 -2
-5 14 17
1 33 5
-2 29 -13
14 11 5
3 20 20
18 22 22
20 6 14
-2 10 3
7 27 8
15 29 6
25 1 6
2 23 -16
3 31 6
-6 39 4
34 30 15
5 4 -12
7 37 11
25 14 -5
14 12 4
13 17 12
0 21 -6
22 29 9
32 24 -12
32 37 10
-1 11 -12
31 18 -11
25 28 17
-5 2 17
21 26 6
6 16 0
4 27 -16
30 20 -1
-4 22 -15
33 15 -15
29 27 12
23 0 17
27 33 8
8 36 -10
-4 39 -9
12 28 21
18 14 10
-3 15 8
19 26 -10
3 39 0
4 27 8
-4 27 -15
12 31 11
23 39 4
0 10 10
27 19 1
12 9 -17
1 37 -5
24 34 7
3 12 -1
24 8 19
-3 2 4
6 38 -10
-1 14 -3
-1 18 14
-6 26 11
-6 39 -6
0 9 3
23 25 -1
15 37 -12
18 28 19
32 22 -13
18 39 10
11 15 -17
21 18 17
29 17 -5
-1 3 -14
30 18 18
12 10 6
29 7 12
18 39 -13
32 11 12
-5 12 18
25 0 7
24 20 5
17 28 -17
34 40 -7
6 12 13
2 30 -10
30 35 17
10 18 11
-5 8 8
11 4 -4
30 38 17
-1 40 12
30 27 -8
1 40 8
-5 30 -15
22 37 -13
15 25 5
15 32 13
1 9 -4
16 36 -7
7 11 14
1 30 15
3 38 -15
9 40 -18
9 40 6
-3 22 15
16 19 4
-6 0 -17
14 14 0
7 31 9
31 40 6
23 21 9
28 9 -8
26 7 17
28 12 20
13 9 -17
21 25 0
31 5 -9
-5 22 -3
23 22 -17
7 20 14
-6 26 6
3 26 -6
8 21 9
32 35 -15
32 29 0
7 28 5
30 5 12
21 21 19
20 23 -3
15 33 -13
24 9 -5
25 2 5
9 31 22
10 32 10
5 22 -16
14 28 -7
-5 17 -13
-3 26 18
32 34 -2
-6 5 -17
33 29 -5
-6 0 8
33 28 -14
-6 36 5
30 2 20
17 28 17
20 19 -4
16 34 12
10 13 -6
-6 19 -10
25 29 6
5 8 13
10 34 22
8 29 2
28 7 -18
17 4 -2
28 6 -18
21 16 -2
14 38 -4
17 15 20
34 16 -14
2 2 21
-4 11 -8
26 34 -11
13 15 -17
28 29 -10
-1 12 -14
5 28 20
13 36 16
6 28 21
-2 1 7
1 17 -1
19 30 -5
28 30 -13
31 11 10
31 22 22
25 24 -1
15 30 6
10 18 2
17 22 9
28 19 -13
1 0 -4
18 1 -7
9 23 -12
-2 33 20
10 15 -7
-3 22 -17
28 0 -9
18 0 0
-4 0 10
-3 27 5
-1 20 -7
20 27 12
8 26 -13
27 28 14
19 27 -16
-6 2 13
15 13 1
3 3 16
32 9 16
7 22 21
26 35 10
2 30 11
22 19 3
-2 8 18
33 33 2
20 36 -13
23 20 -10
2 6 -3
20 5 -5
16 31 17
23 32 3
-3 20 0
-1 34 -14
13 23 7
17 13 4
5 25 20
34 16 22
24 25 8
30 13 -18
13 9 16
21 1 0
11 39 1
29 4 -5
14 30 11
8 5 -9
-2 8 13
18 32 -17
27 33 19
16 37 -7
31 12 4
19 19 -8
18 23 -3
27 28 -9
15 39 -16
11 22 -18
18 21 0
24 35 -3
33 37 -18
-5 26 -13
25 24 0
3 8 -13
16 27 -16
11 23 -17
28 11 -7
19 11 -9
17 37 19
22 32 13
12 18 -10
-6 16 18
-6 36 -1
16 9 -6
1 31 10
-2 26 17
3 29 -11
3 2 -10
0 14 -3
5 15 1
25 24 -5
3 18 6
-1 8 -9
1 23 13
16 15 18
-4 9 17
31 4 1
27 1 -11
22 23 -7
29 32 -4
9 2 6
15 10 13
29 25 11
30 30 5
3 30 -18
21 39 5
9 28 2
-4 2 10
5 16 2
27 4 -12
0 28 6
7 7 -9
16 9 19
14 40 -10
19 28 2
5 26 -14
2 21 -15
18 39 -17
24 38 -10
11 19 9
13 4 6
32 25 9
4 18 -12
23 16 -9
7 12 -17
26 28 -13
3 31 22
34 38 9
11 17 -7
12 36 -13
16 15 3
24 27 16
19 38 -1
13 17 3
-5 38 21
14 20 -14
10 40 -1
18 28 16
0 16 3
8 22 7
1 33 5
13 15 22
29 1 22
30 26 -16
28 20 -11
17 29 13
1 12 14
23 22 -3
16 16 -12
25 18 -16
28 7 4
8 25 -16
-4 3 -2
-6 26 0
29 5 3
-2 31 -7
17 2 13
28 38 18
21 32 -5
13 36 -16
6 9 -5
21 8 10
0 21 -17
21 18 7
8 40 -14
20 22 -8
-1 5 -9
24 39 -9
25 15 -15
24 26 0
26 26 0
23 16 -1
15 29 6
-1 10 4
-3 18 22
0 9 17
7 1 12
20 20 21
11 33 -5
31 31 20
22 20 2
31 20 12
15 16 14
17 19 8
0 25 16
34 7 5
31 33 15
34 26 16
13 16 3
33 8 -13
8 33 -3
18 1 -9
7 38 -15
-1 23 -13
16 30 9
14 28 -15
34 22 -11
13 2 -14
12 32 10
23 37 0
12 24 -9
29 29 8
0 15 3
9 10 -10
26 17 13
6 13 -6
32 27 19
15 34 0
21 21 -16
31 11 4
23 11 -12
32 9 21
6 38 2
16 3 18
24 6 -13
-5 18 19
33 37 16
31 9 -5
17 33 12
28 11 19
-5 28 4
15 10 -13
-6 36 4
-1 8 18
9 7 19
-3 20 13
23 26 -5
-5 21 22
9 24 -16
2 15 20
23 37 -6
11 30 1
19 21 2
75 11 99
98 -5 102
94 -2 105
73 11 103
95 -12 100
101 -3 74
98 -1 101
89 0 67
96 -11 94
103 -12 66
98 -13 77
84 22 79
84 -10 100
99 18 95
91 -2 73
98 1 84
91 15 86
77 11 66
71 22 82
104 12 83
72 15 75
103 14 97
105 14 79
69 20 81
84 4 78
87 -11 70
96 -5 105
73 -5 105
98 20 86
98 24 74
77 12 65
93 18 80
107 -3 94
70 -16 77
96 7 96
74 22 104
84 16 76
72 -3 70
102 -8 85
104 -9 81
90 -1 87
97 -1 71
91 15 78
91 -6 67
93 -3 89
89 -3 95
87 21 95
79 -6 85
70 -15 70
74 0 84
80 15 88
84 -8 86
95 -6 77
97 23 95
77 -10 66
105 -15 75
89 7 97
96 3 100
106 -9 105
90 18 69
97 -8 70
76 8 77
70 15 90
73 7 76
103 18 78
96 14 94
86 24 72
82 -7 99
89 -6 80
100 -2 85
87 -9 90
102 1 73
71 -7 92
102 4 89
82 24 92
101 21 101
82 5 91
84 16 65
76 -13 66
108 -12 96
76 5 84
70 19 69
92 11 80
75 19 100
81 -11 74
78 9 105
69 16 70
108 12 67
92 10 70
70 -15 78
79 1 87
71 21 74
86 -15 85
69 11 88
87 23 99
91 -10 98
91 15 103
78 -3 85
76 -14 89
89 21 102
77 23 105
105 -5 81
97 24 100
80 23 96
71 -3 69
74 9 81
98 24 102
98 3 69
106 -16 92
102 22 82
108 14 73
97 -11 103
94 16 81
89 1 93
74 22 66
101 -3 77
91 -7 73
85 -6 102
107 -15 85
90 -12 100
103 -16 105
100 10 78
71 -6 86
85 20 70
73 -3 93
79 -5 103
70 1 76
102 20 82
86 -10 69
101 5 80
104 5 69
84 -1 68
89 2 70
90 1 100
84 21 83
85 -7 76
106 -2 73
88 4 90
70 -7 71
82 12 68
101 4 76
95 -14 88
72 -6 72
107 2 100
105 -11 98
85 2 66
80 9 100
78 -7 65
84 -5 100
75 4 88
83 -16 77
100 7 85
99 5 77
82 13 89
90 -9 77
108 23 66
92 14 81
76 1 104
104 -11 82
78 -12 65
85 -9 90
70 5 100
83 -13 102
95 -13 71
96 -3 96
107 13 102
94 -8 81
105 -4 82
85 12 95
90 -6 81
92 6 76
100 6 102
74 10 90
78 0 97
71 12 94
99 12 77
99 24 70
85 -10 80
100 -1 74
70 17 95
102 -10 77
106 3 74
105 17 80
91 -9 105
104 -9 78
88 -11 68
96 4 98
74 -2 65
91 -15 85
68 -6 72
97 19 101
82 -15 80
103 0 98
75 -3 101
74 0 88
82 16 98
96 12 88
98 -16 91
70 12 79
69 -1 104
74 12 90
100 -15 69
70 15 99
103 -2 84
101 -1 105
96 19 87
73 17 98
97 -16 102
107 2 79
108 -9 74
101 6 102
101 9 85
76 2 83
99 5 71
78 13 85
82 0 100
79 -1 102
99 -4 91
73 20 65
95 -12 86
92 21 95
80 -14 100
90 5 82
107 -12 79
82 -10 67
72 -2 95
84 -5 84
75 12 89
88 -8 102
98 4 92
87 -11 102
96 24 86
95 1 100
96 -2 86
99 16 103
75 10 67
108 14 103
84 10 84
72 -1 76
73 -16 65
69 -11 80
76 18 88
82 1 104
88 22 98
94 -9 91
99 7 90
84 -4 79
94 2 83
99 18 99
88 -13 103
73 -15 81
68 -16 90
90 0 96
94 -10 83
83 -7 91
77 14 103
78 13 71
76 -16 95
74 11 89
105 -3 71
94 8 66
71 -6 101
107 7 82
89 12 75
77 6 88
84 -7 90
81 -13 102
70 -13 79
69 -3 76
96 8 99
87 -7 72
75 1 101
69 -2 92
86 16 83
82 -11 84
80 -16 97
68 21 79
94 -14 86
82 -10 95
85 9 81
107 -1 101
72 -11 70
105 -15 96
92 13 98
92 -16 75
83 9 83
94 2 96
105 12 104
88 0 101
77 10 75
101 14 97
84 17 95
95 0 104
87 2 78
89 -14 95
82 -4 95
92 -10 94
72 12 93
77 13 69
100 4 92
76 -5 88
80 16 96
77 9 99
73 -10 84
106 -13 82
95 -4 98
70 12 95
108 7 98
88 20 103
82 24 93
73 24 99
102 3 89
99 17 78
99 24 101
104 -5 69
83 16 98
92 16 90
87 6 104
104 -6 77
82 14 80
82 -6 81
79 5 93
104 -16 81
82 12 96
72 22 76
100 -7 96
92 2 71
86 -6 66
106 -2 88
86 3 98
68 7 95
89 16 87
107 13 90
82 3 85
89 14 103
99 9 105
95 7 91
94 6 102
78 2 68
73 -11 102
106 5 100
96 13 81
91 7 69
74 11 101
84 -3 66
97 -3 73
100 -11 77
95 22 75
88 14 68
83 -4 96
90 -1 81
94 -9 100
93 23 98
75 7 93
108 12 66
108 7 96
82 -3 95
68 -11 86
82 4 68
98 8 84
81 -10 84
76 -5 85
104 1 65
99 -5 92
77 2 104
107 -16 98
94 -2 68
80 -13 98
98 0 74
79 17 92
87 22 86
86 10 101
86 23 91
102 21 92
95 -7 76
69 -16 105
75 -9 76
98 -4 93
70 -12 89
77 20 99
92 20 90
104 -13 97
88 -3 85
82 -13 102
79 -10 97
69 8 72
94 18 85
92 22 100
70 17 104
85 -5 77
102 22 93
86 -12 73
87 8 84
80 -16 83
78 18 74
86 -4 68
102 3 83
74 12 67
96 24 98
75 -13 96
92 0 96
100 -13 70
108 -14 94
103 -6 67
92 23 101
79 22 74
82 -8 95
96 -12 100
106 14 65
81 14 84
89 -11 77
84 3 82
108 -12 78
98 0 74
84 21 83
88 -12 98
70 -2 97
72 -12 71
105 23 89
94 17 71
75 21 96
91 8 93
94 1 92
102 -14 98
95 10 79
76 -16 84
99 18 79
94 10 105
90 6 84
86 1 101
69 12 82
94 13 88
87 -12 65
87 -7 66
98 -12 71
90 18 91
76 6 86
99 -4 94
98 17 68
83 18 104
90 21 97
86 11 83
75 11 91
105 24 98
73 24 67
96 -9 75
106 9 91
75 -3 88
80 24 81
100 7 102
88 20 87
88 -16 97
78 11 76
93 -10 89
98 -9 104
91 -16 65
94 14 76
88 -10 89
95 -16 101
92 19 69
83 7 91
108 -12 97
91 14 104
86 -3 87
88 16 74
69 13 69
73 10 75
94 -8 87
107 23 96
91 -5 82
82 22 76
69 5 68
84 11 92
94 5 101
73 -8 84
93 10 102
96 0 80
71 -13 88
107 0 94
79 11 95
97 19 104
84 15 75
68 13 94
102 3 90
72 0 91
102 7 65
103 22 103
107 -7 95
81 4 69
70 17 84
106 -8 89
73 -4 76
82 1 67
98 3 80
84 -3 96
101 21 69
69 17 90
94 22 91
93 23 95
89 8 69
75 15 77
105 5 102
105 -10 74
79 10 75
71 19 85
89 -11 79
100 -10 80
69 12 72
82 20 71
80 -11 102
96 9 73
86 12 94
77 23 103
95 -16 101
99 16 82
86 -16 75
107 -14 105
74 -1 75
101 -16 67
75 -10 95
73 13 68
73 21 69
84 17 91
84 19 92
103 8 90
80 2 104
71 14 68
95 -4 81
89 12 67
100 10 98
93 13 105
79 -5 80
78 -2 83
96 -2 77
76 8 93
84 16 103
95 0 85
70 17 98
78 22 105
69 12 93
100 -14 72
78 -6 78
68 -6 73
95 -13 67
74 -13 97
72 24 94
75 21 105
89 -6 82
104 -15 74
106 -15 67
81 -12 95
106 -8 84
103 -2 89
92 7 67
93 -3 71
97 2 91
99 -10 104
98 8 72
81 -9 68
71 22 78
82 -8 66
94 -10 98
100 -6 91
87 -12 65
77 9 72
70 18 81
87 14 68
85 21 67
79 -16 80
104 24 102
106 -6 94
70 21 104
100 24 96
71 12 95
80 13 83
100 21 68
97 -11 74
74 14 76
107 -2 72
70 2 68
88 7 85
69 -1 103
100 18 91
77 20 68
83 2 86
87 -4 72
72 23 98
88 -6 68
84 -16 104
79 -5 97
80 16 94
89 -6 89
71 -11 104
104 -12 74
88 -11 95
89 -6 100
76 12 67
74 11 95
74 -14 98
70 -6 79
97 -5 103
98 -3 85
99 9 105
101 13 71
71 -4 86
108 9 99
68 23 84
94 22 89
98 -7 96
79 22 70
81 2 70
97 -12 71
82 -8 92
91 24 101
86 18 69
99 -8 81
93 0 81
77 -13 72
97 21 93
70 -14 94
85 14 84
92 -2 80
104 4 75
93 -5 91
87 -12 79
106 2 88
73 17 68
68 -12 86
107 24 99
107 15 77
78 -13 80
99 21 84
104 20 97
75 15 102
83 2 89
104 -11 81
82 -3 70
95 23 100
82 -15 77
98 -6 90
105 16 79
82 14 87
102 1 105
93 -9 85
96 0 74
95 -4 88
82 -9 88
93 0 80
88 22 69
104 12 81
75 -7 87
99 24 98
84 -10 79
68 -4 100
91 -4 69
69 13 68
101 23 92
74 -9 83
74 19 84
94 13 89
85 -1 78
103 5 65
80 -13 90
83 -6 67
98 18 65
84 -7 83
72 22 82
69 -13 94
104 12 81
98 -13 71
99 3 65
71 -7 105
70 18 101
98 14 100
82 21 97
71 5 93
102 21 68
88 16 67
82 20 82
77 6 68
83 16 90
83 -4 98
83 8 72
100 -14 90
85 11 82
78 15 68
105 -4 94
98 9 89
103 8 70
71 9 103
106 7 67
98 -13 90
85 2 80
74 8 78
73 14 99
76 13 67
86 14 91
73 24 74
75 9 69
93 -11 69
28 15 7
42 37 5
26 29 -10
46 -1 4
14 -1 -9
36 6 5
45 34 -6
49 25 16
24 8 14
39 18 23
21 15 29
27 39 4
24 18 0
49 36 4
16 32 27
14 16 3
16 34 27
28 31 19
35 -1 -5
40 14 24
25 11 29
18 10 14
51 36 5
22 20 -1
40 10 22
13 11 -6
29 3 4
13 27 8
30 3 19
42 16 -9
50 12 -6
37 7 10
46 14 17
49 12 6
21 13 29
20 27 11
44 35 29
13 39 18
17 38 -2
45 29 14
28 15 17
38 29 14
13 18 10
16 38 19
32 29 -10
48 3 26
42 7 3
27 35 -11
28 15 27
36 3 1
44 35 23
26 30 -9
13 26 20
14 24 -1
42 32 1
31 1 -5
46 39 21
48 8 23
18 22 1
12 14 22
21 9 26
49 9 11
49 27 11
32 6 -1
51 14 17
29 35 -4
32 1 -10
23 26 -10
49 31 12
51 36 23
29 28 -7
11 4 27
15 37 5
16 24 26
35 16 -7
35 14 29
30 11 25
13 9 15
49 18 16
39 4 -4
39 4 23
18 15 13
16 37 23
49 35 28
34 0 24
48 33 9
20 37 -10
31 3 27
12 -1 -2
20 33 20
42 -1 4
15 -1 23
45 14 -1
50 32 23
16 13 1
20 7 -3
49 12 -6
48 17 29
25 21 11
27 31 19
26 1 7
12 13 25
14 39 28
41 36 -8
16 21 6
19 31 16
28 12 -8
32 18 4
26 21 22
15 14 -6
23 12 20
46 1 -5
27 13 -5
34 14 28
11 10 25
30 37 -2
24 13 -2
27 13 28
12 32 -7
37 0 22
33 35 18
14 11 -11
50 12 26
47 2 22
34 8 11
16 21 12
41 7 -9
13 17 9
31 34 2
44 36 4
42 18 14
13 24 19
29 35 27
12 18 8
41 11 24
22 11 24
37 21 29
24 -1 27
44 21 5
33 21 27
44 23 -10
46 1 21
35 7 7
33 0 26
45 -1 22
13 23 20
12 1 17
15 22 -11
28 27 18
29 24 7
29 4 14
13 38 26
17 -1 20
36 24 15
21 15 9
42 16 -9
44 23 -3
46 10 7
38 0 2
15 37 21
36 25 -4
14 18 4
14 32 22
36 33 3
22 18 6
33 -1 -9
46 20 24
30 35 -1
36 -1 6
51 2 11
47 4 3
45 1 21
32 38 2
48 31 0
30 13 3
37 5 -2
42 3 -5
29 36 21
18 6 -11
37 7 0
30 11 15
46 30 23
29 39 2
31 37 -6
33 38 21
11 28 2
32 15 -2
18 26 19
25 30 -11
44 30 -7
16 0 -5
40 15 28
44 21 -9
37 13 8
37 12 -8
16 17 14
18 18 -11
45 13 2
41 34 11
46 24 25
34 35 -8
13 35 6
49 2 18
46 14 -1
22 21 15
18 4 20
39 36 0
39 25 6
14 19 4
27 24 19
13 24 9
38 30 -6
28 7 25
37 -1 9
29 28 27
28 9 -8
49 37 15
12 38 -4
28 7 25
17 3 16
18 35 2
51 32 6
18 8 7
41 37 10
26 24 -3
26 17 10
22 5 15
47 20 0
38 23 -2
13 35 2
17 14 14
11 38 23
15 17 -6
28 9 2
29 19 26
31 39 10
39 18 8
34 7 10
51 9 -6
24 12 5
41 13 2
43 5 26
49 8 -3
46 36 23
31 38 26
26 0 1
22 30 3
29 5 26
15 19 7
49 31 3
21 13 21
42 29 8
33 6 26
44 35 18
48 29 29
35 16 -11
35 21 -10
50 33 14
12 8 -3
20 21 29
45 31 6
20 28 -3
37 13 5
47 32 21
50 31 9
50 1 3
43 6 16
14 6 23
15 38 24
33 6 -6
18 -1 2
42 8 -3
37 36 7
26 8 6
13 14 13
33 -1 -11
32 4 0
29 25 13
37 37 12
41 39 28
18 19 0
22 19 -4
46 34 26
29 26 27
16 31 19
24 24 8
42 18 14
25 18 12
13 9 11
44 24 12
29 3 0
30 33 8
44 -1 18
47 20 -2
34 18 7
24 18 20
29 17 22
28 36 23
45 27 29
24 26 -5
19 13 10
31 7 18
36 34 -8
33 22 2
47 13 24
26 22 11
30 28 3
40 27 -11
20 7 -6
38 25 -9
47 17 23
48 4 -2
13 5 -5
44 8 -9
27 21 10
31 1 1
35 35 8
45 15 27
35 7 -4
33 13 12
42 2 -6
26 31 14
25 9 17
18 19 -6
41 16 23
30 13 2
43 20 -1
25 13 15
23 8 19
29 5 -7
51 14 19
46 26 17
50 -1 -11
27 27 0
24 31 8
11 17 14
26 34 22
20 24 11
28 23 18
36 29 15
33 15 13
31 8 2
13 30 29
31 37 2
49 16 25
22 23 19
13 28 -6
21 0 -3
30 27 24
44 15 -1
11 28 2
44 5 -8
22 25 -4
42 9 -10
37 37 -8
48 33 6
47 4 -11
44 32 -1
46 3 27
31 22 7
32 9 -3
48 19 9
17 38 22
51 13 26
29 16 22
20 25 14
30 28 -10
45 37 -4
23 16 15
39 28 20
32 14 27
24 27 -7
40 15 11
46 27 -11
16 21 0
20 19 -10
49 32 -1
23 29 -4
51 10 -2
26 6 4
17 -1 26
38 11 6
39 25 11
14 19 29
38 12 3
47 24 17
46 36 15
27 35 -6
41 30 26
20 16 -8
47 16 0
22 3 -2
31 14 28
16 3 12
11 11 27
33 22 17
26 18 -10
22 38 17
47 29 -5
42 35 -8
46 26 -1
38 14 4
48 28 -9
37 20 7
11 34 -2
49 33 22
24 33 9
18 33 12
14 18 21
37 34 -11
30 28 -1
28 7 24
31 14 7
26 17 -7
43 35 9
32 34 19
37 22 -2
40 39 5
20 29 -3
47 6 -3
49 36 2
27 24 14
16 30 16
48 15 7
40 12 5
32 4 11
14 19 25
40 4 -5
14 18 25
45 12 9
25 22 1
28 5 9
44 20 24
41 33 20
48 36 18
45 32 9
40 35 -5
38 37 10
32 11 -5
48 6 0
33 38 26
20 34 15
28 24 -6
30 17 15
40 15 9
24 0 25
40 7 28
16 25 11
13 18 16
44 7 -9
45 15 25
34 22 27
49 12 7
23 17 -2
34 24 1
19 36 3
47 37 15
11 39 -9
36 10 25
11 11 20
49 9 10
42 10 -1
31 33 16
40 34 2
17 0 18
30 25 9
42 13 25
12 27 22
22 13 7
51 -1 -1
26 38 9
51 38 20
26 27 6
20 21 -4
11 37 22
16 5 -1
43 8 27
11 13 -4
18 17 10
45 4 22
33 30 29
51 14 3
20 22 -7
49 24 4
19 0 22
34 29 15
36 31 10
13 1 5
27 28 27
17 9 6
13 31 2
26 36 23
45 9 26
17 5 22
23 18 -3
48 17 17
12 15 16
25 -1 3
17 30 22
43 38 27
47 20 4
50 0 9
47 25 29
25 15 3
31 30 -9
33 28 5
46 6 -5
15 33 15
46 38 -11
49 36 1
29 7 18
48 26 5
26 13 19
19 -1 12
17 4 11
44 24 3
37 18 16
16 28 -5
46 14 -5
40 14 -1
35 0 17
46 26 -2
18 35 -2
35 15 -2
39 29 0
15 13 -2
49 24 8
18 17 -10
22 25 1
43 22 -9
21 23 14
40 2 5
46 32 -3
51 35 6
48 17 28
34 27 20
45 8 12
44 29 -4
31 37 17
42 23 10
50 17 20
27 20 4
16 1 19
36 19 16
30 18 23
35 39 9
23 34 -6
18 4 8
26 18 4
11 37 1
30 20 -3
25 26 -7
17 5 18
13 21 10
28 28 27
11 38 12
49 33 -9
11 39 -1
21 19 23
43 36 1
39 16 -10
18 16 5
35 30 10
31 30 4
49 6 -8
37 14 26
39 32 -5
49 21 3
11 17 15
39 1 -3
45 25 16
25 33 5
44 24 8
21 21 14
43 35 -4
15 16 -9
23 25 8
49 36 21
36 39 19
46 18 10
42 13 -1
27 19 -1
20 10 5
48 28 13
17 22 16
32 12 -10
34 35 11
40 4 10
17 22 7
26 31 15
29 37 8
25 0 1
42 36 5
27 8 29
40 20 15
34 -1 -5
36 15 24
12 20 11
12 5 25
33 23 0
13 29 -10
25 4 4
50 35 9
33 0 -7
41 6 8
32 -1 19
37 6 11
22 27 27
21 16 5
38 14 -8
24 4 3
36 8 7
48 33 8
40 8 24
31 24 5
16 2 -5
51 25 26
20 18 -9
42 4 26
34 39 -6
47 37 2
36 0 2
14 8 10
39 13 -5
45 12 26
26 28 -10
43 14 0
51 38 5
26 10 -3
49 9 -4
42 26 -7
13 25 -1
50 29 13
47 25 1
15 15 -10
36 27 10
24 11 28
19 20 8
29 5 3
43 27 -9
14 13 -6
32 33 -7
19 20 -10
47 1 7
27 12 9
36 2 4
24 25 12
35 -1 6
30 18 28
17 3 -2
25 15 26
32 22 28
33 35 29
15 33 11
49 32 -11
16 16 16
41 19 4
43 36 26
19 1 -9
29 4 1
47 28 13
15 9 19
46 38 -2
37 20 7
30 10 -8
43 36 -5
46 37 -6
45 32 5
16 19 -9
48 20 16
24 18 -7
34 8 23
17 20 24
34 16 9
46 13 16
12 23 27
38 33 26
44 23 -11
28 4 -3
39 22 25
43 29 3
22 15 22
41 14 21
20 3 24
46 29 26
11 4 -5
48 2 4
29 5 -11
37 28 21
12 12 10
43 36 -11
24 19 19
41 7 2
30 23 0
15 15 20
13 33 0
19 23 0
15 6 -4
25 26 -8
21 28 3
85 34 36
82 6 31
93 21 23
99 31 38
109 -4 8
110 31 27
99 13 22
97 13 27
82 1 39
89 25 40
97 30 22
107 11 39
107 4 45
110 7 46
82 19 12
76 5 16
80 15 15
104 2 31
107 14 15
106 -2 24
108 3 40
83 3 39
91 -4 35
75 23 41
106 26 44
75 7 18
78 2 39
79 30 17
86 20 17
91 6 44
82 24 37
79 29 40
78 24 13
97 25 31
107 35 8
85 32 40
90 13 31
106 26 40
101 1 40
104 13 28
92 -3 24
85 25 27
97 28 20
91 27 39
103 33 21
111 8 42
110 4 11
111 10 15
110 -1 12
114 21 13
94 19 33
75 6 26
93 30 40
76 35 23
95 25 15
84 18 41
93 33 24
78 30 16
112 11 26
85 27 24
97 27 23
96 21 26
79 24 13
115 30 30
114 30 14
78 8 21
104 18 23
80 32 29
99 30 47
98 26 40
106 -5 30
90 -2 15
114 27 34
110 -5 17
86 4 19
99 30 12
115 11 28
97 22 30
112 12 11
111 16 27
114 15 46
97 2 46
89 4 11
110 2 32
115 21 47
109 35 32
98 12 15
77 21 21
111 -3 16
93 32 10
78 15 30
89 16 18
88 18 44
107 32 42
88 33 17
88 13 40
97 33 10
81 -2 29
88 13 39
81 4 47
100 -4 32
82 -3 42
93 14 13
111 14 33
112 -4 42
97 34 32
77 29 42
111 -2 16
77 7 38
101 -1 30
77 22 27
103 19 28
114 31 10
94 10 44
88 15 29
93 4 39
76 31 7
114 19 38
112 25 25
102 33 34
87 17 39
93 6 20
87 22 43
92 5 44
84 18 34
87 31 47
99 26 42
77 21 20
108 24 47
91 0 21
108 10 36
103 1 44
114 16 39
78 3 43
104 35 32
106 -1 26
108 34 36
75 30 42
84 10 17
100 33 44
87 25 7
114 22 15
89 -4 13
102 19 18
103 12 11
106 -1 34
103 -2 44
111 -4 31
93 9 42
112 5 25
78 11 21
108 -3 44
75 13 28
93 33 23
107 23 27
103 21 8
99 -5 22
107 9 11
113 18 24
83 -5 41
95 29 8
77 32 44
110 27 31
106 11 43
92 9 20
91 17 27
106 21 31
105 29 15
107 11 13
93 -1 9
111 2 17
111 20 12
107 35 12
80 25 44
99 19 47
87 14 45
102 25 7
91 16 9
83 20 24
105 15 25
91 15 43
111 30 35
110 16 21
89 -5 47
81 3 19
99 3 43
86 35 45
109 32 11
77 20 43
113 22 33
77 10 35
97 2 24
97 2 36
95 26 9
110 -1 34
102 32 31
87 28 19
81 18 38
79 16 34
85 13 41
91 12 43
90 7 36
92 32 9
101 24 36
104 -5 22
75 22 9
96 5 16
113 22 37
88 27 24
115 29 28
81 3 11
107 11 17
106 5 35
101 26 28
106 6 39
107 13 15
79 12 16
77 24 9
99 -3 32
84 -2 44
98 24 37
77 -4 33
107 30 45
96 1 44
92 18 16
104 -3 22
95 1 28
101 17 23
112 27 9
79 33 36
111 18 9
104 1 44
110 32 9
85 -3 36
111 -1 46
104 4 19
99 27 30
99 8 12
87 20 19
100 20 37
106 2 33
79 30 32
81 22 18
84 25 34
90 22 40
92 0 31
89 24 47
113 0 41
108 22 39
81 30 20
110 28 44
75 34 30
87 8 32
104 -5 38
110 -1 46
89 0 42
82 0 22
113 23 12
98 19 25
107 31 9
109 21 36
82 15 16
94 17 24
106 12 22
94 14 27
92 4 44
107 12 40
87 -3 16
78 5 45
94 21 17
115 13 27
113 35 17
78 18 27
111 15 26
101 15 46
101 31 17
83 -2 16
105 34 33
75 34 28
80 20 28
93 29 24
97 9 47
102 -5 25
93 9 26
102 16 35
88 12 23
82 9 8
105 20 22
94 20 18
112 17 28
107 8 46
97 5 16
97 16 34
108 32 47
115 7 19
100 32 9
109 31 25
104 2 9
107 18 16
113 16 47
102 3 27
77 23 28
75 -3 22
96 5 23
89 30 46
112 27 32
83 11 34
87 25 12
76 7 28
114 6 27
106 12 23
79 30 46
98 -5 41
81 30 27
113 10 8
87 23 23
84 18 10
77 18 43
102 9 28
102 11 29
80 15 43
97 2 34
90 13 23
115 17 27
96 21 23
97 18 25
92 -5 20
105 3 37
107 23 28
104 -3 25
92 35 21
86 1 9
112 -5 31
87 17 38
79 21 13
84 16 47
90 25 45
75 0 35
75 14 47
79 -3 23
94 30 25
75 -2 11
100 28 11
78 0 30
108 27 16
114 18 20
93 34 33
103 32 25
77 -1 31
81 -4 46
87 26 19
108 5 20
115 1 25
114 22 16
97 9 42
108 20 41
109 26 12
102 19 11
92 24 41
77 28 36
79 31 43
89 28 10
105 -2 8
90 31 22
101 24 14
86 27 10
81 -5 44
96 13 33
85 -4 40
105 7 31
76 25 37
91 -4 28
109 14 23
100 4 20
94 0 9
84 29 27
81 24 8
113 12 27
113 8 16
94 12 39
84 21 22
86 0 22
78 27 37
113 34 14
77 28 46
86 20 40
88 -1 20
112 21 8
88 16 29
97 -4 37
99 19 8
88 20 14
100 9 21
111 4 45
107 -3 11
77 21 13
103 3 44
90 21 23
99 14 18
79 14 30
102 24 13
101 8 21
99 17 18
102 33 40
108 22 27
82 -2 43
85 26 21
94 10 14
95 -2 33
112 12 35
98 7 17
89 16 19
105 17 16
106 33 32
79 14 38
112 8 22
93 16 13
99 -5 38
109 23 40
84 18 38
88 29 45
77 11 40
82 16 14
80 0 40
78 12 9
79 0 18
82 24 34
83 30 20
89 4 20
110 19 18
84 34 43
99 32 28
102 1 43
95 7 45
92 9 11
91 14 36
114 27 32
105 20 25
82 8 7
101 18 43
115 34 35
75 27 27
88 -5 14
99 -5 9
79 5 24
113 3 26
95 17 17
109 31 42
78 12 11
104 -2 20
85 24 44
93 3 17
76 28 9
114 7 42
95 22 39
115 30 37
92 2 30
89 10 18
88 34 12
81 2 9
82 33 38
114 21 8
110 7 45
85 2 33
78 10 13
107 28 41
77 23 29
88 -1 31
79 34 18
88 13 17
103 0 46
96 28 17
80 21 38
105 12 12
85 5 44
114 29 14
97 5 7
99 30 21
102 4 19
110 24 47
111 12 7
113 28 20
104 30 9
101 1 21
79 9 41
109 21 15
82 24 33
93 10 12
108 13 25
97 27 19
88 2 29
82 24 21
104 5 22
85 11 36
76 18 45
84 29 20
107 -3 36
108 13 10
83 24 24
94 6 27
80 20 28
106 -2 40
114 32 44
76 35 39
95 4 13
95 3 9
97 25 35
86 8 38
99 12 44
115 11 24
98 33 29
114 20 21
102 31 17
97 29 22
98 4 40
95 2 46
104 16 47
80 20 46
97 18 18
107 21 17
81 15 29
98 14 31
100 -3 40
105 -1 15
102 26 42
91 33 45
83 25 11
89 18 27
83 -3 26
100 -1 20
114 15 17
102 29 40
90 10 16
79 0 41
87 29 20
98 18 28
113 31 38
104 1 47
103 1 21
98 34 26
76 -3 31
83 -2 19
85 0 38
88 20 35
81 5 28
115 2 34
113 22 21
90 18 39
94 24 21
108 7 10
110 -1 14
114 15 13
84 2 41
107 19 13
107 16 9
90 15 39
107 5 36
100 -3 29
91 10 37
97 14 8
111 16 11
103 20 36
100 7 16
92 16 23
96 6 44
75 35 35
91 0 27
97 17 24
103 26 47
96 32 24
103 15 30
100 12 11
93 -5 28
84 0 28
78 28 43
102 -4 22
84 7 37
78 25 43
82 19 13
112 12 39
86 5 27
92 5 27
111 21 12
92 7 25
115 35 9
96 13 33
84 24 19
105 10 40
103 28 27
105 9 24
92 25 7
86 13 33
86 -5 16
79 -4 41
76 15 11
111 0 22
96 7 7
95 -3 23
109 2 10
107 6 24
100 14 22
82 11 40
92 8 30
101 1 11
107 29 25
94 29 9
95 32 46
76 25 7
76 2 19
80 35 35
105 5 10
82 21 12
76 3 47
109 3 29
99 1 36
87 23 34
111 11 33
91 14 10
76 20 17
81 2 47
113 25 38
80 15 21
86 13 21
89 7 20
75 28 25
81 31 42
86 29 43
92 20 27
112 10 23
102 20 20
92 35 43
80 31 21
81 14 12
80 6 18
89 25 33
91 28 30
81 12 14
112 22 40
80 31 36
100 34 17
105 14 25
79 4 21
86 34 41
89 35 42
110 -2 41
113 7 13
82 34 36
95 28 46
95 27 11
112 22 36
100 35 44
79 6 22
77 14 33
102 21 9
88 7 16
113 31 17
88 4 46
75 8 17
115 4 11
90 26 26
99 3 31
87 21 22
105 -2 45
90 20 21
102 -4 24
115 19 10
107 26 46
89 31 18
88 -2 17
111 22 37
83 6 9
95 6 7
86 32 45
103 11 10
110 18 10
89 10 43
107 21 21
80 25 27
104 22 46
111 31 39
114 33 31
101 35 44
96 23 17
104 9 37
86 28 28
90 35 23
75 20 17
111 -5 8
77 4 23
88 15 26
100 -1 34
90 32 26
85 20 16
110 -1 32
107 16 47
87 25 9
106 -5 46
92 -4 45
115 18 10
92 28 47
110 41 63
80 9 86
83 28 53
78 21 75
95 33 60
97 12 65
77 43 70
91 8 85
75 17 78
104 39 80
87 27 57
72 12 86
89 38 76
100 8 74
75 37 56
100 11 67
72 6 87
104 14 51
102 13 51
102 8 69
106 32 72
83 3 53
74 11 78
109 34 79
87 27 86
96 29 65
78 42 88
101 12 87
106 29 49
99 16 61
108 26 67
89 8 53
80 43 81
102 14 69
92 24 68
88 21 66
101 41 89
106 16 60
95 21 59
84 33 84
107 15 69
93 27 49
101 15 53
109 3 84
106 8 69
73 7 56
74 41 56
105 33 69
76 43 60
95 3 64
110 5 76
108 18 50
82 29 70
71 19 85
96 27 67
89 34 59
80 30 68
74 3 65
92 16 61
78 4 59
88 19 59
83 34 88
89 42 69
71 37 84
105 30 88
82 36 52
108 32 56
100 28 67
104 10 68
96 12 72
101 37 73
91 43 49
110 39 57
98 29 62
74 36 60
110 8 89
91 28 57
85 30 62
107 25 60
92 32 82
101 14 61
98 5 68
106 17 60
97 19 59
101 16 83
93 27 61
90 32 76
76 10 88
72 13 71
97 29 73
88 30 69
77 18 57
79 38 78
74 37 78
85 14 57
110 10 73
103 33 68
85 13 75
91 31 72
95 33 60
74 27 87
95 32 63
102 38 51
106 43 61
94 25 55
95 19 49
99 36 66
103 3 51
80 35 62
96 17 49
104 6 61
111 34 70
71 40 72
83 38 64
91 11 72
102 11 87
106 22 61
74 17 80
85 8 86
82 7 76
85 23 72
82 30 74
85 43 61
81 38 60
98 16 79
85 13 89
84 23 60
101 6 55
111 3 83
89 16 83
87 29 78
101 41 63
76 27 79
80 36 85
93 30 80
74 9 82
80 23 65
97 34 69
105 33 71
109 4 70
93 16 72
92 8 86
108 21 74
84 24 50
90 22 78
100 35 85
80 6 56
111 42 88
92 24 88
83 24 77
98 11 73
98 36 54
78 31 50
75 6 55
100 39 82
108 5 86
100 38 84
94 29 53
71 39 85
71 27 75
98 33 77
86 29 49
100 6 55
75 23 63
100 12 75
99 22 68
97 40 49
92 29 60
82 16 72
82 34 75
83 17 83
74 33 74
98 20 71
86 43 72
71 10 88
96 28 80
89 24 85
99 16 83
103 12 83
97 35 85
89 39 88
90 6 61
107 42 49
93 39 63
84 38 76
110 11 76
107 31 58
74 24 89
111 21 76
78 19 65
103 35 73
78 5 70
89 5 78
108 21 64
91 14 55
82 18 87
84 28 61
108 3 55
86 26 62
73 22 84
77 22 72
72 15 70
77 40 74
95 25 83
85 43 71
76 27 59
110 7 84
80 14 59
75 3 88
109 16 52
100 7 69
100 26 82
104 7 77
107 19 88
91 41 81
106 31 55
95 40 58
94 10 79
83 19 65
76 15 82
88 5 61
80 23 62
101 37 76
76 39 67
85 32 81
83 43 59
94 7 57
84 10 60
78 31 79
102 5 86
77 13 84
96 25 82
79 38 75
102 40 60
107 36 54
108 25 86
81 33 83
96 19 88
108 12 80
104 42 55
89 32 66
108 17 50
104 28 56
103 35 71
110 14 75
91 28 68
103 21 73
71 16 89
86 17 62
72 10 66
83 42 65
99 5 81
104 42 71
94 40 88
78 15 74
96 37 55
84 43 89
72 11 78
111 27 81
108 25 56
81 28 51
90 9 70
79 22 87
108 14 77
76 29 50
80 20 77
106 17 72
81 9 84
105 33 65
83 38 72
85 33 50
88 37 88
84 15 82
102 3 72
72 21 61
84 15 76
91 13 73
81 3 50
84 22 57
108 39 78
71 43 69
104 18 60
93 10 89
92 9 84
108 11 51
101 23 73
92 15 56
79 21 56
108 3 70
73 25 62
93 8 61
93 29 68
109 4 73
89 26 67
92 41 62
89 42 61
103 9 89
76 33 63
106 31 58
86 18 76
111 23 69
96 31 64
93 21 64
78 31 57
98 19 80
97 12 53
92 34 71
88 35 71
79 34 66
72 27 64
95 35 58
105 41 85
94 31 55
91 30 60
106 28 60
88 35 49
74 16 59
106 3 72
106 27 57
80 32 52
105 26 89
103 18 63
106 19 63
72 37 65
88 3 62
101 39 66
73 28 70
78 24 64
110 15 75
101 12 64
84 7 70
109 32 81
83 3 62
109 24 51
97 21 69
100 7 88
106 32 82
85 14 71
104 8 50
74 31 67
97 32 61
86 23 83
99 21 76
71 41 59
90 43 81
79 9 49
88 21 83
96 32 67
84 25 89
79 40 67
111 3 51
101 23 78
99 36 75
102 13 86
97 16 75
82 23 78
94 6 63
106 30 57
74 22 76
78 26 73
93 32 79
82 36 79
74 3 73
77 32 62
89 24 64
111 29 59
87 40 76
106 30 74
91 12 57
92 33 56
75 19 72
99 11 53
78 21 86
72 18 51
78 7 50
108 43 78
82 26 81
98 32 54
82 17 89
100 13 89
75 27 57
100 40 81
81 30 57
82 37 72
89 15 89
100 5 63
86 38 83
105 7 76
72 23 66
73 14 65
97 26 67
81 4 84
105 25 69
85 3 63
71 7 75
92 27 61
85 33 58
92 42 82
95 23 82
104 13 77
95 26 72
89 6 60
106 11 73
93 14 78
97 21 88
109 43 62
106 24 76
97 6 70
107 10 80
85 26 71
106 39 55
90 23 82
75 20 63
108 3 75
82 18 82
105 28 61
77 25 49
109 23 86
73 15 51
71 36 57
77 25 87
101 19 63
110 25 59
110 8 86
91 16 89
94 3 80
80 28 76
100 17 88
111 4 74
92 3 57
78 9 77
97 36 77
110 20 71
99 14 58
93 17 87
95 23 51
83 16 62
78 43 59
78 14 73
103 10 51
83 33 75
85 4 83
109 7 60
97 4 67
96 15 72
82 40 62
81 6 51
97 35 70
94 12 85
87 16 69
78 29 78
73 9 72
83 31 84
98 38 59
103 9 53
87 22 68
94 29 50
79 22 86
99 36 72
88 4 49
106 25 71
84 8 60
84 3 60
74 17 76
98 43 82
84 27 86
83 17 72
94 42 60
105 10 78
105 5 57
71 6 54
94 13 84
80 8 77
88 9 72
88 19 59
89 21 55
71 34 77
102 6 71
107 30 73
93 5 75
102 7 89
111 43 86
83 13 68
103 16 61
98 41 81
104 28 72
75 29 71
102 33 63
102 39 86
86 18 83
89 25 76
103 29 74
98 8 71
82 35 89
74 12 53
84 8 57
103 18 55
107 14 84
98 40 60
80 29 71
79 23 79
73 34 62
75 28 54
97 36 58
100 9 73
111 24 68
72 43 79
93 39 65
72 19 58
82 25 87
106 5 84
105 11 88
93 39 84
92 21 54
83 36 79
73 23 67
108 39 57
85 24 60
91 9 60
77 21 78
87 38 79
80 16 63
71 36 77
76 33 72
101 16 89
96 29 65
107 8 76
94 40 70
98 17 75
73 8 73
73 4 51
96 33 81
104 6 74
77 20 55
75 33 70
107 28 69
87 8 55
107 31 70
101 23 65
90 22 51
111 10 78
79 14 60
89 35 82
78 38 77
92 5 82
90 4 67
100 18 65
96 34 79
81 30 60
96 30 66
102 32 61
103 30 66
73 21 67
90 31 62
105 13 65
95 9 62
109 25 77
89 29 57
94 15 87
98 43 61
74 30 61
74 36 78
82 8 87
97 25 51
76 21 81
74 24 78
92 40 53
80 25 83
92 38 62
78 32 50
80 18 82
85 14 78
75 9 81
79 17 89
90 29 67
78 30 66
87 27 57
74 16 76
74 5 60
92 3 60
79 35 56
72 41 79
93 10 68
83 31 70
99 12 51
86 15 83
79 20 71
98 33 54
98 24 81
104 42 64
105 20 55
75 25 57
105 11 88
83 14 63
85 23 66
82 24 79
89 32 78
107 30 84
99 29 64
73 22 50
95 40 78
75 3 50
101 42 61
110 21 88
92 40 77
100 40 82
82 28 84
87 38 82
88 3 73
105 27 79
87 42 58
108 26 53
108 37 65
90 42 71
76 34 72
108 37 67
79 14 75
109 16 87
76 31 88
107 40 68
108 29 73
106 16 84
73 21 84
100 13 88
100 20 68
95 35 81
71 33 50
108 38 72
82 26 64
92 19 75
110 3 79
86 7 75
91 32 68
102 16 67
87 29 55
81 37 51
97 35 65
77 28 55
93 25 81
90 23 75
109 34 86
90 18 78
92 28 71
94 14 89
80 22 52
102 24 79
91 27 79
91 29 63
88 42 56
75 10 54
89 3 64
80 20 55
103 43 88
92 18 76
79 9 79
109 30 74
79 6 55
91 9 50
106 29 53
96 31 79
102 26 53
100 12 75
98 5 63
71 38 58
80 34 60
83 41 54
106 28 83
75 30 56
73 24 81
104 22 68
75 33 77
81 14 81
108 10 72
81 38 84
86 39 75
83 30 84
78 5 80
100 3 63
84 7 56
98 5 64
84 24 71
98 34 87
94 4 72
108 23 76
97 4 75
74 5 89
108 40 67
88 16 53
102 35 56
89 29 49
71 13 83
86 26 66
77 21 80
102 10 89
75 5 63
75 13 74
105 12 68
103 6 56
95 43 79
72 28 77
33 26 56
35 17 72
40 36 82
50 24 89
21 50 73
23 29 54
21 26 79
54 20 67
27 10 65
27 23 65
47 45 57
39 45 70
22 18 76
22 17 76
27 33 88
45 41 80
50 38 67
31 35 55
43 29 62
52 40 57
45 36 50
20 17 90
28 27 87
32 18 69
36 45 58
34 41 51
22 46 52
35 31 80
34 32 62
32 39 74
37 37 79
43 10 55
27 39 85
44 33 83
29 31 57
53 48 61
34 41 57
21 43 84
32 33 54
45 12 55
46 11 88
36 46 76
55 43 65
47 39 60
25 30 83
31 22 88
39 27 77
48 25 77
45 14 90
50 49 89
43 22 86
42 31 90
32 41 84
17 38 50
18 40 85
18 27 52
38 22 53
47 38 50
41 21 62
45 16 58
30 11 69
56 19 56
54 21 63
38 38 72
49 40 81
19 28 73
20 30 64
24 40 75
56 35 61
42 13 66
53 19 86
49 17 61
25 10 61
46 24 88
40 19 55
43 33 75
21 24 51
34 41 83
40 30 83
49 11 54
18 37 71
43 34 56
34 15 90
50 13 83
40 35 86
46 19 90
17 14 71
30 23 60
47 42 72
21 38 58
23 44 52
45 49 80
41 46 72
42 28 86
54 17 90
44 46 74
39 31 66
22 40 84
25 17 51
40 50 64
26 18 88
18 18 66
51 13 76
53 10 84
35 29 87
33 44 83
37 11 80
48 18 79
55 12 59
53 17 86
23 40 80
17 49 85
52 36 56
31 35 83
26 43 74
36 23 68
47 21 70
44 41 85
34 37 72
53 36 68
43 42 85
31 15 62
21 10 79
23 44 71
18 38 55
38 47 69
51 25 83
20 15 60
30 43 78
55 13 59
23 13 60
43 34 73
39 16 72
54 35 78
49 20 87
45 36 78
25 29 57
46 45 75
36 49 53
53 31 83
25 38 90
43 26 83
50 47 84
34 31 58
57 21 74
30 10 78
54 50 90
49 27 87
54 50 62
21 28 65
25 37 81
44 29 55
49 49 63
57 26 80
19 17 64
21 40 87
27 33 70
40 32 82
43 42 53
37 25 79
49 27 60
38 14 75
39 38 75
49 26 68
53 47 72
54 24 88
26 44 73
56 17 86
46 28 81
17 40 55
32 33 64
54 34 78
40 12 76
52 13 81
49 27 59
23 39 85
19 12 72
34 34 84
36 28 73
20 25 82
21 14 53
19 12 66
48 27 90
39 23 90
22 16 54
49 14 61
57 12 51
17 38 58
45 43 68
49 42 54
55 45 79
37 24 82
20 10 89
40 30 89
54 25 80
53 40 55
23 15 74
19 48 66
19 47 72
24 15 78
25 19 69
40 25 70
51 32 69
35 24 81
55 43 78
29 34 50
19 10 84
54 36 60
18 25 65
34 21 52
30 20 59
17 23 83
36 50 79
35 39 51
52 34 81
48 40 69
28 21 65
49 15 80
23 31 50
39 20 85
42 18 77
52 45 68
26 12 87
31 16 55
57 48 87
51 50 66
32 32 87
53 43 61
25 12 69
44 43 85
49 23 65
48 43 57
19 50 70
26 10 51
52 37 64
52 15 84
49 13 75
21 26 90
31 30 81
28 13 78
18 36 67
29 38 76
55 35 89
28 17 54
55 10 78
26 30 72
56 18 57
23 47 84
28 11 84
26 43 72
17 20 86
35 13 85
20 31 82
32 45 76
18 40 69
34 28 74
21 48 90
51 23 85
39 39 51
49 28 73
56 42 88
45 14 72
29 24 78
36 36 56
36 24 51
31 40 68
54 45 88
50 20 69
31 18 57
24 24 88
56 10 82
21 14 59
41 45 55
26 30 82
23 45 84
35 43 61
47 34 89
37 26 84
44 32 64
55 44 67
25 12 52
29 39 69
55 47 52
52 35 76
46 43 52
50 30 88
56 41 69
44 24 86
47 40 78
50 34 55
17 36 60
43 26 75
19 31 52
45 48 50
46 20 74
53 30 50
39 12 79
49 18 66
55 27 58
56 32 65
49 47 51
52 40 60
48 48 77
52 12 57
52 26 58
18 23 50
18 47 76
21 48 66
42 10 84
42 47 77
32 48 52
42 19 70
52 13 74
27 42 50
51 19 73
54 23 56
50 37 85
20 26 56
50 18 87
57 47 73
52 48 82
48 36 69
33 31 60
40 18 60
32 38 81
45 10 68
54 41 52
28 27 52
48 42 81
39 14 83
36 27 88
57 34 84
32 37 59
17 32 63
18 12 55
51 27 83
20 23 81
22 26 68
37 33 64
34 45 50
52 48 71
38 19 69
23 49 66
51 44 81
44 42 88
27 10 72
33 41 77
47 22 88
35 36 65
48 34 68
53 42 83
37 25 57
27 38 66
30 49 71
32 42 89
19 33 68
44 41 78
53 40 57
39 12 51
26 19 76
39 29 88
38 42 70
19 43 82
42 23 69
56 30 65
38 27 71
41 36 71
51 12 74
52 28 76
53 46 50
38 38 65
49 11 84
30 24 66
31 26 51
34 16 60
37 33 80
54 45 70
30 12 62
50 17 77
50 28 86
44 22 54
54 12 83
27 16 89
46 31 55
43 39 64
41 42 85
21 22 50
57 12 57
43 15 60
54 40 55
27 49 60
20 37 77
19 40 69
28 34 59
18 23 71
19 37 62
19 11 64
42 22 62
55 19 54
41 14 59
28 29 59
33 14 54
43 43 89
31 43 68
41 21 70
53 37 78
47 23 75
26 29 73
43 37 76
21 50 67
43 43 84
42 45 57
26 10 74
41 33 64
38 46 78
52 37 82
33 45 65
39 19 82
36 11 67
25 49 56
49 30 61
48 34 73
19 47 87
43 22 70
28 33 64
30 17 61
43 29 69
39 41 76
45 34 52
37 29 77
51 37 78
17 28 79
42 11 72
53 21 58
53 20 89
20 48 74
43 18 69
50 46 69
52 33 71
47 15 59
34 35 80
23 42 87
35 46 79
45 11 86
17 41 82
24 22 83
30 18 90
29 11 83
31 46 58
31 10 78
17 30 76
46 25 64
30 21 61
29 50 71
35 32 55
26 50 78
18 36 58
34 40 57
33 20 88
18 21 66
19 34 76
17 37 65
45 46 52
35 26 75
26 34 62
25 11 75
17 36 82
35 11 62
21 35 52
21 34 61
35 40 71
20 27 77
43 31 65
41 39 83
54 28 61
38 26 65
43 10 81
54 22 86
21 50 88
51 50 60
26 21 63
36 19 88
27 32 84
35 21 63
30 23 76
49 28 87
31 15 57
56 18 81
49 23 58
37 20 63
27 43 84
21 23 67
45 30 66
23 39 60
40 48 80
28 22 63
27 38 79
37 11 53
44 29 78
54 37 73
17 24 82
18 10 77
31 35 77
33 22 72
22 43 53
44 12 85
52 45 66
19 13 67
47 39 76
20 30 50
33 15 68
48 29 70
54 23 77
39 27 57
46 27 60
30 29 77
27 42 56
21 19 71
52 26 88
49 17 71
20 22 76
26 21 62
57 31 51
54 26 82
52 42 71
30 10 53
57 12 65
57 26 81
35 33 70
47 20 84
30 25 84
44 22 67
32 16 84
51 50 74
32 47 65
42 40 65
54 34 75
37 36 89
38 14 54
17 22 51
22 23 82
19 40 87
57 13 88
45 48 89
32 24 69
36 11 61
39 13 54
38 21 58
51 40 88
22 46 80
36 10 60
56 34 75
31 14 54
18 11 87
40 47 82
37 34 53
17 49 75
55 26 65
44 31 71
33 48 70
35 39 88
17 38 61
47 24 71
22 41 72
39 18 86
47 13 75
26 44 59
45 11 61
50 27 65
34 12 74
52 20 89
29 10 82
45 47 88
41 50 71
34 27 56
52 45 79
36 23 81
49 35 72
33 20 51
41 17 87
39 35 67
35 36 67
53 14 81
43 44 87
20 48 50
56 39 78
32 15 80
20 37 59
49 22 64
55 42 52
20 35 83
57 31 87
29 12 52
30 40 73
52 41 56
40 24 65
57 16 63
52 25 82
40 36 78
36 37 85
55 35 86
56 19 52
50 42 89
44 10 59
24 28 74
36 36 54
42 10 78
43 48 90
52 42 54
52 19 89
38 32 74
31 34 90
55 43 90
24 44 69
47 27 83
31 27 67
35 24 53
48 18 59
41 19 53
32 23 89
18 25 88
17 41 88
40 25 90
20 41 56
31 27 52
25 47 86
32 32 70
33 41 64
41 40 84
41 45 56
53 36 63
51 16 69
28 12 89
39 20 63
49 37 77
29 45 64
41 15 59
53 34 64
23 33 85
31 26 57
43 38 68
22 23 55
31 16 90
33 28 72
22 39 57
46 42 50
56 40 67
34 20 60
28 34 64
17 28 84
38 22 51
55 48 84
42 45 89
27 17 72
26 44 87
30 44 60
52 29 80
46 16 52
33 24 88
41 15 71
53 43 67
51 48 51
47 38 66
37 50 71
25 20 69
31 27 83
51 48 61
52 17 72
24 35 86
31 34 85
27 47 55
28 46 79
41 27 90
52 49 65
39 43 71
32 16 72
57 46 78
47 39 65
41 42 51
51 41 79
20 13 85
41 33 50
41 19 54
23 31 69
22 16 65
52 46 89
49 17 83
22 39 63
26 42 79
18 48 59
28 44 70
26 18 64
28 28 64
34 19 78
51 21 73
30 21 85
21 36 54
36 37 69
29 20 65
30 32 70
58 5 59
43 -8 52
47 11 62
59 5 56
39 21 71
49 16 71
49 -1 59
47 -10 37
28 10 57
51 23 32
27 19 52
36 -1 33
26 19 50
52 1 63
56 -3 56
40 -10 70
46 27 38
27 28 40
54 -1 48
22 23 35
22 27 32
42 26 60
45 23 32
23 30 67
48 -10 49
36 -8 60
26 -3 50
43 -1 59
37 -8 35
38 28 33
20 19 58
50 -8 68
57 -10 32
41 17 55
28 -3 72
29 1 57
32 29 58
27 -8 37
56 12 40
50 23 39
41 -3 56
42 14 38
58 13 33
55 3 63
32 14 69
27 -5 41
32 16 52
26 3 52
25 26 56
20 19 71
34 -6 36
23 28 59
35 24 46
31 1 38
35 2 39
51 0 45
31 -8 51
42 -7 51
51 26 58
42 25 51
40 15 46
45 13 32
43 -5 57
59 -9 57
29 -10 64
41 5 44
29 19 40
37 -3 32
57 1 39
20 17 43
51 17 51
30 0 32
50 3 66
48 -7 39
57 21 49
24 21 43
54 10 52
36 19 58
33 -1 36
45 -9 39
24 -9 52
20 -3 67
21 10 57
19 24 57
30 17 66
59 -10 42
38 -6 44
51 15 71
52 5 69
48 -5 68
19 24 49
29 12 52
26 -5 44
46 1 62
31 19 64
44 21 39
19 0 33
20 22 55
36 -1 54
52 2 56
34 14 33
26 -6 61
23 30 50
45 17 43
25 14 57
44 -3 58
19 22 58
50 25 70
37 0 48
25 0 54
44 17 65
44 -6 48
33 -9 47
30 22 57
46 11 72
31 21 64
43 2 48
38 12 38
49 -4 67
59 7 68
35 5 56
55 9 50
26 -3 63
33 24 53
24 10 48
59 19 41
20 -1 36
35 10 67
29 1 64
38 -3 37
32 -4 64
59 22 44
46 27 69
41 10 52
20 12 50
22 -4 50
53 17 68
52 -5 40
38 17 59
31 -3 37
56 5 61
34 28 45
34 18 59
27 8 67
30 21 64
37 11 46
53 -6 61
29 29 39
55 6 59
43 0 49
46 -2 53
47 3 51
30 -7 38
25 10 32
57 -9 60
30 11 50
28 6 46
47 2 43
22 24 37
40 -9 72
36 0 63
41 2 53
41 -6 35
27 -5 61
48 15 40
21 17 39
51 14 59
25 28 57
46 -5 72
34 3 53
43 29 49
43 17 70
28 -1 45
22 18 63
36 21 65
52 23 46
56 26 71
19 29 37
38 4 55
53 -5 49
22 -6 35
32 -6 41
37 26 54
22 20 64
50 22 62
22 24 54
31 8 46
41 6 46
21 28 34
48 7 68
51 27 51
41 -5 42
21 -5 39
37 6 66
54 -2 67
53 16 40
59 -7 41
19 4 41
57 25 49
34 21 38
26 1 46
48 6 39
54 1 40
58 17 46
47 -8 32
20 -6 68
53 25 55
45 29 54
42 6 70
30 28 52
58 15 66
44 7 47
38 2 56
38 25 45
41 12 32
40 -9 71
28 -3 72
58 16 57
59 3 45
24 27 72
44 24 63
33 28 70
44 30 60
20 3 47
47 2 51
30 12 67
47 30 65
28 -2 46
43 -2 58
38 12 58
47 -5 64
55 22 66
23 -4 44
56 -5 39
40 -3 51
22 28 66
45 -8 45
33 6 58
23 29 71
57 21 57
53 29 37
40 14 44
39 11 49
47 -1 36
27 24 72
31 9 46
54 -4 66
52 26 67
57 14 42
52 8 69
49 15 72
26 17 38
50 24 61
53 -4 72
59 -1 56
48 5 69
50 20 65
24 -8 36
35 10 57
32 19 66
32 28 37
43 24 60
58 19 58
23 20 72
48 -10 53
19 20 56
39 16 34
50 28 70
42 20 50
23 16 62
28 -1 69
57 -7 56
49 -1 36
58 17 70
19 5 36
34 21 54
48 21 54
26 23 48
29 -10 44
47 -2 51
48 0 68
26 -6 46
29 29 40
33 21 49
44 -9 58
54 -10 34
58 -2 47
28 26 58
50 25 67
38 1 66
20 0 67
45 15 67
49 3 51
58 3 60
48 -9 69
28 -2 59
35 14 55
19 10 61
43 -4 62
41 -7 60
28 -6 53
41 0 36
37 8 70
42 0 66
26 2 70
25 28 44
42 8 63
53 6 72
29 5 36
22 6 60
28 1 59
47 -6 54
25 -3 36
30 -4 32
36 16 58
57 8 55
48 2 70
38 30 41
55 -2 35
58 14 33
40 -7 49
53 -9 41
21 7 56
28 25 67
59 6 37
33 28 72
55 18 38
39 0 40
57 28 69
32 11 48
32 10 34
24 -3 71
39 26 42
27 -9 40
24 21 65
50 12 43
54 18 54
51 13 63
49 -2 39
45 -5 59
35 -4 34
31 13 67
30 -5 45
28 9 66
56 -10 40
50 28 43
55 -5 43
50 4 50
27 23 46
48 5 48
55 1 71
25 9 38
29 11 63
34 2 51
44 22 53
59 27 65
52 17 44
23 17 57
32 13 50
57 8 57
51 17 33
30 10 70
37 4 68
34 10 43
32 12 67
37 1 47
58 29 42
45 30 63
32 23 43
29 15 64
26 25 43
52 1 35
49 9 50
53 13 43
33 -2 55
56 -3 60
47 -9 60
42 8 44
29 6 60
39 13 41
57 -2 59
41 9 48
52 16 41
44 2 37
47 30 59
57 -9 50
59 22 35
52 3 63
38 11 54
41 -6 69
32 2 40
42 13 49
36 -5 42
30 -10 53
33 -6 58
54 30 64
59 6 36
58 7 48
44 0 39
39 3 64
46 -8 52
21 20 72
33 4 49
48 10 44
44 -7 36
48 -10 70
28 9 58
52 -9 55
56 6 69
37 22 38
19 6 64
30 7 67
38 -4 46
56 -7 57
47 1 39
50 14 51
39 -9 38
19 5 45
50 0 67
58 15 56
46 30 46
22 11 35
47 13 67
50 19 57
43 26 59
37 3 39
19 11 48
56 15 48
29 -1 64
48 23 34
37 11 67
28 -6 41
42 15 38
25 19 69
35 5 72
58 16 40
29 2 40
43 9 71
31 28 60
23 16 47
20 1 36
41 -5 34
43 4 67
42 29 47
52 0 45
43 14 59
36 0 45
19 9 50
34 24 61
47 -4 66
33 8 47
25 5 37
59 0 57
52 3 61
28 16 58
22 -6 35
59 14 59
55 1 69
56 27 65
48 -8 62
33 14 40
32 13 71
35 4 60
46 14 51
54 26 62
32 -7 70
53 12 58
29 18 37
47 13 48
28 8 62
38 -2 42
25 -10 57
43 30 42
27 3 38
20 9 55
34 15 63
34 27 41
34 16 37
28 1 48
52 9 49
23 5 65
28 12 71
33 11 47
47 27 36
37 -4 60
31 -8 32
54 -4 64
23 -3 71
51 -6 64
50 0 39
52 26 52
24 23 42
52 12 56
43 14 32
30 17 71
25 21 60
52 -1 63
38 26 58
45 -10 46
50 14 65
32 7 36
42 26 40
41 20 65
20 22 62
40 26 42
25 26 35
31 27 69
36 7 59
34 25 33
34 -5 36
43 12 43
27 17 34
42 13 57
28 14 33
41 -9 63
50 -6 67
41 3 55
48 4 64
50 -9 44
33 7 44
33 16 57
19 15 53
33 -4 36
29 8 40
29 3 44
42 8 45
53 1 61
27 -2 68
57 -5 68
52 16 46
36 16 33
44 28 32
33 19 57
59 24 54
19 6 47
52 -2 69
44 6 72
26 29 34
55 -1 33
36 7 60
56 -10 62
42 -5 69
57 5 58
34 7 38
56 15 58
23 -1 51
23 -4 46
35 15 63
34 24 43
24 -9 44
54 20 58
54 8 36
41 6 40
46 5 71
27 21 71
36 18 38
59 13 51
43 23 70
30 17 49
47 18 38
35 25 42
22 -9 61
30 8 63
29 22 46
45 17 44
55 27 67
57 22 43
37 21 63
33 16 47
36 24 69
55 1 42
29 0 43
35 24 55
25 5 57
40 19 35
42 27 70
55 28 70
43 -5 36
33 8 39
31 22 50
19 -8 49
55 14 47
51 -2 56
41 -1 42
59 5 51
30 5 61
48 6 69
27 5 70
26 22 34
40 -2 33
32 -8 45
54 25 46
56 -9 32
20 5 53
30 -4 66
35 17 43
24 30 69
34 -4 39
32 16 57
27 5 67
46 14 54
26 11 34
33 -2 51
26 -10 50
21 25 59
49 26 63
56 7 48
57 17 37
36 -8 52
51 19 49
49 2 34
31 16 35
45 -9 53
45 26 47
26 11 37
46 5 32
34 1 62
40 -8 50
19 23 36
34 -2 66
55 -7 72
44 6 41
23 2 64
42 8 65
21 8 71
19 20 51
19 2 47
28 13 65
58 22 45
28 -4 52
22 26 63
22 21 32
58 -7 55
45 28 59
44 26 62
25 6 65
41 14 32
51 7 62
30 11 66
21 22 41
45 12 65
51 0 68
59 23 47
39 30 35
49 12 55
45 6 50
29 24 53
41 10 38
23 -2 57
20 -7 56
38 -9 56
50 -10 61
52 17 42
32 -7 33
56 -2 59
53 2 43
24 10 55
58 29 66
34 21 47
53 27 40
37 4 59
50 14 62
43 18 48
42 0 64
42 -8 65
53 8 58
36 30 57
57 17 48
46 13 38
31 13 54
22 27 44
50 -10 58
49 3 54
50 26 49
52 20 48
48 23 54
55 15 36
49 9 56
26 -3 40
45 2 48
23 19 38
31 3 62
50 -10 46
35 18 48
52 2 67
39 27 66
23 -8 66
47 9 65
55 4 38
19 -7 48
19 14 56
23 -1 62
46 0 56
35 17 65
35 21 47
30 18 46
25 5 50
23 5 71
31 19 35
30 11 67
