93 307 324
32 287 302
53 334 367
103 311 360
103 268 325
38 306 333
27 288 359
48 329 390
82 301 314
57 314 309
106 338 339
115 344 375
122 319 291
74 330 320
40 329 346
89 360 371
47 312 303
91 339 322
85 347 388
49 299 291
94 356 360
65 302 341
116 285 339
93 353 307
49 324 315
49 336 301
54 361 324
82 343 299
35 274 301
61 304 303
52 320 384
30 341 298
36 293 347
105 352 389
88 276 359
33 343 292
31 293 348
35 350 379
41 320 302
110 332 311
81 269 341
43 354 330
112 304 340
40 289 370
117 362 322
57 299 377
77 279 338
56 304 304
43 295 334
25 311 348
49 276 330
70 351 364
42 353 344
115 276 307
102 345 338
120 358 389
123 303 384
122 317 314
51 311 299
50 312 374
26 304 387
95 361 311
80 269 290
33 346 358
59 334 372
119 278 359
93 318 390
83 312 334
98 286 334
105 356 317
87 274 387
74 268 338
53 317 304
71 335 290
102 352 379
73 296 311
68 271 347
43 296 344
121 333 318
31 341 340
49 308 376
95 297 388
98 308 387
88 367 378
72 361 318
112 293 388
32 303 339
39 324 333
87 284 389
106 349 348
92 282 369
35 304 310
29 277 355
82 305 378
87 340 370
121 271 306
45 360 347
72 290 377
70 334 378
44 313 320
108 365 324
61 346 292
97 277 374
76 341 359
56 329 314
81 365 293
68 297 300
75 334 299
58 364 298
107 337 379
28 367 357
72 320 333
91 277 323
95 325 383
121 330 346
73 301 331
98 354 362
70 318 356
99 366 336
90 346 299
77 326 309
114 359 318
122 304 295
97 360 307
110 342 349
51 283 386
57 275 328
114 292 311
100 303 356
74 308 338
68 289 329
66 278 375
117 279 383
95 313 292
79 289 297
123 341 296
36 316 294
24 340 339
123 334 307
111 343 326
74 311 370
90 280 322
95 293 385
68 354 324
42 327 333
102 300 323
102 327 340
118 332 366
98 315 385
95 314 381
59 360 305
26 351 339
44 346 361
104 343 344
72 288 338
75 360 296
66 272 350
78 295 311
48 340 303
77 346 378
98 350 347
71 287 345
57 336 386
78 319 318
66 288 347
35 350 321
37 332 341
38 345 338
87 323 359
53 340 342
70 275 331
107 293 340
27 366 346
78 290 370
58 331 330
47 294 305
113 284 374
77 367 320
115 347 386
62 314 310
111 334 313
26 341 368
63 318 340
52 356 337
89 319 381
89 273 385
31 293 375
43 321 343
71 285 301
56 319 298
27 275 358
72 320 348
35 333 304
89 356 337
73 302 390
34 363 297
23 293 320
105 352 379
99 296 376
86 278 304
50 294 345
60 291 317
96 317 315
46 310 347
117 290 375
89 351 339
56 270 357
46 282 368
80 318 336
105 311 348
50 270 335
86 352 321
117 348 330
32 325 386
98 275 340
68 298 308
47 274 378
112 274 306
114 290 291
55 321 365
59 317 389
76 329 361
108 299 309
37 320 309
31 331 356
54 287 317
43 288 341
62 360 300
65 290 373
121 294 384
104 281 389
97 363 312
58 285 310
56 316 310
27 275 298
89 269 301
81 300 365
50 326 349
39 354 326
86 281 376
114 288 366
40 367 357
25 296 345
63 335 309
25 292 321
64 304 383
73 366 386
68 365 337
38 310 297
23 356 389
47 345 297
84 305 378
67 292 327
58 348 378
24 286 328
36 269 382
64 319 318
39 286 304
92 345 323
41 356 384
33 346 317
24 278 376
73 297 390
70 366 312
67 358 330
82 349 360
32 271 368
122 308 355
41 295 372
47 267 317
42 303 299
77 328 330
120 333 379
116 348 319
117 321 301
27 271 338
98 295 313
31 365 310
97 348 353
90 328 353
72 360 340
121 313 379
122 319 340
61 362 372
41 356 387
34 365 297
80 273 359
76 279 378
27 355 349
51 338 310
81 356 372
69 306 341
103 348 382
49 354 361
25 295 291
36 282 321
63 306 340
45 279 329
88 317 383
108 312 306
29 306 346
119 320 300
84 301 383
122 267 320
72 348 307
55 321 389
78 288 302
105 337 321
109 353 376
51 345 386
56 365 340
53 278 351
73 350 379
122 337 344
56 338 366
51 271 317
100 270 308
103 286 346
51 366 329
98 336 372
121 289 307
70 334 290
108 308 389
60 322 386
82 271 313
103 327 358
63 364 368
24 332 346
45 280 353
97 326 389
95 298 382
24 273 370
51 274 344
97 310 320
81 293 298
110 319 334
53 341 366
62 274 319
95 361 359
44 330 324
92 277 374
42 354 359
28 285 356
34 367 345
39 348 373
62 325 325
23 344 340
81 349 321
108 314 331
49 325 351
79 354 330
117 277 325
102 356 325
28 361 310
88 306 383
41 306 314
62 295 345
32 269 377
68 358 386
88 323 330
80 309 336
76 366 315
85 353 336
95 289 317
44 293 349
26 291 350
110 288 325
86 342 389
32 301 375
65 309 297
69 349 356
26 312 356
67 315 350
55 292 341
87 311 323
64 352 351
40 320 314
112 338 320
81 289 320
88 351 319
76 336 367
59 314 381
106 336 304
42 313 329
30 325 325
27 347 308
110 363 378
56 292 373
28 325 358
91 267 365
38 298 380
121 328 296
87 356 342
51 353 290
88 333 314
120 269 358
54 362 336
48 346 321
46 317 301
35 290 306
84 312 341
44 282 305
99 363 310
114 323 347
117 288 318
102 285 387
95 285 383
97 283 374
23 330 318
118 296 388
75 345 297
46 316 305
27 360 314
33 332 373
48 290 387
104 340 315
69 299 307
33 348 311
33 361 359
79 294 317
67 336 353
107 271 351
75 340 347
105 295 296
39 364 379
103 336 343
45 297 318
28 279 309
120 299 327
94 339 299
94 343 321
111 314 331
102 348 302
53 320 311
36 275 357
58 289 365
94 315 337
23 280 318
87 324 350
63 276 382
59 353 344
88 301 346
113 309 368
76 314 363
66 301 340
55 312 322
66 299 332
29 365 329
118 317 347
82 286 355
96 342 319
123 307 342
70 292 332
113 284 351
27 296 357
40 338 368
45 350 366
123 283 334
51 355 386
49 325 341
58 306 324
63 359 316
74 298 338
71 268 364
31 312 370
61 313 389
77 301 321
108 361 306
69 324 315
39 300 350
24 323 312
90 275 362
103 272 334
96 267 375
68 341 328
63 273 387
113 348 319
107 295 304
107 291 291
24 283 366
78 277 323
52 336 337
43 348 369
29 317 329
78 303 313
84 288 325
119 322 383
88 304 294
46 321 356
57 357 361
58 349 302
58 279 334
71 274 365
84 273 332
123 322 368
108 323 298
112 269 327
40 333 370
72 300 311
84 329 301
78 323 304
88 277 291
77 364 333
118 298 383
83 330 370
48 295 348
94 339 329
25 339 303
111 360 350
24 367 341
39 281 374
114 312 375
32 269 367
72 319 299
26 295 315
88 359 343
114 357 341
43 288 374
116 345 336
43 331 312
118 301 301
122 322 318
110 269 290
44 295 303
71 345 390
37 270 312
28 366 298
44 268 305
32 330 305
33 355 306
67 277 335
88 328 373
66 321 320
118 362 371
42 350 381
89 349 330
55 353 329
53 326 319
35 355 356
110 285 297
96 282 375
71 313 361
81 283 361
78 291 358
30 361 316
84 283 303
46 286 337
54 276 368
41 310 356
74 293 305
76 348 308
92 309 366
105 360 302
44 307 372
75 336 303
56 298 377
24 326 368
80 277 362
40 280 296
24 319 363
35 351 356
66 295 320
27 322 316
112 356 312
88 363 324
116 331 386
90 313 296
58 366 300
82 298 342
54 293 380
49 287 369
108 348 374
117 316 344
97 352 383
94 366 356
58 364 327
44 293 352
102 282 337
54 362 329
115 348 377
88 357 386
119 362 309
77 302 365
70 350 319
32 286 376
50 321 306
72 329 370
77 350 302
72 323 379
57 315 371
88 304 372
95 351 308
38 320 349
54 315 363
93 355 338
75 273 341
86 308 322
60 359 327
117 316 328
62 329 374
82 271 345
104 302 374
24 274 316
57 331 369
34 314 290
112 362 366
55 280 316
94 316 307
107 367 319
23 309 349
52 315 359
32 316 354
40 343 371
104 269 321
89 320 325
97 311 380
65 359 308
69 269 363
103 361 333
84 321 364
91 338 377
79 340 290
81 363 302
110 362 331
70 354 323
97 298 323
28 351 321
83 359 329
90 343 303
74 274 311
118 345 383
53 285 297
71 281 323
54 306 341
35 353 319
53 360 377
101 304 317
32 297 296
37 276 318
49 330 295
94 311 304
88 349 342
102 300 347
90 280 346
78 288 291
53 324 326
74 282 294
85 351 368
81 269 326
109 333 384
29 299 290
37 310 317
45 327 377
73 269 349
86 331 369
90 343 383
62 362 310
80 317 351
40 267 309
87 359 325
87 316 351
39 289 308
74 297 386
101 268 311
40 328 315
74 353 339
105 285 323
80 319 333
34 337 352
54 339 362
24 293 325
63 284 383
67 350 295
94 317 294
104 358 309
27 316 299
84 350 388
23 356 327
123 286 304
43 298 359
79 329 342
96 324 344
102 268 336
78 365 290
25 333 314
58 335 318
78 272 387
57 317 339
65 333 352
42 299 376
39 326 306
108 275 295
109 340 346
117 311 390
49 336 309
60 294 304
81 362 326
115 279 328
65 359 339
83 317 344
48 320 380
74 306 357
82 361 356
83 315 340
49 327 378
41 314 338
88 274 319
120 272 355
76 362 380
84 329 292
49 297 340
121 313 383
120 325 341
62 271 291
90 352 326
95 296 313
97 361 346
84 336 369
30 286 354
99 350 337
51 362 313
43 300 301
29 364 359
103 339 335
115 365 319
82 298 295
118 324 356
83 363 343
60 290 303
45 269 332
111 306 362
35 298 338
101 310 335
79 328 387
89 297 382
83 313 354
92 341 313
114 276 386
57 285 338
66 331 313
96 286 375
103 327 301
79 272 388
44 315 331
56 305 300
30 303 361
47 350 293
58 352 321
121 317 365
114 321 314
109 357 316
47 302 313
85 308 356
53 314 337
49 289 375
116 330 312
100 344 322
34 287 374
118 334 357
24 288 351
73 341 318
81 332 290
107 324 376
100 314 366
50 353 360
69 342 319
41 347 307
53 300 337
109 291 362
71 320 371
78 284 340
54 297 389
70 348 360
59 273 294
79 289 362
77 293 309
45 357 308
78 301 348
54 357 313
42 358 385
100 358 334
115 365 313
69 294 306
51 344 371
105 299 335
55 326 318
118 333 346
83 367 294
62 347 389
43 292 389
83 286 350
115 328 371
23 341 373
69 267 379
110 288 356
31 278 369
37 324 351
27 273 364
50 282 299
90 310 327
57 294 26
28 330 44
54 294 100
-7 304 49
30 276 30
60 288 106
53 323 45
33 298 42
-13 253 54
-15 245 78
60 285 45
15 286 70
2 335 105
21 335 29
-7 301 31
61 286 32
22 259 67
8 284 69
70 252 21
47 332 92
-7 322 73
21 323 15
3 249 107
8 308 52
31 269 106
17 337 68
6 287 90
47 307 80
52 267 32
6 271 84
7 282 76
14 244 22
-2 323 112
60 314 115
10 287 57
-23 248 63
51 243 89
26 278 110
35 251 80
-14 252 24
14 241 57
21 324 95
11 309 63
9 277 63
50 272 20
60 279 42
43 329 40
59 339 18
30 276 86
-1 269 91
6 282 49
-13 258 30
57 340 65
-13 292 36
3 311 29
-21 285 32
69 320 29
29 249 98
23 248 96
-21 284 35
56 304 102
55 282 33
-11 300 40
37 243 17
61 260 56
34 318 24
2 292 72
-20 294 29
13 279 47
68 336 104
11 245 15
-14 318 52
58 292 96
22 271 16
2 253 100
0 296 101
42 251 50
34 336 88
24 337 19
46 305 20
53 261 114
66 301 84
13 338 94
54 333 80
39 257 87
38 243 23
29 314 30
18 297 110
71 321 43
13 293 78
45 258 15
58 290 55
-7 326 110
2 256 95
14 244 64
-25 312 95
-11 273 92
-18 330 55
72 263 103
-20 300 20
9 241 56
66 309 18
58 246 77
-12 297 89
74 248 44
33 278 107
37 301 112
16 330 31
34 290 73
-8 254 96
20 269 41
63 244 109
70 301 97
48 280 62
21 316 48
27 274 35
-16 252 67
48 321 100
73 316 34
8 330 29
28 307 18
34 267 105
40 307 91
27 327 112
67 247 97
62 272 69
-24 337 71
53 308 115
53 252 87
-18 275 70
36 321 99
-10 245 107
54 326 84
57 334 49
23 263 74
-3 308 94
49 251 57
3 293 57
-14 258 30
31 261 47
19 319 96
65 271 107
36 303 80
25 292 79
26 310 88
47 337 110
70 306 77
55 303 100
-10 308 108
66 252 65
63 332 84
46 254 74
54 280 19
1 320 105
29 274 35
11 301 65
66 319 115
3 337 96
-11 296 37
30 334 95
-21 323 53
72 262 104
-12 318 93
-20 311 45
5 256 92
21 337 21
59 314 69
-19 245 63
40 326 27
-12 304 62
2 256 70
0 321 75
17 334 44
62 296 64
7 262 40
44 249 102
-26 281 104
18 338 105
-5 242 74
46 340 112
29 336 98
-5 331 41
5 290 24
70 300 100
19 331 82
-4 252 66
43 260 29
67 244 86
-1 321 64
39 272 26
-7 287 42
34 323 115
56 284 114
47 321 27
-24 268 110
-23 301 47
13 312 31
57 251 37
6 258 69
19 339 29
34 241 23
44 299 92
15 259 93
41 333 36
24 259 90
13 322 100
27 307 60
57 296 16
-7 270 31
49 294 80
15 333 85
5 275 72
67 294 16
41 329 74
42 336 36
73 267 43
72 259 84
67 300 115
60 279 75
65 302 44
-7 288 110
51 326 99
32 260 45
19 293 107
4 248 80
-7 336 45
-8 326 55
53 264 106
36 272 51
-8 295 55
49 318 103
-6 340 31
-2 295 73
9 266 40
37 285 56
-7 284 36
53 332 90
63 329 98
-25 310 90
-6 259 105
6 337 42
1 305 19
5 274 37
6 326 90
17 315 94
-25 316 75
25 273 86
18 296 59
28 300 101
-6 311 106
22 266 92
53 325 39
39 292 22
7 297 17
39 306 71
60 295 104
-18 315 92
-13 315 32
-15 315 53
27 283 36
74 283 44
37 329 24
17 306 42
8 267 74
43 276 104
12 314 107
36 298 75
60 293 109
-5 273 63
-5 295 113
0 277 51
51 286 84
58 269 82
3 270 24
1 282 63
19 283 19
41 253 40
6 264 82
29 279 42
-22 331 107
56 332 97
53 325 55
19 244 62
35 319 77
9 249 23
68 329 34
24 263 105
10 286 111
54 330 58
7 244 82
29 277 47
-18 250 73
56 254 109
-22 333 63
25 293 38
53 316 25
50 262 78
8 323 25
65 242 17
0 297 50
61 324 71
67 302 26
37 341 41
-9 241 90
29 311 33
59 289 78
53 321 51
-17 330 96
49 290 96
-1 275 28
25 305 46
37 306 57
26 310 92
-6 318 43
61 241 88
69 284 36
-23 323 105
62 272 101
-7 266 82
-13 332 100
24 288 36
40 263 50
65 285 80
6 333 26
-23 334 101
8 275 94
-25 297 100
-8 288 83
55 337 23
-13 300 40
-10 319 39
37 245 101
42 253 41
38 332 76
2 302 67
65 294 64
-25 308 48
21 260 18
33 295 70
6 252 82
67 247 82
74 286 85
14 304 63
-25 270 113
34 334 100
-9 327 90
31 247 40
-3 258 46
54 309 106
-6 337 93
74 336 94
62 253 113
-18 258 73
-17 321 55
-11 274 70
5 256 50
19 290 98
2 303 15
4 298 104
5 263 21
73 300 62
63 302 23
-14 263 24
18 304 52
50 275 43
25 259 80
30 340 26
48 241 97
39 325 54
24 274 78
36 266 84
32 264 15
19 242 76
52 267 23
66 271 82
-19 269 66
33 277 98
53 318 22
-20 328 37
48 285 104
39 277 41
3 288 65
-18 274 88
67 249 58
32 288 91
70 245 76
-11 289 22
-22 250 31
66 326 104
65 318 87
11 298 83
-17 256 95
65 308 99
30 320 22
31 290 41
28 327 87
38 313 98
32 332 16
56 261 21
44 311 65
38 338 27
2 295 28
-12 334 98
28 300 27
-17 337 59
40 318 38
38 282 93
38 330 64
-19 291 87
58 267 45
50 255 76
56 287 67
26 254 52
15 243 38
2 272 87
-26 265 37
14 335 49
74 272 18
-14 254 33
17 248 46
65 290 78
22 299 47
-1 264 98
73 307 63
-21 315 51
41 319 53
13 297 74
-3 314 103
35 293 30
0 283 69
-11 276 84
-10 292 77
27 260 49
18 341 98
53 296 15
32 253 58
46 289 21
51 320 106
71 324 15
51 288 68
71 317 107
63 274 32
16 282 113
41 318 87
74 305 115
46 299 47
-17 292 73
53 327 22
-24 260 77
6 335 62
-26 298 99
-24 271 56
69 309 65
-12 319 26
-6 252 77
32 303 97
19 327 78
72 318 33
24 243 47
25 279 102
66 281 70
-24 329 104
30 295 60
35 262 32
-9 290 20
21 330 33
-9 337 26
37 290 32
69 311 67
-11 329 84
1 266 106
-8 265 58
8 324 111
-14 300 17
9 321 87
-13 307 56
-19 294 114
-7 296 40
34 308 28
73 245 99
50 317 39
72 314 16
-23 256 60
24 250 115
-2 288 34
11 247 80
73 336 53
26 263 40
23 280 91
58 335 110
31 301 74
-5 254 61
-18 324 76
50 245 95
16 244 49
10 248 59
63 333 115
53 269 72
28 270 57
-1 307 74
-17 275 73
9 316 73
33 320 78
4 257 82
10 311 109
18 329 68
61 250 82
49 322 92
45 284 67
20 306 77
14 281 111
33 298 78
-11 291 36
-1 281 105
18 313 22
45 290 20
24 307 15
45 257 53
-17 253 102
48 255 76
55 311 18
29 334 30
52 308 81
43 276 111
8 263 32
-15 246 23
23 253 109
58 271 44
3 315 36
38 289 63
42 272 110
-16 301 37
6 314 99
18 280 24
50 290 59
48 277 105
57 271 109
-4 302 82
24 319 17
59 322 112
24 308 90
25 313 75
34 332 31
15 320 34
68 330 58
7 269 114
-7 313 108
36 320 67
35 248 105
62 332 95
-7 291 47
64 270 80
-11 264 33
49 251 95
10 334 88
45 297 111
59 248 112
19 308 114
-6 305 59
24 292 96
24 302 54
8 252 109
30 325 100
3 300 84
16 271 15
-25 261 95
45 286 21
36 326 66
31 272 41
-8 322 64
61 300 96
23 313 66
27 328 56
33 299 29
46 282 96
25 336 88
59 287 33
-22 275 51
36 339 58
67 254 53
-11 257 45
60 252 19
-7 267 112
20 288 88
10 341 77
14 271 107
33 249 22
64 307 101
73 276 63
-18 262 74
63 300 113
46 312 73
-15 277 65
57 269 41
19 287 56
45 315 29
58 332 17
39 270 87
73 305 98
-5 340 113
-19 333 47
-12 301 52
22 263 22
46 323 115
67 303 50
11 332 72
64 270 52
13 283 107
13 251 71
22 303 54
16 274 111
-10 310 44
45 279 100
-21 257 114
23 338 39
-26 304 77
33 253 67
17 332 28
39 329 15
27 341 81
-6 268 74
39 298 102
69 308 95
27 304 22
50 258 81
26 284 41
-26 274 30
54 341 75
45 244 93
74 248 29
46 320 101
-2 288 36
48 256 45
69 258 36
0 310 67
51 270 40
-25 291 16
-26 259 31
3 315 47
-23 323 41
67 309 53
44 289 52
35 253 101
62 266 102
6 254 73
32 309 53
-13 289 24
-25 274 66
44 288 28
9 326 98
-16 274 61
53 243 22
5 251 55
43 322 96
-9 293 91
-25 282 108
35 284 41
-16 299 52
48 277 38
67 335 36
63 338 21
69 267 97
18 301 33
29 279 51
1 242 72
9 333 81
71 271 51
63 265 82
57 338 41
2 265 82
-5 330 46
57 332 75
13 292 18
28 286 95
42 281 90
-12 249 61
31 242 82
3 305 66
60 259 25
52 265 60
2 268 33
-23 261 75
66 263 108
59 321 49
33 263 82
-15 258 29
2 306 53
5 244 70
55 312 16
60 279 24
47 278 20
38 341 77
50 296 52
36 334 109
39 323 45
5 252 59
41 307 51
64 337 32
-24 326 79
13 288 18
46 264 28
64 259 104
-8 259 57
47 314 42
8 248 20
-6 284 19
0 248 28
-14 281 17
17 266 113
67 263 38
27 341 110
67 259 47
-19 338 93
47 279 60
3 319 58
51 277 86
-26 323 49
-10 265 107
69 252 91
28 251 17
56 321 102
8 302 38
28 294 115
67 266 73
47 243 33
68 319 99
2 272 115
3 264 109
50 332 69
56 322 97
26 326 22
71 297 56
-24 327 52
-13 301 114
6 295 65
-23 267 83
48 297 47
58 326 90
-15 265 101
7 264 115
0 286 65
19 264 88
-3 268 107
66 332 23
-17 322 93
-3 293 40
-23 328 99
-13 328 48
5 308 99
27 301 39
-26 305 34
-10 244 86
26 292 56
52 340 97
56 302 40
-12 243 68
-9 265 32
-18 255 44
43 271 15
17 285 67
48 337 89
58 275 70
74 253 89
50 281 21
-6 271 64
62 250 47
28 276 106
-22 246 108
40 333 76
-8 314 105
24 268 114
61 318 108
-12 320 57
-1 264 39
2 261 38
49 332 106
-15 286 69
58 253 39
25 289 28
-22 328 110
54 260 47
11 255 93
30 288 46
61 297 58
-7 324 98
-2 293 73
31 322 18
3 243 94
36 282 94
48 323 28
-1 271 105
67 269 75
-19 263 45
1 271 16
38 300 39
20 262 30
64 308 86
2 267 35
-7 310 32
33 278 34
296 212 241
320 194 261
380 143 257
389 144 172
326 165 190
347 161 207
323 213 222
303 156 204
324 210 215
310 120 186
315 158 228
307 180 239
394 118 245
313 166 230
300 174 172
352 165 170
363 135 186
359 176 257
385 213 235
361 180 228
330 205 186
327 142 260
359 180 236
369 177 185
392 174 201
337 143 187
360 124 224
309 173 239
322 164 190
348 177 253
360 136 171
321 149 198
342 182 181
388 183 224
356 148 178
373 148 178
339 193 224
362 138 239
354 213 179
392 172 186
386 119 207
382 154 222
294 140 204
394 202 182
394 149 176
319 122 238
360 137 249
330 170 171
311 125 174
361 170 242
336 174 230
375 153 172
302 186 257
298 137 225
305 140 205
300 198 233
312 215 220
370 162 251
338 206 258
346 199 181
377 186 240
303 204 209
302 181 254
366 198 230
379 173 257
304 176 217
321 216 173
337 122 211
383 152 199
311 173 180
319 162 193
329 199 172
387 208 215
359 123 169
382 145 191
383 215 166
350 188 253
355 119 175
324 128 194
359 162 206
317 212 221
330 210 168
332 140 244
379 208 244
317 156 234
319 149 259
375 161 210
329 158 226
305 204 191
385 177 207
344 172 196
318 137 252
342 208 219
385 196 171
369 184 245
349 214 243
347 208 207
321 205 164
374 147 189
346 218 189
388 134 175
325 148 167
380 124 235
334 151 179
325 216 183
315 159 233
351 185 231
333 217 263
334 166 256
381 138 176
321 201 225
312 123 210
339 155 201
304 121 226
314 169 172
380 190 249
346 204 226
350 127 211
379 160 230
308 162 198
294 157 219
336 141 218
296 204 169
340 150 221
363 163 260
310 165 244
335 143 175
385 120 171
357 194 171
388 167 262
391 216 231
354 152 195
359 209 177
320 217 196
358 131 198
377 158 180
315 161 209
326 132 194
337 174 181
358 162 246
362 144 241
376 156 197
319 141 227
340 216 200
300 198 261
326 150 180
332 213 167
361 185 190
315 179 240
382 216 195
301 210 255
364 209 179
300 127 185
377 152 235
373 175 252
313 167 227
341 132 189
375 211 247
333 148 221
329 134 225
394 171 204
371 195 183
338 189 188
300 163 251
308 206 169
359 152 239
375 121 183
330 136 222
354 198 200
369 119 235
355 152 179
341 202 261
377 141 178
382 173 234
321 182 200
348 143 237
337 214 195
322 183 255
345 176 171
350 169 239
341 167 231
312 197 199
377 164 183
309 186 170
322 188 248
318 183 218
312 158 185
365 212 230
367 119 258
377 135 175
393 134 213
375 164 261
303 191 244
344 209 167
329 218 228
370 177 215
358 122 247
384 152 230
380 194 193
312 121 255
384 197 232
349 172 197
317 209 218
298 182 231
388 134 170
368 205 253
349 190 177
325 119 181
389 167 201
344 180 227
358 204 217
376 173 171
310 201 247
355 146 169
394 119 195
332 160 178
299 186 250
362 132 176
388 157 217
322 185 210
331 208 172
366 202 251
314 125 205
384 200 193
332 140 178
390 181 215
308 181 254
350 132 168
321 157 166
392 138 187
313 190 175
380 156 231
354 213 238
319 200 255
306 140 216
373 184 202
370 206 182
348 174 230
311 151 203
350 210 237
352 159 178
335 125 171
359 137 248
324 194 241
360 210 205
308 160 171
300 151 247
376 216 202
388 157 177
341 179 246
369 161 168
384 158 262
297 190 251
363 150 247
347 136 174
360 163 192
353 128 185
301 144 168
311 122 168
392 134 220
382 152 212
315 137 218
361 130 181
315 139 164
331 129 260
330 138 178
325 161 232
332 155 197
358 156 252
340 131 246
348 161 194
348 191 184
332 216 175
364 187 230
366 146 205
344 188 208
342 212 177
394 191 251
383 154 238
394 183 203
303 158 238
365 137 176
379 150 181
312 147 185
394 201 213
339 173 181
320 182 231
325 201 206
328 193 197
316 136 250
318 202 167
331 163 199
371 209 225
350 137 247
348 174 223
377 195 228
329 201 182
318 152 204
343 148 210
374 147 261
294 212 209
331 190 236
365 213 191
356 119 185
379 175 183
355 149 188
322 141 239
299 207 248
378 169 165
333 199 244
354 187 216
350 216 201
387 190 253
301 189 180
364 206 217
382 189 190
363 174 234
343 146 177
295 179 255
370 130 231
393 126 236
300 171 235
324 132 215
305 182 179
381 126 202
311 145 186
342 165 193
381 177 231
356 182 171
306 161 198
297 164 250
383 205 243
392 201 204
294 187 234
330 208 254
380 159 221
344 175 226
341 170 259
311 173 259
355 172 201
370 152 187
342 214 164
325 135 212
384 188 178
377 144 232
299 217 226
394 151 222
354 151 219
297 128 258
360 210 234
389 184 255
372 134 243
381 200 197
386 145 240
373 137 236
379 168 164
296 200 183
331 172 228
296 151 215
323 179 209
317 148 204
367 143 252
333 196 165
373 159 224
326 123 235
309 141 210
351 182 201
304 158 174
367 153 173
303 148 212
304 128 181
307 124 230
317 213 214
342 212 198
361 185 260
361 130 257
333 136 214
357 190 219
321 132 199
305 136 240
383 138 262
368 213 171
346 165 209
379 197 251
324 138 218
353 163 183
394 131 216
335 195 229
342 150 171
305 217 211
374 124 236
368 200 172
324 198 214
322 186 232
316 189 195
309 201 238
325 118 203
331 119 170
387 182 257
363 127 171
305 180 260
324 131 239
351 144 194
332 182 251
324 180 215
371 194 168
357 201 188
303 142 191
319 196 225
325 203 185
350 176 260
337 172 201
296 118 174
310 127 255
370 214 252
296 141 251
381 214 259
311 181 198
380 156 168
351 129 234
325 130 238
338 146 179
328 144 235
383 164 168
335 162 215
383 145 217
326 156 255
301 133 178
300 215 249
339 140 165
326 125 233
356 196 164
366 172 199
381 159 170
392 143 241
372 152 244
347 126 231
350 211 216
309 187 250
302 209 198
354 145 215
341 159 211
338 214 200
348 191 258
328 170 257
319 194 164
313 203 256
330 156 179
362 157 209
348 139 167
345 194 247
362 154 220
317 206 175
371 176 168
314 173 231
362 145 214
367 209 248
390 136 174
310 151 209
307 137 205
340 214 225
317 206 185
387 181 174
385 135 257
295 209 221
379 204 199
314 138 248
299 217 211
350 216 193
342 148 205
330 124 171
329 132 185
349 203 247
378 192 255
350 133 174
385 197 252
392 166 190
352 120 255
325 149 202
316 170 198
297 172 223
300 151 242
309 147 252
324 209 254
371 175 221
370 134 173
375 175 202
362 168 212
329 179 229
385 218 212
381 214 240
302 179 237
379 186 184
305 192 208
357 200 240
334 124 238
354 162 245
332 176 192
391 169 260
297 138 239
349 210 229
345 164 239
327 122 217
324 183 236
373 168 257
336 207 230
382 178 261
391 190 244
359 139 258
313 196 190
336 148 166
314 197 244
385 215 188
359 152 251
392 133 218
327 182 174
333 129 236
386 126 176
334 217 189
369 163 240
372 163 222
302 214 235
322 138 251
307 171 235
295 163 239
331 175 255
326 130 263
313 142 171
294 196 186
374 170 261
316 188 208
320 190 232
297 199 217
372 166 183
359 183 235
358 171 189
305 156 167
302 213 243
323 210 247
338 138 216
316 187 204
387 140 174
299 178 208
307 174 165
314 193 242
366 168 211
384 188 233
364 164 249
305 172 256
301 147 226
341 160 200
345 201 173
357 185 178
322 150 175
294 141 242
366 126 231
320 202 237
323 215 259
306 168 228
340 124 213
336 144 231
304 136 215
305 165 172
313 146 224
319 202 248
378 175 210
360 208 263
317 154 187
329 168 204
353 160 230
367 197 204
367 193 187
321 140 199
303 160 207
388 154 186
324 127 239
306 178 247
312 183 215
316 125 206
380 166 163
314 188 194
370 213 182
372 186 254
327 149 207
362 192 207
388 169 192
339 150 234
381 176 220
331 181 166
336 196 226
305 201 167
375 166 176
322 176 241
295 200 248
316 188 243
352 191 219
381 183 206
324 154 246
301 166 224
331 206 230
337 131 204
362 199 255
393 217 245
332 161 166
358 194 234
349 217 244
383 212 205
327 213 219
299 127 233
357 181 226
314 168 246
341 201 256
350 145 172
312 184 180
343 202 233
362 146 236
377 215 248
347 216 246
332 183 214
324 179 230
354 210 254
354 165 235
385 172 225
328 201 208
316 207 249
296 118 212
365 179 185
338 132 206
371 218 242
341 149 182
368 141 191
304 135 192
372 131 199
359 125 198
317 155 246
384 120 247
302 120 169
377 143 244
307 218 232
364 214 209
352 158 186
393 170 172
310 129 183
343 183 172
356 130 236
326 168 237
387 133 174
341 170 239
389 144 183
312 207 177
323 210 164
376 122 184
318 144 212
376 142 248
314 122 256
372 214 241
345 158 218
306 169 191
333 166 249
304 130 168
392 214 170
303 215 225
364 186 166
294 153 180
342 203 180
335 172 234
336 153 218
350 196 201
296 218 230
380 172 255
335 218 237
376 129 224
294 128 192
296 148 168
341 210 257
347 145 258
386 189 248
393 178 262
375 161 178
332 189 181
384 132 229
334 211 241
307 194 209
335 193 217
363 214 256
391 146 172
387 196 166
340 124 165
364 129 211
361 186 242
328 189 243
360 133 195
299 216 174
365 203 248
315 131 254
316 122 182
371 193 258
376 160 211
389 190 227
349 194 199
307 180 201
336 181 213
372 189 244
347 178 172
374 201 188
325 178 242
294 121 262
373 156 220
302 198 179
378 167 174
339 127 260
327 195 258
368 189 231
328 199 183
389 138 201
317 200 178
337 154 223
296 188 181
378 121 232
343 209 196
359 174 230
387 217 204
323 181 195
382 149 259
317 195 216
342 153 227
373 168 171
304 208 173
388 180 238
323 172 197
349 203 213
339 120 225
381 153 229
347 191 182
313 161 248
385 171 192
366 152 259
301 198 204
380 210 209
345 193 184
386 132 245
365 181 260
340 202 252
310 138 200
338 147 241
367 126 169
394 217 258
354 147 227
349 144 223
371 141 238
328 183 250
325 155 253
319 122 197
307 155 219
338 169 201
390 131 208
314 217 203
391 163 233
295 122 176
394 205 226
316 150 245
382 153 198
349 127 175
323 141 168
339 204 220
318 179 262
392 160 240
309 118 228
332 174 183
359 138 208
305 136 223
354 202 186
392 140 175
345 209 231
342 130 165
365 131 214
373 160 262
351 216 168
371 146 263
386 136 168
308 169 263
382 213 220
371 200 192
393 151 186
327 180 221
323 135 194
357 152 213
300 207 224
297 155 216
354 138 214
294 162 239
303 185 211
336 185 259
337 191 205
320 154 192
368 197 260
363 168 254
356 175 176
372 155 207
338 137 230
257 130 88
281 110 76
271 125 98
262 119 50
247 48 123
286 129 69
253 83 47
291 103 66
220 59 91
292 126 49
249 90 108
294 89 97
229 89 56
286 101 123
306 50 68
287 60 39
243 112 34
309 97 59
245 50 85
229 48 84
246 125 57
229 98 86
295 65 66
282 137 91
276 77 103
308 134 100
271 95 118
277 92 51
308 39 52
283 89 72
308 136 105
217 39 105
266 69 29
267 42 72
293 120 78
270 62 57
262 114 25
265 77 62
271 39 61
219 76 33
309 78 36
265 77 102
232 129 117
249 51 56
257 135 41
301 51 98
231 57 104
224 39 37
216 63 30
313 45 123
271 130 50
273 137 82
252 84 107
214 134 71
268 100 66
243 65 35
236 127 65
251 86 35
287 41 33
278 60 51
285 77 62
286 87 52
259 119 84
300 60 101
227 102 110
297 46 79
286 89 33
289 134 116
287 73 65
289 112 111
219 82 122
244 58 113
307 41 114
256 65 39
264 57 48
248 106 123
240 107 109
300 101 120
262 63 35
294 113 86
224 132 87
237 106 35
229 51 117
301 114 105
286 45 31
298 90 66
216 130 99
214 53 107
283 40 85
263 103 101
273 63 121
258 110 118
273 132 110
226 64 62
279 43 77
276 132 112
254 70 110
289 44 108
290 48 59
288 57 76
233 54 97
236 65 96
261 120 44
314 120 65
256 96 85
255 43 120
254 83 69
306 51 60
218 128 123
246 50 60
217 118 81
282 116 40
240 58 36
292 120 110
239 44 54
240 90 81
257 62 103
236 120 119
244 135 78
239 74 96
274 122 115
314 135 99
280 115 41
235 47 102
313 136 32
248 117 68
245 131 35
303 123 109
311 81 52
304 42 72
233 125 29
228 83 30
241 127 87
279 131 68
225 52 119
263 49 104
262 42 108
236 110 84
218 120 48
250 111 119
280 91 123
282 79 73
247 110 83
263 70 60
253 58 99
218 96 34
217 123 70
292 133 72
221 134 62
283 85 72
258 119 118
275 88 27
260 111 114
246 128 36
238 64 92
245 71 120
220 77 37
283 55 108
287 104 50
221 41 72
312 53 31
232 65 123
230 55 107
222 54 61
266 120 46
249 101 84
224 49 30
221 83 43
286 85 94
239 62 92
239 97 59
284 116 101
269 98 118
215 97 122
221 119 75
229 69 88
236 71 89
215 79 109
274 107 109
226 81 56
214 127 119
292 126 105
249 66 26
230 94 30
222 131 115
269 126 42
296 124 48
264 66 115
305 79 46
310 43 23
221 129 31
308 91 53
237 39 101
284 60 123
309 82 60
235 61 25
291 47 30
267 123 50
281 83 91
271 136 91
227 58 69
291 134 59
298 114 37
216 78 97
284 80 74
251 60 61
228 131 117
218 105 70
281 41 73
279 83 40
293 135 69
292 86 77
215 121 63
277 102 76
216 126 36
251 81 46
258 130 107
265 116 44
260 73 102
237 120 76
289 89 49
273 93 111
279 56 119
233 41 31
222 96 96
232 113 35
272 97 84
243 95 51
288 49 117
253 92 83
260 80 116
249 111 85
262 62 39
299 109 51
233 54 35
305 132 116
301 56 116
275 41 93
282 59 111
262 123 123
284 124 95
247 78 32
290 70 77
277 83 30
238 45 44
247 58 46
268 64 24
277 38 91
233 116 75
221 124 84
279 52 96
255 54 23
296 90 40
271 117 41
238 77 112
241 110 117
300 89 37
301 126 32
273 134 91
304 59 57
308 65 50
312 87 80
286 96 101
215 71 76
302 88 32
264 38 69
309 54 23
257 94 76
251 56 96
261 41 71
249 86 59
263 39 123
272 50 120
274 97 51
278 130 52
270 46 121
229 77 84
285 125 54
282 117 116
214 76 73
255 76 79
216 111 51
283 77 80
243 102 51
267 94 27
221 96 75
294 117 66
279 115 36
308 94 88
246 75 107
241 112 48
236 42 49
306 114 83
255 94 63
257 131 59
287 41 44
249 87 85
232 128 109
276 109 25
298 72 61
229 98 101
243 109 33
299 101 68
236 125 62
311 118 91
249 78 29
311 60 64
295 40 105
241 136 78
308 99 60
223 125 120
219 70 44
253 133 34
267 87 79
274 132 77
215 82 122
291 125 58
312 69 26
303 49 106
302 91 73
226 49 102
218 132 122
219 47 47
233 71 44
278 99 90
253 100 32
264 90 121
249 80 77
259 125 42
306 64 97
243 67 28
280 68 109
219 68 98
263 61 80
294 118 50
270 80 55
308 91 94
288 85 108
275 122 36
305 104 27
254 118 25
233 50 65
219 47 107
284 40 76
241 117 23
313 122 32
296 109 28
230 62 86
307 82 100
284 42 109
275 55 62
287 132 50
261 121 76
281 82 111
277 72 35
225 67 100
300 46 116
314 56 83
296 137 67
224 80 108
214 81 88
236 63 89
286 54 54
278 99 52
214 46 70
288 63 42
260 135 32
269 47 121
272 87 94
258 73 53
225 37 114
215 56 120
224 44 54
310 51 92
312 89 92
312 64 101
265 85 42
259 38 98
216 103 51
300 66 111
247 117 63
267 69 65
228 136 44
265 64 43
217 135 75
244 48 86
253 77 82
280 84 61
255 41 85
312 87 39
277 73 82
231 47 47
312 128 24
233 54 71
222 43 88
229 94 80
282 114 56
278 105 42
226 129 40
295 76 112
230 89 23
295 45 78
215 53 60
228 75 120
233 121 47
297 63 75
269 58 64
235 112 105
236 98 107
246 111 119
266 113 97
292 71 76
271 130 74
235 99 86
314 126 50
288 60 55
263 69 77
275 95 50
282 120 81
282 44 117
265 59 68
263 96 98
298 74 88
296 45 28
249 117 76
231 95 60
229 49 28
266 80 120
304 40 110
249 127 98
293 42 91
238 92 94
233 89 73
297 104 31
234 102 121
308 62 40
298 61 95
307 65 48
282 96 81
228 110 110
252 84 60
221 131 93
300 50 45
222 40 114
292 39 110
313 127 122
302 100 100
277 95 54
298 58 113
283 129 84
308 107 61
230 109 35
293 93 108
271 133 63
287 61 73
248 136 48
250 128 70
305 91 110
310 53 38
277 120 110
253 114 67
220 98 80
313 92 73
313 40 122
244 74 101
298 107 39
216 101 96
260 120 37
234 100 73
293 117 72
290 39 77
248 100 49
236 116 77
303 125 41
272 38 40
234 119 93
283 95 37
283 136 80
274 76 74
299 80 90
227 68 24
231 64 102
215 60 93
297 90 77
302 93 45
216 59 87
244 55 79
284 41 27
239 125 41
260 47 94
273 37 49
227 83 44
221 109 38
218 42 59
283 76 31
232 55 44
217 76 57
271 80 31
289 115 73
271 128 37
251 121 113
299 122 76
310 119 49
303 109 113
313 41 71
298 84 63
314 42 24
267 84 61
307 131 121
221 43 75
250 136 93
289 54 91
224 58 52
234 54 93
266 62 74
245 45 34
292 96 118
236 97 92
251 37 63
293 110 75
240 117 74
291 115 99
227 49 29
258 99 73
256 99 94
268 136 101
226 105 100
231 134 97
231 134 115
284 64 48
218 111 121
278 92 75
242 66 91
261 50 115
307 53 50
256 73 113
276 129 45
236 45 51
239 73 62
295 113 87
310 38 87
279 49 68
284 107 97
267 49 121
247 54 82
216 61 31
285 91 36
235 41 99
214 125 94
306 62 47
217 78 48
226 52 88
254 123 24
277 106 94
295 132 46
248 128 34
249 103 81
239 49 95
237 127 70
314 129 76
297 102 86
278 42 36
311 60 41
301 128 33
228 49 84
273 60 38
224 48 36
307 105 76
298 37 44
224 74 55
237 122 30
261 96 50
243 95 71
293 117 85
310 129 34
309 127 100
264 60 47
276 68 89
218 90 121
314 59 47
227 98 37
305 60 53
236 115 37
259 119 100
288 105 105
304 54 103
246 134 85
312 98 70
228 68 104
274 102 93
223 56 120
234 96 84
276 79 45
271 60 70
278 41 119
270 114 54
243 70 80
253 90 63
273 105 24
226 92 35
244 128 62
313 102 90
223 76 79
290 94 108
249 126 53
243 124 104
286 125 42
268 70 44
252 108 117
285 47 62
310 102 29
248 77 61
308 76 112
268 106 62
219 127 100
279 106 63
264 121 92
305 54 74
244 105 40
297 102 60
305 69 112
266 93 37
244 107 47
272 83 110
272 104 93
274 67 81
301 114 56
218 43 56
244 99 75
288 130 52
233 64 120
266 117 107
217 61 39
314 118 85
233 92 91
217 57 93
303 106 108
285 129 102
252 136 111
281 90 63
309 78 87
275 122 69
281 124 72
275 115 52
228 109 83
293 135 53
301 114 81
299 89 27
305 96 87
314 81 62
239 108 83
231 134 105
310 91 74
293 59 45
255 80 52
275 106 68
301 83 76
261 73 72
310 65 45
247 46 110
245 97 119
233 132 82
300 61 68
300 135 48
280 37 25
231 108 122
238 99 103
244 65 23
266 77 28
292 100 40
282 126 98
261 59 97
312 64 44
224 77 62
276 60 39
234 43 75
255 119 72
294 72 109
218 53 81
277 130 102
270 97 90
281 119 58
298 109 54
277 39 58
240 131 88
293 95 101
257 134 99
284 72 79
260 120 109
248 126 25
293 74 66
226 37 121
295 85 46
302 124 77
301 100 116
220 58 78
308 78 83
281 83 104
258 87 114
219 40 82
251 109 48
228 77 64
258 97 110
277 54 111
262 115 101
254 42 37
266 109 25
271 99 91
238 118 77
252 88 25
252 101 85
259 92 80
224 121 86
259 77 59
248 93 43
240 74 78
299 110 82
310 98 30
269 49 60
305 58 59
238 46 72
232 113 47
281 121 64
242 123 112
305 133 104
297 113 96
282 119 73
214 78 118
243 135 52
242 112 82
264 118 30
228 92 99
224 61 67
280 130 61
276 39 76
265 124 77
286 133 51
278 43 26
239 37 122
242 131 61
214 80 64
239 84 40
250 99 98
248 76 85
275 93 59
244 99 29
225 123 81
244 85 38
302 39 96
307 69 84
297 75 85
244 37 28
309 57 106
243 123 79
228 87 71
273 62 36
257 40 58
240 135 38
285 121 92
305 59 109
274 76 121
313 68 42
277 63 45
289 57 37
240 61 123
286 121 67
261 123 123
264 84 96
279 69 30
262 41 80
272 92 113
256 41 69
306 132 64
294 48 114
312 52 90
302 103 24
220 83 107
249 47 115
282 120 46
295 109 89
302 89 44
311 63 46
303 123 28
220 40 89
307 129 60
293 114 114
306 85 60
309 52 84
301 85 30
285 118 29
294 112 83
264 53 30
263 93 30
295 49 86
249 74 60
282 67 55
306 104 71
255 67 55
232 69 23
254 86 101
461 384 358
496 388 415
494 419 377
477 426 440
522 381 429
479 434 386
476 368 399
508 439 428
433 376 399
453 438 353
468 425 368
467 371 369
428 385 375
486 398 351
516 393 347
434 429 377
482 412 445
450 407 349
448 389 398
522 454 425
479 453 435
501 436 419
437 385 392
452 369 389
516 436 357
428 410 420
450 440 444
448 414 347
471 405 430
513 434 408
487 421 349
479 421 365
494 421 424
466 404 388
468 420 382
505 370 388
462 390 445
500 363 439
518 455 413
445 356 405
461 429 420
522 373 405
507 376 443
430 417 367
452 416 356
475 358 427
504 361 401
452 402 393
455 429 384
511 361 410
445 438 436
431 381 381
438 379 394
460 364 426
436 407 394
440 366 419
506 393 409
458 418 375
487 377 373
449 407 361
492 425 354
510 358 443
465 413 368
497 447 369
430 452 356
497 421 398
520 386 355
488 361 375
434 368 396
513 384 368
468 377 447
456 403 398
521 375 418
498 371 369
427 386 350
425 394 364
511 371 370
484 424 353
435 415 405
447 438 361
427 399 385
447 455 393
476 399 380
493 437 423
459 456 363
427 402 440
490 409 349
497 407 374
501 400 395
524 358 414
495 452 391
439 365 368
478 399 354
456 418 362
512 433 433
434 385 421
433 433 359
451 401 365
492 392 446
424 394 418
454 375 401
488 384 376
446 428 440
514 446 425
490 394 410
497 389 446
478 417 428
472 374 423
461 386 381
505 406 443
424 434 347
519 400 414
503 430 361
466 435 374
462 411 368
436 422 404
483 430 416
482 447 400
476 451 413
464 454 420
429 398 414
486 400 447
463 372 366
502 373 399
462 407 367
436 389 422
436 405 377
464 357 424
502 438 447
523 368 439
456 375 438
450 401 347
466 364 351
486 366 371
513 390 394
491 358 382
509 402 384
492 358 353
460 406 355
498 396 392
515 384 394
484 365 376
438 374 420
476 364 395
438 438 383
434 397 391
503 402 373
425 415 430
466 443 406
471 425 387
476 369 402
424 382 365
491 425 362
456 380 362
441 414 357
481 394 424
503 374 408
519 437 363
485 381 420
463 356 412
446 421 374
503 357 353
467 371 428
477 401 365
508 386 447
469 391 427
514 454 388
491 397 360
435 379 388
519 385 427
516 398 372
497 393 434
426 386 356
434 374 372
488 385 437
438 394 413
509 416 387
440 430 402
425 433 407
426 432 381
523 363 397
512 382 431
523 372 417
487 393 403
505 450 446
514 381 403
495 398 421
503 415 419
522 419 416
456 398 417
477 398 403
491 374 427
522 356 424
429 379 431
489 452 387
480 405 386
488 452 364
499 445 386
430 448 347
438 371 366
468 403 393
494 432 423
517 387 364
454 372 352
520 369 372
487 440 362
496 396 379
453 425 382
449 363 418
512 378 364
521 362 396
453 400 418
481 432 439
505 446 405
488 411 401
514 445 404
452 370 348
512 429 426
495 367 373
446 415 393
496 456 393
477 405 352
504 402 347
491 438 385
515 375 389
444 363 416
449 414 439
430 371 357
507 413 429
487 366 418
438 411 381
467 418 441
516 380 445
466 401 365
467 432 443
439 440 365
461 445 442
492 389 391
495 410 415
518 434 356
509 434 356
496 417 412
466 434 368
508 376 369
433 390 380
440 454 385
501 387 397
499 384 355
487 389 357
515 442 392
425 453 422
470 411 401
507 444 347
428 454 349
456 387 353
425 367 409
524 424 356
449 416 387
481 375 362
478 405 437
450 424 354
506 383 392
523 409 416
453 425 446
456 437 396
478 409 391
516 442 408
519 376 397
452 455 427
450 428 403
464 423 394
490 404 415
437 418 400
443 445 414
482 396 397
510 413 387
506 425 408
483 442 445
452 418 347
445 396 430
463 372 418
437 369 379
508 433 376
507 421 444
511 366 350
489 372 402
452 454 440
442 409 424
443 426 432
469 424 371
474 356 379
480 453 431
460 389 378
446 430 445
502 386 440
425 356 356
473 379 347
437 368 375
514 359 364
517 421 391
515 436 429
460 404 417
431 381 388
514 396 434
486 420 394
425 434 374
449 424 394
503 411 353
432 421 401
429 420 384
425 411 367
473 441 445
500 379 416
506 404 422
436 446 395
479 380 383
516 410 428
483 443 363
476 426 395
495 405 437
513 442 441
496 439 433
437 405 361
513 398 410
474 430 381
466 356 436
523 430 409
473 365 417
432 420 442
504 365 404
467 368 410
433 400 426
459 440 403
445 455 416
488 426 378
457 444 365
439 358 380
428 392 406
433 434 430
456 424 402
499 417 436
480 433 368
494 369 359
455 361 422
461 375 435
483 377 417
482 392 349
427 391 388
488 364 403
466 448 409
497 388 412
429 407 441
449 385 370
470 413 410
429 407 348
464 365 362
490 385 431
424 448 382
442 444 392
485 395 359
511 388 380
473 453 419
488 390 384
505 379 401
521 453 366
465 441 351
430 370 436
503 381 350
444 433 424
497 423 447
452 378 431
472 376 425
444 425 419
476 372 351
519 415 384
453 394 420
471 384 376
497 439 432
475 393 384
487 370 422
490 359 389
462 426 370
524 451 369
503 442 371
477 415 435
461 374 354
510 409 348
472 434 375
449 410 354
454 443 379
429 394 347
492 404 381
497 406 367
495 373 445
518 372 353
523 370 360
445 411 414
477 386 399
494 450 362
517 447 414
472 395 441
476 362 351
485 417 364
495 365 415
452 378 406
448 378 437
493 419 399
502 366 444
500 421 399
491 410 369
437 396 420
432 396 370
467 431 355
441 409 431
506 420 354
490 394 362
442 439 386
429 448 367
481 429 413
445 436 376
436 420 374
493 404 368
438 381 349
506 417 398
428 437 401
476 359 393
458 431 391
431 449 381
518 361 382
517 450 444
478 427 416
441 386 417
449 393 385
490 414 376
450 414 399
514 444 390
485 445 406
501 408 387
522 389 413
466 358 414
464 375 359
481 395 368
442 365 373
517 382 418
494 381 392
471 380 417
468 453 367
492 415 412
466 396 395
433 385 425
447 422 383
519 390 392
468 405 429
503 386 399
457 391 414
450 356 398
517 424 410
492 362 371
516 364 348
513 447 439
520 399 436
458 376 443
496 397 374
495 421 386
439 385 418
452 379 405
459 383 360
447 369 401
467 365 443
435 449 365
474 411 422
520 432 429
477 383 373
452 375 373
460 380 435
435 413 379
440 417 412
492 376 412
497 357 363
479 412 405
517 399 427
464 415 373
433 431 439
445 410 420
432 363 383
520 444 408
428 384 416
496 441 426
451 373 375
497 443 380
506 422 369
477 365 403
521 429 408
505 423 373
461 447 381
439 442 433
424 411 376
482 360 366
484 444 406
449 382 356
464 395 434
500 454 413
492 418 386
468 436 446
447 441 422
442 366 427
448 356 443
448 449 359
463 375 427
442 404 433
523 363 407
469 375 407
448 412 433
509 394 417
466 410 365
461 429 365
494 428 349
444 374 387
474 423 388
502 413 388
467 445 353
496 432 417
512 418 436
521 380 365
470 426 421
432 455 372
463 415 367
519 447 395
483 454 447
450 368 415
511 407 377
431 456 390
522 401 428
454 409 398
477 404 349
490 414 369
437 372 407
500 430 352
450 429 392
492 445 390
480 419 413
433 415 354
515 442 398
464 362 389
518 403 442
499 384 369
471 401 364
428 451 396
519 366 447
469 432 388
490 421 420
475 362 431
516 416 373
477 389 387
466 379 422
497 452 403
471 384 426
511 366 428
499 357 417
498 421 444
467 424 385
443 383 384
464 421 393
491 362 386
472 380 434
475 375 428
484 421 413
493 375 401
500 407 412
513 365 355
459 389 365
517 368 355
497 424 356
488 394 390
476 454 388
467 441 364
481 389 352
474 423 366
479 399 396
450 371 381
473 401 446
453 368 386
482 418 430
472 440 434
460 416 378
483 421 409
455 436 398
442 432 386
434 380 384
511 434 382
497 364 374
431 402 408
441 379 431
495 426 370
462 413 427
504 436 405
522 448 360
449 412 384
454 394 352
445 406 389
506 431 363
509 452 443
443 438 409
444 445 362
495 398 431
455 363 360
457 371 425
511 358 387
436 452 441
456 382 433
488 380 385
468 369 376
437 446 355
442 392 384
497 394 358
444 405 386
515 456 362
476 416 384
458 442 412
518 365 376
475 362 427
486 425 403
475 413 378
490 383 396
432 412 415
465 441 399
452 409 394
478 440 350
459 413 361
505 425 395
453 448 347
492 443 368
523 413 443
436 452 353
457 441 409
514 374 416
467 409 403
444 401 414
462 447 391
466 440 446
449 426 387
472 408 395
456 388 410
491 451 432
477 398 395
513 387 426
474 446 444
504 443 371
447 418 443
491 363 432
490 374 375
524 445 349
513 399 407
464 381 355
521 452 446
450 393 378
437 453 400
476 418 373
493 446 378
510 371 348
428 397 427
425 404 406
472 382 404
440 400 412
441 371 383
512 381 443
511 456 410
504 405 446
501 407 350
441 373 419
442 395 391
427 359 380
455 439 370
473 400 439
483 415 400
428 404 443
447 360 375
496 450 428
445 381 412
453 372 439
443 402 443
430 382 433
473 403 443
466 399 396
449 427 354
469 454 380
503 380 351
463 448 366
459 409 444
495 407 360
490 422 445
460 420 436
490 405 355
524 358 408
434 363 356
488 442 417
435 421 389
465 414 431
445 426 394
474 446 389
470 416 382
452 417 355
443 456 446
513 411 428
517 430 410
460 392 429
488 445 443
484 363 399
517 366 404
467 421 354
439 421 402
452 452 391
464 410 428
479 375 406
428 425 442
489 364 364
455 393 388
480 408 392
505 453 444
524 417 368
446 404 385
499 444 436
426 386 435
501 419 438
465 449 361
470 396 406
490 442 410
503 451 430
507 422 428
512 434 347
482 432 428
497 424 375
503 385 407
482 400 385
435 402 400
443 443 406
450 448 441
452 386 442
435 455 367
464 389 424
492 423 355
458 387 395
443 395 357
452 451 410
506 427 398
438 359 405
479 376 372
490 359 382
510 376 404
483 430 384
477 356 351
500 430 419
477 376 433
489 455 404
456 414 354
507 411 416
445 408 367
522 403 384
518 412 405
461 382 387
498 389 348
511 410 432
518 365 402
487 423 382
472 442 367
523 422 401
425 452 372
437 420 437
490 427 413
467 366 439
455 436 441
520 388 411
482 361 369
491 434 407
432 382 427
478 453 367
459 371 362
468 364 364
471 434 432
467 393 413
425 455 440
512 364 435
494 356 403
437 448 413
524 367 444
523 427 363
486 416 438
524 430 350
513 453 406
445 445 360
521 406 383
449 383 432
510 412 404
424 421 406
507 414 361
515 448 347
505 424 378
455 412 433
464 422 399
516 393 398
154 323 -18
119 275 -23
166 298 24
143 274 -29
128 316 -7
122 251 -13
132 321 -40
136 327 -38
189 302 -20
130 290 36
182 277 30
101 276 25
136 283 6
128 263 2
141 258 -38
137 307 0
160 277 -32
119 323 14
107 259 50
150 264 -26
157 302 -9
124 273 13
173 296 37
117 289 60
158 312 1
160 337 -32
133 331 43
107 258 -8
96 295 -31
131 301 -20
169 272 30
104 240 0
95 271 8
165 289 -22
193 274 -34
153 317 -39
154 253 -6
189 327 -36
105 314 24
193 310 36
107 338 14
149 301 41
156 273 26
159 287 15
118 314 40
137 248 60
137 324 4
93 325 6
140 299 -18
177 304 -9
100 277 -1
157 253 -33
110 335 33
180 297 40
105 294 39
97 330 -7
114 270 39
141 309 8
104 260 -12
113 328 7
190 264 2
129 300 19
113 331 -40
150 280 31
142 256 25
99 276 -3
103 290 20
165 249 -4
128 250 19
182 268 31
146 333 4
127 298 -31
193 282 53
173 277 56
133 271 -30
146 287 -11
165 288 33
163 335 14
93 296 -32
124 284 50
118 251 -36
176 245 52
98 312 -26
109 242 -9
183 248 0
122 339 -37
189 293 -7
189 255 58
111 315 -4
188 271 12
102 328 -36
193 242 -11
158 283 45
110 263 -21
139 337 52
186 283 38
175 324 -24
125 242 60
112 249 8
118 295 -37
190 243 0
171 282 4
144 310 -10
160 276 -34
174 271 37
159 284 4
178 325 60
137 269 -3
98 264 28
180 338 24
181 311 23
138 294 48
121 298 48
100 339 -5
163 272 20
143 256 30
129 329 -34
157 277 -39
181 289 46
174 319 -31
94 274 -19
188 319 -30
112 262 9
126 282 14
162 243 33
182 246 0
184 313 22
98 337 -33
102 312 -2
144 255 -40
131 333 33
180 327 -26
136 285 43
185 251 6
103 305 31
122 257 6
166 308 -28
156 240 7
133 284 16
118 250 17
99 317 -22
191 245 48
171 314 33
181 249 60
154 273 36
94 285 -30
127 290 -21
130 337 -32
101 325 22
135 308 0
128 256 19
119 282 54
192 312 10
106 240 1
120 313 37
154 272 -28
126 257 54
141 264 7
94 251 8
184 250 38
126 285 34
164 257 38
184 245 -11
126 330 10
136 251 45
165 321 -5
191 294 -13
95 337 32
165 264 -18
103 283 52
152 244 22
134 250 -37
183 284 10
97 311 20
130 335 38
183 291 54
125 306 -26
183 333 39
96 334 33
176 287 10
119 271 40
127 263 35
155 290 -2
191 322 -27
158 273 8
161 248 45
163 281 -21
140 319 -6
131 271 57
112 335 -34
183 251 -4
154 255 8
184 257 26
135 337 46
142 274 22
114 303 9
176 240 -9
159 281 44
110 296 -1
148 251 8
113 284 47
138 314 1
183 330 60
117 254 7
94 256 -26
148 253 -16
165 295 6
116 261 -29
163 327 -1
137 269 25
169 263 -37
127 333 9
189 284 -35
107 282 -35
182 335 -11
173 256 15
103 259 13
135 309 -19
170 306 52
169 279 43
130 249 -28
122 253 -10
106 291 56
186 306 9
145 263 23
139 302 54
106 337 -20
190 257 52
121 337 -16
182 325 -32
182 313 -34
179 307 -23
125 305 -40
143 289 -37
137 256 3
137 285 28
187 338 56
100 285 7
152 290 -23
133 310 35
122 243 20
105 254 34
171 299 53
102 250 -9
130 333 19
149 294 18
153 314 31
117 328 10
169 249 -24
97 313 28
168 313 59
109 291 49
180 299 -15
96 268 53
144 319 -7
192 258 7
169 286 -8
186 248 57
153 315 -32
111 325 38
169 274 32
160 333 -3
109 290 30
110 308 43
169 242 -15
102 249 56
169 321 -6
152 335 59
101 253 -26
114 257 38
108 267 7
95 314 24
173 324 -12
124 290 48
134 292 -16
93 318 6
173 246 -36
165 263 -8
138 288 -35
109 253 -17
125 335 27
185 242 -16
178 249 35
163 297 -32
160 246 18
159 294 53
121 296 -15
154 328 35
176 253 -26
129 293 -8
190 298 -12
96 285 -31
108 304 -6
136 263 40
177 274 -24
153 330 -19
107 240 43
122 258 36
149 296 51
178 289 33
138 319 36
145 276 -26
124 245 26
138 275 11
172 296 -28
167 298 13
153 266 -10
149 283 42
131 275 28
158 285 -40
147 282 54
114 242 20
105 242 20
148 300 -28
106 338 40
107 242 29
125 261 21
165 304 49
150 339 59
97 256 54
118 340 -10
180 240 -28
131 332 -14
193 284 45
122 293 48
109 307 -6
97 329 32
151 296 45
118 242 30
148 321 14
164 297 4
172 276 -33
103 268 -39
137 262 -28
173 280 28
189 329 -1
140 253 45
125 276 -21
181 292 46
132 279 -40
123 314 -28
126 294 34
165 335 -21
171 263 55
151 294 3
150 319 44
108 249 -12
100 240 58
95 267 29
167 255 36
187 286 27
111 329 53
123 253 -32
123 340 50
173 306 -6
143 294 43
114 269 -2
120 304 24
169 254 5
132 315 19
189 326 -19
178 253 -1
157 277 32
159 261 -28
106 314 49
174 334 -26
160 260 -19
111 330 39
100 294 29
110 267 59
123 247 43
140 340 -17
158 329 43
141 257 -30
95 318 41
107 286 44
126 309 -25
189 322 -24
188 258 -19
191 318 2
121 292 58
131 290 29
107 244 15
167 286 -26
191 337 58
126 329 -6
186 340 -14
149 329 26
132 340 2
116 295 42
192 276 56
190 321 48
102 310 -35
179 259 57
108 264 36
183 270 25
191 288 49
95 291 45
104 299 22
128 244 -24
132 288 39
99 318 34
124 295 24
163 290 11
156 242 40
135 252 54
179 294 57
161 333 50
182 317 21
112 334 -18
131 338 30
116 262 -35
142 259 15
164 260 -21
183 324 -21
95 280 35
101 316 -4
103 266 41
158 277 19
122 277 -26
157 250 20
158 329 40
171 249 53
183 319 -10
112 322 36
116 248 60
155 254 43
149 327 43
138 244 40
181 252 31
191 266 4
137 263 -14
182 295 9
150 303 -29
170 305 22
128 331 34
110 313 -5
121 260 9
115 272 31
113 315 -8
103 276 4
111 327 41
136 332 -15
101 247 49
103 253 -17
149 257 -39
109 336 -12
105 324 18
172 259 19
186 309 -3
169 284 2
191 256 28
118 301 53
141 263 55
172 272 15
161 283 -21
143 320 30
111 250 -5
152 280 -8
169 267 -25
99 255 22
172 299 25
166 313 -33
149 241 57
182 309 0
163 279 -10
115 296 50
185 272 36
136 253 44
182 247 8
151 310 -7
182 318 56
162 252 32
174 248 53
132 336 -8
104 288 -24
179 302 -16
114 285 -30
116 280 -32
157 268 33
118 323 -31
126 322 37
158 334 41
167 285 12
189 293 -22
117 273 57
193 301 -26
124 274 -9
145 261 18
104 270 -39
185 276 8
128 241 -24
128 339 58
140 263 52
193 279 17
188 269 60
116 281 24
147 335 -28
153 340 6
175 299 -27
171 315 50
150 263 -18
138 264 -3
146 267 -29
118 307 -8
141 332 -3
95 251 -30
141 332 18
172 262 -11
189 286 33
126 285 38
155 272 53
139 293 41
105 320 -11
180 283 17
156 252 -1
120 253 -18
189 293 -36
150 261 54
110 296 35
189 294 60
110 324 57
142 291 -23
121 248 -17
136 265 -21
155 308 56
152 321 -17
122 243 18
142 298 48
162 265 24
124 311 39
107 279 -16
162 297 51
159 252 -19
122 250 24
146 267 7
103 322 42
146 292 60
149 299 -24
175 257 -17
114 315 15
184 297 36
129 305 50
125 295 -26
168 326 1
151 262 5
109 270 -13
178 280 -40
148 245 -18
95 269 -17
168 340 -29
168 322 43
190 330 9
129 335 50
146 300 -16
106 288 -40
157 282 12
116 273 58
183 260 -11
159 274 43
134 303 -21
192 267 -6
182 332 -6
95 272 24
163 242 18
161 340 -39
191 246 32
142 263 -4
166 277 47
161 301 22
117 258 54
192 323 20
186 329 57
138 338 29
100 261 -39
94 301 0
122 243 -16
158 256 29
119 312 10
168 252 29
147 288 -24
113 247 14
124 274 16
97 308 35
157 264 0
180 291 29
99 308 8
176 334 26
191 306 18
192 301 -21
110 278 -22
140 309 54
144 290 -23
96 264 24
127 300 -32
102 268 4
136 327 49
172 241 20
111 336 53
190 302 -24
158 315 -20
137 270 39
127 334 -13
181 271 29
135 313 35
180 325 -38
138 335 20
150 305 52
144 286 14
187 268 2
129 250 -24
118 310 7
160 268 46
151 271 16
162 276 4
110 302 50
167 255 16
124 295 -8
145 264 -38
163 334 -1
134 281 35
97 254 41
143 245 59
96 332 -21
114 276 43
101 336 -10
148 281 48
139 279 -16
184 245 -12
186 320 -20
113 261 11
171 250 8
116 257 26
121 267 -35
180 241 23
102 267 -35
102 323 -31
168 340 4
188 297 -19
117 269 -19
163 275 -29
190 324 12
97 296 8
187 326 -7
105 280 -6
149 313 1
148 289 21
120 244 59
193 274 -1
185 252 -10
170 249 58
157 336 19
129 295 24
130 325 41
176 251 18
176 316 49
164 301 27
160 333 29
137 258 -26
124 259 -28
190 259 -9
112 257 -10
112 326 -7
107 296 13
117 265 27
146 300 3
145 257 -5
183 250 12
121 250 -38
176 256 -1
112 285 -33
182 328 -32
185 305 29
106 316 21
149 283 29
123 252 -1
138 266 -15
160 262 29
147 293 -2
117 273 30
143 253 -25
157 326 40
166 309 -16
189 250 32
169 255 32
151 262 50
151 288 14
139 259 -26
104 292 52
140 246 -35
164 316 -39
106 273 38
184 251 54
118 327 46
133 285 10
140 336 15
121 266 24
160 303 30
177 251 26
139 289 -39
146 275 45
147 310 48
177 251 1
178 319 55
171 255 10
122 329 -39
149 307 -9
134 264 10
145 298 -1
157 267 53
183 282 14
116 287 23
133 275 44
192 330 -7
160 270 59
130 327 -17
124 260 36
177 241 -8
137 327 37
148 320 57
177 286 -25
121 326 -23
118 270 7
190 290 48
96 271 -7
155 243 52
132 277 29
150 252 -13
130 281 -27
105 296 -2
108 242 -23
166 301 -12
189 307 25
189 286 29
144 284 30
187 274 42
185 302 47
132 264 -27
182 325 -26
142 293 19
110 263 43
141 339 24
178 281 8
166 310 29
127 339 -19
97 289 41
122 282 11
150 326 15
149 335 57
189 298 -22
119 249 56
95 251 -1
147 311 25
191 278 7
165 318 -7
132 250 25
129 283 31
156 246 -29
96 314 -4
111 273 0
153 252 -36
112 271 25
158 254 -9
97 334 30
95 251 -30
120 315 35
186 280 -4
147 265 24
134 280 -6
104 283 2
192 274 -32
156 268 1
93 288 60
124 256 28
113 249 -3
128 315 32
170 283 -28
103 284 4
156 270 -26
147 267 -27
158 286 7
155 256 49
148 285 31
110 285 13
126 338 52
115 327 -6
190 294 23
191 304 -35
151 269 -30
108 318 -17
138 279 28
119 265 -24
125 268 46
142 254 22
177 276 35
96 249 -2
117 306 -14
122 300 24
145 312 4
165 250 1
198 266 246
112 236 260
108 246 212
189 303 185
115 293 222
153 319 226
197 224 197
111 240 167
146 264 194
158 271 249
105 245 206
153 228 251
178 252 188
196 281 242
119 255 194
127 304 240
147 309 250
105 248 184
123 317 240
177 291 245
172 297 206
150 256 213
185 271 249
134 224 207
189 307 242
145 291 178
180 228 173
119 310 195
139 256 201
176 302 258
119 285 235
161 297 240
144 245 236
145 314 204
147 305 208
115 273 245
160 240 231
192 295 181
129 271 260
156 241 213
182 263 265
201 265 174
180 313 192
116 227 232
103 308 177
157 295 265
169 306 215
200 273 252
124 279 246
153 294 169
119 246 196
125 300 201
154 293 220
170 292 246
180 307 248
186 238 228
195 271 199
192 317 266
161 286 220
147 242 240
156 220 199
157 295 211
113 280 180
106 244 205
181 240 233
174 279 227
115 287 223
138 289 261
140 281 238
175 311 186
184 248 224
134 285 185
146 277 245
107 290 214
174 263 222
185 310 187
139 255 245
107 242 246
162 320 172
111 259 180
188 244 205
126 266 253
130 282 216
145 314 266
162 275 182
169 243 191
103 276 221
103 275 244
114 311 198
190 286 205
178 313 264
180 239 184
122 241 211
157 235 245
192 259 265
110 313 236
177 285 216
180 252 211
184 300 267
119 283 173
165 318 201
183 256 177
194 298 261
133 320 221
128 277 215
118 258 176
192 225 190
107 309 258
157 306 173
162 283 182
102 249 190
117 254 249
148 284 205
123 244 186
113 265 181
180 239 169
114 290 258
132 228 209
107 279 194
196 286 196
105 232 254
131 266 230
195 263 189
175 294 260
193 280 208
172 231 262
197 309 259
199 257 187
194 253 249
164 297 249
196 261 239
141 245 201
131 315 210
199 239 247
146 231 239
187 226 226
173 249 185
166 265 181
158 299 192
124 222 181
131 223 202
111 245 211
189 226 216
162 304 190
143 264 253
168 246 173
159 221 213
148 245 263
164 253 208
117 263 195
128 272 175
172 265 222
176 224 233
183 231 226
139 314 173
187 319 267
131 264 220
131 222 257
167 302 250
123 296 227
181 312 221
112 300 201
150 289 172
112 315 178
165 279 233
184 316 176
125 295 184
127 271 255
185 313 229
145 274 234
134 302 196
195 299 250
119 241 178
151 285 210
105 271 225
135 243 188
112 314 236
150 262 223
144 239 183
169 303 227
186 270 197
143 317 230
171 227 251
196 290 220
115 276 266
193 289 213
201 306 252
176 242 224
166 304 176
113 261 213
129 263 244
189 255 195
114 229 185
147 242 262
118 299 170
171 243 208
190 294 203
132 306 263
189 225 192
105 316 209
131 278 244
192 296 172
150 253 224
148 253 246
128 277 235
140 307 188
143 302 224
188 242 220
188 290 190
179 240 220
158 294 191
170 291 210
155 240 221
117 253 251
172 262 208
126 309 199
200 236 190
135 223 167
113 251 186
117 315 225
115 272 207
107 289 242
132 261 204
178 289 231
146 308 194
130 292 214
110 261 233
155 306 198
186 250 207
115 267 175
140 280 173
118 267 201
146 299 250
183 220 213
149 315 212
125 234 250
129 307 254
169 305 230
169 307 266
163 250 244
197 256 175
143 288 171
182 315 254
187 312 228
196 234 198
158 270 168
165 263 215
160 265 236
175 282 211
163 304 209
193 294 180
110 259 216
159 251 180
107 272 211
159 237 213
123 306 211
171 257 174
185 250 239
196 241 258
176 282 249
188 295 212
182 283 263
135 261 253
185 227 174
123 238 209
195 257 249
145 274 252
156 235 263
195 230 214
166 255 177
155 232 170
150 265 251
181 222 259
108 258 187
141 310 174
187 302 186
166 228 216
126 267 211
134 269 179
136 283 176
182 320 208
157 315 171
165 312 232
116 240 247
157 251 229
183 271 183
115 222 199
134 287 193
134 271 201
139 228 172
157 286 231
175 309 216
188 229 186
146 271 230
196 274 214
175 305 237
127 305 231
168 225 225
162 272 235
191 231 219
159 299 187
153 290 176
135 305 235
163 301 219
190 288 231
143 284 175
199 305 176
197 241 214
143 240 200
140 235 248
168 257 194
105 271 235
167 274 197
143 265 224
117 241 199
195 286 218
148 303 253
202 296 182
118 266 200
192 241 196
149 290 225
147 268 193
171 220 254
165 270 182
193 301 239
142 266 249
157 256 257
154 261 264
201 320 253
161 277 235
129 236 264
170 263 199
167 264 221
175 260 253
122 283 259
108 315 179
150 258 200
133 296 237
197 311 202
126 279 227
136 286 209
120 305 207
140 302 238
158 253 260
109 310 265
135 314 212
132 289 214
138 282 257
151 303 198
115 247 184
170 291 177
148 269 180
159 239 204
121 282 202
135 300 195
105 225 183
112 236 248
109 258 177
133 260 196
187 299 199
187 258 177
151 256 249
181 278 201
197 240 231
164 313 175
180 236 193
196 320 192
185 310 184
105 291 168
199 263 190
160 258 247
131 223 191
193 289 252
148 302 225
145 302 230
155 271 264
147 273 247
124 227 244
143 287 180
188 301 225
140 250 250
176 297 217
160 265 265
114 249 242
118 278 226
167 229 260
198 300 189
133 311 243
156 313 215
113 272 188
111 281 194
149 277 261
160 314 228
186 250 245
162 223 171
145 289 185
103 263 184
123 300 214
109 222 219
173 249 170
156 313 253
168 268 178
187 317 174
110 227 211
147 299 227
127 223 232
114 235 232
200 227 257
176 260 218
175 263 238
178 305 167
191 278 244
177 286 265
135 245 189
191 285 257
111 226 255
202 236 167
146 266 193
199 231 243
142 238 200
197 276 178
141 252 259
192 294 212
116 271 182
170 284 266
135 228 171
113 270 252
110 275 172
168 290 259
137 262 234
155 295 186
164 232 185
184 278 188
192 320 175
173 272 232
163 255 238
175 227 198
201 318 257
124 265 226
189 238 235
120 319 245
105 271 186
170 309 225
153 270 243
202 261 266
115 268 184
109 264 252
148 231 264
144 269 178
181 284 171
126 276 181
179 258 197
176 260 235
180 262 256
129 249 247
133 270 257
190 311 212
118 285 209
122 297 252
166 297 194
105 230 210
158 255 220
118 280 250
175 276 220
142 295 219
118 265 223
195 267 229
152 240 257
173 242 200
102 301 225
117 300 226
194 267 256
201 238 189
152 247 247
194 231 265
170 282 225
164 224 250
158 262 233
158 229 214
129 315 207
159 289 205
200 228 169
175 243 209
135 272 228
188 290 259
174 243 262
163 310 225
111 281 191
181 301 247
174 280 174
112 240 205
189 281 219
107 282 194
201 251 250
135 243 252
164 269 204
148 238 267
145 231 208
108 294 249
175 257 167
114 280 205
173 299 217
197 287 190
123 243 206
199 230 267
129 226 259
127 299 202
163 221 172
155 297 187
155 242 250
184 256 186
103 264 202
186 316 215
191 276 216
145 227 209
121 221 188
196 269 213
173 233 215
164 276 243
117 251 219
169 241 173
120 265 184
137 292 248
142 310 199
170 237 176
142 227 240
177 268 243
142 263 227
114 289 213
184 277 246
149 291 177
198 222 249
115 245 230
141 315 266
183 284 173
187 228 247
177 311 252
150 278 169
186 226 240
160 244 200
108 314 175
118 258 217
190 256 224
120 302 179
174 247 177
157 276 235
158 304 240
106 238 170
191 243 249
124 236 191
190 296 217
131 298 252
137 228 259
135 281 245
149 311 210
137 239 200
153 320 200
107 314 203
110 244 178
175 278 207
186 233 198
167 251 248
196 242 260
132 257 246
155 275 257
158 250 204
170 241 245
117 242 244
110 268 245
145 317 214
168 289 197
132 228 237
135 224 231
141 293 174
149 269 245
143 240 258
192 310 215
139 248 223
174 271 185
174 274 190
122 298 221
145 278 192
152 278 184
200 286 263
143 231 230
166 291 258
194 320 216
145 241 175
156 309 227
169 295 241
161 234 195
125 258 222
116 221 217
171 266 220
128 307 207
183 255 172
183 289 203
149 276 248
118 236 226
117 279 258
131 231 168
191 269 254
134 264 266
132 267 195
112 226 217
135 234 207
201 265 167
156 279 215
140 236 177
114 282 220
192 252 248
185 298 266
102 253 171
170 222 221
137 230 212
195 307 204
187 271 224
174 269 240
154 277 206
112 264 247
111 283 232
172 224 218
162 277 177
190 320 207
177 305 202
154 286 249
114 246 258
158 292 221
143 314 196
134 295 263
191 303 205
173 285 169
165 261 234
145 261 217
108 314 178
107 260 254
184 269 243
189 236 174
135 299 189
175 275 227
138 270 168
140 240 204
201 292 211
113 314 168
144 287 183
123 270 250
131 263 240
166 288 209
130 298 245
137 223 168
183 242 238
138 260 245
130 312 250
111 246 207
120 290 242
139 264 222
187 286 191
127 251 216
201 251 261
152 286 223
176 237 245
164 244 206
158 261 242
146 231 261
165 235 187
152 249 181
138 316 201
107 235 176
134 220 170
109 248 217
162 235 261
161 315 168
181 270 187
199 282 230
153 271 203
132 311 191
111 300 211
198 226 259
147 289 248
199 240 197
119 256 251
103 222 206
197 242 250
145 294 220
161 225 212
182 221 190
167 223 174
158 270 253
166 233 178
119 249 190
117 270 189
166 230 244
194 304 253
156 240 210
109 287 172
164 241 225
187 296 232
107 284 240
186 288 237
102 295 209
121 239 229
186 233 209
191 269 189
152 257 204
104 275 244
121 302 250
197 242 267
106 307 191
112 316 258
196 316 236
112 263 195
112 233 242
175 317 267
121 226 240
117 301 237
201 238 227
114 267 212
199 301 198
162 306 179
168 305 179
179 303 188
173 230 178
138 309 259
161 292 204
187 269 176
150 266 237
127 223 263
153 318 254
193 296 187
162 306 199
128 235 190
193 286 265
142 245 227
118 276 266
139 290 211
132 264 213
131 314 184
139 240 239
200 221 200
139 317 206
156 224 227
147 240 189
157 283 238
151 311 176
177 305 220
180 252 250
105 238 256
173 300 261
106 229 212
189 237 236
188 293 242
165 226 215
180 291 233
184 232 229
121 261 169
194 250 243
160 251 174
113 250 194
187 255 189
107 270 246
163 233 247
153 316 208
106 251 175
195 220 217
195 311 195
143 286 225
174 237 200
170 271 198
195 307 189
114 294 218
123 264 184
105 232 188
136 314 208
134 265 239
169 293 195
172 275 252
174 274 264
133 243 237
124 309 187
171 273 224
143 270 178
167 256 168
193 238 213
186 315 206
149 287 220
195 262 214
194 288 178
177 238 170
105 231 204
162 252 215
156 253 229
193 303 225
191 280 182
147 271 172
169 270 204
128 220 189
162 319 195
154 244 206
144 297 187
180 245 225
161 412 295
115 485 367
129 471 362
188 495 340
164 400 344
131 437 390
184 416 317
130 460 333
186 454 383
112 403 357
116 464 363
115 399 337
147 424 310
172 408 306
148 473 384
110 413 359
193 408 334
110 492 366
186 416 376
134 422 292
143 410 376
162 471 298
189 436 380
166 495 318
183 487 337
150 422 364
188 476 349
164 481 320
124 487 306
189 485 363
134 447 342
106 498 355
191 472 354
145 465 382
184 413 298
168 421 361
158 435 339
145 409 345
181 486 319
154 428 309
193 474 392
131 446 313
185 495 345
178 423 316
185 482 381
131 424 359
102 440 366
105 468 314
135 472 389
159 428 372
154 470 322
154 451 343
115 440 329
140 466 334
107 425 362
96 447 380
150 469 375
188 430 351
156 478 353
186 438 332
185 470 382
113 485 358
137 403 374
147 406 378
143 471 365
153 414 300
151 496 391
134 436 343
123 460 324
147 435 312
95 435 364
113 432 293
172 422 391
145 426 322
169 432 383
114 447 374
110 399 318
97 495 341
182 407 377
174 427 357
107 440 335
111 499 344
190 490 376
160 494 362
147 462 324
124 447 385
136 456 373
122 474 334
191 483 329
126 474 294
107 416 308
101 413 332
185 410 354
127 458 307
125 424 341
104 450 370
161 458 377
135 465 345
131 418 344
193 472 372
178 487 354
161 428 367
93 469 369
113 496 365
153 456 368
160 443 383
176 463 336
108 447 324
145 406 390
164 407 346
150 472 319
185 448 333
143 465 298
164 473 379
157 446 329
103 481 322
127 412 301
160 420 307
138 418 390
99 458 301
99 472 321
136 459 295
147 481 311
166 428 328
98 471 340
113 490 312
157 478 311
132 473 326
124 471 294
160 446 390
128 470 300
166 476 379
141 481 353
173 401 389
124 410 309
192 490 360
122 416 302
108 431 336
145 438 320
155 420 366
187 442 310
133 436 309
93 490 306
160 445 302
191 497 305
187 410 375
174 486 362
150 467 381
176 484 387
107 451 299
149 474 300
172 476 373
138 483 347
162 486 370
163 447 350
174 466 327
122 492 382
136 417 340
130 432 342
135 424 348
141 419 297
169 410 296
137 463 313
132 424 345
159 496 382
134 435 351
137 494 346
168 416 311
148 427 366
137 483 337
127 496 294
188 449 324
111 472 356
102 405 378
133 456 349
192 401 312
103 414 339
152 421 312
181 414 329
157 423 369
174 477 355
143 493 316
168 447 378
150 482 306
106 436 358
184 437 318
157 421 380
179 443 387
156 495 318
142 446 329
177 405 365
139 468 304
168 409 340
102 471 297
160 470 301
187 478 312
182 482 317
153 448 377
193 418 292
163 450 386
187 493 304
172 484 300
98 483 348
188 488 362
121 494 374
148 400 294
148 400 358
156 407 363
190 420 348
170 419 373
166 418 379
140 404 354
99 498 315
123 460 378
185 489 342
191 497 369
137 491 357
147 411 299
142 402 351
98 422 351
113 498 331
175 412 352
137 471 320
153 441 372
139 429 308
175 499 323
188 494 392
110 430 356
134 447 329
165 400 355
121 454 292
117 404 382
156 461 382
131 436 342
166 418 342
163 445 392
179 410 379
127 459 316
179 474 350
123 430 348
94 436 306
185 430 295
185 444 327
158 419 344
112 430 301
128 485 383
128 417 310
136 475 366
124 426 292
192 482 294
193 414 341
182 441 341
96 482 354
138 405 331
107 411 312
160 476 308
153 427 303
115 448 306
113 427 374
106 466 321
168 427 308
177 440 337
141 469 371
122 445 303
156 480 366
96 399 365
171 431 342
180 452 297
96 495 337
182 475 367
178 462 358
151 442 302
170 454 342
178 458 318
115 415 297
153 492 294
152 466 357
106 414 389
172 427 346
138 414 294
158 484 337
122 410 385
172 477 392
129 433 341
163 485 322
143 401 349
135 415 318
117 427 297
159 414 310
94 405 344
101 499 308
193 448 384
136 486 376
138 475 296
151 466 337
162 463 340
134 430 333
112 448 310
139 451 314
99 470 349
97 487 308
141 404 356
177 487 306
189 446 366
173 435 330
191 401 374
136 460 347
189 424 378
188 481 317
156 460 292
117 405 375
111 431 388
164 443 380
175 423 325
113 465 387
107 407 323
119 434 351
94 465 357
164 495 359
158 486 319
145 484 322
158 455 317
131 493 392
162 418 349
135 474 388
161 476 318
153 463 345
118 476 385
114 473 339
119 410 324
192 434 354
150 438 327
148 444 337
120 422 304
185 461 314
116 403 388
193 411 299
119 436 319
176 441 384
112 449 331
145 467 300
177 465 365
109 471 327
184 498 332
183 434 305
156 471 368
130 422 373
171 458 356
125 484 355
144 434 319
170 429 391
158 408 376
107 492 297
103 472 317
111 423 315
148 481 294
103 442 362
98 452 389
173 429 317
99 442 387
112 435 376
182 464 297
162 464 308
160 480 389
179 469 375
139 495 301
115 423 371
114 498 302
102 430 311
165 435 355
121 422 360
120 470 297
181 445 354
102 486 355
129 423 321
94 430 380
149 449 379
132 438 324
112 407 296
158 472 347
104 423 329
105 404 354
97 499 311
181 430 316
99 461 383
132 495 356
162 426 387
151 425 327
127 496 307
105 406 296
142 411 365
112 400 343
125 420 333
102 425 325
120 417 319
189 445 337
121 496 372
100 458 389
129 487 343
148 460 295
155 488 378
124 428 372
158 468 298
106 499 384
160 459 318
171 461 366
103 407 375
158 461 308
139 474 292
111 494 301
166 415 326
108 463 325
192 451 313
117 493 295
96 400 306
192 448 387
169 414 346
177 444 376
151 483 304
119 462 357
152 414 348
193 465 391
116 463 309
146 431 338
102 414 295
114 443 387
191 470 335
188 436 366
109 452 327
95 486 313
161 426 314
154 407 384
179 436 319
121 423 387
170 439 378
95 449 331
157 474 308
97 445 333
177 480 340
169 437 354
109 426 383
132 429 392
136 471 319
115 403 324
138 427 335
115 467 384
147 432 297
177 475 363
160 423 362
141 474 358
192 473 317
193 437 347
158 445 368
125 409 382
138 434 314
141 449 321
122 442 332
115 427 383
95 445 346
123 486 383
99 474 392
140 481 382
139 451 327
179 403 353
127 469 321
176 418 376
190 414 375
186 438 358
172 400 305
150 484 348
120 488 366
192 447 309
108 403 299
139 403 325
146 493 340
144 415 302
149 482 367
190 493 370
116 448 310
95 413 365
153 470 377
189 410 323
189 477 342
96 419 302
167 481 295
120 491 303
168 445 356
165 423 331
136 493 358
102 482 377
172 426 336
135 479 367
133 424 363
183 445 351
111 473 354
190 428 386
114 439 349
95 427 322
143 412 367
177 464 292
105 495 363
185 461 336
188 434 391
117 409 349
105 412 366
121 419 356
152 475 364
171 482 301
136 420 355
93 432 334
139 480 347
127 483 351
113 464 332
116 429 304
152 424 304
120 499 377
121 471 300
157 409 383
187 402 324
109 411 306
174 455 328
175 417 375
143 400 386
158 473 309
151 476 326
102 445 352
154 416 343
129 485 360
129 472 293
168 422 324
129 487 381
115 415 300
133 417 316
160 482 364
102 431 368
127 438 389
153 498 340
176 440 334
170 416 329
124 407 297
189 474 374
156 426 354
125 413 321
174 482 330
127 440 378
121 471 301
133 474 357
121 497 351
136 416 369
117 428 379
109 405 377
159 414 376
175 469 373
131 426 298
156 403 351
145 471 343
138 472 321
97 452 386
141 477 368
177 410 377
187 498 363
136 406 366
147 459 341
143 408 293
95 466 312
134 488 295
150 481 311
107 424 296
122 405 375
155 459 325
113 490 330
152 443 307
178 466 352
159 405 380
145 469 359
186 467 307
139 490 315
141 418 292
142 447 319
102 478 390
187 474 383
122 495 373
123 470 298
178 498 387
157 495 364
149 472 342
166 481 338
94 446 307
184 470 380
97 499 356
99 448 343
125 434 363
116 400 322
145 419 336
192 412 349
123 465 317
101 454 307
173 489 373
103 409 334
128 437 327
156 427 363
141 430 384
151 432 328
131 474 306
98 481 342
155 474 371
103 401 371
124 499 334
103 497 321
145 409 340
144 457 346
123 450 333
149 419 299
104 472 342
94 462 383
113 438 343
186 442 341
140 438 360
182 412 341
173 477 312
111 471 374
96 454 357
143 417 387
105 454 339
111 440 374
112 471 350
137 428 386
156 494 311
104 465 341
152 401 348
102 449 314
166 451 324
100 458 354
141 476 299
101 416 351
105 444 389
124 482 303
169 402 335
127 466 342
144 411 293
98 433 312
190 448 312
142 431 340
161 462 387
164 478 337
189 458 335
135 400 319
180 403 358
123 498 321
101 440 392
177 487 321
153 452 327
146 490 365
122 499 382
146 443 320
155 472 390
142 401 363
185 452 386
150 453 322
137 450 373
161 439 376
147 400 322
170 488 388
148 435 358
185 400 386
130 472 375
131 420 307
149 414 322
106 400 330
128 439 337
162 426 364
96 442 324
123 482 377
164 463 392
166 496 307
186 488 384
137 489 314
174 465 391
167 400 308
193 469 345
152 475 390
172 476 342
94 406 370
129 436 372
135 468 368
179 407 327
156 437 330
187 476 371
120 443 316
109 467 320
118 492 359
133 474 329
134 455 372
160 414 380
147 399 355
125 438 293
137 415 377
141 464 360
112 403 301
174 420 340
156 492 294
165 401 361
122 463 362
133 403 392
135 494 350
120 493 329
108 410 366
123 456 294
104 448 339
127 420 385
176 451 321
101 481 317
146 445 309
110 458 328
93 441 374
141 423 329
105 477 353
177 496 326
163 455 368
113 449 367
113 490 376
142 401 298
153 440 379
148 431 381
173 471 329
107 489 295
146 414 333
119 430 366
161 457 346
185 473 320
175 496 352
96 440 343
95 452 314
150 406 373
138 415 307
187 457 335
96 420 345
110 415 339
131 450 341
157 483 294
130 401 369
153 420 341
127 495 355
115 484 344
174 407 350
110 457 346
123 436 368
142 430 305
144 412 343
160 493 340
177 431 342
163 400 381
179 459 341
132 498 341
142 482 381
178 453 386
166 496 322
129 418 368
140 439 325
155 435 326
127 408 378
143 447 357
127 430 300
181 427 368
148 430 360
153 452 302
187 417 309
99 414 356
189 442 315
122 401 293
101 448 383
153 464 311
135 457 379
134 418 379
147 437 392
122 474 328
104 427 375
179 438 312
192 488 301
148 442 304
167 427 325
117 415 391
189 411 363
135 453 295
99 406 353
142 421 323
149 491 363
109 470 332
95 454 382
120 492 316
157 418 329
111 487 336
178 438 367
185 405 313
94 473 308
109 488 311
136 489 364
107 498 306
139 429 330
180 434 340
176 347 230
137 420 303
113 428 271
166 393 295
112 371 267
176 443 214
174 422 289
161 346 259
119 370 269
144 353 303
160 349 307
133 370 256
144 369 302
132 426 279
127 369 279
118 419 255
165 422 305
106 365 236
110 387 286
184 422 301
116 374 228
112 415 245
182 390 300
191 414 213
130 431 306
155 425 280
110 428 217
158 358 265
177 428 274
182 405 255
175 413 278
158 365 235
140 421 214
103 430 238
165 399 269
150 437 213
140 433 252
186 445 254
143 389 298
105 380 268
147 416 270
164 412 290
145 418 296
99 383 229
153 413 248
150 433 268
102 420 275
105 412 308
153 412 306
150 415 235
141 431 258
108 399 251
127 398 230
146 361 228
149 397 264
117 353 237
161 400 286
106 352 216
155 358 227
150 399 215
146 393 211
135 436 307
98 362 287
179 440 214
142 445 266
129 367 246
194 388 274
113 354 212
172 370 264
121 405 267
189 441 302
122 354 275
100 423 261
158 425 280
170 360 269
102 354 298
192 430 252
115 385 289
180 408 270
166 351 273
101 404 275
150 409 238
166 375 240
141 429 216
186 406 221
149 390 255
140 385 268
103 426 251
120 411 210
106 413 246
139 385 268
183 352 211
118 445 280
184 354 250
118 373 289
154 437 246
179 404 236
96 420 266
119 407 224
145 383 285
147 423 268
148 359 242
186 359 244
160 417 298
98 443 227
145 349 260
130 437 250
100 362 236
127 346 295
145 348 261
177 345 299
183 350 240
102 390 211
116 412 305
152 395 265
150 404 307
167 409 307
148 388 290
95 379 245
99 359 261
191 391 294
101 435 287
153 375 247
170 432 228
117 412 240
96 349 298
129 404 274
111 409 271
163 376 269
97 433 291
180 369 245
103 435 277
148 365 226
175 371 277
148 443 213
188 361 255
142 426 299
125 410 224
188 352 212
177 413 217
131 382 297
181 444 295
175 381 212
116 435 276
120 371 273
178 361 262
182 383 249
138 392 228
166 397 265
181 410 216
193 420 254
169 427 232
94 346 264
151 347 256
173 443 292
157 372 284
96 397 237
177 384 249
129 403 302
192 427 220
123 427 243
121 418 280
126 364 260
137 444 298
110 392 222
102 346 287
115 401 283
187 403 254
132 366 294
151 417 222
180 373 271
183 375 266
164 376 224
182 400 248
100 388 228
190 390 284
162 389 274
125 425 229
108 367 244
147 432 278
171 429 251
141 424 261
117 354 215
110 439 228
107 422 277
171 367 275
184 417 273
158 370 276
126 424 245
131 421 241
180 430 219
146 381 274
174 417 299
162 362 280
126 348 272
173 421 218
94 388 268
188 440 260
155 359 236
136 427 224
95 409 251
105 350 211
184 363 222
140 349 272
123 371 214
187 347 211
183 389 241
176 425 275
153 376 241
105 425 239
141 418 229
179 379 211
170 360 228
187 411 241
173 440 269
140 351 299
110 420 250
122 408 209
163 413 280
107 377 266
96 393 229
97 400 303
190 407 216
126 388 262
145 372 304
101 379 282
174 440 209
99 377 305
133 411 291
161 427 233
134 395 221
188 355 230
160 418 225
145 370 216
137 348 251
179 357 244
114 362 218
138 389 262
104 369 224
163 372 223
141 378 245
135 350 263
123 373 217
175 346 276
150 411 252
151 411 246
131 410 280
140 420 258
192 386 288
191 419 245
107 415 305
122 407 270
162 397 252
125 427 295
157 432 274
178 425 284
116 345 283
100 432 298
98 404 280
129 387 295
122 416 302
168 408 258
192 361 230
179 392 294
185 442 309
125 353 277
115 356 284
101 384 235
176 386 238
192 356 235
119 352 227
133 397 216
133 441 216
139 380 307
189 384 222
194 360 275
151 442 278
169 351 273
136 389 263
182 411 307
118 395 291
167 428 209
157 364 308
146 414 244
133 380 253
104 399 212
103 370 215
94 428 251
107 424 284
174 382 233
165 414 267
121 420 233
178 440 284
102 379 272
131 356 217
129 375 248
111 393 286
191 442 212
125 388 248
111 362 242
132 421 274
150 388 216
133 437 303
111 375 296
158 383 286
178 431 212
176 433 253
131 383 299
167 379 278
159 384 288
123 408 284
163 382 274
168 438 303
148 422 243
114 355 287
140 408 269
172 361 293
100 416 231
178 417 225
129 410 245
183 435 282
170 347 304
163 415 254
169 441 254
131 361 225
148 348 228
107 370 284
156 392 235
100 435 295
194 439 288
101 404 233
160 350 242
172 427 212
169 408 217
176 360 248
150 434 246
182 433 230
161 430 228
167 393 308
104 395 239
181 399 241
116 396 233
121 368 237
193 423 212
117 372 237
147 367 289
189 389 253
104 400 266
185 423 266
104 401 285
110 404 239
139 393 218
110 347 292
176 348 264
174 395 289
118 394 258
160 432 254
172 440 211
174 422 249
165 346 215
167 387 256
170 388 272
136 365 294
180 407 222
130 397 263
111 393 241
169 393 228
113 381 257
115 442 275
146 354 301
194 409 214
174 404 219
112 373 267
129 394 268
96 381 226
173 442 290
175 438 298
176 370 305
142 396 237
169 433 221
171 428 231
99 403 272
186 436 270
100 362 247
129 444 306
161 421 214
193 379 290
137 417 218
173 428 270
194 412 276
162 349 268
97 392 242
124 413 211
130 440 273
133 361 307
126 382 216
145 356 286
151 389 222
120 434 256
175 399 259
96 411 249
125 356 265
124 387 288
159 432 258
125 361 215
184 358 245
111 411 278
147 358 215
190 443 308
162 423 304
116 353 262
126 414 290
119 416 234
136 362 234
168 399 215
182 389 248
185 378 272
141 421 308
115 362 281
147 408 234
193 375 309
158 419 267
128 345 297
134 430 280
102 389 219
94 372 289
143 346 220
102 405 224
134 370 241
168 414 259
127 387 302
172 398 265
194 445 219
146 423 286
187 358 224
192 347 305
142 349 214
101 414 238
136 426 293
104 352 283
123 367 305
144 392 305
121 443 226
96 398 212
121 357 256
152 430 218
114 416 261
177 443 227
150 397 279
159 429 292
121 346 222
173 431 277
177 418 249
110 365 282
191 442 220
111 445 238
136 391 287
160 435 260
155 404 287
176 415 245
179 440 209
194 414 248
181 363 234
144 415 248
131 399 269
164 346 280
152 367 255
189 412 302
133 347 265
96 349 218
180 353 261
171 410 262
95 394 276
102 372 220
117 391 237
135 393 292
123 355 227
157 421 213
184 348 285
114 390 297
95 374 298
151 361 275
117 436 245
142 414 212
182 441 291
168 392 264
122 379 295
174 421 237
156 416 267
115 370 218
192 350 300
142 443 219
127 408 298
95 433 309
132 441 287
104 349 287
105 411 234
128 415 266
108 383 305
101 432 245
113 423 218
176 400 228
154 393 276
150 379 300
189 384 236
159 348 223
161 424 261
129 376 244
110 445 251
192 360 259
183 366 258
102 411 258
163 399 276
127 346 244
124 445 237
188 396 248
189 392 267
124 354 213
162 392 224
178 350 291
115 406 227
134 358 268
99 348 280
99 409 215
173 407 276
181 351 274
131 353 278
149 352 232
106 349 266
108 357 248
114 383 253
143 372 271
127 407 236
151 400 252
158 380 235
155 411 244
124 444 228
169 417 246
113 347 281
171 429 232
152 396 244
178 413 274
126 389 289
121 414 218
130 408 285
179 432 294
138 350 230
165 349 256
155 436 231
194 420 256
99 358 292
120 411 238
181 399 298
117 362 284
102 425 265
183 441 302
99 441 212
134 380 229
98 433 262
157 349 227
141 368 294
106 362 252
180 393 299
180 365 299
157 428 216
116 352 304
152 423 276
132 420 261
120 355 299
110 421 248
191 422 251
190 412 232
105 432 306
185 372 260
124 355 274
129 414 256
151 445 294
166 413 271
104 440 266
160 398 230
144 366 286
99 428 215
176 408 271
159 377 269
107 362 211
160 376 285
171 367 235
126 431 218
117 420 256
184 430 267
121 373 232
169 384 273
117 377 301
116 350 255
185 421 235
94 389 284
190 443 295
97 365 254
162 385 263
177 440 261
156 349 287
120 363 262
102 413 299
190 358 252
173 413 305
161 440 302
191 359 295
104 428 292
142 421 309
145 389 272
98 404 243
105 425 300
129 424 285
188 356 250
121 405 225
175 380 215
100 406 227
155 363 285
142 430 246
183 375 209
143 404 223
139 398 259
155 365 250
176 373 269
103 411 265
190 368 258
94 413 249
103 424 238
104 420 258
126 379 219
193 363 239
138 384 228
117 380 244
148 383 220
125 363 218
124 415 290
176 407 217
151 420 282
185 352 221
138 386 268
122 422 272
177 423 249
166 362 246
142 408 297
164 437 228
176 355 290
116 445 243
137 395 307
183 423 288
124 427 239
149 386 237
125 369 281
172 379 270
185 360 299
135 408 219
150 365 271
150 424 246
136 443 231
147 386 284
177 363 253
102 391 308
179 354 270
99 430 308
174 345 278
163 386 304
180 403 216
178 365 244
128 381 307
176 348 308
133 346 265
170 363 250
153 352 253
104 427 216
114 375 235
175 389 278
170 403 218
125 405 237
169 426 297
105 368 246
172 417 218
118 370 309
175 369 266
179 384 274
110 400 220
171 356 309
171 351 272
181 389 238
130 365 304
109 403 230
170 362 280
186 408 252
100 419 218
100 389 252
179 433 248
123 348 229
134 439 267
151 421 291
180 368 277
161 353 226
109 347 309
134 351 240
190 356 210
170 419 282
100 365 257
141 406 236
192 355 262
128 372 268
162 385 302
169 425 264
184 421 305
136 374 211
162 417 211
108 364 305
189 347 273
164 373 261
129 371 266
154 379 279
149 384 239
94 380 257
127 416 252
181 435 213
186 426 279
194 399 257
132 353 239
194 372 230
124 371 294
131 355 236
155 406 221
158 390 253
162 422 296
173 444 261
182 439 221
105 442 245
141 380 220
111 432 298
167 375 299
115 363 244
99 359 222
184 393 227
133 426 235
117 429 292
121 441 284
137 359 274
130 385 222
112 434 239
112 420 216
152 368 309
97 388 285
192 361 285
191 346 289
156 423 244
158 373 306
154 385 290
151 397 282
158 359 236
104 385 244
184 360 252
110 441 236
185 405 270
181 412 268
188 423 242
160 401 281
170 366 211
175 394 228
154 353 264
115 420 274
130 443 230
113 352 274
157 443 219
103 425 257
155 369 253
155 444 222
192 366 218
147 396 219
179 348 251
113 404 258
150 444 256
119 387 279
104 404 302
140 410 272
190 413 215
171 407 232
145 350 278
119 409 271
182 432 266
120 371 271
115 370 288
158 443 278
110 410 262
160 417 308
158 354 241
188 355 229
104 352 286
108 404 301
191 434 216
184 423 296
120 421 297
132 358 270
191 443 225
124 367 246
60 453 94
20 444 79
-2 521 79
49 521 134
72 526 88
56 477 60
64 500 78
6 488 90
-6 484 100
48 497 56
24 485 81
73 520 101
28 525 112
70 523 129
58 527 59
56 497 48
17 495 112
13 481 41
60 472 48
23 477 70
9 432 40
-2 468 62
50 499 90
37 506 60
64 516 41
13 435 125
31 486 49
57 510 134
1 438 89
69 467 86
-26 496 42
44 459 92
56 438 82
51 515 88
46 468 54
-7 446 110
64 475 128
19 514 68
41 522 115
4 495 94
41 434 89
38 507 48
35 455 126
66 476 131
26 481 57
59 470 87
-13 517 63
13 469 46
53 441 88
29 509 123
19 495 129
54 526 98
55 435 135
71 447 44
53 525 94
1 494 52
-26 440 125
61 491 119
30 455 112
31 462 40
74 522 106
41 486 89
34 464 62
68 513 116
-11 514 72
38 512 50
-24 522 76
70 437 110
0 455 76
56 482 123
-22 483 130
26 472 60
46 507 85
-9 527 72
34 470 92
20 459 120
-2 512 50
44 437 111
-6 521 63
49 521 46
47 487 125
-19 445 99
29 444 49
49 517 62
73 481 121
-24 450 120
-13 500 120
23 441 120
49 485 92
43 476 122
17 468 50
-7 527 94
-20 530 66
62 524 76
44 530 53
27 514 96
7 455 82
19 514 129
54 474 134
-8 512 54
-13 432 60
58 455 73
-22 495 107
-1 466 119
54 474 112
64 450 73
73 517 79
44 442 113
-12 502 77
17 518 103
55 480 83
54 526 80
-15 522 43
14 496 108
57 523 108
65 511 75
52 490 138
58 485 101
59 516 84
19 493 50
-23 483 125
73 468 51
39 440 115
38 468 67
-8 495 67
44 494 52
-5 455 58
7 450 122
-1 518 76
3 457 107
-4 502 79
53 519 67
7 506 64
-2 468 68
47 482 128
65 525 131
-23 434 43
-10 526 111
30 444 84
6 515 137
-10 464 96
44 462 54
-23 488 73
53 436 125
74 512 121
-9 479 55
70 520 50
21 433 121
57 484 40
51 474 72
-14 455 113
71 477 67
-16 432 78
18 474 135
3 478 48
8 446 138
32 496 75
66 475 132
-16 508 73
54 503 132
2 492 89
15 505 127
33 447 48
71 482 60
55 498 128
14 443 75
28 447 139
-5 529 118
35 498 91
-4 450 64
34 518 126
25 451 108
3 526 130
70 523 42
3 489 66
-18 509 113
-12 524 135
-16 441 46
-26 491 118
2 520 126
13 435 50
51 435 63
13 488 40
73 457 50
49 520 69
43 491 91
-1 495 92
5 462 106
34 510 94
-25 485 106
48 526 136
-17 476 116
15 481 46
57 487 53
1 463 139
0 503 124
14 452 114
67 476 79
0 482 121
58 521 94
1 496 45
-1 503 87
28 490 50
28 474 89
71 484 44
49 491 133
45 444 122
-14 463 95
-9 526 48
-10 446 136
73 459 77
31 513 42
33 474 61
15 523 127
-11 440 132
15 488 135
10 508 59
42 449 124
35 445 107
17 443 82
46 448 133
-1 481 110
11 516 45
54 500 128
-16 443 89
-22 454 74
65 523 123
32 510 67
-19 452 111
-8 488 117
12 481 41
38 516 76
-5 480 62
61 505 128
15 509 48
-5 462 110
25 504 91
-25 433 73
-17 457 104
-22 530 125
12 514 121
46 492 124
15 464 55
31 529 129
42 486 140
42 518 96
30 451 91
-25 448 113
-17 499 127
7 483 100
-1 509 59
64 478 125
10 459 52
47 529 101
2 480 66
71 473 113
64 478 90
33 515 87
-11 456 63
8 490 88
59 508 119
8 467 133
0 435 85
35 517 75
51 450 43
38 469 52
-19 445 111
68 442 53
28 532 132
-26 479 66
34 488 83
-15 503 67
-18 440 91
22 479 90
50 452 109
-9 491 97
-4 502 64
-13 491 113
38 473 43
16 511 50
-24 478 132
-5 485 58
56 463 138
72 524 121
13 497 126
40 526 137
72 439 108
-3 501 59
22 531 58
61 437 114
2 531 49
-23 489 120
-9 450 123
66 474 89
38 484 130
56 443 133
2 436 106
64 470 103
41 512 54
6 511 140
40 472 123
50 516 97
-18 508 62
-1 487 43
63 482 104
-12 522 51
72 505 42
57 474 43
15 478 111
-17 516 132
18 525 89
61 515 110
33 490 90
41 487 108
-12 477 65
55 450 139
44 526 101
6 439 78
-21 526 111
68 454 57
73 490 116
41 494 135
22 471 136
29 455 136
14 473 84
-7 438 95
22 491 113
74 449 62
29 513 117
50 483 42
36 524 85
14 483 99
31 448 51
33 472 47
42 490 91
-20 492 104
24 488 78
-5 501 95
-26 472 51
-24 491 85
48 458 70
74 434 99
41 441 122
57 487 118
-17 516 77
20 503 56
10 516 79
8 486 70
-26 530 50
-13 504 93
22 503 81
-15 524 138
27 439 101
1 473 120
62 457 112
-21 512 63
-3 528 64
73 490 111
-5 459 84
-25 500 81
69 443 50
68 504 94
-6 505 135
-3 468 116
41 436 92
-11 463 101
19 476 71
7 462 58
-23 482 98
6 469 115
65 530 48
57 471 109
-3 451 80
14 519 110
25 445 46
-1 433 136
46 524 126
13 454 68
19 443 55
15 440 137
-16 465 123
-14 503 47
0 483 40
59 474 86
-14 450 131
26 445 139
11 452 107
70 433 121
68 475 85
13 524 103
57 516 134
47 516 44
71 494 108
15 529 48
52 473 110
32 486 135
22 460 116
48 476 52
-14 482 86
-16 496 78
54 521 109
54 440 68
42 494 95
35 526 67
44 503 123
27 471 65
67 453 119
15 532 104
28 486 118
69 497 123
27 513 101
47 432 129
37 519 99
59 440 133
27 476 72
49 485 71
25 441 122
2 441 60
14 442 54
6 459 122
60 450 41
59 440 71
-4 515 120
23 523 53
-5 506 101
22 454 72
35 492 71
37 460 61
70 487 56
38 435 136
32 434 74
-20 482 140
49 455 80
-10 459 76
20 438 107
55 522 107
-18 491 92
15 472 59
27 501 66
2 481 116
8 456 105
58 446 121
-22 496 43
50 503 51
27 527 101
-17 467 53
50 531 44
70 463 62
55 467 111
21 525 42
64 463 66
43 518 58
9 512 118
2 478 107
70 463 125
73 469 67
22 494 93
-3 435 40
61 433 103
-8 496 121
20 473 109
12 438 43
27 444 100
68 471 138
-11 477 123
-25 432 85
-15 480 46
22 458 88
61 480 121
71 508 103
63 469 70
53 475 134
-23 525 58
26 493 80
74 432 108
74 434 110
72 477 47
22 521 137
38 526 121
1 455 81
15 495 121
-16 476 48
61 476 51
38 467 125
34 510 116
39 447 65
-5 462 42
54 518 92
38 463 71
-10 513 131
45 529 118
-23 504 95
-3 463 84
6 448 93
-2 437 79
-26 490 87
67 489 81
-23 476 110
73 514 123
35 443 74
24 493 114
1 487 107
14 531 109
-2 464 96
73 519 119
-7 489 64
73 507 60
16 442 139
57 512 136
34 499 106
52 436 73
67 442 121
6 468 119
-24 497 51
54 440 51
6 521 125
30 505 106
38 461 51
3 470 45
26 503 107
33 509 41
1 473 116
43 484 134
40 474 59
-23 442 130
38 455 138
12 472 86
-8 487 97
22 486 104
28 485 134
38 469 130
51 502 112
-13 502 139
9 478 73
34 510 89
33 464 42
0 443 107
3 522 45
-3 515 46
72 473 53
-10 496 126
52 530 103
32 441 122
-16 520 53
-16 457 48
-21 500 73
56 516 115
58 492 89
8 462 40
19 481 78
13 483 62
6 438 103
70 439 69
66 470 108
19 521 44
11 440 129
1 495 138
1 495 90
20 529 84
24 517 64
-5 445 114
13 438 138
33 453 117
47 437 131
5 487 42
37 451 97
69 523 60
52 475 113
61 463 140
-18 446 72
30 493 140
71 438 48
45 438 55
-7 529 133
10 441 99
-20 521 77
47 468 103
30 502 99
-13 497 73
67 452 70
43 503 56
44 450 95
50 515 86
22 484 134
32 510 113
60 478 137
59 466 54
52 505 109
25 448 44
45 487 55
17 495 109
40 502 58
5 472 53
-11 440 45
32 504 90
33 523 63
23 492 42
58 442 96
29 530 80
16 438 45
-1 472 60
-13 487 102
27 525 91
71 481 60
43 439 54
14 460 48
3 488 65
-9 436 43
43 531 71
62 529 123
-9 528 135
-21 505 97
22 472 94
15 500 75
27 525 72
46 518 98
43 464 41
-7 481 44
-16 502 91
34 468 73
27 447 93
-18 486 56
-12 470 88
20 497 139
56 492 121
62 511 44
-2 492 40
73 470 139
23 450 93
73 462 46
-13 438 106
66 526 109
16 513 76
-1 505 109
63 518 59
-7 519 121
5 481 114
28 464 78
72 521 100
37 462 116
10 489 117
57 523 134
-10 445 100
13 472 111
74 476 116
26 526 42
-19 475 72
49 485 103
17 480 112
26 510 95
-2 518 112
-10 460 139
58 531 65
-6 461 105
56 452 121
42 516 100
10 498 96
57 530 63
20 510 103
-14 432 72
67 473 74
40 489 124
-16 496 139
-3 450 81
30 508 61
22 483 49
29 488 133
-25 477 95
63 502 92
-8 495 42
70 496 119
26 450 88
39 512 44
11 458 41
33 454 59
-14 458 51
26 463 89
2 529 104
37 454 133
57 438 62
13 444 128
50 501 58
33 494 118
-22 498 128
-23 481 120
55 452 56
31 531 94
63 471 93
-4 483 95
-17 436 103
51 473 41
41 492 121
55 526 98
21 469 135
68 444 50
40 510 90
69 438 130
-15 467 116
21 492 79
21 435 93
54 510 130
-13 523 100
-18 509 136
2 459 126
-18 491 67
12 521 85
-5 529 47
60 532 75
-12 522 65
56 450 71
67 516 92
16 454 87
13 467 100
17 510 61
1 486 105
23 502 55
-22 532 47
5 502 52
71 519 131
18 433 49
13 513 101
57 454 50
46 490 140
-16 497 56
16 509 40
-26 455 74
-6 499 129
-26 463 125
57 457 66
34 531 129
51 516 134
-12 462 108
-13 529 134
-4 512 55
39 526 64
32 530 54
28 469 54
57 474 66
8 462 128
41 518 106
23 470 95
-5 479 46
66 446 117
-4 481 45
-14 432 68
-4 522 58
58 496 66
32 450 128
30 448 85
51 516 119
29 485 73
22 432 82
-19 512 122
11 518 81
-12 463 86
52 527 106
42 463 94
24 516 119
36 502 47
69 493 58
-16 456 103
-12 456 120
4 432 68
8 505 66
-10 499 82
8 530 115
71 435 58
17 474 65
49 520 103
-16 447 84
57 508 43
37 470 49
65 490 45
35 521 135
57 494 86
-9 455 129
70 445 127
-5 471 83
61 484 123
56 437 133
56 524 134
52 528 88
50 491 91
20 449 76
57 477 69
1 465 44
50 447 136
-15 479 134
66 469 45
61 452 77
30 446 115
-6 486 54
39 503 118
61 484 139
-17 517 114
58 517 108
10 476 101
-7 451 133
16 528 120
35 531 65
