60 41 28
89 50 63
61 70 49
90 80 56
67 75 29
87 72 33
56 45 51
91 48 30
89 71 62
59 42 59
61 77 65
58 76 38
69 70 39
71 64 59
77 56 50
75 48 49
81 62 55
54 44 60
60 40 63
54 51 57
90 47 47
69 55 66
88 66 39
84 63 38
79 59 61
75 64 58
64 64 43
78 56 53
70 68 57
75 51 58
89 58 53
68 67 27
74 73 47
81 46 61
59 53 35
90 49 54
90 40 48
54 71 46
66 76 58
85 74 32
89 42 41
60 42 38
86 56 60
88 53 31
78 78 41
66 41 56
84 59 67
72 57 45
69 48 38
72 56 64
57 52 67
73 42 57
94 71 51
59 69 53
76 76 63
54 74 36
70 44 37
87 52 45
65 40 56
72 67 60
76 44 27
89 52 56
86 80 36
59 44 41
57 47 31
55 69 56
65 49 58
62 45 36
78 47 54
87 46 58
90 49 34
94 63 32
66 78 35
91 77 55
75 57 43
90 50 58
66 45 32
82 71 40
56 76 59
91 73 29
70 56 34
63 74 38
70 63 37
77 75 37
62 75 41
78 70 32
62 73 34
69 60 50
91 71 30
70 47 61
89 80 43
58 45 66
73 57 30
56 46 29
76 65 53
65 78 40
89 74 50
54 80 65
89 61 41
58 62 49
92 58 60
84 72 46
65 77 64
77 46 55
90 55 37
86 55 40
65 42 53
89 55 40
94 63 67
84 61 63
71 60 37
54 76 35
92 60 44
58 73 50
81 68 46
77 46 43
62 56 63
80 53 35
69 80 66
64 52 59
62 57 57
73 75 44
94 58 27
88 71 36
60 72 28
60 72 58
62 72 57
66 58 28
57 64 38
90 61 66
71 74 50
57 40 63
59 72 51
66 72 50
67 80 67
67 48 57
61 66 46
91 55 64
73 63 64
62 63 39
73 77 56
81 60 52
59 71 43
78 54 51
58 61 66
62 53 42
88 80 46
76 58 40
93 60 58
88 78 57
92 61 41
64 50 35
68 55 34
92 69 58
93 55 67
56 62 42
64 74 59
55 65 52
55 43 39
63 43 42
80 68 51
61 71 30
88 65 56
76 49 62
94 68 55
65 55 51
56 65 58
67 43 53
81 80 43
68 70 50
94 70 50
56 60 37
68 60 41
59 74 44
81 43 40
94 47 42
69 50 65
91 72 35
60 56 64
58 66 30
82 47 56
71 76 63
54 42 31
91 75 52
71 52 37
63 67 35
86 78 33
87 66 66
94 58 38
84 64 65
59 73 64
60 48 42
89 80 58
56 59 64
55 73 32
61 67 51
63 59 66
69 54 27
77 80 46
74 46 38
73 70 67
88 45 65
66 70 42
59 79 38
69 74 56
89 78 35
91 47 61
93 47 67
90 45 38
84 52 27
89 41 51
67 63 54
69 65 48
71 46 30
68 63 39
94 78 58
77 54 27
71 64 49
94 56 27
94 47 56
55 76 60
58 62 52
73 40 63
93 65 47
86 57 37
78 40 37
75 44 30
63 64 27
90 80 57
69 62 27
83 51 40
70 76 32
71 41 28
84 63 49
77 75 66
60 77 38
91 73 30
65 75 50
55 67 36
62 70 40
72 78 66
64 62 61
92 41 29
93 54 28
57 57 54
75 65 54
93 60 59
73 69 31
80 72 43
59 55 30
58 48 54
85 60 64
80 77 27
70 76 42
65 64 34
64 65 66
79 70 55
70 73 28
70 73 39
61 69 57
77 70 43
77 77 46
68 46 33
91 58 62
67 77 56
85 41 42
89 63 32
73 45 33
64 58 63
93 73 57
55 45 57
54 53 37
94 72 27
62 51 45
61 74 33
65 53 54
62 60 67
90 62 36
67 45 33
84 75 38
80 55 44
93 68 35
86 80 34
89 75 28
91 51 63
75 77 34
69 49 31
72 45 39
78 56 60
93 50 61
59 65 54
56 79 49
56 45 46
87 40 56
81 58 59
89 57 39
54 44 65
92 70 47
63 76 35
66 70 64
60 65 65
66 78 31
56 42 63
83 43 42
89 45 63
75 63 46
93 70 53
57 54 30
59 43 55
82 70 61
92 78 30
86 68 35
66 64 52
92 53 35
59 59 34
84 42 32
68 60 55
89 56 48
72 46 56
62 54 62
71 42 40
80 70 32
54 48 28
88 50 27
90 48 38
90 58 42
94 46 47
64 72 27
86 40 28
86 72 64
77 48 36
83 74 58
89 45 45
86 51 39
60 79 29
78 40 40
84 51 61
86 46 58
74 66 64
67 44 48
56 61 39
74 73 44
83 41 57
56 72 46
59 45 35
56 50 33
86 42 43
83 78 48
87 78 29
55 45 57
56 47 51
70 41 65
64 79 32
57 69 33
63 73 57
65 44 34
63 61 66
64 54 41
80 46 59
66 80 43
91 69 37
57 73 27
87 68 57
59 67 46
55 53 53
88 56 50
63 53 49
82 65 44
69 56 51
83 59 48
93 47 54
61 51 28
62 49 65
84 54 62
79 45 66
76 53 43
59 76 46
69 65 42
85 40 45
85 71 35
65 45 48
91 40 46
89 74 40
69 61 56
57 75 50
66 70 37
86 65 33
72 61 50
92 46 44
72 44 37
86 67 43
90 72 34
77 65 60
63 72 34
66 58 47
73 66 44
69 71 46
87 69 44
71 71 45
77 75 31
89 76 66
74 80 66
73 64 34
90 55 51
72 72 44
82 76 39
89 47 53
94 41 61
63 51 40
91 56 44
67 45 30
75 74 62
62 48 42
67 41 39
69 80 29
69 45 51
83 41 59
85 58 49
67 69 48
80 69 51
64 72 55
66 57 37
66 47 61
82 74 61
92 55 61
81 79 47
78 56 31
76 58 37
57 78 47
78 62 34
91 78 58
65 57 44
82 76 65
82 59 28
64 78 62
77 78 41
58 74 33
80 47 58
57 67 57
66 45 33
70 72 30
92 48 65
61 48 30
57 66 46
61 47 54
70 53 38
82 66 32
87 73 37
56 76 64
57 53 45
54 52 32
85 45 33
89 71 51
88 46 50
57 77 44
94 48 63
66 79 61
70 59 55
75 53 52
93 59 31
78 77 65
59 54 44
94 64 52
78 76 52
55 78 44
78 48 59
83 75 41
82 68 29
93 55 43
83 54 29
80 75 49
83 64 32
71 68 58
89 66 32
64 64 46
57 63 27
83 69 32
71 57 57
66 50 40
60 44 51
71 65 61
83 60 29
71 75 36
65 50 66
62 48 51
94 52 47
58 63 32
74 62 45
73 70 28
92 44 67
67 58 34
87 63 60
60 70 48
55 62 29
85 57 39
56 65 67
87 79 67
89 64 54
85 46 39
81 59 44
69 47 35
92 57 48
69 77 62
83 69 60
85 64 47
93 41 56
68 53 65
54 67 37
59 63 40
58 56 29
67 48 65
57 68 66
77 60 62
62 44 36
57 40 53
70 78 37
64 43 64
65 50 64
85 60 48
94 64 41
93 48 56
66 46 44
65 63 45
79 76 61
59 73 59
80 73 37
80 65 41
66 41 52
87 67 32
82 51 55
81 58 36
80 62 66
78 58 65
84 79 44
71 74 32
56 41 37
63 63 34
63 42 54
57 61 60
69 42 28
79 40 51
87 58 44
87 66 41
76 76 36
94 46 33
76 48 48
91 76 41
62 41 48
60 57 66
83 63 66
63 80 62
63 50 59
81 44 43
92 51 56
93 46 36
78 52 34
74 79 39
91 59 66
72 64 57
90 79 38
71 58 56
78 52 32
84 57 47
59 79 46
59 61 44
69 60 37
65 68 63
74 79 33
70 53 61
92 45 38
81 45 49
80 69 61
88 50 63
70 49 32
59 44 59
83 70 36
56 70 43
89 62 30
59 41 28
86 46 41
86 71 43
71 66 51
68 78 64
71 60 30
65 66 41
83 46 62
75 69 44
75 78 39
83 62 56
65 50 43
55 57 61
62 78 53
56 49 29
83 49 35
94 56 50
61 54 43
87 43 46
62 54 44
62 79 28
69 53 40
92 74 54
81 52 59
92 73 48
72 64 57
86 54 65
89 76 58
72 80 31
80 70 39
75 58 43
73 46 43
94 49 66
82 75 58
77 60 45
71 40 32
90 55 41
84 56 44
84 47 42
84 41 63
86 63 40
60 61 33
78 57 53
68 73 53
56 58 42
79 60 34
81 77 30
71 80 36
84 48 28
55 41 55
76 66 43
70 57 64
79 66 29
81 72 38
59 64 31
68 78 54
57 68 57
85 65 61
65 71 34
60 78 36
94 41 59
67 65 54
67 52 64
92 63 35
57 61 46
81 53 45
83 61 59
79 41 35
67 79 55
93 49 56
69 56 65
87 56 39
82 46 64
59 73 34
73 61 54
66 74 34
55 54 54
73 70 34
57 54 56
64 45 29
67 48 45
75 74 43
74 66 27
56 42 35
74 67 64
83 51 37
82 52 64
62 71 32
76 74 45
91 41 41
87 67 61
94 53 53
92 49 67
67 62 61
76 52 32
88 53 28
87 70 36
90 57 66
61 50 55
57 70 37
69 57 36
73 56 39
55 74 44
64 52 64
67 58 40
85 74 65
67 61 38
94 47 44
57 79 59
87 48 43
71 74 64
75 52 58
90 40 43
63 61 59
69 43 60
90 55 39
64 61 48
66 42 67
59 50 39
67 62 66
93 48 49
66 51 28
82 71 61
76 46 55
89 71 63
90 52 61
54 53 61
58 72 49
56 64 49
61 48 46
92 60 39
60 52 46
59 54 41
73 55 45
63 55 51
83 74 51
62 54 39
90 49 34
62 65 62
59 74 33
94 69 46
81 42 38
78 75 45
81 80 36
64 40 52
67 55 59
94 54 66
94 41 32
74 76 41
63 66 46
76 60 42
85 73 27
74 60 61
69 80 45
82 46 55
78 79 39
89 44 57
74 54 59
70 58 61
81 50 37
59 78 49
88 66 35
71 74 32
65 77 50
70 66 37
68 73 58
64 70 61
83 64 47
77 74 34
64 67 54
81 72 52
86 42 59
64 50 38
57 77 42
84 74 63
94 59 41
73 67 30
62 75 41
65 47 36
63 63 51
82 45 49
76 69 58
85 61 27
61 71 60
85 63 45
90 51 60
54 54 57
85 44 56
55 77 37
56 44 64
70 65 48
71 64 61
93 41 42
74 78 60
55 64 41
88 57 56
64 68 46
59 63 35
66 62 62
58 48 33
78 43 48
83 76 67
69 49 27
76 61 58
63 42 59
75 50 64
90 67 38
90 78 40
81 48 33
76 70 60
94 78 62
56 70 50
60 79 31
85 53 55
59 64 41
64 72 37
70 62 55
82 63 41
82 64 42
90 60 50
62 52 40
54 69 58
66 57 67
77 74 30
84 74 50
81 74 51
83 61 62
91 54 55
72 48 38
59 74 32
54 73 28
57 50 63
92 46 27
93 46 40
79 53 43
76 79 39
63 55 33
57 40 51
77 61 61
80 49 31
83 64 34
94 57 49
63 72 58
92 73 56
94 51 63
56 44 47
70 43 29
58 50 49
93 80 57
73 53 43
70 43 37
91 47 30
73 65 66
66 54 43
89 70 55
93 77 32
88 66 27
76 43 54
88 74 38
55 49 51
82 65 51
66 46 57
75 55 40
55 61 52
59 51 41
92 63 35
79 50 36
70 68 30
86 47 41
74 69 63
67 67 41
80 50 45
57 46 33
57 42 48
88 69 47
81 55 50
69 63 53
56 41 33
72 47 34
73 40 28
91 72 46
77 45 43
70 56 33
75 77 53
92 74 64
75 61 64
54 53 52
73 79 49
70 67 64
92 80 45
62 62 40
75 60 59
62 54 61
57 72 62
55 58 40
86 60 44
70 60 38
70 48 60
89 77 27
86 44 30
80 75 42
92 64 58
70 47 49
83 72 41
72 54 60
77 74 34
72 42 53
93 67 38
81 70 58
58 80 53
65 71 57
85 57 53
92 69 47
68 47 48
78 67 46
69 56 57
69 76 44
79 46 54
92 79 29
73 62 34
59 71 34
93 58 54
92 48 16
99 29 44
93 56 48
83 48 25
110 16 46
83 25 41
88 48 36
77 39 31
89 44 47
72 45 43
75 44 46
110 37 31
75 53 53
106 35 23
91 20 31
88 46 24
88 21 26
79 52 45
82 30 43
91 54 45
74 38 40
100 37 27
92 25 35
81 40 18
100 45 19
75 54 49
92 16 39
95 24 52
105 49 47
91 25 36
99 34 18
81 24 19
82 54 24
76 22 29
93 21 39
87 23 41
95 52 49
88 24 35
81 56 46
84 52 49
97 21 20
79 23 49
99 20 16
103 45 17
101 23 25
88 56 53
92 37 50
90 30 42
104 23 21
84 37 54
111 22 51
98 30 33
112 29 45
73 44 16
76 39 43
103 30 45
107 35 53
94 37 20
80 44 25
72 50 27
111 20 52
99 26 49
96 22 50
81 50 53
83 25 23
88 50 50
107 23 17
84 29 53
104 30 35
104 26 45
90 48 37
102 37 49
84 18 16
96 39 35
103 16 31
112 39 34
103 56 34
87 40 37
105 36 50
89 21 51
109 45 31
90 28 29
112 52 40
83 36 33
74 20 36
103 35 34
106 17 26
90 33 25
90 43 55
76 33 19
80 21 39
106 47 24
76 17 42
88 42 41
91 35 21
90 46 34
82 43 29
82 19 17
81 47 49
97 16 19
111 30 42
72 53 30
95 44 49
78 37 17
93 34 49
105 29 48
88 45 49
74 42 31
100 29 49
75 17 22
75 27 26
96 41 22
82 28 33
110 25 51
111 53 20
82 26 38
96 19 29
82 35 43
86 42 18
108 53 25
84 49 44
94 42 29
104 32 51
75 27 39
109 28 49
100 23 32
98 50 17
85 19 40
82 25 46
87 42 39
92 35 35
79 45 43
108 54 45
100 55 28
75 56 53
111 24 42
110 51 49
91 20 36
94 21 37
86 29 29
111 52 33
94 35 17
83 45 45
81 44 15
80 34 52
105 38 53
112 25 26
84 41 17
103 45 29
111 49 22
80 37 42
80 28 34
89 48 52
81 55 46
75 31 26
86 20 25
73 28 28
106 17 54
92 48 32
98 46 23
73 51 47
81 16 29
81 56 37
98 40 29
98 51 21
89 29 49
108 55 30
85 16 30
80 29 42
91 19 40
98 27 50
109 50 48
87 25 18
96 42 52
92 34 17
102 43 49
86 35 42
95 19 48
80 23 50
77 16 55
85 16 44
109 22 17
87 42 43
111 30 45
76 20 20
101 48 30
73 45 30
112 29 38
92 28 19
104 39 50
99 20 21
72 50 21
84 47 34
91 24 44
97 42 37
91 51 25
107 49 50
90 34 20
94 54 30
98 24 20
75 47 15
77 27 24
75 50 38
88 24 23
110 48 27
101 48 35
110 47 34
91 51 30
75 24 51
96 21 52
91 31 46
111 48 52
75 23 39
80 37 47
74 29 45
84 17 51
96 40 18
81 26 52
80 30 22
74 30 53
81 36 53
89 48 38
102 52 54
97 49 49
109 43 17
95 43 23
90 44 26
104 22 17
110 20 43
110 55 52
74 32 41
91 42 18
73 17 35
87 25 40
97 54 32
79 52 28
96 40 40
95 37 40
97 26 48
92 43 47
107 28 24
103 35 22
108 46 21
81 23 29
99 44 16
103 43 51
73 53 45
103 30 41
76 23 54
80 43 49
108 27 49
91 53 49
78 43 54
90 42 42
92 30 26
82 18 53
88 27 47
95 49 22
91 25 39
103 41 44
86 20 20
104 47 49
101 42 37
78 40 31
72 16 50
81 24 15
99 29 35
91 48 50
111 37 51
83 36 46
74 46 30
109 28 37
78 43 55
107 19 46
88 37 27
112 38 33
97 51 33
77 28 35
97 39 53
99 25 39
80 22 25
109 51 39
98 38 27
96 30 50
99 42 54
77 41 53
77 44 17
93 55 34
90 56 35
89 42 26
100 49 53
86 18 33
94 47 36
84 18 25
110 53 17
81 19 49
84 31 28
84 48 55
82 36 17
81 31 23
94 44 35
88 34 18
98 25 48
78 42 29
109 19 34
72 33 25
78 26 36
76 24 24
105 51 43
77 41 55
90 46 45
74 34 52
83 33 40
90 19 32
91 32 46
85 34 15
73 23 49
82 43 48
82 40 28
100 18 50
91 22 21
90 26 39
83 39 46
73 44 27
97 28 39
99 24 40
101 30 19
91 19 50
79 16 39
78 56 47
106 16 53
74 40 20
110 30 53
98 17 45
82 52 16
109 42 42
101 24 33
103 36 30
83 37 27
76 42 47
86 20 54
106 32 26
111 35 50
89 27 26
106 50 16
92 33 50
96 36 20
81 53 15
96 20 29
95 20 30
76 28 32
76 17 29
83 39 51
73 51 26
84 22 36
81 41 36
86 31 18
92 22 16
79 39 17
92 17 27
90 51 37
108 22 45
75 16 21
102 43 55
103 28 45
93 50 43
103 52 25
88 45 27
108 19 30
104 22 33
74 51 31
82 40 17
107 31 16
107 35 33
98 46 52
72 56 37
72 16 30
87 52 51
84 41 30
89 55 41
109 30 42
101 46 18
99 51 45
81 17 28
75 17 17
106 19 39
99 20 38
98 49 28
105 37 41
98 40 31
84 32 35
98 52 24
82 22 51
86 47 24
94 36 34
91 44 24
105 37 24
97 16 51
77 44 40
109 51 26
112 39 17
82 24 41
79 27 19
90 35 37
102 53 53
108 30 16
79 28 48
107 47 55
97 39 37
74 44 55
89 27 15
110 41 48
83 19 31
91 25 16
92 20 32
110 40 36
107 27 53
97 36 21
76 55 16
80 44 23
98 28 23
89 50 51
90 39 30
91 38 15
108 37 16
82 47 28
100 49 50
93 25 29
90 24 43
99 22 49
75 16 38
101 44 47
101 55 39
78 31 25
82 20 38
97 23 37
111 20 20
110 37 38
91 22 30
109 42 40
111 35 23
89 29 21
106 42 27
87 55 38
91 25 28
86 48 37
106 50 36
102 31 54
112 27 33
79 32 42
84 22 38
89 53 19
96 30 44
97 36 50
85 37 38
102 24 18
93 40 51
75 51 15
98 27 33
85 52 18
72 51 53
82 34 29
83 34 55
89 18 39
83 26 17
107 27 39
97 21 20
76 42 37
104 53 38
105 56 22
83 41 23
88 53 33
94 26 41
86 51 43
110 42 28
72 51 48
76 52 24
72 29 48
79 23 23
74 36 50
91 27 28
97 26 54
95 35 54
85 27 16
100 30 28
99 31 53
111 47 51
89 17 20
72 35 54
99 48 49
95 36 45
82 39 26
83 40 41
95 41 20
91 17 52
77 30 18
94 27 54
92 22 28
98 54 17
73 19 20
100 30 29
112 52 41
85 43 32
74 54 39
102 31 41
80 47 26
86 30 54
92 51 51
109 54 29
104 53 45
104 27 28
96 30 35
112 53 55
84 28 16
106 49 53
75 42 24
111 49 33
90 39 46
72 55 30
105 16 31
92 33 18
84 29 40
89 18 16
97 56 40
110 30 53
93 33 28
80 20 23
72 37 20
93 53 28
73 41 27
101 26 52
109 20 32
82 20 15
94 33 54
99 39 19
72 17 53
79 49 49
101 21 17
74 24 33
111 23 27
96 36 54
101 21 40
100 28 36
97 51 43
111 34 52
80 17 46
86 23 27
74 34 17
87 16 46
85 33 33
88 52 40
76 25 29
82 19 31
111 55 29
77 37 19
78 45 36
108 34 28
86 30 38
102 49 28
81 22 50
91 30 52
106 29 19
84 28 20
72 38 44
78 56 30
93 34 18
103 37 16
75 31 27
73 31 30
73 18 36
99 24 19
79 33 27
95 54 28
83 36 25
77 22 16
83 16 16
101 41 47
99 51 17
80 16 46
107 31 21
87 16 43
95 34 37
101 29 47
87 53 31
109 49 32
92 32 38
73 30 49
90 33 17
80 39 15
85 30 33
109 17 55
110 44 19
110 55 40
100 27 39
85 51 24
108 18 25
80 49 21
95 32 39
81 41 41
112 31 44
111 49 52
107 55 44
94 44 42
93 34 42
78 53 26
88 22 19
81 23 16
110 54 34
104 28 42
83 24 31
82 33 19
73 43 33
111 33 24
107 37 38
107 50 45
85 34 19
72 38 17
73 39 55
80 44 25
72 25 36
95 37 46
104 25 17
75 28 26
109 21 49
110 20 22
94 28 46
74 49 21
77 52 39
81 33 26
111 29 50
79 18 19
110 16 21
106 43 25
105 52 27
102 19 44
75 38 48
75 47 15
75 17 35
98 20 35
79 33 20
95 18 49
101 46 43
81 56 44
107 28 20
93 35 23
79 38 28
72 46 51
73 51 25
72 49 23
80 17 37
79 35 47
87 16 46
107 25 51
94 40 53
82 16 52
94 21 35
104 39 52
99 21 52
86 42 33
94 48 33
74 54 25
102 44 39
104 47 42
82 36 31
74 17 51
79 26 54
92 51 34
89 22 16
86 55 24
75 44 39
86 45 38
78 55 24
84 50 53
76 48 36
86 34 45
81 53 51
96 30 40
92 45 18
108 24 40
110 30 51
107 52 20
100 16 29
74 32 18
103 49 26
105 30 42
108 46 24
79 51 21
99 24 41
104 52 53
90 23 26
81 20 17
102 34 16
75 23 18
85 41 44
74 30 21
92 44 47
75 40 37
79 23 17
80 47 47
86 17 52
108 52 20
95 35 30
72 46 20
106 21 53
83 39 35
107 32 23
73 24 23
96 20 20
109 35 27
100 50 49
81 38 28
77 40 17
77 34 42
82 29 45
79 24 16
98 26 22
93 42 36
107 49 46
104 38 43
90 27 18
112 39 50
112 48 15
93 23 24
75 45 50
91 46 24
76 21 32
79 40 42
92 30 26
104 53 46
92 46 39
84 56 43
77 34 24
77 50 52
73 36 55
89 37 27
102 36 21
81 41 43
89 51 44
111 27 50
107 45 22
91 20 45
88 32 46
111 22 48
84 31 37
100 25 43
92 18 54
73 23 28
84 20 29
91 56 43
94 23 29
99 53 24
98 27 20
112 21 18
84 20 36
90 34 25
91 35 50
89 24 19
107 56 50
81 18 25
97 34 21
88 35 46
92 26 39
108 17 18
79 17 48
84 31 15
77 47 44
103 45 36
79 16 38
79 50 41
90 27 31
109 31 43
83 21 42
80 16 40
110 39 17
97 41 27
84 21 28
77 28 19
88 19 51
99 56 42
108 21 35
99 34 26
111 17 41
103 38 28
100 37 31
82 49 48
76 45 35
93 49 52
85 47 49
103 40 33
79 35 48
99 39 28
86 27 52
79 23 44
78 40 53
73 55 41
86 47 16
76 33 33
83 56 22
110 19 30
97 23 35
72 45 20
108 48 22
105 16 55
107 54 32
75 50 22
92 28 38
86 54 41
109 49 33
105 53 17
110 27 25
85 23 27
75 19 34
92 17 42
77 29 35
97 39 37
90 25 26
84 36 48
91 19 39
112 28 34
81 36 54
73 17 55
74 39 55
104 35 18
88 52 30
86 20 46
111 31 46
107 24 27
76 41 55
93 28 18
86 40 24
103 22 53
91 20 28
108 49 27
83 16 40
72 18 30
74 23 54
84 43 37
92 41 48
84 42 28
110 46 20
97 31 38
72 36 30
106 54 18
109 38 16
74 51 54
92 27 18
89 47 25
73 36 53
93 23 39
96 30 48
96 23 51
103 53 26
92 16 43
87 31 52
111 35 22
96 55 51
105 17 44
104 55 27
95 35 27
76 50 48
92 26 34
99 45 20
83 25 38
80 55 47
82 35 46
97 33 38
98 21 50
94 19 15
88 46 16
98 19 17
96 32 41
112 38 47
91 40 25
85 22 16
72 42 25
107 31 44
90 52 45
98 31 47
89 53 44
103 19 17
94 20 52
108 36 44
86 49 16
75 18 52
81 43 20
99 19 17
99 56 45
100 43 54
107 26 46
81 37 42
75 31 15
104 26 32
109 17 46
110 52 32
108 53 33
78 52 36
110 50 19
105 32 23
86 52 52
103 39 46
45 28 88
40 29 98
49 49 72
49 42 97
54 44 101
26 54 94
63 52 94
39 59 89
40 61 87
46 44 75
37 46 89
31 31 78
55 44 86
49 47 107
33 42 77
50 56 85
28 32 77
35 42 92
56 53 85
32 43 88
57 60 107
56 61 87
63 38 86
60 37 70
47 59 102
28 63 71
61 49 91
56 52 108
62 41 84
41 28 83
32 59 85
61 34 105
29 34 100
45 52 90
36 45 108
35 31 79
54 34 101
41 50 88
35 37 79
43 63 102
36 54 98
35 39 107
34 25 102
55 47 104
53 45 102
52 59 102
35 50 74
42 34 97
27 39 101
63 35 95
58 34 88
61 64 71
54 64 106
43 43 81
35 34 108
53 57 77
54 26 109
47 55 86
32 63 71
29 48 100
38 49 102
63 55 86
30 56 86
37 41 96
33 30 87
34 45 86
44 27 97
30 34 73
29 58 75
35 62 107
63 37 73
55 59 98
66 50 70
26 43 84
53 61 83
53 63 108
37 49 90
63 58 84
65 32 105
46 59 81
60 36 96
59 50 72
33 58 86
56 53 72
65 48 110
29 32 108
66 34 89
58 62 77
53 49 104
50 50 106
52 34 89
58 47 99
37 38 83
63 56 91
56 42 91
26 32 93
46 60 89
33 30 104
32 60 89
29 61 85
41 50 109
55 39 74
37 45 98
46 43 88
61 37 87
37 58 96
34 57 95
62 47 91
50 32 81
35 54 73
42 34 110
59 64 76
27 51 109
55 37 90
59 57 82
27 44 89
66 39 77
40 46 92
63 51 77
36 50 77
56 39 107
63 35 76
35 42 94
48 46 89
54 58 92
46 53 78
33 36 76
33 48 98
26 58 85
41 40 83
61 62 108
34 40 75
28 30 81
26 40 92
62 46 108
57 60 91
46 30 109
63 57 92
40 25 73
39 55 91
45 62 88
58 46 97
36 37 84
56 48 109
37 49 88
46 49 84
26 65 92
32 39 74
35 43 96
42 49 105
58 63 96
28 59 88
46 31 84
46 39 89
27 42 90
55 27 79
26 55 108
27 45 87
30 64 98
51 37 92
64 44 74
64 35 110
37 56 73
46 53 89
45 53 84
39 56 82
42 54 101
28 38 91
56 46 70
62 63 99
35 47 89
39 44 76
64 33 86
60 61 110
36 34 80
54 39 73
59 46 86
60 57 106
60 54 82
38 41 80
54 45 109
34 40 110
27 60 89
59 57 87
40 39 107
33 33 71
63 64 76
30 27 80
33 28 73
27 34 86
28 65 95
50 50 81
43 29 88
52 34 78
55 44 101
39 60 106
40 36 102
61 59 84
45 47 90
36 47 80
37 38 104
41 32 74
36 25 73
62 45 71
33 33 97
54 35 99
27 42 73
41 59 105
28 46 86
33 43 80
33 39 110
36 53 98
57 27 108
60 37 92
39 65 105
26 26 82
55 27 87
40 63 92
51 50 102
57 38 103
61 27 71
31 43 81
55 46 109
60 39 83
28 45 70
51 59 101
49 53 82
27 63 94
50 36 85
58 40 75
61 28 70
43 53 77
49 36 106
36 38 72
51 43 93
44 39 106
37 33 85
65 46 87
38 50 92
62 28 103
65 39 97
61 27 96
31 57 93
45 45 82
56 55 92
45 45 82
55 57 90
45 29 73
65 62 92
65 41 94
54 46 75
66 64 91
26 59 75
43 55 89
35 47 85
51 48 88
65 51 70
65 55 83
44 38 78
29 59 79
62 44 91
26 47 91
52 43 94
51 31 101
47 48 95
34 30 96
40 50 81
66 47 103
49 25 87
54 60 99
32 27 83
58 58 79
41 58 70
37 38 72
52 27 84
38 40 89
63 48 96
32 35 108
28 52 107
62 37 98
32 52 70
40 57 81
36 34 109
61 42 70
53 54 81
33 61 88
29 57 94
43 36 96
47 50 77
64 53 88
43 65 103
50 39 95
57 40 84
30 38 95
43 47 105
58 30 93
36 31 110
35 41 74
26 62 75
61 53 91
62 44 98
27 61 104
56 26 109
65 45 85
26 63 102
62 41 78
32 53 90
59 25 97
32 43 97
60 46 100
37 54 77
54 51 81
63 57 87
65 41 100
53 62 106
50 38 77
65 55 73
41 32 77
33 48 96
51 51 74
33 37 87
50 63 107
37 58 85
33 41 99
57 39 84
46 65 89
66 40 72
32 55 83
49 59 98
42 57 109
61 26 104
55 32 92
38 45 109
44 50 87
64 31 92
49 29 93
28 63 73
36 62 108
56 51 110
26 33 109
63 31 96
53 54 83
38 36 87
39 37 94
50 50 78
66 55 107
61 28 100
58 52 91
37 33 107
43 30 85
58 45 76
55 65 79
59 43 81
42 51 74
43 50 82
60 57 91
66 31 70
30 60 70
30 48 106
28 48 79
30 47 104
38 50 93
47 56 109
29 38 71
46 53 93
45 25 83
48 52 107
53 44 104
53 46 102
57 37 98
58 47 90
56 27 81
62 27 97
30 63 96
42 40 71
44 32 78
43 62 108
49 49 109
35 36 81
26 31 106
32 53 74
38 36 98
38 62 82
64 50 106
57 50 84
57 51 108
62 34 80
40 65 83
44 65 107
47 37 72
36 30 94
50 47 84
66 58 98
66 63 75
50 27 100
40 43 79
39 57 110
41 60 90
35 44 97
53 60 78
47 38 73
37 47 74
65 26 82
40 57 80
34 27 75
40 56 74
51 50 73
56 39 110
62 50 103
62 59 84
58 30 106
27 50 86
52 53 88
58 62 100
31 51 94
56 26 79
51 39 72
52 43 96
66 37 102
46 56 77
46 43 90
60 25 106
40 27 100
34 40 91
53 40 81
63 47 84
56 49 101
31 39 79
52 40 97
59 54 103
28 47 87
32 32 109
66 34 73
30 32 80
35 31 97
34 56 71
34 34 81
47 58 74
44 32 97
26 64 79
50 42 92
66 31 75
30 30 95
33 44 83
59 53 100
54 51 75
39 25 102
63 29 106
56 44 94
60 49 72
46 27 105
31 41 102
53 50 72
53 41 101
59 42 110
36 36 97
37 44 108
65 63 102
29 63 71
39 32 83
30 62 100
37 46 88
32 64 97
42 65 73
57 26 105
34 41 103
45 60 71
40 49 88
40 40 96
59 33 84
36 48 108
62 65 73
56 56 93
57 42 71
64 37 71
42 58 109
53 65 73
27 26 87
64 58 71
49 26 92
59 42 108
43 48 85
48 41 81
56 46 107
29 41 89
65 34 83
52 42 95
41 36 100
27 30 78
38 30 70
57 56 76
62 48 83
31 43 106
40 29 103
39 25 105
27 52 93
36 56 104
43 47 78
26 62 83
31 26 108
26 42 101
59 28 94
32 46 110
27 61 90
66 63 104
59 51 78
32 55 70
44 33 108
45 65 85
55 60 86
44 34 93
29 28 72
57 57 81
30 33 74
46 37 101
53 53 91
40 30 98
49 40 98
53 33 106
34 47 77
31 57 85
48 27 108
63 37 74
36 50 84
45 31 91
42 60 95
35 27 103
52 51 96
47 52 85
56 65 104
29 28 105
49 43 86
38 64 75
66 48 94
28 58 100
27 61 82
41 64 95
49 27 71
36 42 105
64 63 74
53 30 106
41 53 73
32 33 83
55 47 73
49 49 87
35 32 81
46 57 86
37 35 102
32 47 101
66 31 74
45 65 96
32 60 100
47 62 94
47 58 99
30 35 84
46 45 110
35 41 82
64 45 110
62 28 87
35 35 87
43 57 79
26 64 84
39 55 101
45 42 84
26 33 100
36 58 95
41 54 89
30 50 109
58 38 73
49 35 96
28 60 98
51 47 86
36 44 95
60 60 98
50 31 90
51 49 72
66 32 103
63 65 101
32 39 100
36 41 70
33 44 101
49 52 86
30 47 88
47 27 78
45 25 74
61 39 85
34 26 71
50 62 99
62 42 90
40 52 87
43 56 103
30 38 79
47 56 93
29 37 80
58 65 101
63 36 108
35 61 98
37 53 74
65 60 99
49 30 82
59 65 99
55 27 97
53 54 92
66 56 109
39 40 100
55 55 75
34 52 81
59 51 74
37 56 92
36 48 73
26 27 97
29 44 97
45 28 72
35 35 107
60 65 100
46 47 97
40 46 97
45 36 96
54 31 105
60 58 88
33 30 101
44 50 94
60 47 106
40 41 86
59 30 94
66 30 76
41 50 108
58 42 80
45 32 89
37 49 87
35 64 106
50 40 87
62 58 89
54 58 95
44 31 79
26 26 81
37 29 75
30 57 99
64 61 98
37 34 92
49 48 85
54 38 103
44 61 99
33 39 103
30 65 78
55 41 87
61 56 107
60 33 103
27 40 97
57 50 110
66 52 103
29 31 104
30 47 70
41 58 91
56 29 78
27 54 73
55 53 80
39 42 88
56 47 80
62 27 90
43 28 73
52 36 104
65 65 79
56 53 91
44 64 105
37 64 80
41 40 88
41 46 94
61 32 104
27 53 99
56 62 98
42 53 96
56 27 91
59 48 97
55 47 110
31 52 93
48 64 85
30 40 97
39 57 70
61 33 71
66 59 88
50 50 82
54 48 100
55 27 79
51 35 104
57 64 89
42 60 74
26 61 97
65 26 102
35 33 109
32 39 99
40 38 91
52 55 78
64 42 98
44 38 77
34 28 109
40 37 101
46 55 76
38 52 91
65 60 92
32 53 71
36 45 96
37 28 90
29 28 97
41 26 99
32 36 85
66 36 106
29 62 75
38 29 102
49 57 92
45 32 110
55 37 96
59 39 96
64 55 100
63 48 79
26 34 103
36 30 82
38 34 95
48 26 104
45 39 79
36 55 98
37 29 92
50 32 108
66 62 80
55 45 77
53 45 90
40 44 108
33 32 106
42 47 76
29 56 77
50 46 87
46 34 110
44 53 76
56 27 75
51 45 107
33 32 99
55 55 88
46 39 92
63 44 107
36 31 101
32 36 95
31 39 85
62 46 99
49 54 85
41 39 100
44 58 99
64 47 102
61 41 76
46 58 102
46 58 88
52 38 109
62 28 76
53 35 108
32 29 98
31 54 85
32 51 110
52 55 86
47 35 101
50 45 83
40 51 79
52 41 76
32 49 108
35 40 93
54 25 74
39 27 110
52 57 82
33 29 84
45 30 104
65 27 81
43 57 78
28 36 105
49 36 82
26 35 101
46 34 78
45 59 107
50 32 91
62 55 99
48 25 94
35 31 102
53 30 78
61 48 81
38 43 107
48 45 93
33 38 103
27 47 76
33 60 86
33 28 98
54 29 95
42 55 81
26 57 76
45 39 109
65 47 76
50 64 107
42 47 78
66 31 74
52 46 93
40 55 73
54 58 92
63 41 110
61 46 105
32 53 110
32 27 103
52 37 70
27 27 76
65 53 110
56 41 103
63 53 95
58 47 96
26 29 82
32 47 85
37 35 99
29 32 76
57 57 70
30 49 104
26 45 98
40 45 70
36 52 75
54 29 110
29 65 89
61 45 90
34 38 78
27 25 86
35 62 92
54 42 83
63 44 85
45 29 106
65 34 110
31 34 72
46 38 76
47 39 87
39 25 77
27 25 72
35 27 108
57 34 80
53 52 103
59 29 81
28 37 104
33 54 110
45 34 78
64 47 91
42 44 87
60 34 87
60 56 77
60 48 81
54 44 109
65 33 93
55 29 75
66 32 74
55 36 87
63 65 85
56 34 109
34 58 97
37 44 70
37 36 80
47 26 90
53 25 101
39 27 97
65 36 83
59 58 84
65 25 107
62 50 105
45 32 76
27 30 99
50 25 83
49 50 103
38 57 105
57 33 79
45 47 75
31 33 106
38 32 104
58 38 88
31 35 94
44 48 94
58 32 78
36 60 100
48 53 90
50 47 76
58 26 87
52 64 77
47 53 96
62 52 75
54 60 92
41 40 106
54 31 109
65 40 87
57 46 76
65 44 72
46 39 100
44 29 70
55 27 102
26 46 99
31 25 110
29 49 102
40 39 78
44 40 108
48 59 92
43 58 94
38 38 107
32 60 77
41 33 105
17 9 64
34 12 57
24 8 57
52 14 31
47 1 49
45 17 33
28 8 53
22 34 33
18 -2 60
19 -1 44
50 7 59
50 -4 59
52 23 44
48 -1 38
36 -1 51
48 24 49
16 -1 40
51 0 56
38 2 26
45 -1 52
34 11 30
41 12 29
52 21 60
21 16 61
34 16 28
44 7 59
52 -2 31
47 11 32
36 15 58
13 1 40
15 27 49
34 -4 33
38 0 25
36 3 48
27 13 51
36 33 33
38 8 42
42 2 37
52 15 44
48 19 31
30 8 43
32 31 64
43 20 35
47 28 57
19 2 34
15 9 64
27 5 46
14 31 40
19 17 62
22 1 54
13 22 49
27 33 49
16 13 40
18 28 39
19 30 40
39 12 64
26 33 47
16 6 41
52 -2 59
46 22 59
35 31 61
51 19 46
46 34 50
35 34 64
46 21 47
29 13 63
52 13 55
49 0 44
39 23 52
38 26 58
24 16 39
39 16 57
21 13 33
39 -5 30
20 -5 29
45 28 60
22 34 59
34 20 48
28 19 52
37 -6 42
45 0 38
21 29 61
24 10 63
35 7 44
48 12 59
43 23 28
34 16 48
34 24 51
32 11 60
52 1 47
23 -4 59
26 5 39
35 17 37
16 11 42
51 4 61
16 -4 36
21 3 53
35 27 38
15 -5 62
20 2 37
28 29 42
49 1 38
34 16 46
49 30 55
24 33 29
34 32 32
13 5 36
51 28 53
15 27 58
51 6 62
43 33 41
28 31 52
28 -4 30
21 27 46
22 24 42
44 28 45
36 2 31
49 7 53
19 26 38
30 30 57
26 18 58
33 3 32
36 18 55
45 27 26
30 26 48
34 20 30
13 6 50
44 18 42
33 30 30
46 13 51
35 31 47
13 22 57
31 26 56
17 7 51
52 21 31
28 21 41
28 10 52
35 3 58
43 9 60
15 -3 59
39 12 53
42 10 25
39 29 48
48 33 37
14 10 34
28 30 62
51 14 27
36 9 51
26 13 46
51 34 62
35 13 38
30 14 61
16 -4 40
40 1 46
19 12 49
39 1 65
27 11 60
16 15 31
23 4 48
39 -3 33
41 -2 33
19 30 56
25 5 53
12 14 40
42 32 51
34 24 26
20 5 37
28 28 50
47 16 32
26 6 35
17 26 52
38 27 54
50 20 60
37 16 58
24 34 61
29 7 27
45 13 34
15 14 35
46 5 26
34 34 59
14 14 47
26 6 36
32 5 33
43 -4 50
13 -4 29
24 22 47
15 16 48
42 9 32
29 16 40
21 18 61
50 20 54
12 34 60
41 11 63
26 23 53
50 21 57
15 11 27
45 3 47
30 32 55
48 11 25
39 25 39
43 31 31
45 -2 28
38 32 61
49 5 41
30 28 41
36 16 62
52 17 58
49 30 46
45 28 33
20 10 46
23 17 58
23 28 33
52 27 48
33 14 38
33 1 50
19 27 49
14 10 58
23 34 37
20 27 44
35 24 32
18 21 34
36 28 54
44 3 47
29 29 50
24 32 43
48 0 44
39 26 63
29 8 58
36 -2 33
20 0 64
18 30 26
48 20 46
32 14 45
14 4 41
47 -1 27
29 -3 41
18 29 39
22 1 61
41 21 49
52 23 42
33 28 44
19 9 26
38 33 25
30 11 45
43 33 26
24 14 51
35 -6 43
19 -1 59
25 25 41
33 0 49
42 7 44
25 6 25
15 23 35
39 9 37
50 24 49
18 5 60
44 -4 63
12 23 33
13 10 46
17 20 59
17 17 51
18 9 27
37 30 41
26 27 65
50 13 55
25 3 36
14 -6 36
38 -3 41
12 8 64
39 8 53
44 22 35
18 14 57
22 22 39
31 32 34
25 4 45
37 3 26
37 34 50
46 -5 47
26 7 38
44 17 61
51 30 51
17 33 51
52 28 62
19 16 62
30 28 65
41 12 44
22 3 43
39 17 27
15 -1 48
51 -3 41
26 16 38
12 32 46
41 -4 27
36 33 64
39 13 31
37 34 37
39 15 61
47 11 38
22 -2 37
25 12 58
13 16 53
22 -2 50
41 30 48
45 17 65
38 21 43
47 5 49
16 -1 64
37 28 49
50 13 64
51 6 58
42 -5 62
47 9 48
14 27 47
41 28 56
51 32 42
13 13 42
16 21 29
43 30 63
43 1 54
29 22 38
34 33 54
33 11 43
35 -2 26
39 19 49
39 32 45
37 32 40
37 3 27
24 7 44
46 18 41
21 22 63
41 10 25
28 -5 27
25 26 33
15 -5 32
36 32 59
43 26 30
44 9 35
40 12 64
36 9 26
32 24 47
22 33 56
23 -2 56
21 22 65
40 3 51
30 -3 39
46 34 61
32 33 36
35 -4 43
29 16 64
32 -4 29
31 4 29
45 32 39
18 33 29
12 5 46
45 31 44
42 30 55
28 6 27
48 7 57
44 26 54
26 -5 56
45 12 39
19 28 63
23 3 31
44 25 26
23 31 29
16 24 44
31 19 40
19 6 58
37 14 38
27 32 45
47 28 62
20 5 58
46 16 37
30 16 61
37 27 63
17 34 30
51 21 56
31 22 31
27 5 56
35 19 47
39 28 62
17 32 59
20 25 51
51 -2 57
27 19 35
50 9 57
37 25 64
52 28 41
28 31 42
25 10 50
52 18 57
19 4 58
37 32 55
14 -2 25
13 0 39
32 -3 39
41 10 60
14 7 39
48 12 64
21 -5 47
44 19 34
13 19 62
22 -5 41
21 -3 65
29 34 60
27 5 65
51 22 53
15 -5 55
14 -5 27
18 -6 48
25 21 50
25 31 54
34 30 59
30 7 28
34 -2 37
30 10 51
45 31 41
51 1 50
44 -3 56
17 33 42
39 32 33
37 18 63
51 -5 43
50 12 60
48 21 39
24 3 51
27 3 44
17 -2 38
39 3 39
36 27 34
31 10 35
35 23 39
29 23 63
19 7 48
27 17 38
18 17 35
27 17 32
42 0 38
23 10 45
36 -1 33
27 5 36
45 7 28
15 14 28
43 5 29
42 19 30
46 4 49
47 10 64
30 -6 27
41 12 54
20 21 62
20 1 44
29 -4 46
49 -3 26
18 4 32
13 31 56
31 33 33
23 13 43
24 11 41
17 8 57
49 1 34
18 11 56
24 22 33
13 16 64
33 2 30
38 32 50
37 -4 50
29 23 49
44 0 46
49 28 40
43 -5 43
37 31 60
35 9 64
42 22 27
50 25 32
32 3 42
20 -3 59
18 22 61
23 27 34
46 8 56
22 7 65
30 1 35
20 -1 59
36 12 61
43 30 52
17 4 35
12 26 44
32 33 38
13 7 63
51 32 56
46 11 30
36 18 39
29 20 35
29 0 46
24 23 54
34 24 58
33 27 48
16 26 50
20 16 44
48 9 42
22 20 28
41 -4 33
28 -2 64
29 0 62
27 8 33
37 10 37
35 13 26
39 -2 63
35 -4 64
32 -3 36
32 1 45
12 -2 63
50 1 61
49 29 45
42 23 61
35 12 51
42 14 26
17 -2 46
30 12 57
14 31 33
52 16 41
17 12 61
39 9 31
14 21 38
29 20 44
25 6 35
21 -4 25
38 25 38
18 30 52
46 8 53
17 -3 29
19 27 28
27 12 26
40 2 65
37 11 44
12 18 32
28 -4 65
20 18 49
12 -5 61
25 7 46
17 -6 29
14 14 65
52 -5 52
25 10 63
16 9 54
45 19 60
49 19 42
28 24 26
22 34 33
34 24 27
17 19 49
28 30 55
26 28 40
37 28 37
44 9 40
30 12 36
35 -1 39
17 -5 47
46 23 55
31 28 64
50 25 57
23 27 40
12 18 25
36 12 52
21 25 59
48 9 30
43 -3 52
23 -5 56
41 12 52
35 1 48
30 23 43
31 25 34
24 26 25
12 -1 61
24 18 51
39 -6 58
27 7 53
13 29 36
39 14 61
18 31 34
48 -6 43
44 26 45
48 8 44
41 15 60
40 18 29
23 26 35
46 6 33
16 12 25
27 7 46
42 25 39
49 33 34
43 30 29
12 24 47
49 -5 48
43 20 49
22 19 29
35 34 50
51 18 46
44 22 59
29 -4 46
20 23 48
48 2 34
32 8 62
18 24 57
13 16 26
27 1 40
34 0 62
44 30 46
35 10 52
50 -6 36
41 18 59
21 11 53
31 26 40
42 31 25
30 0 27
27 27 61
20 25 62
48 -4 45
48 12 60
44 23 52
35 16 61
49 15 54
16 5 46
25 28 61
28 9 54
31 14 35
32 11 39
38 6 56
27 26 62
36 30 38
34 31 65
35 -6 30
26 12 44
24 18 52
43 25 58
29 20 42
30 5 54
45 22 61
33 33 57
39 33 62
13 26 34
33 3 51
50 29 63
22 30 64
33 23 35
34 31 46
21 6 59
39 5 56
40 25 32
28 15 30
21 32 50
51 23 43
20 13 38
18 16 26
46 9 45
36 -1 46
36 7 39
29 14 48
34 7 53
17 34 29
45 21 58
29 -3 40
37 22 33
46 6 34
29 26 56
49 12 57
27 3 62
33 26 26
25 16 60
29 8 29
47 29 58
37 1 29
49 5 28
44 29 59
22 30 39
12 17 59
30 20 45
47 18 60
43 -5 45
42 2 36
16 -3 39
33 12 27
50 2 25
33 11 34
12 20 53
37 -3 62
30 8 62
21 31 44
39 34 44
17 12 62
21 32 32
52 28 44
30 12 28
47 5 33
17 25 60
28 33 58
46 2 63
40 1 47
12 -5 55
21 1 54
51 -1 54
33 4 38
27 6 46
20 20 60
29 5 46
49 12 41
50 11 54
29 23 61
31 24 25
50 0 57
44 17 39
12 22 55
32 27 55
29 31 51
30 17 50
52 15 51
21 22 52
16 -1 28
27 -3 40
24 4 61
37 10 57
23 3 32
27 11 40
25 4 59
18 30 25
35 9 50
26 22 27
38 26 40
27 3 63
22 16 29
26 24 50
52 3 27
18 25 50
38 -1 37
31 23 25
26 -2 56
40 18 52
40 5 57
47 16 37
44 -4 64
48 2 42
45 11 37
15 -4 61
17 14 32
18 4 40
49 17 57
33 4 27
49 34 48
16 22 43
26 -3 52
12 24 46
49 17 43
12 27 31
49 15 41
36 -5 48
23 33 49
24 -3 27
13 5 40
32 23 38
25 0 46
32 2 52
19 -2 48
33 5 39
34 32 33
28 27 46
22 31 42
44 14 34
44 27 32
50 22 63
45 6 32
27 32 44
45 -6 52
18 32 48
45 4 48
49 31 47
16 -5 48
45 27 59
39 27 49
26 3 26
15 10 50
51 32 38
40 18 42
47 10 56
15 11 43
26 25 64
23 -4 43
32 -1 52
44 29 57
31 -1 56
25 24 60
42 17 27
28 24 54
32 24 36
37 23 40
13 4 43
39 24 27
46 3 55
19 28 47
34 13 34
26 31 37
20 6 63
37 19 27
41 30 61
12 4 44
28 7 32
48 -1 54
33 14 51
44 26 58
40 21 39
37 0 58
14 27 63
17 11 39
40 17 26
36 -5 61
19 22 42
17 11 60
43 23 36
26 22 53
34 6 57
44 21 59
41 15 49
17 15 37
49 -5 56
44 28 60
13 -3 27
29 25 46
19 11 56
26 12 53
30 16 36
35 3 43
29 3 40
51 16 47
23 24 45
40 17 30
18 17 31
21 7 25
23 33 29
24 25 49
19 25 26
43 1 34
30 30 46
31 25 55
31 16 61
45 20 32
13 24 44
41 16 61
22 7 58
49 -5 31
33 26 49
45 5 36
27 24 47
31 32 49
27 26 46
39 22 60
32 -4 34
43 8 48
47 -6 36
21 9 39
41 24 55
43 27 29
51 25 44
32 11 59
15 10 37
17 3 38
30 20 52
47 7 26
21 21 58
36 16 33
39 0 54
41 34 39
21 3 55
27 2 27
28 33 39
31 15 43
51 10 55
38 4 60
16 31 47
27 5 46
41 -4 35
21 8 52
16 16 38
30 5 28
15 25 58
48 16 37
32 20 49
52 20 47
46 5 30
21 4 45
27 23 52
45 23 43
46 1 26
13 0 35
13 10 26
24 29 52
35 11 59
25 24 60
32 30 65
35 18 53
33 -6 38
29 13 46
20 -3 56
2 89 -8
3 63 6
17 93 19
2 85 4
12 74 18
16 67 -6
10 76 19
22 66 1
38 82 -11
28 57 -7
31 81 16
23 71 -2
15 75 -15
5 57 4
31 80 8
27 78 22
4 77 6
15 90 -10
30 76 10
23 82 4
20 89 -3
9 87 6
35 83 12
28 95 -15
22 78 16
33 69 -9
33 80 5
18 94 -15
16 92 -12
16 58 11
2 65 -10
19 91 10
31 77 14
12 61 20
16 67 -14
34 78 -2
5 76 -16
36 56 -6
28 79 23
40 90 -5
39 89 -8
28 76 -2
40 89 -7
33 76 0
38 86 -15
15 56 -1
24 71 -6
34 63 -14
9 64 2
25 56 -8
30 58 -13
26 84 23
19 82 -1
0 59 -16
34 66 20
22 74 6
31 58 -6
23 82 -11
0 94 -16
38 95 15
35 89 1
0 76 3
10 88 3
33 61 16
12 58 -16
4 84 -6
24 65 10
30 68 4
29 74 15
17 60 24
21 74 -16
39 83 17
14 72 1
17 59 9
40 62 17
31 60 6
1 89 20
2 62 5
40 69 19
25 72 12
3 62 6
36 66 14
34 63 20
31 90 -2
9 89 -8
24 96 10
17 79 23
19 64 -7
17 81 20
37 94 18
0 74 9
36 72 0
38 87 8
26 56 24
23 89 -14
14 96 -4
28 90 16
18 56 -3
20 59 3
29 86 16
3 94 21
15 87 23
4 72 8
0 93 15
5 92 -14
8 74 -16
27 86 -10
39 84 4
26 79 22
20 64 22
28 57 10
2 68 -8
5 90 21
22 80 20
21 74 -12
39 93 3
38 72 9
38 57 16
3 71 1
33 88 2
17 79 18
35 77 -8
10 58 1
29 85 -4
3 74 -9
19 82 -15
2 91 23
15 72 -16
37 60 -11
10 89 22
0 85 15
7 73 1
30 94 -4
5 65 -7
33 89 22
8 59 14
26 61 20
26 69 19
1 85 22
28 61 -3
39 79 -1
25 83 -3
32 57 17
22 61 14
37 62 -9
27 86 18
20 89 4
6 60 22
14 96 -15
0 63 16
17 96 -4
2 86 14
34 69 5
7 70 4
15 86 10
33 82 8
24 77 10
32 90 -1
21 89 19
14 79 -14
30 56 15
3 58 4
39 77 -4
11 92 0
33 64 4
34 81 17
34 62 -3
4 74 -6
16 92 -3
7 73 16
26 70 -13
33 83 6
18 61 24
28 68 14
18 78 17
24 69 -11
20 63 11
3 83 -8
7 90 -14
33 74 8
18 80 -9
9 79 -11
27 83 23
37 94 -5
24 74 6
18 85 15
2 87 20
9 68 7
33 80 -2
39 96 0
22 73 21
13 94 6
19 76 14
1 57 15
28 58 18
6 88 -4
30 84 18
11 61 9
2 86 8
38 96 3
37 56 22
21 73 18
14 87 -15
30 73 15
27 61 -11
29 92 13
22 94 2
5 94 -10
26 85 10
3 85 -16
39 80 -3
9 59 18
19 88 0
4 76 -13
5 87 6
10 59 22
35 82 6
0 56 9
14 88 2
35 96 9
29 91 4
28 70 -6
14 96 -5
18 71 19
29 71 -4
37 92 -2
5 67 -15
29 91 2
17 88 5
4 79 12
31 90 7
15 85 -15
19 61 -10
7 65 8
15 58 -14
15 73 -15
4 57 21
9 61 20
11 71 12
11 96 22
39 92 16
10 58 -16
25 83 3
33 80 -3
36 56 6
8 96 -8
13 76 -2
36 87 -2
8 80 17
5 69 -11
30 88 -15
8 74 -5
8 71 -12
39 64 -10
39 87 0
40 83 6
23 90 -3
14 69 -7
29 67 8
8 72 13
32 85 22
19 75 -14
19 70 10
7 65 5
21 65 -10
7 84 22
39 73 -5
3 60 -15
20 71 4
5 94 -3
25 65 0
12 89 18
20 75 -14
20 80 6
35 84 5
12 75 -13
35 63 16
6 77 -3
21 70 21
17 86 2
31 85 -15
26 72 22
31 83 4
37 77 6
16 59 22
0 81 3
28 56 -14
21 64 11
36 62 16
34 91 2
17 69 14
36 87 17
34 90 14
34 85 -11
39 89 -5
29 58 22
24 80 9
26 67 12
4 64 23
0 92 6
14 59 -5
19 77 15
16 70 10
31 59 24
26 66 21
17 63 4
25 59 -2
38 67 13
14 72 14
27 83 -2
20 85 16
5 61 9
18 64 -14
40 79 18
3 85 16
22 76 22
39 86 -3
15 71 13
1 73 12
27 69 21
33 96 -5
37 70 14
3 84 19
23 63 -8
33 70 -2
9 59 0
39 64 -4
22 75 -12
25 84 -8
8 60 23
13 61 13
32 68 -9
3 74 18
31 86 -2
18 75 -10
4 60 -11
29 95 13
16 74 -11
0 73 -14
22 95 -4
14 64 15
4 87 6
34 56 -7
31 89 -11
39 74 14
17 96 -1
12 90 -2
23 75 -16
21 62 1
15 83 -10
36 77 23
34 68 16
29 92 3
19 95 3
26 61 15
13 93 3
28 69 -1
3 67 6
31 60 16
12 80 -8
37 91 17
13 84 20
37 61 18
13 83 1
38 59 1
0 56 7
20 91 6
20 75 6
35 75 11
18 56 7
22 65 15
31 61 -5
17 80 12
26 88 -15
30 90 -11
3 64 0
25 59 8
21 73 21
27 88 -16
26 60 -13
6 81 -14
36 64 5
11 77 14
16 71 13
38 75 14
11 86 9
6 87 16
26 91 -15
27 72 6
8 66 5
2 90 -4
10 93 21
29 56 -11
4 67 22
31 72 -3
6 70 -1
16 92 22
30 96 4
9 81 22
24 78 17
1 66 -11
39 65 18
2 64 -9
28 87 -9
31 73 5
26 56 -3
12 57 4
28 63 -6
7 67 -11
32 68 -15
39 95 -9
21 69 3
29 58 1
34 62 -7
31 84 -11
26 85 -11
18 84 -12
37 75 -1
32 89 9
12 66 10
20 94 1
16 83 -8
34 72 6
15 71 17
17 84 -16
21 86 10
39 71 -5
1 88 18
30 82 8
34 76 14
34 67 -11
1 92 0
38 92 8
4 83 -12
22 90 -8
36 79 13
34 86 8
4 91 18
23 76 10
20 94 -8
5 61 2
22 78 -9
22 66 15
27 79 -15
7 58 6
11 90 -11
2 84 1
31 77 -5
11 67 -11
24 95 -5
1 81 6
14 67 -7
31 61 -16
26 83 7
2 75 14
28 72 -9
22 56 5
15 73 22
24 63 24
18 57 -15
15 62 -5
2 58 17
40 80 18
11 74 -2
30 56 2
38 74 9
36 59 8
37 75 -14
6 75 11
31 58 24
3 58 -8
29 82 22
27 64 3
14 93 -12
40 96 -11
24 91 6
36 79 2
2 60 -10
25 72 -12
29 93 17
1 75 19
13 72 10
19 63 -10
9 63 -5
18 68 -3
30 78 8
15 91 3
36 72 -5
36 71 14
27 79 12
17 80 -16
31 61 -2
37 57 22
34 56 -15
36 76 6
25 92 22
36 91 18
21 63 23
30 56 -1
31 94 -11
9 64 4
28 69 6
24 61 -16
24 62 17
13 59 13
30 77 -12
27 56 11
20 78 -5
39 57 21
17 63 -3
20 64 0
29 67 -15
22 92 -8
24 69 16
19 71 0
18 94 20
31 76 -8
30 56 19
14 61 -16
3 74 -15
21 77 4
12 75 23
1 87 -11
28 68 -6
0 67 -5
35 77 11
37 94 -8
34 56 21
5 93 9
37 95 4
5 68 -13
39 62 -14
36 71 12
9 94 7
16 67 19
37 92 20
31 84 6
31 89 -6
40 85 23
29 83 -12
35 82 -5
33 59 21
40 80 9
17 57 10
9 63 10
32 79 -11
33 89 -11
13 63 -2
2 82 23
21 82 1
3 83 13
0 92 -15
1 83 22
15 87 20
15 69 -7
17 77 -16
17 59 -16
24 67 -16
13 67 -9
26 63 24
24 63 -8
29 70 -3
13 88 -15
37 86 18
7 75 -5
18 56 20
20 64 12
8 90 4
13 74 -14
32 58 20
31 96 22
3 69 15
31 69 20
37 73 -3
28 85 16
17 86 -5
10 64 16
13 71 14
0 82 16
16 71 -2
15 59 3
27 86 17
9 95 6
3 80 -9
14 71 2
14 62 10
28 78 7
15 65 6
30 63 23
34 91 24
38 83 -3
33 92 6
18 61 -3
33 57 -16
11 78 6
4 66 14
6 57 -3
30 93 16
26 59 13
3 70 13
20 84 -13
8 87 0
33 64 0
20 63 5
15 80 11
27 76 12
33 79 10
30 66 23
28 81 17
34 69 -16
1 59 10
25 84 13
40 58 -13
31 60 13
38 70 -12
0 78 -14
16 69 -1
25 91 0
7 56 10
22 62 9
32 77 4
31 90 -3
10 88 -3
6 91 -1
34 88 -5
20 90 14
2 60 -4
30 86 -1
27 89 -10
10 61 -12
30 77 21
12 75 16
4 72 17
5 93 8
40 91 -1
39 58 -16
30 67 -7
25 66 -6
11 80 -1
8 69 18
29 74 23
15 75 -16
33 75 10
9 73 15
17 78 13
33 62 2
5 91 16
35 96 24
17 89 17
8 78 9
38 68 -10
28 77 14
26 80 -12
27 60 14
18 93 -10
7 75 12
2 60 -5
27 57 17
0 78 18
22 86 0
32 69 -2
28 91 4
30 85 5
40 80 11
24 69 -5
3 63 13
31 66 5
32 77 -12
14 63 -13
31 93 -2
36 81 9
11 61 8
31 61 14
35 92 17
10 78 -12
7 63 11
5 73 -11
6 70 11
9 88 0
38 78 24
30 57 -1
37 85 18
17 92 2
17 88 24
40 67 21
20 89 -13
12 64 2
27 58 -16
10 80 0
7 73 -1
1 56 20
13 57 -16
3 95 18
4 64 23
10 83 16
5 66 -14
22 94 20
21 77 -15
7 77 20
8 66 6
34 69 -16
34 70 -3
36 79 -13
34 66 1
1 93 -7
2 85 -4
29 65 -11
31 79 9
38 89 18
25 79 18
8 91 -8
12 69 24
40 70 -7
28 81 9
36 82 13
1 58 -4
2 79 19
10 89 5
24 80 18
34 86 -8
13 65 24
17 81 -4
16 63 14
1 61 -6
27 58 17
4 84 2
15 73 -1
12 76 7
28 89 17
15 56 8
2 77 2
3 72 -8
38 88 -1
11 69 1
3 78 14
11 62 4
25 56 8
33 63 23
19 78 3
35 80 -5
15 69 -8
11 85 -15
28 85 23
24 58 17
36 95 0
22 89 14
16 89 5
15 94 10
15 93 15
17 93 17
8 81 -8
7 88 -5
39 88 -12
15 69 23
32 64 -2
30 64 -5
8 61 -14
34 96 23
26 82 23
18 58 -3
23 80 -13
36 68 4
40 88 8
14 88 8
28 57 -2
31 85 6
31 84 4
15 62 16
7 69 -4
20 89 -6
3 74 19
31 56 -8
11 87 13
34 78 -1
34 61 24
20 89 11
8 78 18
35 64 12
30 72 22
40 77 -6
10 87 22
3 91 -11
27 68 4
17 62 -1
10 95 -6
9 65 0
12 78 12
19 59 7
26 62 -7
0 77 19
4 58 21
14 94 0
38 84 -1
9 75 20
21 64 14
2 85 24
23 90 -5
32 60 21
15 87 -2
20 65 9
15 58 15
17 79 8
3 64 22
19 72 -1
27 90 12
9 80 -15
7 79 4
23 64 5
29 75 -9
4 74 4
33 56 -8
22 89 -2
35 65 8
14 88 -4
31 70 -13
4 73 7
25 88 -10
9 82 -4
25 62 12
36 75 -1
7 66 2
5 79 -3
23 76 13
20 81 13
3 79 22
23 93 16
34 72 11
1 86 -4
7 79 13
20 67 -14
40 74 -14
35 90 -1
30 89 17
19 86 23
37 91 17
23 84 22
33 56 0
23 70 -11
30 73 -8
12 79 13
19 59 16
1 60 7
36 84 6
29 80 -12
5 74 -3
39 57 -10
8 88 4
6 85 17
4 61 20
5 78 10
18 68 2
16 85 -1
5 80 12
28 93 -10
20 63 -12
23 82 -13
14 96 -6
17 81 -10
27 73 -3
8 87 -8
32 83 16
0 58 -7
9 91 -10
18 71 0
3 86 -8
34 60 -6
27 59 -8
5 84 5
22 71 14
18 86 -7
2 79 6
7 90 -15
35 59 10
16 56 -15
3 70 22
29 66 18
26 57 0
27 76 15
15 74 -5
15 85 -5
3 85 13
34 88 8
1 95 24
33 95 -13
15 82 3
31 69 6
6 72 -5
25 90 12
26 58 7
28 76 -6
26 63 -8
40 59 8
8 79 16
5 69 -15
40 83 -4
25 74 -1
33 69 5
27 76 -2
6 82 -10
20 91 4
87 73 48
88 85 30
91 70 13
88 86 30
100 104 42
106 100 34
81 106 41
113 92 18
87 69 17
75 86 38
82 78 45
86 102 21
115 73 43
81 101 42
103 95 51
112 100 41
83 89 35
102 82 22
75 77 46
77 99 20
99 81 29
97 105 42
104 72 17
81 100 13
113 69 30
107 74 47
113 70 35
107 91 28
93 99 43
97 86 14
94 69 37
106 93 34
113 78 21
112 97 15
99 90 48
113 85 12
111 70 16
80 76 47
83 92 38
107 89 31
113 81 15
94 84 42
94 108 38
112 106 44
78 70 27
111 109 44
100 90 36
78 101 27
79 99 46
115 71 45
77 103 22
78 88 29
79 80 20
83 79 28
114 94 51
83 93 47
99 93 48
105 105 28
78 73 15
81 94 38
108 70 11
77 87 22
86 103 31
85 91 36
83 101 12
112 104 31
95 77 49
92 99 15
106 100 25
95 91 49
109 71 15
101 76 18
76 84 25
90 108 44
113 89 23
76 98 24
83 82 42
82 88 30
95 98 22
80 91 31
78 109 48
98 81 41
101 82 47
83 82 24
103 97 44
88 105 36
111 109 37
108 69 24
105 105 49
114 91 49
94 79 31
99 101 40
93 98 38
111 70 27
109 90 26
92 72 36
85 98 51
81 91 26
97 92 35
103 88 13
78 97 26
106 80 18
105 90 13
97 94 36
90 72 44
102 71 31
115 97 17
105 85 34
104 95 28
110 95 36
86 102 45
104 84 30
110 81 46
110 102 23
110 69 50
77 95 13
95 72 29
80 89 44
76 97 21
111 95 34
109 106 25
96 104 17
82 83 16
94 84 41
95 70 19
105 88 32
114 74 48
90 79 37
101 77 11
107 79 31
96 87 33
103 78 41
76 102 17
84 96 37
82 69 30
88 106 31
99 74 38
90 73 31
89 87 13
94 83 32
84 72 38
98 102 51
76 77 45
94 84 25
82 87 25
87 70 38
77 76 41
106 103 38
109 69 22
90 81 42
113 88 45
95 69 13
104 85 23
113 72 32
82 73 32
102 95 35
104 70 18
94 108 16
101 104 14
77 83 51
111 84 45
111 104 11
105 89 23
109 102 51
103 81 22
107 80 45
102 79 29
97 108 48
98 95 17
83 94 40
108 101 13
91 95 40
75 72 37
104 70 51
90 106 36
110 77 22
85 100 32
96 91 36
93 103 18
101 84 43
103 103 39
82 98 30
106 72 17
104 92 25
100 72 20
114 78 49
85 79 42
94 95 15
98 97 50
105 74 45
91 73 18
102 91 42
105 93 23
81 90 19
101 96 35
83 77 31
113 103 38
92 70 21
109 102 43
102 90 37
80 96 34
101 106 19
96 72 31
101 76 15
95 95 36
89 100 27
105 109 35
105 76 38
105 69 22
105 81 16
115 107 36
87 81 21
90 94 49
79 88 29
76 85 44
105 86 38
105 97 36
110 79 12
105 106 34
78 79 21
112 80 49
78 76 19
98 82 35
81 72 37
80 99 29
85 73 33
111 82 48
109 95 38
86 74 47
103 107 41
111 107 38
112 73 13
103 91 37
89 79 27
113 72 29
110 87 25
84 109 11
77 94 22
86 83 38
111 101 30
86 90 17
92 86 15
103 92 47
85 73 26
78 73 11
104 79 25
91 95 23
85 93 13
79 73 48
109 74 26
87 109 38
108 108 40
85 105 22
115 93 31
78 106 13
99 86 44
106 78 22
113 94 41
98 75 19
115 102 29
113 75 44
104 78 29
75 106 32
107 81 22
90 108 33
81 106 17
93 107 38
86 92 29
104 100 49
108 83 26
111 105 46
115 107 40
111 108 21
83 75 27
76 81 27
104 101 48
89 87 16
111 99 27
77 75 20
94 82 28
104 100 31
76 107 24
76 70 46
96 87 24
96 87 11
81 75 17
101 95 23
79 71 26
87 103 23
92 89 36
108 94 35
88 94 41
83 92 29
83 100 46
88 108 15
79 82 38
101 103 32
100 92 12
87 83 18
106 89 20
109 94 15
75 88 42
79 102 30
91 109 25
86 104 43
110 82 24
108 72 43
103 106 33
109 73 21
77 108 28
76 85 19
81 103 46
92 100 18
108 106 35
108 69 24
83 89 29
106 83 27
82 100 15
106 77 44
84 79 15
115 81 32
114 107 33
80 98 42
78 108 19
80 69 39
86 69 43
115 88 24
90 101 12
115 101 17
107 78 24
77 93 15
89 78 11
102 85 18
99 70 33
95 75 46
94 72 13
94 97 13
95 101 23
101 92 37
109 72 12
78 99 22
104 79 25
111 105 17
113 79 44
84 76 42
111 108 43
110 104 37
113 74 17
99 75 12
111 99 31
89 69 15
99 106 30
95 73 38
87 102 43
96 90 42
75 88 30
81 98 44
75 82 16
83 86 46
110 82 11
115 72 19
92 104 21
105 84 51
103 84 51
88 78 50
97 91 43
80 92 21
111 76 46
85 79 17
84 79 38
100 91 46
106 101 24
112 72 45
75 70 34
112 77 11
100 91 42
102 105 22
98 106 30
93 91 22
88 86 18
101 78 17
90 101 29
98 83 36
106 95 42
88 86 32
103 69 39
93 82 25
101 71 41
95 89 11
85 93 39
84 88 35
97 85 43
95 82 18
105 108 31
77 93 21
105 99 20
105 101 15
92 69 49
98 70 46
111 89 34
108 77 26
93 87 26
103 106 34
77 76 21
115 88 40
109 95 26
90 86 25
109 84 18
77 86 44
88 97 30
93 75 13
95 107 11
80 77 33
112 82 11
101 103 38
86 72 36
111 102 39
78 78 32
77 102 21
100 92 22
111 72 20
99 79 23
80 94 15
75 75 33
79 83 27
115 97 47
97 91 38
101 95 46
113 73 13
102 99 19
110 96 20
90 79 15
82 88 26
98 79 35
98 88 21
99 87 13
112 81 42
114 87 39
103 69 13
75 73 17
83 81 19
115 78 22
101 91 31
99 109 11
102 91 27
114 85 31
112 97 48
91 95 22
80 90 19
89 82 26
103 98 20
75 107 36
108 74 49
113 71 19
96 72 30
90 108 26
88 79 16
104 87 27
106 81 26
94 108 28
92 78 23
76 106 19
100 105 48
99 84 14
107 94 45
85 105 18
100 103 28
100 71 19
100 105 24
105 95 43
86 94 32
112 88 14
91 83 46
90 74 40
93 75 49
113 100 51
96 91 30
102 92 16
108 104 37
109 106 47
86 79 50
77 71 34
91 82 37
80 104 18
91 87 32
95 69 26
77 95 38
110 96 30
90 109 19
76 97 47
102 93 26
77 82 14
108 72 37
104 75 32
103 102 49
108 82 28
109 91 28
105 89 36
93 109 23
115 90 25
75 79 45
108 78 26
97 106 11
103 83 43
81 105 14
87 109 47
87 76 15
81 105 44
112 69 15
99 93 36
82 88 40
108 69 22
88 106 24
102 69 21
90 103 27
77 94 34
81 82 19
87 92 41
86 103 19
80 102 38
104 96 28
86 88 34
97 107 39
82 83 24
82 71 46
112 96 29
80 80 22
99 94 19
101 90 51
83 74 24
97 74 37
84 74 38
94 71 20
77 73 21
95 70 21
101 85 50
107 103 30
96 99 41
85 73 40
92 102 37
100 73 42
78 76 34
92 89 47
113 108 46
96 106 13
98 93 46
109 108 24
104 98 35
83 83 44
100 97 48
93 78 48
108 69 26
113 104 48
100 73 29
76 94 37
76 95 31
77 70 43
83 107 14
79 76 30
100 84 25
91 81 48
86 102 13
76 107 50
110 107 37
77 106 31
105 71 40
105 78 44
93 84 45
95 103 19
94 77 24
97 104 20
107 69 48
95 93 37
78 74 43
85 105 38
76 75 38
114 104 41
113 76 26
106 76 26
105 101 26
77 102 11
92 108 12
97 69 43
96 88 43
105 96 49
80 102 43
77 100 30
95 82 51
109 87 42
77 70 45
109 73 51
96 81 13
101 92 43
101 75 27
101 88 13
107 107 28
105 76 48
81 70 24
102 85 31
108 83 34
78 97 47
89 102 40
87 70 37
85 109 16
95 76 49
90 71 32
82 74 46
81 105 29
108 96 29
87 96 26
77 76 46
100 88 15
99 105 21
98 101 38
99 85 16
89 108 36
101 81 30
112 91 11
109 107 50
98 71 20
79 104 48
114 97 21
111 97 15
85 104 46
93 72 33
115 85 37
96 79 45
95 104 46
87 85 47
87 69 30
87 73 30
80 85 12
81 84 45
79 75 30
111 85 29
95 102 42
79 100 29
104 102 32
87 90 32
113 104 20
111 106 13
83 95 21
113 107 36
89 69 35
85 99 21
87 108 19
79 69 50
77 74 33
94 99 18
94 86 47
92 105 48
94 96 43
110 92 24
114 82 51
112 109 42
114 83 29
113 100 36
94 82 23
115 101 51
115 74 36
91 100 17
83 89 17
112 93 34
114 69 34
108 98 51
96 69 43
107 88 47
86 76 29
103 102 28
97 92 46
102 91 29
84 90 21
88 71 25
100 75 19
110 106 33
115 85 22
103 101 28
79 79 30
80 82 36
76 81 14
84 89 37
95 101 26
93 102 24
78 88 12
98 93 46
104 79 20
106 107 32
78 77 21
114 87 43
112 103 11
94 86 14
89 82 26
83 87 41
93 72 43
97 106 45
115 102 50
108 69 51
98 77 19
75 105 47
77 109 32
86 74 36
82 69 43
82 102 31
99 78 39
76 103 40
77 106 42
112 76 29
104 101 27
87 82 29
87 105 34
96 107 22
110 87 24
98 84 37
87 102 27
83 76 26
96 71 35
110 105 16
82 97 50
93 74 43
96 87 36
80 107 42
87 74 32
103 108 50
75 73 42
86 98 48
99 73 13
105 90 16
81 94 26
103 82 43
85 69 35
97 93 26
99 91 24
100 105 19
114 99 18
102 71 38
114 95 22
79 91 37
96 83 33
87 87 20
97 89 30
88 95 20
109 94 34
111 100 37
93 74 19
107 98 49
92 69 42
92 96 46
114 72 16
89 76 39
103 94 11
105 92 32
80 79 41
101 74 17
89 102 37
82 69 46
99 100 41
105 80 43
97 71 14
106 98 13
98 70 23
96 75 44
98 83 38
78 96 34
83 94 36
113 93 48
98 79 44
88 103 23
108 71 45
103 107 36
75 91 39
100 92 12
103 89 19
94 70 48
99 94 39
99 91 45
85 82 19
101 109 31
83 87 16
90 91 24
79 109 22
94 82 37
100 75 30
114 72 49
84 83 28
100 81 14
91 78 20
110 92 19
111 85 22
91 108 22
106 80 51
80 77 34
88 87 11
96 84 15
115 109 29
97 70 23
104 70 45
114 83 15
99 77 36
80 97 29
78 87 14
87 103 51
93 81 49
89 72 39
101 96 44
93 72 51
82 73 21
112 80 28
92 74 32
104 80 35
91 88 31
89 85 39
80 94 28
76 94 45
88 98 32
76 107 22
104 85 16
106 106 44
105 69 41
110 72 29
91 109 29
91 84 19
87 104 18
78 102 30
75 81 17
112 82 18
95 80 26
90 86 37
107 75 50
104 82 42
103 98 22
104 77 39
86 107 18
97 77 39
110 85 29
75 104 38
115 95 33
77 85 29
113 89 20
97 83 40
98 75 18
99 89 51
91 84 43
85 104 26
96 71 45
95 78 33
90 88 24
112 72 42
97 69 15
90 96 12
104 94 40
103 85 26
99 69 45
95 99 18
84 86 13
78 100 24
88 91 18
84 69 31
93 83 19
79 74 43
80 94 35
80 108 38
92 76 41
103 69 19
99 104 38
85 98 28
89 100 23
102 81 40
99 82 20
98 79 26
97 91 15
93 98 28
98 91 32
86 108 11
91 74 20
95 84 22
79 88 16
92 69 48
115 104 15
103 95 41
93 86 44
85 69 50
110 88 14
85 101 49
84 78 25
106 90 37
113 82 39
112 77 36
84 108 11
93 72 35
110 86 24
104 108 41
95 83 51
85 76 19
92 102 21
101 77 36
84 80 47
90 84 39
108 106 26
98 87 24
76 94 28
63 0 34
69 -2 10
72 7 27
43 8 7
69 27 28
55 29 27
35 18 3
71 37 27
49 37 12
51 0 22
63 36 6
69 0 10
37 36 28
56 34 23
61 14 24
75 30 38
38 12 33
38 5 27
50 26 28
55 12 34
58 18 23
55 5 11
43 12 9
49 35 19
62 35 36
47 21 2
68 13 19
40 10 21
55 32 39
56 5 19
51 8 6
70 3 35
60 2 24
54 22 17
39 36 12
49 16 3
56 26 37
67 18 8
62 19 2
41 22 17
42 16 20
38 9 36
70 4 22
67 33 14
50 13 17
75 1 40
75 3 38
73 25 22
43 27 19
43 6 29
55 -2 24
50 36 33
60 11 42
59 17 8
36 28 3
53 35 22
49 16 36
50 35 18
69 15 2
43 23 9
44 20 37
70 20 7
52 -1 21
60 30 4
74 31 36
55 10 10
65 32 32
71 37 16
35 6 3
63 2 39
68 34 30
73 28 25
56 23 27
74 33 20
62 27 39
52 18 35
51 0 31
68 25 15
71 13 20
63 28 7
59 36 5
66 1 8
46 9 33
52 6 19
51 31 40
66 15 18
39 8 38
71 34 39
53 33 24
72 7 3
36 32 13
68 21 21
38 35 13
67 13 27
62 8 21
44 -3 39
44 15 6
53 22 12
47 23 36
47 33 23
43 15 16
74 18 32
74 23 40
39 18 10
59 11 37
53 18 28
66 23 24
41 20 27
48 32 25
71 -2 20
45 -2 39
47 31 15
72 26 5
62 37 19
37 17 20
69 18 28
52 12 41
37 13 42
45 1 22
54 29 27
68 25 42
43 25 7
66 24 21
37 23 40
56 16 26
70 16 20
53 34 27
69 21 19
57 37 14
64 8 28
41 15 8
42 5 11
52 17 28
55 7 15
69 37 32
59 37 11
51 21 27
69 27 14
69 33 41
66 34 38
60 26 13
53 7 21
55 36 13
53 2 2
50 1 20
74 -3 2
59 25 42
69 18 18
50 27 5
52 23 29
45 37 32
36 24 19
37 23 42
36 31 37
62 6 10
69 27 18
74 5 23
50 6 5
59 7 4
67 -1 18
43 25 18
50 24 34
65 6 2
52 33 9
48 -3 26
69 20 35
42 0 38
40 12 17
55 11 15
62 13 18
39 13 7
64 35 26
65 30 2
42 30 28
46 0 9
55 2 18
68 6 2
73 14 5
57 19 23
59 27 20
51 25 15
71 28 18
70 34 26
42 19 26
73 6 27
37 12 11
56 29 35
57 7 31
52 19 6
40 7 33
53 8 36
54 -2 12
58 -1 28
37 7 39
38 26 23
58 34 15
41 30 24
56 10 26
58 12 11
64 -1 10
65 15 8
50 3 3
46 32 14
66 11 29
53 21 16
58 31 30
64 4 4
43 2 11
66 5 33
46 8 28
75 2 34
72 -2 15
58 10 14
36 5 29
40 31 25
47 37 40
38 21 9
45 4 34
66 22 32
50 10 2
71 17 7
54 5 28
66 14 22
49 23 37
55 25 4
74 26 10
68 7 21
73 37 42
72 31 21
54 3 37
67 25 26
55 7 18
58 34 29
61 31 13
72 12 28
53 4 8
47 25 7
43 36 13
64 -2 41
43 33 26
56 34 31
67 20 34
63 20 23
59 15 4
51 34 19
69 21 30
58 11 31
63 29 3
50 24 33
54 2 6
46 36 33
53 26 38
53 32 3
51 15 34
72 -2 8
58 34 34
46 16 25
35 21 28
40 3 3
38 34 15
58 2 20
63 35 37
72 22 15
53 9 11
50 25 19
55 14 24
68 7 16
43 13 4
52 0 20
54 35 31
45 19 18
66 37 31
61 20 2
35 37 35
70 21 9
38 5 37
66 27 41
55 28 11
60 3 18
56 16 37
66 22 8
52 14 19
40 27 33
47 31 15
75 23 21
38 12 22
66 26 37
37 15 7
39 8 16
39 34 20
37 29 32
49 17 32
39 17 38
67 16 28
73 -3 23
68 28 38
44 29 13
59 14 13
69 12 25
43 0 42
72 13 31
43 35 23
61 3 32
61 7 4
74 1 7
50 12 5
69 29 17
57 33 19
35 30 7
47 16 19
59 7 14
45 19 42
53 35 10
68 5 3
44 20 39
59 3 2
41 14 20
53 20 14
41 7 24
67 36 27
43 18 4
60 1 41
39 19 17
62 1 20
44 -3 34
42 20 12
62 22 36
68 8 26
43 35 35
39 6 25
45 8 8
56 5 7
61 7 29
60 23 26
40 15 35
53 24 21
65 27 37
52 8 22
44 27 38
67 -2 39
54 36 18
45 -3 37
75 8 38
42 15 28
38 20 41
66 31 3
58 34 31
36 37 27
54 29 39
57 35 19
54 37 33
74 21 30
40 12 33
51 17 15
36 8 8
35 23 22
43 -1 31
47 35 17
52 33 11
47 36 42
68 35 25
72 8 2
39 22 31
50 10 11
49 5 18
60 -1 5
39 11 26
64 7 32
39 32 6
75 5 19
39 1 5
62 19 36
61 18 10
56 4 23
44 -3 41
46 32 27
46 17 30
42 6 28
50 0 27
45 33 16
51 35 18
39 30 16
63 8 2
63 34 25
57 22 9
72 10 16
58 28 13
56 9 10
75 11 12
74 21 28
36 33 2
59 30 32
74 12 6
55 26 3
35 19 21
43 17 40
36 22 32
56 14 31
70 21 35
41 37 5
60 13 15
44 32 4
52 2 2
43 32 42
74 22 15
39 1 31
62 14 41
41 -3 29
75 28 24
45 11 39
68 30 36
59 5 13
55 21 3
66 13 40
53 17 39
48 7 8
53 20 25
70 29 18
63 8 19
37 4 10
60 20 14
42 15 28
70 18 19
55 -2 42
60 -3 11
44 28 35
41 34 13
56 29 37
47 10 42
74 20 16
59 8 10
55 0 35
50 10 17
73 16 31
47 -3 24
35 32 17
46 27 29
59 -2 24
49 31 5
72 10 29
69 18 13
62 22 5
46 0 15
62 -2 35
72 22 3
75 -3 39
38 19 31
41 32 9
59 35 41
66 4 31
47 33 25
40 30 17
45 16 8
51 14 38
64 5 40
48 8 4
42 21 41
55 31 10
35 18 24
72 31 19
43 12 16
65 12 30
67 18 15
66 33 38
69 5 19
54 16 15
68 3 42
44 32 32
43 5 33
63 34 15
46 12 12
61 29 19
52 24 25
44 34 16
57 4 30
54 12 41
47 12 27
70 16 21
37 15 32
35 37 20
58 21 9
49 36 26
60 24 7
53 10 20
50 28 23
40 18 33
60 9 41
51 -3 11
55 -1 18
52 21 3
46 12 29
68 23 6
50 21 15
53 17 30
42 -2 16
49 -2 27
71 17 18
70 13 23
52 12 7
37 0 39
51 19 11
39 22 19
55 31 13
42 21 25
38 23 19
41 10 32
67 19 23
73 14 8
53 34 31
68 17 26
42 24 4
73 30 11
56 26 41
64 11 40
39 16 25
57 -2 32
53 21 39
37 29 32
67 4 26
45 7 15
39 12 23
64 32 20
38 29 32
37 35 28
68 17 10
64 30 21
66 2 27
42 23 5
36 23 16
40 13 4
64 21 16
56 23 2
43 15 10
55 -2 8
53 24 16
43 19 38
40 -2 33
52 36 29
54 20 40
35 36 34
46 18 35
44 26 7
39 28 20
63 17 22
46 18 29
53 5 20
75 13 42
52 -3 41
53 7 20
45 5 30
63 20 38
56 7 24
70 28 3
51 26 32
59 34 36
51 16 32
53 17 37
65 28 27
59 14 10
49 -3 6
51 -1 5
52 2 6
52 27 3
73 11 34
75 5 40
53 17 41
75 20 17
73 23 28
56 35 22
60 11 22
36 31 4
69 12 38
35 16 35
57 32 23
69 35 10
69 7 9
74 9 31
47 0 32
46 7 33
58 15 14
37 29 42
66 29 16
44 25 40
57 9 16
63 15 3
62 19 23
66 32 13
51 30 7
71 36 2
62 8 20
42 16 32
60 22 29
50 10 28
60 -3 20
49 29 23
48 19 36
56 19 2
62 34 32
62 18 17
49 -1 14
62 30 23
66 -2 31
65 3 33
35 3 41
37 28 15
66 3 41
53 0 23
61 36 19
36 -3 21
64 3 29
56 15 22
48 30 39
52 -1 7
41 5 10
56 14 8
70 5 6
69 20 13
54 32 39
35 1 32
47 31 8
49 33 35
40 24 14
37 8 40
42 21 41
42 31 13
57 24 25
70 32 6
52 13 30
60 37 42
35 0 38
38 25 13
62 27 6
42 15 27
36 11 26
65 14 22
40 34 2
50 3 15
38 21 36
72 -3 10
55 34 42
55 37 21
55 19 41
62 19 27
58 33 33
54 30 11
37 6 13
62 -1 31
44 23 19
75 2 26
65 0 23
40 27 14
70 -1 10
42 1 35
45 37 3
49 36 10
36 26 22
48 10 35
56 2 27
73 1 29
47 6 21
51 26 33
38 -3 39
47 16 17
61 20 25
75 35 23
63 15 5
45 9 20
59 24 22
41 11 30
73 25 38
37 17 3
59 16 40
58 25 33
36 12 16
48 17 21
41 30 36
41 0 29
60 14 39
40 22 7
58 28 21
49 36 34
73 27 32
48 0 42
57 25 36
55 16 12
69 -2 40
49 23 5
73 33 14
59 16 10
74 32 34
70 31 30
73 13 34
62 7 32
49 15 29
53 9 41
44 28 3
36 32 38
37 7 32
73 11 21
46 18 11
64 5 15
65 7 12
69 36 9
37 3 14
52 6 36
50 30 30
66 16 18
67 4 24
67 4 7
37 25 36
49 23 27
73 1 22
39 18 26
43 -3 25
46 14 20
62 23 8
71 29 31
50 -3 10
64 0 29
36 2 40
53 11 20
38 8 13
71 21 36
68 27 36
58 16 8
35 5 32
49 29 19
66 10 7
62 -3 6
41 4 40
66 1 6
46 30 29
42 32 4
53 21 30
35 22 27
36 16 39
46 -3 4
51 36 5
46 34 20
39 3 16
55 5 19
68 -1 40
61 12 19
71 27 29
59 36 24
45 12 39
56 25 39
39 6 24
70 11 19
38 36 3
42 36 12
44 2 25
49 33 25
56 30 26
50 10 7
61 -3 40
44 37 34
67 32 3
56 29 28
62 8 34
39 19 12
42 32 13
36 5 5
60 5 11
69 6 36
70 22 10
72 18 10
59 35 32
66 7 6
36 24 21
49 34 33
44 25 2
63 10 24
45 17 13
74 30 38
39 5 10
70 34 38
58 29 36
46 -2 39
40 35 27
55 -3 10
50 23 25
35 35 39
61 30 16
70 0 11
64 33 3
66 2 3
36 20 12
62 3 40
66 16 28
62 12 22
43 15 6
65 10 33
40 1 33
65 18 22
71 2 6
52 -2 26
66 37 23
48 0 27
61 16 4
70 14 2
43 10 34
42 6 23
75 7 22
36 22 11
62 1 37
60 36 11
48 13 41
64 15 20
59 23 22
46 21 34
49 27 35
39 37 36
39 20 29
50 17 2
48 -2 26
39 4 22
62 25 8
60 4 9
75 37 35
69 37 13
60 20 34
53 28 20
62 36 7
69 21 34
47 7 14
61 33 19
51 14 25
74 -1 27
43 28 7
44 3 14
71 12 39
60 26 31
72 26 23
53 14 31
67 27 34
39 9 17
42 33 14
62 18 11
74 11 31
38 18 19
69 10 6
74 2 16
68 15 18
40 15 20
49 28 9
55 14 29
59 15 41
65 10 40
43 11 16
75 34 5
48 1 24
74 35 21
52 24 4
49 36 15
54 10 30
59 13 20
61 -2 3
58 5 6
45 34 18
37 5 22
63 12 29
39 13 34
74 4 3
55 35 3
65 22 27
51 27 22
58 10 38
58 36 38
35 32 38
67 0 12
47 -3 39
47 32 33
40 15 29
69 18 8
56 11 41
43 36 28
38 -2 38
62 13 31
55 37 21
61 34 22
40 6 25
64 8 36
50 16 31
66 3 19
45 21 20
58 15 42
64 24 37
40 9 6
54 1 27
54 7 2
70 24 36
58 16 7
38 13 33
58 15 32
59 11 24
55 12 17
55 -3 27
54 8 12
35 31 30
9 104 55
-10 106 80
22 100 56
12 112 63
5 90 82
14 97 62
0 110 49
14 78 75
7 92 76
21 103 54
1 93 74
4 90 76
-6 109 72
6 110 44
3 76 81
-9 79 81
-13 79 61
-11 112 78
-14 110 70
-6 78 55
15 91 80
20 99 79
-13 83 64
-11 79 47
-12 94 47
12 81 55
-12 77 47
0 103 77
22 114 55
13 112 57
-1 95 57
20 115 68
-16 79 72
14 108 69
-16 96 51
-17 110 46
-4 78 80
-10 84 62
16 87 69
10 86 49
15 104 52
17 107 59
-6 86 81
2 78 77
22 110 65
4 110 81
-4 88 77
2 109 69
-5 102 82
8 80 46
19 106 80
19 113 65
-11 91 72
1 99 78
10 109 57
-12 93 47
-14 95 70
9 109 78
21 112 71
-16 94 78
1 110 63
14 110 43
3 90 82
-1 85 70
14 94 50
-12 88 63
21 81 77
3 81 50
-9 102 64
-12 108 76
0 88 47
0 112 74
-16 79 71
-8 96 64
22 99 68
5 76 63
-18 81 57
15 77 80
21 77 56
5 84 58
11 83 68
20 92 78
-4 105 78
10 79 81
-4 81 59
13 115 74
-2 106 45
-5 109 44
19 110 45
-18 111 80
11 92 72
3 107 82
-13 78 68
17 87 55
-18 114 70
2 111 48
19 110 75
-4 83 69
3 91 51
6 108 60
4 91 59
-18 98 66
-8 79 64
-7 111 83
-1 80 60
9 108 45
-1 83 52
-5 97 62
-11 81 50
-17 109 56
22 85 59
8 90 54
-12 96 79
-13 86 58
-7 100 64
-8 82 70
8 114 64
-4 111 46
15 108 78
-13 87 68
21 106 51
-17 91 71
5 103 62
-3 83 47
-18 87 52
10 93 73
-8 85 77
-8 92 73
7 105 55
-17 106 48
-4 103 74
-11 115 56
15 88 54
12 77 70
12 91 69
5 109 82
6 87 55
1 78 45
19 81 83
22 83 60
0 84 51
14 113 50
12 107 80
4 116 66
-10 90 77
11 94 61
16 92 71
-17 78 60
-15 82 56
2 99 72
-3 86 49
-17 76 45
1 88 80
4 100 59
-13 109 83
8 89 43
15 106 79
-5 100 68
7 81 52
-16 98 49
6 113 73
-17 111 51
-18 82 46
13 108 77
20 105 68
16 80 77
21 98 79
-8 79 82
16 105 56
5 104 76
0 90 81
12 81 72
5 95 78
5 78 47
7 80 54
14 87 61
20 97 59
22 115 71
10 85 67
5 97 56
-10 116 61
2 88 79
20 109 80
0 100 51
-15 113 62
12 107 70
0 104 51
8 108 51
-14 92 48
-16 94 67
15 81 70
-10 94 57
18 97 76
16 83 58
5 83 68
17 81 57
-9 77 68
-13 100 55
9 79 64
15 94 43
-15 109 62
-8 100 81
-5 110 51
7 110 76
-13 78 83
7 107 80
-8 86 65
-10 81 59
-16 83 45
-12 104 46
5 88 50
-5 116 69
17 86 62
6 86 63
7 114 75
8 86 59
14 78 70
11 78 59
-6 86 70
-9 113 77
16 96 75
-15 116 70
19 91 52
-8 85 52
7 116 55
-16 94 79
1 100 80
-12 91 56
6 105 57
5 79 83
1 85 71
-17 104 52
-6 79 54
-16 90 69
9 114 68
19 89 44
-13 98 51
11 109 55
21 101 51
7 85 66
-13 84 68
-17 114 52
18 96 48
7 78 74
14 112 76
-9 96 43
-11 112 43
7 116 58
3 80 56
3 107 64
13 113 64
8 91 54
-15 79 49
15 109 47
-6 115 56
-4 93 60
-10 101 54
10 100 79
3 76 69
8 108 47
-6 103 67
4 76 57
-15 86 70
20 99 68
-1 88 79
-12 87 48
15 114 72
15 111 58
21 109 79
22 114 56
-13 110 49
-13 93 49
18 108 77
1 103 75
17 104 45
18 80 52
11 110 45
-3 93 49
18 104 56
-12 78 65
8 87 82
-7 108 46
-13 89 80
0 82 76
10 76 81
-10 103 52
7 82 79
-18 85 63
11 93 58
5 89 73
-11 112 52
8 85 57
18 92 72
7 91 71
0 94 64
-16 116 56
16 103 72
-2 110 57
-4 97 55
-18 109 55
14 87 60
-16 98 59
-9 103 83
16 80 59
-7 115 82
9 114 50
-6 94 56
22 95 57
4 81 45
16 111 49
-15 113 74
9 105 72
8 102 51
-8 106 79
-13 89 79
-5 79 47
0 104 69
-6 81 77
-5 103 51
-5 111 43
7 109 78
-17 76 68
-10 92 61
17 116 70
16 111 62
3 104 66
5 103 69
-11 94 59
16 105 78
-1 116 71
11 96 65
-11 105 54
11 87 51
-12 97 49
5 82 53
0 88 54
-4 115 49
-17 80 64
7 93 51
-7 80 81
-7 107 64
15 91 43
-1 76 75
-6 99 61
15 112 78
13 114 80
-9 84 65
-12 104 81
-16 77 45
-2 88 55
-14 101 81
12 83 72
19 115 46
-14 109 75
4 113 72
0 107 46
-4 113 62
18 86 54
1 103 71
8 97 78
-2 80 80
-8 95 43
0 102 48
20 98 76
-2 88 55
3 93 60
4 114 62
1 106 55
22 114 63
-16 104 80
-18 97 82
7 113 78
4 114 83
3 114 82
8 107 77
17 101 55
15 77 70
20 115 59
7 108 77
15 109 82
8 97 58
4 87 83
7 93 54
-8 108 68
-6 94 51
-11 109 43
12 116 68
-3 76 48
18 104 80
20 115 59
-17 76 59
6 89 74
-3 77 51
-11 79 56
9 107 66
20 112 54
5 105 79
-17 82 43
2 95 58
20 98 81
-15 91 74
18 87 70
5 115 74
-2 90 43
-10 91 81
-17 77 70
-2 110 83
-2 98 62
10 79 71
-1 109 77
-1 85 78
-7 99 67
-14 87 64
-12 82 79
-11 96 64
6 80 59
-1 85 62
-7 101 63
2 99 71
-11 96 53
6 95 49
-11 91 83
17 87 75
-1 91 65
17 94 53
-1 87 83
8 83 62
11 76 45
8 115 43
18 87 48
-16 89 60
14 91 75
0 111 69
11 83 52
-9 107 80
7 106 73
4 88 47
6 116 50
14 85 48
13 88 77
-4 110 67
-4 78 44
21 91 64
-13 114 51
-12 92 78
10 90 83
9 105 63
-3 105 49
2 101 49
-14 85 44
3 92 62
-12 107 49
10 77 55
4 83 44
-15 107 72
13 92 63
8 103 59
15 84 49
4 84 49
-18 79 73
-15 83 74
19 76 56
22 109 51
0 97 70
16 79 43
-9 79 48
-7 91 45
15 103 82
8 105 74
-13 86 52
11 81 47
-11 85 57
8 80 49
8 107 78
-9 109 50
22 87 76
-4 88 54
-17 82 59
4 88 82
4 83 70
-7 104 70
22 77 68
12 111 47
5 101 55
-10 113 55
16 111 63
11 109 72
15 104 78
-15 105 65
-7 90 67
-9 113 53
21 84 65
10 82 80
7 107 78
15 86 51
-10 76 67
19 94 82
-3 98 75
-15 85 77
-7 93 80
15 101 64
-10 110 75
20 109 57
-4 79 82
3 116 74
3 88 53
13 111 50
19 109 60
-16 87 46
16 98 66
15 77 61
10 87 74
-18 91 51
15 104 50
-5 88 62
-12 93 43
21 81 48
-6 83 56
18 89 72
9 113 73
-18 110 66
-15 91 58
3 84 65
14 101 71
1 116 57
-11 91 51
-16 109 68
-4 112 66
-13 81 55
10 77 63
14 110 69
1 104 80
-4 92 68
-7 110 49
0 113 48
9 104 63
16 87 57
-17 103 83
21 83 74
11 86 60
-14 107 62
13 89 71
19 102 76
21 105 80
12 97 45
9 97 73
7 96 54
-13 82 48
15 98 60
19 78 51
11 80 79
3 96 73
-7 97 66
20 102 57
-16 106 81
-5 111 50
19 98 46
-9 85 58
-9 92 73
-12 99 68
8 85 82
10 113 73
5 93 71
19 79 75
-4 109 54
-14 116 72
14 113 68
-10 80 65
9 87 64
4 107 80
-5 101 55
-8 79 70
-9 87 69
13 98 43
19 111 45
12 111 78
22 82 45
4 103 66
-2 76 74
-6 77 67
7 116 55
-9 96 79
-2 94 67
22 96 59
-13 116 53
-1 113 66
-9 79 57
12 100 50
15 100 83
-2 100 72
-5 84 58
-7 104 73
15 82 68
-18 104 63
9 107 56
5 95 79
-8 110 80
9 115 53
2 78 75
6 101 52
-14 115 47
-2 85 68
-9 92 83
20 90 79
-7 85 78
-16 107 44
21 109 65
21 107 74
11 77 77
20 113 55
12 88 83
-5 102 66
-14 101 54
17 114 67
21 79 59
7 98 68
-13 93 82
9 76 83
18 109 64
3 100 65
18 84 68
6 100 60
-1 77 76
14 83 82
17 110 48
7 110 65
4 92 65
13 97 56
19 91 76
2 96 73
3 85 65
-6 89 63
3 102 66
-16 93 64
14 97 47
3 84 54
22 103 59
-10 108 66
-2 100 43
19 110 43
12 107 77
4 106 53
17 92 48
-5 97 78
15 96 52
13 105 64
20 80 43
-14 82 52
-13 99 55
10 85 53
-4 92 55
17 83 49
-11 97 63
-5 90 53
-11 85 74
-9 95 43
8 111 60
20 81 56
18 95 56
17 91 68
5 92 56
-17 97 49
14 89 75
17 104 69
-14 85 44
5 101 76
-8 84 73
-4 97 66
21 115 69
-2 96 82
12 96 66
7 111 77
22 87 62
0 94 79
-13 76 80
6 84 58
-5 91 83
-5 96 68
-16 84 74
3 108 67
-13 81 83
19 89 57
9 107 54
8 110 78
-7 85 73
5 114 54
-15 96 60
1 96 52
19 80 67
-4 82 48
-15 78 47
7 76 65
-11 91 44
-14 106 83
-16 96 61
6 90 68
21 96 48
-14 80 46
-2 113 59
9 107 60
18 101 50
-16 97 70
4 81 73
16 112 82
-17 114 74
-17 114 64
11 107 57
4 91 73
22 84 75
0 90 47
18 101 77
-17 87 49
16 86 64
-15 104 57
20 101 54
-1 94 51
19 106 66
-2 85 45
-15 95 45
-17 79 50
21 82 48
6 101 51
-15 88 62
-7 83 76
-14 99 54
21 83 78
17 93 52
1 93 57
5 112 62
18 100 72
-4 83 50
16 108 71
15 113 45
-17 106 75
-5 92 67
-4 105 53
-13 102 54
-13 110 69
18 107 67
-13 107 58
-10 111 51
-16 78 81
-3 99 43
4 92 45
-15 104 56
-15 82 50
9 93 80
6 109 50
22 112 77
-4 78 46
8 115 48
-11 80 62
11 104 50
20 80 67
12 99 68
11 100 77
-13 95 71
10 98 53
16 116 46
7 91 44
-13 84 77
-12 96 83
3 105 79
-2 82 62
-12 94 50
18 107 43
-2 106 81
10 77 64
19 95 67
-12 90 76
11 108 61
3 83 60
3 99 67
-16 94 63
-14 107 75
21 84 80
19 115 74
-13 88 56
14 97 49
-8 94 51
7 101 49
5 96 46
8 95 48
-2 94 76
-11 89 82
19 102 46
21 85 54
21 81 50
17 83 60
15 102 77
17 90 78
-15 103 64
13 104 54
15 109 50
-9 95 74
-12 105 80
-17 83 61
6 83 59
-11 97 59
13 104 49
13 94 68
12 115 82
-12 81 59
13 87 49
-7 81 82
-15 95 56
0 98 46
8 112 52
17 102 49
-2 113 76
19 82 51
-10 88 73
8 85 78
20 111 68
-15 86 76
-14 115 76
-1 110 54
3 109 61
22 94 53
-7 85 71
17 87 63
9 104 66
8 113 56
17 83 73
-5 81 47
14 110 79
13 103 62
17 108 77
4 78 49
11 107 62
17 108 79
16 82 56
-5 79 50
8 100 56
18 108 83
-11 92 58
0 101 52
-1 76 75
8 101 61
-11 92 71
6 109 65
-17 102 47
-5 106 70
-18 78 47
2 84 68
-1 92 60
18 114 65
6 86 47
3 76 71
-6 110 81
22 99 45
-18 88 66
-7 91 81
-3 76 60
-9 103 64
17 109 79
-1 100 78
10 91 52
18 108 44
-11 93 65
9 95 65
7 94 54
16 79 72
22 88 55
14 106 48
-2 115 61
-15 96 60
-15 102 60
-13 110 45
16 112 50
18 106 48
-10 112 43
-17 86 69
10 91 47
-10 90 79
6 115 62
3 105 72
0 106 59
16 111 68
-18 106 79
15 111 60
2 112 47
-11 100 69
16 90 70
14 78 54
21 76 52
8 108 58
-3 92 68
13 93 46
20 98 74
22 76 48
18 98 50
-8 77 59
-16 82 58
-13 111 78
-4 109 60
1 83 56
15 94 64
7 84 73
-1 110 65
72 26 71
54 25 48
73 46 56
65 62 56
67 39 74
47 42 43
85 26 41
82 40 53
71 23 55
72 42 45
64 58 45
82 56 46
84 45 62
48 32 78
63 54 70
79 26 72
77 63 49
69 38 49
83 44 56
62 50 68
71 33 70
75 25 56
56 44 53
81 44 68
52 47 76
47 24 72
68 60 44
49 38 64
82 35 51
71 36 53
78 31 69
60 30 42
64 63 40
83 58 58
52 59 74
73 46 72
87 43 40
47 32 46
47 27 48
81 60 47
54 24 40
59 29 65
65 54 57
81 47 65
69 44 56
50 61 43
50 36 38
78 39 41
47 48 45
55 31 56
85 62 70
76 46 46
66 23 63
80 60 62
61 43 71
64 42 46
66 57 77
52 62 68
83 41 62
70 34 53
56 28 41
48 24 44
59 33 43
76 34 61
71 41 76
60 24 45
74 53 52
86 29 52
48 51 39
53 45 58
55 63 65
63 25 62
55 49 43
83 46 78
68 60 77
61 48 63
80 40 57
70 31 54
58 54 45
73 53 38
62 57 58
47 59 67
86 27 65
62 45 38
60 52 65
53 50 61
71 53 67
58 50 60
84 44 55
73 59 44
52 55 62
82 34 75
83 36 50
49 31 39
61 30 69
84 35 70
62 36 54
61 33 48
69 44 78
79 47 77
73 35 47
77 33 66
53 53 62
84 39 61
61 45 51
80 54 45
67 49 72
84 60 51
55 49 78
80 42 64
61 49 44
50 32 71
50 60 42
54 50 54
59 62 76
77 38 70
84 32 68
55 32 72
66 34 42
78 49 54
56 52 73
52 56 44
56 26 66
62 40 46
65 44 77
75 23 63
73 36 68
60 40 68
72 63 78
71 44 38
62 48 47
59 63 39
59 27 78
72 31 63
55 54 74
52 37 60
48 56 45
54 45 56
56 27 66
54 23 56
86 42 69
81 36 57
75 48 61
77 59 41
53 51 44
65 23 68
84 54 64
50 50 55
72 58 42
70 60 72
50 31 69
71 30 78
57 39 45
64 42 53
60 54 40
51 46 58
69 53 38
67 55 42
64 32 55
75 46 75
81 26 77
70 60 46
73 40 41
60 60 50
49 60 49
54 56 66
63 30 78
57 51 51
81 27 68
77 55 64
63 23 50
64 46 68
62 32 42
55 57 57
57 39 67
86 60 65
56 40 78
87 56 70
56 46 73
59 47 67
81 44 43
52 23 68
69 52 49
60 56 60
85 49 76
51 56 68
78 40 67
85 35 77
74 39 68
86 33 60
51 55 74
51 62 67
70 27 65
65 32 77
56 29 77
69 36 58
63 30 57
49 23 56
73 32 74
60 62 45
80 29 78
58 61 77
73 35 54
55 39 39
48 53 59
62 49 52
80 50 38
53 61 46
65 34 56
80 27 59
61 38 43
53 48 63
70 53 38
64 47 47
78 55 57
57 45 43
73 54 55
79 45 58
52 47 62
67 24 56
85 34 69
64 53 64
50 44 77
74 37 55
47 55 67
61 47 49
69 55 68
53 59 74
59 60 76
63 56 46
51 54 41
67 27 38
65 29 52
76 59 78
86 52 61
73 23 44
73 44 45
87 61 59
54 24 69
49 32 69
79 50 57
73 50 63
80 42 40
66 39 63
51 61 72
84 61 39
63 51 41
54 62 45
75 23 73
72 29 44
55 54 39
67 51 59
69 43 56
47 63 51
51 58 57
84 23 43
53 50 63
86 55 52
70 53 60
84 58 78
72 58 46
81 50 45
76 40 53
47 37 53
53 48 39
56 43 39
54 35 45
67 34 78
67 44 58
55 36 66
65 24 39
86 27 49
49 25 46
78 46 46
84 54 46
55 57 44
76 51 69
87 61 78
84 58 68
81 63 64
83 37 56
57 40 48
60 29 70
68 30 41
73 27 50
65 41 41
55 60 49
49 53 64
69 35 69
83 58 67
86 46 53
70 34 54
62 47 66
53 50 72
51 43 62
51 29 45
82 25 63
87 39 73
64 44 71
76 41 59
70 49 58
47 37 51
68 60 48
51 49 75
82 52 76
77 51 47
84 32 55
77 35 54
55 39 62
57 35 57
65 35 40
83 54 42
54 26 40
85 29 71
60 34 70
47 25 56
82 52 55
77 52 48
60 39 77
63 52 64
76 49 55
59 42 56
64 51 47
74 33 60
83 42 47
82 54 54
83 63 41
83 46 69
55 26 73
72 48 65
75 38 78
56 42 54
49 63 67
87 48 55
81 35 49
65 54 45
54 26 64
64 53 70
68 23 78
79 54 58
49 53 46
48 53 49
74 35 62
47 52 59
64 45 58
55 25 73
54 60 64
84 29 59
52 55 56
83 31 53
84 57 41
74 48 76
62 54 56
60 37 72
65 63 39
63 47 67
56 37 46
79 25 63
57 62 48
49 24 67
69 61 45
77 56 71
51 50 75
47 41 56
81 58 72
69 62 67
72 59 42
72 24 72
59 63 59
60 54 56
87 39 38
53 46 40
62 39 75
75 30 38
77 47 74
50 37 54
75 46 48
52 36 52
65 31 74
47 35 58
49 44 44
57 54 49
64 56 64
48 60 61
86 54 58
71 27 63
72 31 47
55 28 58
73 51 78
56 25 70
71 47 73
49 42 72
79 24 53
52 57 57
87 58 63
58 46 68
87 35 41
77 41 62
64 29 74
56 27 68
74 23 40
65 23 68
66 30 42
60 34 46
61 57 67
83 44 52
67 30 68
73 40 49
49 29 68
47 57 60
50 23 51
85 60 49
55 46 69
63 30 50
75 23 44
64 36 45
74 25 71
71 55 49
58 30 65
83 50 55
73 41 78
67 56 44
55 49 65
49 61 56
51 48 56
83 63 52
73 25 55
69 49 40
71 28 40
69 55 70
78 60 49
85 60 55
71 58 62
59 52 56
63 48 40
86 32 71
48 46 46
82 42 39
69 54 54
81 54 46
47 32 46
54 34 73
82 46 54
58 41 48
61 54 64
73 26 56
71 48 70
47 52 54
79 57 45
84 39 50
78 36 45
78 37 40
63 60 78
58 42 47
77 43 76
85 62 53
57 32 53
73 26 70
69 45 63
62 52 49
66 28 76
73 36 78
75 31 66
63 25 68
49 25 42
59 53 61
84 46 62
54 54 51
65 60 65
87 43 76
82 63 63
57 26 69
61 57 68
55 47 73
59 25 58
49 53 78
76 23 72
59 55 59
49 55 67
73 62 64
54 30 76
67 27 43
65 54 63
48 48 59
84 53 42
68 44 68
71 60 78
55 30 74
56 47 66
87 43 58
65 44 61
54 56 69
84 26 53
87 58 68
76 54 54
66 31 50
76 23 44
63 63 53
73 44 39
85 23 71
70 47 52
48 27 54
58 36 51
54 39 70
87 45 60
50 37 61
75 52 46
63 58 75
60 37 67
54 44 58
86 58 64
77 45 47
80 37 49
75 57 44
54 52 48
81 47 40
69 52 52
66 30 53
62 42 64
75 25 38
82 53 71
81 48 71
75 51 61
76 58 40
51 30 52
77 62 55
84 43 65
63 57 64
50 41 54
64 28 60
54 63 68
81 24 56
52 61 52
59 33 55
68 49 68
56 59 50
68 27 46
87 47 78
49 49 74
76 52 55
66 29 74
56 61 50
55 57 64
48 46 43
62 48 61
62 55 56
62 36 48
64 47 39
59 31 62
61 29 75
55 45 52
78 63 55
48 25 40
86 23 52
77 37 54
48 62 41
86 26 73
49 34 73
76 39 49
66 38 58
63 29 46
67 49 52
76 62 45
59 24 50
86 37 42
50 49 72
85 38 66
55 42 41
59 26 38
87 60 67
85 25 46
57 63 66
61 47 58
81 25 66
74 62 43
48 35 43
76 27 43
55 43 48
68 58 78
54 49 65
52 39 56
58 33 63
82 47 44
76 54 67
64 43 41
87 28 48
68 50 54
69 51 75
69 40 43
67 36 49
87 60 58
83 62 64
60 55 41
82 50 66
71 51 38
53 55 76
73 26 74
84 62 51
69 55 39
66 30 42
47 52 50
65 61 57
86 51 47
77 62 76
51 61 78
51 23 45
87 29 68
87 39 74
86 57 64
76 57 69
70 24 62
87 34 38
85 47 68
73 52 67
57 33 73
56 49 68
70 33 66
63 35 59
70 45 73
62 54 49
52 59 46
77 46 40
72 57 42
67 34 70
69 33 40
74 61 76
51 53 65
60 35 72
56 27 40
87 54 74
86 37 40
81 26 52
86 61 63
76 52 47
67 37 56
86 58 61
84 36 43
74 28 63
54 29 73
55 38 54
71 29 68
60 23 65
69 42 38
62 49 66
66 54 65
78 42 57
68 31 51
74 23 59
54 32 56
61 26 62
84 42 58
62 59 78
77 62 51
77 29 40
80 61 74
76 26 53
83 57 59
76 46 48
79 36 50
66 41 49
72 56 51
50 38 52
72 60 53
48 48 70
61 32 52
66 42 66
54 23 39
61 58 43
84 25 67
71 30 61
52 58 44
48 52 43
67 46 65
75 48 54
58 27 63
59 62 76
50 26 47
52 48 53
83 48 58
80 45 50
56 52 72
59 42 63
48 63 60
53 32 74
62 52 51
65 28 59
62 60 44
80 54 47
59 39 42
56 46 54
53 43 49
84 40 66
86 50 78
50 38 42
85 41 70
47 50 62
82 61 50
69 58 61
47 31 44
52 59 42
55 45 55
60 54 47
64 53 69
82 63 43
55 43 68
72 25 42
70 56 51
51 59 49
77 28 53
86 37 55
48 51 41
75 23 38
61 23 67
71 32 68
79 38 44
67 32 68
59 38 43
67 54 41
50 23 40
56 43 42
76 63 38
65 44 59
75 46 40
64 52 62
67 53 67
77 48 38
81 29 72
51 24 66
82 35 72
79 43 42
83 31 40
58 45 62
58 48 65
64 27 66
79 43 74
68 28 48
71 28 78
48 38 42
83 40 78
81 47 48
68 48 50
61 29 77
77 51 62
49 42 50
55 44 58
64 63 64
57 63 43
73 59 73
69 61 40
59 42 68
52 52 71
84 58 51
65 52 48
54 27 51
69 32 67
78 42 61
49 30 52
71 26 54
67 45 63
63 51 70
64 30 70
80 34 77
71 53 50
72 29 53
81 24 60
51 38 54
79 27 56
73 53 47
87 52 73
60 43 45
74 35 73
76 51 45
49 29 51
56 47 77
87 39 56
52 55 44
56 56 57
86 41 53
55 50 58
71 63 48
66 36 72
71 40 55
78 24 71
64 55 38
57 39 40
67 62 68
64 63 73
83 46 71
53 26 72
80 34 48
57 31 49
56 58 47
63 51 69
63 55 49
55 53 38
85 28 44
86 47 76
76 57 49
53 62 42
82 58 42
65 56 52
58 48 54
72 49 51
86 26 66
78 54 54
53 44 62
86 30 58
80 54 49
55 60 43
70 44 61
77 35 43
51 32 46
83 29 41
72 55 54
48 33 64
79 47 74
86 59 54
53 38 66
83 46 40
70 61 67
86 59 61
65 46 65
60 57 39
53 41 47
84 60 49
78 57 78
48 31 51
63 59 59
49 53 66
82 39 64
73 41 55
57 50 59
60 23 78
82 57 39
58 54 63
72 57 56
56 61 66
71 33 77
47 43 41
79 24 74
66 32 73
79 47 68
66 33 42
51 33 53
64 49 41
59 33 59
64 59 45
78 56 52
68 59 70
70 32 47
70 33 78
71 63 67
75 33 46
68 59 74
63 51 72
53 24 49
63 28 66
57 55 78
83 32 43
71 26 72
80 61 58
77 25 74
72 39 64
54 49 54
63 41 39
68 58 75
55 31 65
77 25 46
87 25 41
51 49 68
72 45 56
71 38 47
52 39 77
63 52 67
80 23 71
76 57 59
62 37 65
54 58 77
80 39 77
57 24 55
53 62 39
48 63 59
70 55 68
53 61 45
53 63 62
48 58 70
58 26 41
58 58 53
70 44 73
76 52 72
86 56 73
81 25 52
51 42 61
47 49 74
78 44 69
84 53 50
66 59 45
67 42 42
81 55 65
63 43 70
41 -3 48
22 29 57
26 9 58
48 9 29
44 26 51
38 31 24
24 6 50
38 0 48
37 22 53
9 28 60
12 1 31
39 5 45
31 -1 36
16 13 47
39 17 47
39 34 51
15 19 41
19 8 59
30 20 52
49 16 30
44 33 60
48 26 63
15 23 60
39 17 56
34 17 56
38 15 29
49 26 32
13 16 44
31 22 42
12 35 52
19 16 49
44 -5 26
21 5 47
32 12 62
46 22 60
24 28 54
22 21 62
16 2 46
37 10 24
11 5 43
21 20 40
29 8 50
13 23 39
47 13 56
9 34 59
31 30 37
13 29 26
32 26 24
10 27 48
12 -3 61
49 31 24
12 8 29
33 4 52
13 19 54
38 5 49
19 32 47
23 4 57
44 2 27
16 14 26
19 -2 41
41 5 55
29 14 56
20 -2 26
39 22 64
21 7 24
23 25 32
44 1 58
47 30 29
33 19 38
21 7 29
11 -3 58
21 12 52
20 24 44
23 3 24
49 29 58
23 28 44
44 21 43
40 5 45
16 20 54
9 11 34
24 35 28
36 -1 62
17 25 47
26 3 63
26 31 29
47 34 35
45 11 27
47 34 34
29 19 40
48 32 47
14 14 57
30 20 57
30 15 61
43 -1 37
23 5 35
43 4 33
14 11 27
39 34 37
41 4 42
30 0 56
27 18 41
37 0 54
19 7 37
21 16 58
23 22 60
22 -2 42
17 11 56
12 8 27
15 33 44
30 27 54
25 24 42
38 3 48
16 12 34
26 14 63
37 -1 50
29 2 31
15 14 37
40 17 60
46 15 58
23 27 63
12 -3 60
44 23 56
27 19 34
25 25 56
39 28 53
31 13 39
37 30 40
9 -2 45
42 9 26
12 33 64
34 15 48
46 -4 38
42 33 52
42 20 31
19 13 31
11 27 34
30 -5 25
14 11 48
41 -3 38
24 17 51
38 17 28
35 26 46
37 10 62
38 18 62
13 20 38
14 27 45
28 25 55
18 26 49
47 30 47
9 15 47
19 22 59
32 1 40
38 -4 40
45 32 52
12 0 37
49 17 40
25 17 43
45 13 58
45 26 61
12 6 49
48 28 29
35 -1 41
28 -1 29
21 23 32
36 35 35
12 14 24
14 18 47
31 20 45
37 29 27
27 -2 62
33 -1 46
11 33 43
17 -5 49
10 32 36
26 31 50
15 -2 45
13 16 31
36 29 39
48 16 34
19 -1 24
30 21 41
18 8 49
32 20 28
34 -4 57
45 4 41
23 11 32
31 10 30
17 22 34
44 27 52
43 28 40
9 0 44
14 -2 32
12 0 63
23 5 26
25 1 48
30 1 61
10 13 30
45 4 28
47 21 33
37 18 45
12 27 28
35 -5 33
48 29 35
33 7 30
33 7 59
16 23 34
48 28 52
9 24 50
24 2 45
18 16 56
47 13 48
43 -4 64
42 35 59
34 21 58
30 -4 53
38 8 25
27 6 63
24 -5 43
14 23 55
32 26 24
12 4 31
23 -2 39
22 24 60
11 10 53
42 11 56
41 15 42
49 12 29
18 12 25
10 27 33
32 33 29
37 17 53
47 0 59
12 1 60
45 20 29
44 34 61
31 34 50
49 23 51
11 9 28
21 -3 54
43 0 56
24 29 36
20 -5 36
19 34 48
21 1 36
39 -1 32
30 32 31
23 32 48
49 5 54
13 6 56
9 21 51
20 10 53
43 15 51
42 31 27
40 15 45
34 26 27
31 14 63
41 17 33
44 11 39
28 -5 61
44 8 59
15 35 42
30 -1 46
24 1 63
46 12 57
19 34 27
10 16 28
13 33 37
46 27 33
29 -1 26
22 16 43
20 10 50
24 25 56
21 28 44
45 22 36
12 15 60
18 30 44
34 35 37
49 -4 36
9 33 46
28 26 64
19 30 45
13 13 31
47 12 43
19 -4 57
24 -2 31
25 24 25
49 25 30
34 32 52
43 18 57
22 9 58
29 -2 44
15 15 57
42 21 57
12 9 31
32 -1 26
42 5 27
43 23 58
48 -5 58
14 23 41
33 18 31
13 -2 31
39 31 52
9 13 62
18 20 37
30 28 55
36 4 61
22 10 44
30 -1 60
9 34 55
36 12 63
45 24 32
27 28 58
47 10 51
19 17 41
48 24 47
10 32 26
22 12 58
45 2 59
15 -3 35
42 25 53
19 10 36
37 -4 33
12 15 31
14 13 64
32 17 34
47 31 33
13 7 53
45 -2 25
48 20 38
31 -5 28
20 25 29
35 32 62
31 27 38
33 17 49
30 23 55
47 0 49
39 24 28
40 14 57
26 8 24
47 24 31
37 17 41
36 15 44
10 0 61
46 30 50
17 6 62
32 15 51
14 4 32
36 6 36
37 6 51
12 7 62
45 28 58
31 32 35
26 -2 59
39 0 29
44 27 32
9 26 53
14 29 57
18 1 43
40 17 33
27 23 27
37 30 54
36 4 54
23 10 30
37 8 33
21 0 38
11 26 30
12 -3 29
27 35 58
26 9 25
23 1 31
41 11 29
34 35 35
24 31 39
10 1 26
41 32 41
29 35 26
43 18 57
12 18 39
28 15 55
16 -3 53
36 8 25
14 22 61
26 6 34
46 14 41
46 2 24
9 6 49
33 33 51
12 -4 38
16 5 27
43 27 60
13 19 56
24 33 38
20 -2 50
14 15 48
11 31 35
39 16 27
41 10 43
29 35 27
43 16 30
20 8 53
40 -1 45
34 14 45
16 25 31
13 10 31
38 22 42
16 12 33
21 31 34
42 7 55
21 31 28
19 22 31
15 25 43
15 19 43
48 7 41
24 3 36
32 2 46
23 34 32
28 33 24
16 19 41
30 3 29
47 30 26
15 8 33
39 12 38
18 10 48
32 19 41
20 0 40
47 28 59
32 -3 47
15 0 29
37 15 38
32 18 34
24 10 38
19 1 47
38 15 28
15 19 60
49 23 26
21 34 60
43 32 27
23 3 26
20 10 61
13 17 33
38 2 54
46 3 37
20 24 61
17 35 43
12 34 31
40 18 59
28 34 51
22 28 36
24 0 64
12 22 39
14 -4 30
39 20 64
32 3 59
47 19 27
24 12 32
29 0 39
33 18 59
27 9 26
14 18 60
20 12 64
48 0 57
48 14 50
11 25 30
32 9 63
46 0 24
19 13 39
19 4 28
45 32 46
44 7 45
18 3 45
30 0 42
29 3 46
39 24 53
13 24 28
26 15 52
21 22 47
40 10 26
12 2 46
23 -1 31
49 5 55
40 -1 53
34 29 61
36 4 37
37 10 38
29 18 41
20 22 37
38 13 35
17 16 64
13 9 40
40 25 25
14 23 52
46 22 48
12 0 51
9 22 62
38 0 31
44 2 63
20 9 41
44 12 51
13 21 25
45 17 38
18 -4 36
43 0 25
17 17 45
20 14 32
48 30 55
12 20 39
43 -2 35
14 25 44
23 8 43
47 -1 59
17 -1 55
9 28 27
44 33 27
46 -5 27
12 17 31
24 33 56
21 -1 41
17 18 63
15 28 39
26 -5 30
23 22 33
13 0 49
21 -5 33
37 26 34
20 11 64
13 15 32
43 2 31
26 28 63
45 28 34
43 7 49
12 -3 57
47 20 26
29 21 32
41 15 59
25 10 63
46 24 34
24 9 56
29 4 26
38 24 45
22 25 47
18 23 54
41 -4 34
30 6 51
39 26 63
48 5 44
15 7 45
35 2 37
15 10 46
20 -5 34
11 29 47
29 32 32
34 22 52
16 5 41
42 26 42
23 -5 39
12 12 37
10 3 46
16 21 62
35 30 42
22 29 26
17 3 32
31 4 24
45 7 36
32 -3 46
30 25 52
34 18 48
34 15 25
23 8 28
33 20 56
43 19 35
25 32 32
15 18 35
44 34 54
27 19 60
48 32 31
30 26 32
33 5 46
29 22 45
41 24 37
14 27 33
23 11 64
31 15 61
35 33 54
42 3 31
30 -5 35
47 4 48
46 21 48
33 7 52
34 23 42
10 -2 43
26 12 42
35 11 49
44 -5 35
32 3 50
45 6 47
39 32 61
15 6 40
10 -2 56
16 5 57
44 12 54
17 33 48
46 31 26
34 7 31
20 32 55
33 3 48
12 12 42
45 8 24
25 31 58
16 -1 35
44 21 59
12 -5 26
29 31 28
11 29 32
26 14 39
44 21 58
19 9 57
24 9 32
28 20 32
29 16 44
43 24 62
43 5 63
13 4 25
27 30 40
41 20 26
14 8 56
38 -3 30
17 -5 29
9 29 32
35 17 40
35 12 30
30 15 28
30 35 30
45 29 47
12 17 45
37 27 43
39 3 35
21 4 30
26 8 62
35 0 64
41 5 63
22 19 60
38 27 50
9 -3 53
45 31 49
40 -2 49
33 17 27
38 34 37
42 -2 47
17 11 53
24 23 59
38 24 45
34 15 41
33 33 24
38 16 47
41 27 29
12 6 42
49 24 56
23 11 41
11 0 46
20 28 40
13 -4 50
21 -5 36
33 13 41
19 9 37
18 5 48
22 8 35
46 21 51
9 11 48
26 7 44
28 17 49
30 20 38
19 12 24
40 31 44
39 6 49
14 0 52
9 22 27
23 6 25
16 7 27
29 6 57
26 27 64
11 -2 48
15 5 38
24 26 31
37 23 39
39 9 38
22 22 64
39 33 56
23 21 39
39 12 53
10 -2 29
34 11 45
16 18 63
36 0 25
14 20 54
19 14 59
41 24 49
20 5 27
25 6 47
12 6 42
9 21 26
38 15 32
9 21 40
10 7 32
11 -1 33
10 17 51
47 30 25
23 -4 29
14 1 62
44 30 42
26 7 34
16 2 42
11 23 56
18 11 63
19 3 63
24 18 62
12 23 46
17 7 37
35 -2 52
28 9 37
40 16 52
30 32 32
43 -3 37
18 3 50
32 31 26
24 3 46
9 10 43
49 25 54
26 0 50
49 32 63
20 17 33
27 7 45
36 5 28
36 5 59
48 27 43
38 6 26
33 35 32
28 10 25
12 24 52
26 -3 54
45 3 59
40 17 43
31 6 63
23 -4 52
20 13 59
21 33 46
24 21 38
34 10 54
9 26 59
41 28 30
35 0 42
48 32 27
21 8 55
21 5 51
49 33 42
29 20 53
17 34 32
36 0 30
24 32 62
35 31 52
14 27 57
45 30 33
38 35 46
44 12 52
48 27 62
10 10 53
42 -3 45
20 32 45
45 27 63
16 1 38
28 13 43
34 6 45
21 24 60
43 -1 62
14 -2 54
45 -3 32
48 24 34
11 8 48
16 8 53
48 16 47
49 26 43
24 6 43
24 -2 56
29 16 28
13 28 60
20 32 63
22 20 54
22 -1 61
15 2 43
11 12 37
48 25 38
48 29 41
46 20 47
21 6 25
47 35 25
25 10 25
15 18 58
47 7 64
12 34 58
47 -4 41
11 4 43
46 28 64
26 24 39
21 16 41
41 21 37
15 17 56
24 17 32
29 8 53
13 0 61
47 12 62
29 -1 49
17 2 54
10 35 50
43 9 34
47 16 50
40 11 55
31 29 62
22 -1 59
47 1 47
24 8 48
38 10 61
9 14 34
28 6 52
11 9 36
41 9 61
41 14 42
21 1 50
37 -5 42
9 34 34
35 -4 59
49 -4 46
10 13 54
23 2 44
16 13 61
26 -3 29
38 23 30
21 2 51
9 32 40
14 11 47
11 -3 44
27 13 46
19 -3 62
34 3 40
14 -4 58
40 25 52
45 34 24
30 29 40
29 30 52
24 20 44
26 14 63
15 27 32
35 11 49
21 5 46
46 22 60
27 -4 40
49 16 46
30 31 53
40 4 24
39 26 43
20 18 55
26 25 38
34 25 54
10 34 30
12 7 24
24 19 61
31 28 26
39 3 58
30 25 33
38 2 47
17 20 39
31 15 57
26 30 53
19 -1 62
44 34 26
22 18 44
24 32 41
19 0 41
18 -5 28
46 4 34
27 35 47
40 24 64
9 34 40
34 5 61
47 21 56
29 -1 36
15 24 54
13 4 38
46 12 36
34 0 63
16 23 30
23 -3 43
13 32 29
33 31 61
16 25 56
11 1 28
47 32 34
42 8 47
25 33 26
15 0 26
28 28 27
11 17 50
