208 109 461
214 177 460
302 145 391
295 159 469
223 122 438
291 116 486
231 171 405
217 102 389
265 159 435
264 148 480
267 139 414
282 162 423
272 128 403
269 140 442
242 96 436
233 158 468
287 154 404
304 133 444
218 131 426
224 156 428
259 110 430
298 115 451
256 111 422
232 86 458
225 176 466
296 179 431
253 153 434
218 115 473
207 86 395
212 151 452
279 167 445
282 164 456
304 85 462
217 157 429
216 106 481
255 94 404
256 136 468
247 156 443
278 160 466
278 104 453
235 123 447
207 153 441
247 155 424
263 168 463
284 150 447
225 108 409
301 136 458
242 140 436
268 174 456
289 147 462
148 393 1
97 409 30
178 376 -7
159 422 8
144 412 -6
149 355 -17
192 367 55
148 401 61
168 362 26
152 422 40
160 365 2
109 406 15
157 398 18
184 345 -5
150 401 13
106 347 -8
99 377 -8
184 382 75
128 408 6
167 330 30
168 339 -15
156 409 -11
172 330 44
109 410 10
158 426 71
113 348 22
128 396 8
112 338 29
154 396 -11
106 409 20
104 371 37
106 395 56
140 354 -3
183 381 58
112 338 61
169 392 12
161 417 32
170 350 25
101 421 34
115 396 44
127 345 59
148 393 39
138 354 53
153 330 72
123 389 15
118 398 42
146 383 13
119 425 8
110 412 60
122 358 49
150 457 200
121 492 121
87 467 136
159 466 203
181 459 141
112 459 189
153 442 160
125 410 204
136 403 120
113 466 117
130 494 211
164 488 124
177 466 192
135 434 118
122 481 196
87 441 158
127 427 160
153 446 170
166 420 166
85 439 121
168 416 158
116 417 150
162 492 132
137 446 144
130 468 182
101 401 205
123 400 192
142 486 181
173 402 201
117 478 143
104 402 113
125 403 139
161 439 157
96 481 141
172 476 169
164 475 167
93 405 196
147 473 167
112 494 205
159 479 136
115 425 182
181 471 171
113 437 130
98 420 177
118 474 182
164 400 191
95 435 202
165 489 155
157 493 139
87 430 121
492 345 89
472 384 84
456 347 142
470 423 44
478 385 94
475 373 83
492 366 109
424 418 54
434 351 88
483 425 97
414 412 114
481 397 109
438 346 99
449 361 93
479 360 130
416 370 77
446 354 138
472 372 129
448 414 99
408 405 71
487 406 108
477 424 142
446 348 91
478 416 70
473 368 50
445 383 104
494 430 74
406 385 117
447 385 77
492 397 89
415 411 132
453 391 54
438 404 55
403 382 93
491 423 65
450 430 126
466 412 140
498 410 91
414 423 82
480 367 79
436 356 71
498 435 77
403 432 131
449 352 109
401 365 130
485 365 67
453 420 104
498 418 134
440 416 61
449 338 88
208 62 25
298 3 -9
259 89 22
226 61 29
220 87 0
222 27 81
276 65 2
298 41 23
220 87 73
255 24 28
222 97 72
228 88 -19
284 46 43
205 1 44
234 24 66
263 75 50
254 52 40
286 1 67
237 71 -3
226 25 5
234 7 -5
241 98 43
279 18 71
210 41 5
218 4 66
270 85 78
276 86 -16
230 21 40
226 83 38
210 37 -7
208 27 79
203 48 4
211 45 47
294 87 44
245 17 35
221 97 77
217 80 35
258 15 55
232 93 12
240 3 57
288 23 -18
293 0 58
255 12 9
258 61 21
245 -1 48
256 89 72
276 61 25
292 54 73
228 87 30
257 80 40
416 341 457
400 371 473
413 385 453
408 349 468
405 422 474
393 388 416
383 369 388
382 390 452
371 394 375
429 435 437
386 372 473
419 409 459
372 373 435
421 388 425
437 373 413
386 426 385
383 356 383
374 410 441
400 431 439
444 435 444
424 371 374
413 364 374
440 376 379
449 376 429
367 359 431
421 419 464
441 424 437
400 350 460
389 418 397
404 354 447
362 416 412
386 375 460
445 431 386
402 374 428
372 388 453
430 400 376
410 418 401
404 341 400
399 375 469
428 398 387
382 390 423
433 354 446
403 400 401
428 359 433
353 335 385
426 398 381
351 370 446
395 428 452
368 341 394
414 400 434
107 180 108
173 171 37
154 164 107
168 171 45
151 179 90
165 127 101
187 136 35
133 135 106
140 125 28
201 103 17
170 94 55
143 155 75
148 149 42
158 128 51
134 177 34
159 184 45
176 126 80
131 140 30
124 148 85
196 112 83
151 114 94
163 85 33
204 114 74
166 172 55
197 132 99
177 170 22
150 167 26
136 88 49
125 103 34
183 121 77
200 176 35
135 84 59
124 93 72
189 101 21
198 86 79
182 112 98
104 110 42
157 92 18
195 165 25
151 136 29
178 134 78
164 152 62
124 86 96
109 105 62
142 126 51
181 122 109
139 157 88
142 159 38
202 122 103
150 137 82
395 159 68
363 76 59
410 78 85
424 100 50
361 140 47
401 155 115
398 109 65
447 112 54
413 167 93
366 155 50
416 123 101
412 159 113
388 156 70
373 69 100
415 75 84
403 104 126
411 148 57
413 160 138
448 110 44
362 79 47
397 143 104
428 113 107
376 115 116
438 125 127
437 132 38
355 114 87
413 124 89
435 72 72
364 127 67
411 131 75
380 73 88
439 119 129
388 138 116
439 88 46
361 146 75
354 83 127
387 68 87
358 161 54
394 149 129
376 129 124
387 132 46
381 163 81
412 120 107
368 109 52
420 113 76
413 78 83
367 126 66
379 150 101
419 98 99
406 92 131
341 420 78
261 467 62
340 496 43
346 493 32
262 474 76
351 412 34
308 487 25
349 410 43
301 483 58
292 496 32
282 431 64
269 472 78
337 455 8
280 460 25
271 473 5
344 476 42
288 408 92
321 494 48
290 483 44
355 456 32
255 488 96
348 441 44
330 432 8
344 424 70
309 486 32
335 464 56
270 474 97
283 404 95
342 402 63
336 422 26
307 442 47
269 423 34
273 407 7
348 435 17
265 443 14
338 440 93
285 440 24
320 444 13
279 483 80
326 414 34
266 429 24
335 422 16
331 491 75
261 402 67
304 491 6
339 490 90
281 449 34
340 481 0
335 494 76
353 438 90
121 494 320
118 489 302
135 516 302
145 515 320
196 519 268
119 446 327
135 466 278
191 501 333
138 459 325
119 445 330
166 449 270
162 422 328
182 472 298
161 480 332
124 487 339
181 491 335
186 470 284
133 464 334
148 511 309
112 480 356
113 471 344
159 440 332
158 442 292
100 423 287
145 429 305
149 443 326
189 439 318
153 443 277
164 433 335
105 445 279
190 492 340
97 499 273
109 507 310
119 444 302
150 437 355
138 439 340
145 432 270
177 442 282
151 461 345
188 488 297
129 445 272
130 502 332
139 424 364
153 428 331
114 469 282
190 482 326
174 443 281
110 481 336
187 495 283
116 486 326
380 65 398
302 10 362
315 26 344
301 -23 330
306 -7 323
305 67 335
285 51 414
340 -13 361
372 55 325
285 34 361
298 23 331
327 -1 414
289 -27 333
363 4 372
308 25 368
372 -19 348
376 -16 389
291 26 408
357 0 345
328 -11 410
322 72 347
376 35 372
295 -1 336
341 40 404
371 -13 415
354 71 370
301 -8 341
312 -12 331
341 52 375
320 62 398
351 52 363
301 52 342
378 67 325
326 58 366
316 51 322
308 1 381
288 53 390
307 72 356
351 37 390
358 -12 410
312 -7 398
298 11 373
332 20 405
354 50 395
295 40 376
286 14 408
304 -14 399
353 6 405
356 65 349
296 25 362
33 16 247
66 26 252
22 99 242
24 63 191
54 97 171
17 19 221
64 66 209
100 65 191
100 55 234
41 12 189
71 32 237
86 70 181
62 35 235
63 42 175
106 17 242
30 75 260
89 88 232
94 42 170
60 69 218
59 46 172
33 49 183
113 43 238
85 42 169
34 25 258
35 41 244
16 104 225
20 100 237
76 14 226
91 61 193
20 82 226
90 19 195
39 91 211
58 54 261
23 87 185
40 58 252
85 50 262
91 106 255
15 71 243
52 108 196
29 71 218
94 79 232
43 67 245
26 12 218
42 88 256
43 23 178
78 44 258
28 88 219
15 98 237
43 72 233
34 42 217
361 228 224
296 245 173
270 206 196
293 203 218
361 274 176
335 261 174
362 208 167
326 300 195
276 288 174
340 287 177
321 250 215
346 208 180
311 281 167
333 204 171
336 227 233
349 277 180
333 205 221
267 268 219
309 226 238
356 299 161
359 297 190
314 257 170
317 209 183
278 204 214
276 281 225
322 293 151
297 213 243
345 247 175
324 259 196
316 266 167
343 232 171
336 237 235
313 260 228
348 282 175
299 273 160
323 214 152
339 227 157
360 256 222
297 216 222
316 218 191
349 240 193
363 217 227
333 227 215
299 225 236
361 295 199
304 210 229
330 245 213
358 266 160
270 234 167
324 284 245
181 144 439
201 169 482
174 129 473
155 135 412
192 193 462
234 192 452
151 147 452
174 169 432
207 182 468
231 155 447
230 197 437
216 115 423
197 170 420
171 142 471
193 145 422
179 177 418
175 141 484
170 126 415
160 148 454
198 145 466
224 206 428
147 174 495
232 161 488
136 210 410
224 187 472
212 179 499
202 139 430
228 167 458
216 118 459
213 155 439
138 186 475
207 210 414
222 152 459
224 180 484
183 179 405
207 208 462
198 198 416
222 175 412
213 179 458
190 152 487
207 175 465
217 114 477
187 162 470
149 186 420
193 163 466
225 183 479
185 198 437
203 157 477
156 205 499
164 132 410
415 355 277
449 384 282
450 401 298
423 340 253
483 419 309
476 335 272
444 364 245
494 352 301
473 419 273
436 410 281
492 352 282
431 365 313
509 357 268
478 361 304
460 342 322
479 334 242
461 416 301
477 345 257
448 410 306
447 419 249
481 339 321
424 400 280
422 351 295
462 357 230
461 348 240
417 358 308
427 390 301
502 355 235
496 338 295
443 374 242
465 365 280
426 365 242
421 343 285
461 383 258
427 342 257
453 343 282
435 393 232
454 380 329
488 324 318
478 372 316
441 408 230
508 382 258
465 381 254
462 376 278
505 372 234
479 380 314
468 340 280
498 398 255
439 390 326
513 403 293
173 257 256
180 220 352
155 220 268
231 281 266
194 208 259
230 242 285
211 233 356
194 300 351
205 245 312
221 286 310
172 238 323
220 214 312
138 216 354
156 236 355
171 289 307
210 265 289
187 251 333
213 203 294
160 253 268
149 296 260
221 284 340
166 236 289
192 297 279
176 290 262
152 284 298
182 291 276
150 232 272
160 264 304
225 209 299
215 275 267
222 263 315
176 235 312
222 213 344
135 201 263
160 291 299
185 259 288
225 224 310
222 290 261
221 284 262
231 264 343
140 250 257
202 284 266
160 298 322
221 202 343
229 221 303
134 272 328
171 277 355
189 212 318
154 211 339
223 209 278
112 348 314
104 315 272
146 285 235
182 353 221
162 271 260
134 309 258
159 313 221
123 294 223
163 273 320
133 352 249
106 293 272
173 305 258
142 364 271
133 281 265
139 336 315
166 338 292
108 284 295
165 284 273
174 326 236
196 286 291
186 310 268
162 280 246
144 355 274
131 281 279
190 325 285
113 350 251
156 300 292
181 346 253
165 327 269
110 293 236
99 278 276
195 355 227
157 360 262
187 316 284
154 357 222
124 281 295
191 271 253
124 315 221
147 308 252
142 274 271
144 331 242
190 318 266
157 332 315
178 312 308
126 326 274
143 296 319
99 285 291
142 367 244
132 348 243
132 348 237
397 233 302
329 218 325
372 289 343
340 293 334
367 249 352
353 222 307
408 301 321
389 248 322
328 265 314
394 284 341
373 270 354
393 219 302
407 279 308
408 305 350
363 300 374
419 306 379
374 237 335
321 256 330
355 292 337
416 255 294
386 254 298
364 301 382
395 310 355
327 274 345
369 298 380
393 220 378
400 269 378
386 246 377
377 266 386
408 282 332
348 250 311
366 295 323
334 221 384
355 218 330
414 212 296
371 229 311
323 236 348
402 297 292
323 272 357
370 311 353
337 279 380
403 280 372
374 218 337
369 221 390
340 297 312
319 269 313
341 261 353
377 293 307
400 242 338
379 297 363
225 206 425
268 203 431
270 200 458
236 208 447
171 246 450
182 261 419
172 253 474
226 265 407
205 168 466
195 185 467
269 225 404
207 195 383
233 223 403
236 200 472
238 259 450
192 201 456
227 209 437
234 225 419
229 183 471
195 176 384
211 216 437
250 268 462
217 184 410
224 255 473
222 254 408
199 254 394
265 207 469
254 219 388
264 180 429
221 218 476
236 234 420
230 244 416
200 184 385
246 240 381
200 226 462
182 242 403
248 233 474
266 249 474
252 209 416
207 208 383
192 197 393
240 186 454
180 222 384
177 203 400
260 191 392
201 236 450
199 250 457
176 183 473
203 244 471
187 235 425
193 129 386
246 200 351
163 114 348
161 180 376
173 178 438
254 114 429
173 159 373
174 175 360
243 138 418
223 160 425
175 121 370
237 186 366
165 149 431
181 179 362
253 128 360
169 106 382
160 177 356
213 134 358
217 142 393
229 119 384
159 136 368
194 113 366
237 177 374
250 117 426
248 168 416
169 146 432
164 130 357
213 145 429
247 116 380
240 124 413
232 113 372
256 109 350
192 117 368
172 169 353
226 114 345
185 200 368
189 181 426
189 165 382
172 125 394
170 158 389
180 140 420
173 112 378
178 172 393
246 155 391
181 178 409
250 152 383
228 134 396
185 200 430
247 173 359
186 161 373
294 208 303
324 233 330
335 279 275
362 257 313
345 254 355
313 261 364
388 196 323
340 269 319
305 230 275
336 240 291
330 263 280
369 254 355
346 224 359
380 263 364
359 270 329
309 242 353
350 277 351
292 272 307
301 260 279
386 235 356
314 262 365
307 202 282
310 287 345
354 243 346
315 242 310
342 227 309
327 247 288
349 195 292
318 241 306
349 223 371
353 284 326
331 195 271
367 252 311
363 270 303
355 197 292
352 194 363
303 197 366
322 264 317
375 223 301
315 263 355
292 224 345
304 195 343
303 208 344
384 215 313
392 209 280
344 239 344
298 218 358
347 291 313
340 254 315
375 270 310
147 275 282
137 295 260
144 271 309
90 341 297
159 297 284
122 303 297
116 272 252
166 354 294
169 318 272
162 281 337
78 303 282
125 354 307
149 346 313
114 363 323
147 338 256
91 342 265
112 298 324
130 352 328
91 330 272
168 320 287
100 321 297
111 359 341
136 329 282
119 275 316
99 306 312
97 347 317
109 333 341
114 284 345
83 297 311
84 360 307
72 306 345
104 279 333
91 272 268
108 270 324
149 328 278
97 306 286
71 312 273
124 292 261
151 327 344
127 323 299
105 349 275
118 335 269
164 300 297
110 271 276
119 299 278
166 362 307
148 322 286
105 286 281
157 273 302
120 333 337
142 300 228
207 264 170
194 234 237
166 324 262
126 251 219
170 276 264
130 266 257
147 241 194
155 313 195
196 284 221
198 241 179
174 263 249
176 249 247
207 297 260
118 267 209
136 328 226
196 243 183
118 267 202
155 275 243
160 309 187
129 255 253
187 303 216
152 265 180
158 281 252
197 304 216
139 315 190
120 316 192
138 247 260
201 259 175
138 288 249
182 241 267
121 321 176
182 274 174
131 306 257
208 325 175
156 314 195
201 283 241
125 260 196
141 330 205
165 316 200
134 283 242
156 318 231
112 283 208
199 298 252
201 294 195
191 291 189
180 322 246
147 324 225
154 245 241
144 302 202
428 386 448
344 382 510
383 332 508
341 396 505
350 390 506
413 396 502
370 351 509
403 350 428
417 324 477
370 346 484
375 320 507
367 337 497
390 304 447
340 369 471
330 397 433
373 330 475
341 320 443
335 311 458
366 337 461
380 403 484
351 309 517
386 373 457
422 385 522
412 384 483
391 379 451
363 370 498
349 388 462
332 354 482
334 365 473
405 372 510
358 309 475
370 391 430
379 375 433
372 394 519
379 346 475
427 314 513
357 385 495
359 365 466
348 377 453
376 382 489
343 319 514
377 403 487
388 391 445
420 398 498
332 310 472
393 396 435
423 357 520
391 367 514
416 315 466
413 360 519
472 138 219
455 144 278
483 57 282
490 152 267
456 143 231
474 104 289
524 127 210
460 74 240
455 142 273
528 155 302
468 122 282
533 64 281
455 117 288
477 82 214
527 113 296
484 92 270
460 119 280
448 62 262
450 145 238
469 129 258
520 90 222
438 94 259
530 102 267
487 136 230
487 61 291
500 129 274
488 63 220
460 140 258
447 66 288
522 85 271
452 94 210
535 101 278
471 143 215
454 108 212
514 145 217
510 61 216
528 111 304
458 114 218
527 141 217
535 146 265
448 84 288
473 127 235
475 91 252
536 98 308
465 66 286
457 64 238
475 133 297
497 153 309
497 146 246
501 153 281
25 170 395
15 221 477
6 146 432
-5 218 433
-10 163 445
23 215 401
37 210 400
63 197 471
-18 221 473
58 224 407
50 226 461
75 211 393
-7 191 456
54 156 382
21 173 475
-9 165 387
11 224 385
64 227 450
80 192 378
20 153 422
81 208 449
-13 200 405
64 132 456
26 175 408
-16 165 475
3 200 384
30 209 402
4 181 381
11 129 443
73 146 473
76 130 473
-4 188 391
15 192 418
67 193 473
80 161 392
64 145 385
24 183 403
51 201 407
3 171 468
37 223 458
31 175 447
-11 145 461
57 157 397
-19 133 475
67 154 415
-12 145 453
-5 173 398
25 200 390
8 215 426
49 148 379
94 181 102
76 142 112
12 192 112
32 174 173
73 111 170
95 196 187
87 121 197
41 167 160
54 154 124
60 157 138
85 184 140
67 158 123
27 110 138
6 114 174
24 187 165
35 127 104
20 113 142
17 128 117
81 158 196
59 140 102
2 137 150
50 144 198
23 180 104
38 120 154
53 161 173
29 126 181
90 203 119
84 126 103
79 178 175
19 111 110
71 206 176
75 174 153
69 127 161
51 113 122
38 207 126
44 163 170
2 144 178
59 149 190
35 166 124
46 204 118
79 178 190
39 135 156
62 120 186
26 202 139
61 195 121
22 189 181
86 155 114
51 189 152
48 127 154
11 142 110
256 354 198
208 332 133
191 383 137
223 380 173
193 366 197
214 325 137
242 318 115
262 332 172
264 353 115
216 308 109
216 325 186
221 378 152
213 395 204
247 351 119
276 360 186
236 346 161
234 298 125
281 393 184
238 376 166
223 298 159
216 334 168
231 306 124
255 357 185
195 347 119
203 300 204
213 379 144
245 320 207
224 300 201
225 374 182
260 339 204
280 310 112
276 366 178
209 324 125
258 311 185
253 314 147
194 299 169
187 386 191
233 379 135
240 332 197
253 361 126
237 391 207
246 314 170
198 358 132
204 391 206
237 333 170
251 372 126
190 344 186
193 314 144
228 362 198
236 340 142
416 -22 370
490 60 324
462 41 366
474 -28 345
488 7 291
434 39 290
501 47 377
498 56 360
505 -28 375
466 52 356
494 11 349
485 6 303
412 53 321
418 -26 286
447 3 367
482 -3 325
439 -3 347
499 37 336
506 32 339
459 -2 294
433 9 284
450 -14 371
488 54 337
476 35 281
474 -21 375
505 -22 292
498 69 368
467 -23 356
498 -23 342
460 10 350
425 32 282
442 33 309
492 -25 282
476 1 300
481 41 308
431 -24 358
457 47 352
436 -17 362
433 27 371
447 47 371
419 -10 303
451 69 281
492 4 300
440 -8 300
482 58 312
456 -26 366
422 28 311
501 -17 351
500 31 357
510 -17 296
171 221 192
184 189 211
153 243 189
217 285 198
144 282 137
152 190 130
195 198 225
138 239 209
186 225 137
142 268 221
223 203 197
126 190 143
168 192 186
151 273 166
221 189 149
221 236 161
164 278 147
207 192 151
176 260 137
184 218 149
137 251 211
171 278 169
154 258 136
178 275 167
220 190 137
213 284 157
158 272 158
171 230 226
132 215 225
213 227 193
212 212 141
171 276 158
143 286 200
127 235 208
140 202 174
210 289 146
196 280 129
203 214 142
164 275 183
203 281 137
201 221 168
191 215 208
221 286 205
195 273 165
184 206 197
139 192 221
156 201 221
208 212 152
202 269 153
151 247 203
438 419 521
498 436 487
438 508 491
501 476 459
454 505 521
509 471 536
461 426 482
476 429 450
456 481 547
535 452 537
517 492 520
436 410 478
480 481 475
530 462 491
443 507 544
442 456 451
462 500 501
447 426 525
465 485 467
535 437 471
531 456 535
475 416 469
517 422 540
475 433 492
453 413 461
436 449 515
496 450 546
496 474 533
473 422 538
499 428 508
471 479 461
458 451 458
515 448 496
484 449 507
452 504 546
491 485 450
478 497 535
459 447 497
455 414 458
512 503 514
536 489 484
490 441 487
450 433 461
455 410 522
481 463 499
501 474 517
477 469 530
466 432 539
533 438 478
451 449 483
165 365 367
121 323 341
172 346 355
140 344 395
156 336 383
211 343 350
184 299 318
199 304 359
167 304 412
214 322 377
144 361 314
172 306 376
128 360 348
135 375 363
120 363 329
148 340 363
172 341 405
139 343 326
163 344 319
118 363 379
196 320 365
148 326 397
184 375 409
125 304 383
168 290 341
171 362 355
183 298 379
173 340 329
179 352 328
195 293 350
136 371 397
170 382 389
211 347 403
205 285 338
186 295 378
182 367 327
193 345 340
134 326 387
162 301 339
124 379 401
140 370 378
207 301 352
174 314 409
161 300 385
177 351 335
167 366 376
128 379 352
136 322 382
214 317 395
212 326 394
155 135 37
81 130 9
116 192 16
81 216 38
81 160 20
86 167 61
121 198 25
112 225 34
102 140 28
155 188 94
156 193 82
103 202 81
141 223 83
127 155 46
148 208 42
99 224 71
153 169 77
100 227 89
164 149 68
171 171 38
95 217 67
97 204 87
103 190 46
127 150 58
115 174 20
156 186 104
171 144 59
169 170 29
139 149 32
79 134 62
100 221 87
113 155 18
117 200 98
159 146 81
102 135 43
127 170 70
118 182 39
152 168 41
171 212 47
166 186 52
148 205 101
85 143 12
131 165 64
94 182 81
160 222 56
104 136 62
126 221 102
102 208 71
118 188 57
158 213 73
405 286 365
459 289 300
397 233 313
401 217 370
409 213 285
428 213 364
451 224 330
417 269 362
438 231 374
427 284 306
426 273 294
467 243 332
449 286 288
378 200 333
463 235 319
421 212 375
465 262 284
377 274 341
408 244 341
380 268 288
455 233 290
449 199 334
369 233 284
451 209 313
370 251 304
409 197 340
396 201 322
393 270 342
371 277 278
415 279 378
404 219 370
407 286 307
434 248 291
452 207 365
375 235 298
386 286 279
467 233 293
423 231 332
372 292 333
372 279 333
459 222 362
388 207 333
389 247 322
462 269 303
429 209 288
447 255 335
412 230 378
426 246 337
398 244 377
445 283 372
190 315 195
186 341 139
105 388 135
188 370 132
113 379 227
133 327 139
108 302 170
141 380 176
164 380 184
126 343 192
183 375 228
169 378 213
113 342 204
185 391 160
187 316 204
106 378 177
163 350 138
138 317 213
106 325 202
166 371 200
178 298 199
173 350 185
140 311 198
114 302 130
182 336 165
115 380 210
190 366 159
123 372 130
142 371 182
121 298 164
158 395 149
126 358 150
171 372 170
123 395 187
109 366 165
163 339 187
133 355 193
144 376 196
181 387 179
150 303 156
159 395 135
182 392 194
127 375 165
149 350 184
168 324 180
127 343 178
203 310 167
143 391 159
126 326 223
134 375 215
193 209 180
214 241 169
218 228 258
271 219 222
219 193 174
223 218 190
277 201 248
202 259 228
268 246 218
235 245 260
257 250 226
293 194 195
256 242 249
207 179 175
208 235 186
253 236 210
199 216 187
202 238 213
218 226 215
217 211 211
286 223 234
213 177 206
242 255 253
198 254 183
252 180 230
275 187 212
225 202 193
215 253 170
258 222 228
228 199 240
246 219 203
215 256 214
276 201 235
265 213 233
244 176 212
281 199 243
248 268 262
233 211 206
272 269 170
289 270 222
226 198 249
212 222 236
249 259 235
249 174 184
284 253 209
255 203 207
206 213 237
210 239 261
261 262 217
198 240 255
222 46 296
226 72 299
248 81 224
284 81 272
224 61 315
225 69 261
253 18 275
255 12 233
258 19 251
221 14 271
235 74 274
258 11 290
263 33 248
270 46 281
304 71 309
239 72 219
272 31 308
274 41 295
218 19 270
308 -7 275
282 27 247
226 67 253
252 -7 254
266 -7 285
294 66 220
240 15 293
243 74 267
233 11 266
266 35 265
305 74 281
273 15 275
281 51 260
262 54 254
260 5 293
220 32 288
291 64 231
241 -5 220
305 -1 298
294 26 282
295 31 244
247 53 290
284 66 240
223 12 268
237 3 303
244 53 235
275 31 287
303 7 275
220 53 304
258 -7 244
222 -8 218
162 380 326
159 357 323
131 404 309
174 409 287
118 343 257
165 400 265
122 346 272
115 378 254
168 372 335
125 373 318
197 422 317
125 332 304
113 418 267
145 380 266
192 329 256
104 418 295
136 338 286
189 385 305
145 338 263
102 391 269
195 351 324
192 337 249
176 349 325
173 344 299
166 365 252
112 370 314
172 366 295
106 375 314
107 404 334
144 428 265
136 425 258
192 388 246
168 344 297
197 387 280
115 354 318
137 356 278
140 338 253
186 366 237
197 393 267
140 361 311
153 390 329
196 350 267
179 354 299
179 361 264
200 365 264
154 338 239
174 378 308
178 361 270
142 346 237
162 371 295
409 52 412
428 11 393
485 95 381
414 55 392
458 71 440
405 87 367
416 39 384
426 18 439
457 100 435
464 56 346
399 82 415
397 84 438
480 93 384
410 60 377
408 67 370
451 30 421
420 15 396
416 103 342
445 21 349
403 64 395
423 27 356
480 18 424
406 80 363
406 7 438
486 13 381
387 83 380
442 41 429
431 17 419
405 4 377
477 92 372
449 74 385
483 37 372
428 81 352
422 36 404
471 94 345
418 101 402
473 28 357
485 74 393
446 77 396
447 104 432
461 80 406
455 43 371
406 33 361
479 80 378
398 85 366
418 53 357
392 49 395
392 92 374
439 24 373
433 101 373
309 173 150
310 167 131
310 111 91
331 127 114
336 109 168
338 152 97
313 178 89
289 152 176
286 90 157
374 156 103
325 109 152
365 169 121
335 94 153
347 161 129
379 83 105
332 118 87
303 115 149
380 98 140
363 81 106
328 85 148
327 97 116
323 81 135
332 111 139
285 126 118
357 139 151
353 119 173
364 112 148
296 160 85
287 93 159
329 150 135
315 178 146
350 110 99
378 80 175
310 81 145
365 85 91
367 105 110
305 138 115
304 161 161
369 114 108
321 100 143
366 114 107
311 105 177
341 83 87
347 152 137
324 172 120
373 123 106
368 150 130
375 144 117
317 163 148
337 152 112
257 292 335
271 303 284
238 257 293
254 284 268
206 258 310
218 329 307
192 236 252
241 316 286
257 242 286
191 319 310
202 309 240
240 300 280
211 256 327
250 325 325
284 279 240
246 268 309
252 269 269
225 332 316
249 250 293
243 322 302
216 304 326
244 327 245
284 320 245
239 323 242
259 314 256
236 243 295
238 297 281
219 314 298
270 320 236
273 265 256
245 303 315
265 310 236
263 327 249
290 240 329
222 311 284
251 312 264
235 254 290
278 263 242
235 258 283
247 307 315
268 260 304
282 292 257
226 277 293
248 282 292
211 237 328
239 283 324
249 314 332
282 328 302
228 287 240
235 327 336
308 305 374
382 265 371
310 280 355
282 319 358
323 235 325
312 301 352
327 260 350
296 255 404
350 226 320
345 256 330
377 237 348
376 227 388
368 239 403
318 280 372
301 261 412
325 257 366
302 279 358
291 270 321
364 255 359
306 272 383
302 308 346
316 226 412
335 309 322
344 228 403
320 306 399
310 273 333
379 299 373
356 278 360
321 314 376
308 247 326
374 309 330
327 314 360
381 249 390
351 309 357
320 249 330
342 311 366
348 297 365
320 241 317
320 300 325
289 323 370
331 314 322
290 236 359
378 228 350
312 302 338
379 298 396
382 318 334
372 254 360
302 319 390
333 274 349
287 321 335
21 302 297
116 356 290
83 353 319
74 335 256
97 352 256
118 343 320
65 350 248
69 301 250
44 325 306
36 375 249
105 346 303
36 351 299
58 340 274
57 358 332
29 290 280
115 387 295
115 295 309
109 312 264
82 380 242
49 294 257
82 369 252
66 327 293
50 378 279
118 315 328
56 323 312
25 336 294
40 322 335
76 312 260
40 297 246
92 310 276
54 319 340
63 297 293
99 352 306
22 364 268
18 313 278
75 355 291
106 292 243
25 388 283
68 341 318
54 313 246
97 366 322
78 353 299
86 341 256
33 310 266
112 364 260
51 299 335
74 310 257
43 370 244
97 306 272
62 385 265
397 167 385
372 130 430
363 146 416
409 120 386
416 136 382
332 183 350
327 107 340
365 113 338
366 156 335
394 96 407
405 167 395
410 101 334
417 136 333
392 184 333
385 187 419
376 170 335
363 95 365
376 177 336
329 121 336
404 188 361
412 136 364
402 145 386
364 162 345
411 118 365
344 161 376
401 146 358
350 128 411
394 125 344
382 181 418
422 111 355
415 173 429
363 170 374
410 103 413
368 160 380
373 114 430
333 118 365
338 162 419
409 112 359
346 104 420
355 128 375
387 99 411
352 156 393
367 104 353
407 102 375
376 186 356
322 181 341
322 154 345
409 109 415
415 105 343
384 115 408
186 409 292
153 416 320
174 436 378
164 376 378
153 410 364
225 402 381
206 434 285
143 425 310
220 447 373
197 439 353
140 463 285
198 409 355
188 378 335
206 456 303
194 420 370
149 475 338
142 440 355
166 452 368
206 405 333
147 474 362
190 410 306
161 399 311
201 407 355
153 381 325
173 423 373
145 442 374
138 403 340
193 463 312
227 407 314
177 463 284
154 439 323
219 442 330
223 423 317
178 415 343
214 391 358
210 454 343
175 412 353
190 430 346
162 405 306
164 464 340
183 422 368
173 378 305
196 449 353
184 443 340
196 473 384
226 375 285
209 430 306
181 408 365
164 464 286
187 391 329
184 388 386
195 388 446
218 465 350
210 427 435
253 439 407
187 449 424
191 382 398
227 431 372
239 440 415
213 457 411
185 432 406
257 463 428
170 456 358
197 437 436
197 457 360
259 372 433
167 433 376
259 382 387
243 412 433
168 459 362
223 418 390
172 384 429
176 463 425
241 456 399
244 415 362
250 421 422
214 458 381
225 377 426
202 408 420
237 389 409
180 393 404
170 430 411
167 435 442
190 451 416
204 446 447
259 409 385
168 428 424
262 420 374
167 457 437
199 425 375
174 400 396
249 429 445
232 398 425
227 435 358
183 443 355
256 411 390
171 403 349
177 438 390
181 424 362
167 429 405
121 178 96
110 185 97
82 108 117
82 113 150
107 133 117
121 190 141
68 183 107
60 130 135
125 136 127
124 166 183
145 158 138
134 114 118
113 130 105
147 162 173
131 146 142
77 154 93
125 191 146
136 127 99
98 127 148
71 188 184
133 131 112
118 174 181
159 138 113
70 183 146
65 147 117
80 179 165
72 102 94
118 129 142
149 147 182
102 146 146
116 127 95
63 119 166
121 166 168
60 195 134
108 174 186
70 123 112
64 191 150
107 174 180
148 189 132
156 159 129
93 178 150
154 152 129
117 149 150
145 99 131
66 177 126
125 196 95
150 188 103
119 140 133
129 170 114
146 183 181
492 316 337
421 392 346
472 302 354
438 304 398
466 326 342
477 293 365
399 304 397
464 304 341
489 348 386
395 357 388
484 366 400
420 317 320
432 356 353
473 359 378
462 379 405
471 361 373
403 357 412
400 321 341
438 350 360
444 363 333
434 312 323
400 381 388
435 293 388
477 341 341
449 384 415
416 326 382
442 324 351
447 364 355
399 347 371
455 393 415
480 334 383
426 353 345
414 333 352
430 297 381
437 350 369
439 379 381
403 377 330
392 359 325
435 305 337
392 379 382
395 296 316
407 310 354
420 314 350
479 365 393
412 311 375
467 368 412
394 354 386
490 335 395
478 323 355
488 340 361
153 216 507
112 185 460
96 151 529
134 189 452
94 174 473
96 140 471
108 181 527
166 200 496
129 213 481
145 232 452
111 178 493
159 156 488
126 166 508
103 159 526
97 158 458
136 168 461
153 192 450
147 225 491
80 141 491
170 228 474
159 229 540
112 154 488
134 231 539
138 137 506
163 141 483
99 202 470
136 218 500
135 171 514
100 183 475
157 155 525
151 216 443
156 150 450
144 200 519
79 185 534
130 170 527
151 137 466
104 146 506
164 156 442
149 214 451
141 213 533
100 196 539
137 154 448
119 228 484
132 224 456
97 171 473
122 201 509
135 172 489
132 157 495
138 189 511
168 141 445
411 334 121
424 306 106
419 303 166
398 331 141
493 325 118
442 365 136
443 323 176
396 382 108
426 357 149
475 373 141
494 378 182
454 319 150
403 352 147
471 386 156
407 372 171
447 320 104
493 337 109
415 389 138
454 389 108
412 385 176
473 291 152
411 290 82
426 292 156
415 304 139
458 380 109
403 347 99
421 322 151
454 316 167
453 357 152
487 347 139
430 338 163
495 371 135
407 370 161
437 298 109
474 352 151
456 323 148
484 355 172
441 387 132
464 342 124
475 366 134
439 343 82
442 378 180
436 381 119
468 380 125
449 383 101
453 297 140
459 371 134
455 364 173
419 313 111
478 351 172
69 197 186
54 236 270
60 193 179
132 206 184
84 186 214
43 151 235
63 234 217
33 212 223
131 149 181
106 166 232
86 226 265
62 228 241
86 150 248
80 163 246
123 241 250
125 197 207
77 153 234
85 157 218
116 241 272
67 217 252
108 209 260
102 209 189
110 191 183
52 242 228
39 196 248
80 171 255
107 166 254
55 212 183
56 167 255
58 162 201
111 209 216
124 153 224
74 240 229
126 221 185
104 152 258
98 235 207
101 199 202
63 183 185
126 165 200
114 148 264
108 186 224
94 224 201
114 153 258
90 246 273
99 226 194
89 245 188
74 243 193
62 188 183
88 195 228
111 184 193
77 337 393
120 289 327
67 337 401
117 329 315
68 281 324
117 300 382
70 295 354
116 273 375
90 301 389
114 344 379
127 298 367
96 247 325
59 331 382
83 308 336
132 304 352
147 248 385
131 342 326
110 307 377
95 332 332
66 306 372
83 263 361
81 313 381
68 293 307
129 323 332
64 288 324
75 251 315
122 287 333
145 316 356
130 262 350
74 304 391
68 251 402
80 293 331
75 260 309
145 313 326
97 272 358
58 324 333
101 272 393
72 330 310
127 300 331
83 339 355
116 324 310
156 279 381
65 312 337
105 324 329
93 284 342
69 330 389
101 266 391
119 288 373
71 306 386
133 317 396
74 459 508
102 484 467
79 495 461
167 485 411
162 520 474
122 463 500
135 479 462
139 470 429
166 497 439
158 499 429
89 472 493
160 461 457
139 503 463
122 497 508
101 498 472
72 504 441
124 473 475
101 537 425
97 459 508
111 494 433
160 466 433
155 473 427
122 473 420
111 493 477
145 513 462
100 488 473
100 465 430
148 476 429
104 444 450
168 474 487
159 476 416
158 445 427
129 461 505
170 514 411
95 486 487
149 458 471
154 536 437
117 523 454
106 526 486
154 459 500
136 488 491
85 461 436
104 531 465
102 476 446
103 455 445
155 513 423
90 507 448
93 452 426
79 451 426
159 507 483
360 132 455
412 124 479
407 165 418
377 187 460
401 149 469
397 192 443
414 161 471
423 145 468
356 188 457
340 171 459
396 183 455
338 205 387
420 150 447
428 150 443
408 148 458
359 151 477
424 204 476
424 189 429
381 145 402
343 126 417
341 205 407
337 160 396
427 164 463
367 175 459
342 174 395
380 126 434
406 144 389
337 138 461
396 184 450
391 209 483
396 218 462
416 188 470
393 213 448
415 191 388
373 166 389
362 184 433
362 180 436
403 210 394
360 206 431
409 186 482
370 193 477
346 185 469
369 125 464
424 162 427
347 199 412
387 220 465
414 137 418
371 148 446
334 182 478
360 132 405
196 338 378
229 353 417
214 338 378
250 325 432
227 373 367
246 341 371
199 298 452
233 319 355
259 340 401
232 350 442
286 368 405
242 318 444
267 295 435
227 337 427
270 322 388
272 321 367
203 335 398
254 343 381
205 354 387
244 351 422
231 371 373
276 324 411
235 358 368
247 298 435
271 310 354
243 383 451
268 316 393
267 354 365
284 326 356
262 356 453
285 384 364
214 295 420
258 363 395
201 384 416
280 317 408
236 306 359
239 348 360
255 372 389
249 382 389
270 379 408
205 340 397
229 314 408
229 363 428
274 350 428
229 298 386
244 339 442
230 338 418
288 340 442
206 359 446
273 315 450
272 116 141
293 58 177
309 130 154
290 66 177
333 121 123
282 126 180
359 139 141
364 78 164
370 148 172
321 109 144
361 74 174
336 72 184
330 75 146
289 113 198
329 57 177
339 141 186
327 65 189
339 127 136
355 69 115
299 79 154
331 90 183
312 86 174
307 132 137
285 68 195
289 109 192
308 143 115
294 145 192
289 56 137
356 88 143
363 60 154
371 71 160
276 73 177
343 127 122
283 142 187
302 110 140
306 57 138
301 93 132
292 69 184
318 84 170
283 152 175
294 93 196
315 126 146
326 83 103
289 98 179
356 115 189
334 150 168
365 58 116
276 153 149
339 54 146
353 73 126
368 318 367
393 384 328
446 375 279
380 355 344
424 365 360
368 298 371
441 327 298
369 387 368
382 329 338
421 309 373
381 315 334
353 292 307
450 321 290
377 372 328
371 358 298
408 369 368
443 359 356
371 296 300
401 362 339
390 385 366
372 360 310
431 339 374
446 291 332
451 292 367
414 351 349
434 303 303
356 355 337
376 341 356
382 302 311
373 359 306
368 290 334
368 387 323
447 342 331
367 290 279
426 367 378
381 304 338
435 323 289
384 311 290
383 352 349
429 336 294
420 328 329
411 330 377
391 365 362
449 306 308
370 385 311
452 302 349
383 309 361
433 369 336
435 305 345
382 372 347
460 454 397
438 399 328
513 468 362
425 404 352
457 461 331
438 474 359
446 464 401
477 391 349
523 436 334
435 427 344
496 474 362
441 439 427
424 460 416
503 455 417
439 442 409
481 428 336
468 445 371
429 450 395
435 405 423
428 454 340
478 439 333
444 446 395
445 418 391
436 414 345
483 469 390
427 465 361
462 465 345
425 386 392
510 462 366
464 464 339
489 449 349
432 411 373
490 473 383
480 461 375
427 398 380
519 401 416
458 464 387
437 389 382
451 425 367
460 457 373
444 473 405
504 398 390
468 401 364
518 461 384
442 462 357
488 389 397
452 484 424
473 432 399
510 395 389
426 465 375
328 109 382
313 43 411
295 91 438
280 38 434
274 76 384
277 76 448
372 83 438
363 119 378
327 110 384
315 114 382
305 62 420
337 60 426
290 122 416
288 40 404
369 108 426
295 34 430
285 63 411
313 41 406
307 35 431
365 118 461
360 61 447
287 107 471
301 39 393
318 44 389
307 62 415
369 42 454
354 107 404
299 27 389
326 52 448
311 109 412
359 116 465
345 116 396
313 88 409
282 47 431
310 36 394
320 66 380
350 89 441
277 92 443
354 65 413
280 79 439
296 97 404
313 60 388
352 82 464
298 113 464
368 118 376
365 113 385
343 35 444
352 93 376
360 51 437
322 79 394
47 474 67
37 415 121
39 417 117
76 379 74
74 456 77
46 377 67
106 445 74
74 397 75
18 430 82
78 445 50
84 451 106
73 410 27
30 407 53
62 381 73
94 448 116
88 455 120
62 402 115
48 380 120
71 464 121
49 405 29
82 459 94
20 454 106
65 461 109
93 422 69
76 450 125
54 428 57
44 457 28
12 457 67
72 416 57
43 390 110
110 475 119
87 417 29
47 436 111
89 438 88
83 409 33
53 403 32
98 431 118
52 404 82
49 476 109
15 388 30
71 443 47
94 402 100
74 380 39
91 411 47
49 442 40
96 382 104
92 450 36
33 419 35
53 452 117
70 437 87
192 349 4
170 342 94
205 352 40
169 359 83
175 300 78
173 341 6
162 347 82
158 337 97
132 293 70
198 313 64
152 355 72
192 348 31
145 355 -2
164 301 2
119 299 55
154 310 49
171 366 68
114 365 18
190 362 72
131 331 52
143 315 90
113 375 93
168 291 12
107 317 95
180 295 61
156 340 43
123 342 7
172 289 22
199 320 59
182 365 14
121 353 78
152 300 10
205 337 85
145 286 19
203 312 47
150 302 87
126 280 79
125 282 49
111 359 55
149 369 97
189 330 6
122 322 2
116 308 41
108 358 91
204 331 56
185 371 71
141 358 33
200 281 32
156 290 97
121 348 37
-8 26 447
-25 -6 429
-24 -26 416
-19 -6 495
-11 -36 471
3 -33 472
-17 46 485
0 -13 418
13 37 472
6 -6 425
-41 22 511
31 6 480
-1 -15 480
48 -39 419
19 34 500
-35 3 494
-13 9 414
-47 34 475
6 -25 429
-21 -38 509
-44 -23 422
24 48 419
-3 8 459
19 6 483
24 -32 454
-8 25 500
-22 3 439
5 -17 496
-14 -33 444
-39 20 468
-1 20 493
-6 -29 492
16 -33 504
6 -32 497
12 0 485
-25 35 459
-45 6 450
38 16 505
-48 20 490
20 9 421
3 43 511
19 -6 496
44 42 490
31 7 438
38 -31 479
4 35 429
28 50 424
10 26 471
-8 41 446
5 -46 424
387 136 160
330 74 120
365 150 150
403 58 116
366 137 153
354 106 95
342 68 122
317 70 129
412 82 130
410 127 136
347 64 102
408 126 93
334 111 148
399 146 81
370 144 148
324 59 91
374 66 89
369 81 100
363 64 110
346 112 101
413 63 129
324 124 143
408 59 119
389 106 170
336 64 140
357 72 87
343 100 151
388 68 167
351 137 162
325 133 168
389 154 157
373 81 129
414 85 144
330 130 143
412 87 155
341 102 161
334 152 84
382 113 107
381 102 97
362 82 77
333 108 92
372 113 143
377 102 96
345 143 118
365 108 85
397 57 138
338 122 157
329 85 105
337 118 107
348 121 110
310 482 264
368 446 316
313 429 305
346 482 276
335 456 281
374 480 301
295 462 293
367 442 292
297 510 259
308 439 270
358 470 327
330 502 267
303 502 270
353 506 329
293 505 323
365 494 268
315 506 295
377 486 295
294 417 278
336 501 355
296 466 349
381 483 344
346 452 268
307 504 349
336 420 259
371 465 346
302 426 281
315 493 352
376 472 287
352 442 276
301 415 279
326 442 327
302 449 341
377 425 325
308 429 355
362 475 333
309 436 347
333 413 320
313 497 296
364 465 279
375 504 303
337 508 311
340 412 352
294 466 308
356 485 349
324 486 273
324 468 327
362 511 333
347 460 328
301 501 315
-15 467 290
38 402 307
-26 417 310
-24 439 318
73 472 247
73 423 232
3 443 282
-8 451 313
28 449 231
38 484 236
-7 411 250
28 479 298
-6 411 249
9 495 259
30 459 252
67 492 309
67 405 303
-17 428 311
-25 476 265
18 409 297
-11 461 272
31 471 250
52 424 273
71 473 263
17 411 252
26 490 297
45 406 250
35 435 282
68 463 242
26 472 256
27 491 274
45 404 227
48 414 320
43 460 278
68 453 269
-12 465 295
35 445 228
-24 486 320
39 480 280
-1 403 296
-24 463 304
65 447 306
60 451 237
43 406 307
70 455 298
61 431 271
39 498 231
29 414 297
10 437 292
32 409 235
513 364 339
469 286 387
494 345 353
528 323 297
506 289 361
440 316 393
515 336 295
477 302 299
460 354 324
464 295 365
503 354 302
476 278 346
472 372 325
526 353 343
445 323 333
516 310 355
463 373 337
481 308 342
449 323 370
503 324 344
467 289 308
507 351 345
485 338 298
437 354 353
434 304 372
471 330 324
469 319 350
480 317 370
471 363 372
438 347 390
449 368 323
504 363 341
493 287 336
514 353 392
453 329 394
521 337 384
496 338 329
480 338 342
469 355 302
524 310 364
493 276 365
515 332 394
485 308 379
510 369 384
493 357 363
474 296 300
431 322 359
473 301 388
521 331 317
489 332 371
33 374 261
9 440 319
-4 434 330
54 414 310
6 405 303
36 383 311
36 435 287
-26 442 263
10 407 342
28 403 357
-24 423 314
4 462 339
10 371 303
44 432 268
53 380 356
61 410 341
6 412 349
26 428 266
33 371 329
73 401 340
23 392 296
25 440 263
10 395 318
-13 457 312
5 438 274
12 373 268
43 379 324
-15 417 315
0 420 270
-8 456 291
27 438 299
-11 393 292
-8 372 262
-11 439 334
-11 459 280
31 395 286
32 446 294
-15 404 343
63 388 337
27 396 346
3 460 344
-4 444 313
-15 430 271
38 410 258
-17 457 295
-20 421 302
-5 423 279
26 457 264
56 412 306
59 414 341
383 341 55
355 421 47
399 410 47
414 360 -17
414 394 -26
402 441 19
424 431 19
435 361 8
346 416 10
361 393 -15
445 370 48
401 422 21
376 378 0
400 371 11
421 371 -4
371 407 53
346 398 22
353 397 37
414 421 -2
411 435 40
346 357 -8
438 367 25
408 380 52
428 416 22
405 440 24
415 421 45
441 345 40
408 436 -8
380 383 13
360 341 -36
442 389 25
434 380 -7
379 351 7
436 412 53
433 417 23
414 384 31
381 374 -26
356 383 58
401 435 28
411 428 2
416 414 41
398 440 -32
373 356 -15
444 344 -24
345 371 -18
390 375 27
440 346 2
416 409 10
407 359 -36
366 439 -8
81 425 245
57 462 220
117 441 202
92 447 263
63 430 234
51 482 240
133 450 184
118 460 282
125 400 201
66 463 190
54 477 267
89 401 189
38 464 251
137 426 282
101 390 256
57 438 257
133 403 268
37 470 222
87 455 209
86 466 215
47 440 273
88 425 196
77 420 200
93 424 244
65 426 188
52 440 182
50 454 265
49 460 271
126 486 238
76 415 209
89 453 226
51 408 238
137 435 252
74 429 209
71 395 232
88 398 215
92 478 186
82 434 242
70 482 254
45 449 195
37 474 231
125 408 196
47 398 282
102 403 244
45 417 208
105 435 202
49 411 192
71 430 189
102 485 202
37 476 192
155 321 363
158 304 375
135 331 349
82 268 338
98 307 373
139 282 372
83 343 315
98 281 376
129 350 331
114 308 324
165 273 331
170 303 377
157 274 385
86 270 375
173 269 337
147 299 395
135 313 337
160 275 390
131 330 349
112 335 346
98 324 405
90 310 372
109 334 414
167 335 345
100 264 409
129 258 328
96 293 374
158 328 360
163 291 367
168 257 351
90 279 381
110 325 379
160 347 393
121 328 345
127 276 331
97 297 415
151 278 373
78 270 315
143 279 411
130 272 390
105 322 323
118 301 350
139 266 334
118 254 377
133 280 402
111 282 327
143 331 327
177 340 368
112 335 376
122 277 341
444 111 250
440 103 166
439 141 220
389 105 168
417 161 211
450 154 190
462 173 252
456 142 208
448 176 207
423 135 256
444 131 217
409 102 238
474 114 161
425 102 223
402 175 175
389 186 169
441 123 234
431 169 215
392 93 166
454 129 189
472 167 211
418 189 228
482 164 240
397 123 228
456 119 160
450 94 172
481 171 241
385 186 166
447 178 159
412 116 238
469 130 216
451 93 174
392 127 249
396 100 238
464 115 195
441 170 191
460 116 204
417 142 199
395 148 247
430 142 174
426 181 199
442 164 224
423 172 227
395 142 225
422 111 200
470 108 218
469 120 167
471 164 158
450 97 235
411 186 166
309 518 37
385 525 37
382 474 63
382 475 24
304 433 40
339 529 32
374 528 34
385 465 75
332 439 95
323 432 70
304 507 67
347 477 60
373 455 83
300 508 12
350 517 49
330 463 26
360 499 90
337 465 37
384 524 92
297 497 85
361 474 51
366 449 5
295 528 84
310 490 61
362 499 24
352 506 94
312 444 33
343 522 11
337 488 44
297 471 26
300 508 4
389 462 80
339 510 52
333 514 10
338 472 42
365 446 10
318 465 0
364 431 95
304 493 24
385 511 30
376 459 90
303 508 81
361 479 60
309 508 42
388 437 46
373 527 28
364 487 19
301 457 30
302 446 73
379 519 26
204 68 359
132 78 326
185 67 398
216 -1 366
161 -1 337
187 70 410
145 34 394
202 29 365
191 72 330
204 7 319
134 21 373
152 51 398
206 16 402
161 19 395
140 8 366
198 36 392
167 17 377
212 69 340
172 54 387
175 36 345
116 44 394
199 53 393
183 -3 344
200 76 403
142 -6 406
170 55 353
127 59 359
123 3 320
166 -12 383
214 -16 394
206 0 356
164 83 337
194 63 326
162 44 382
214 83 412
136 37 380
191 30 383
124 47 365
139 43 346
168 -1 409
153 80 383
150 44 336
202 61 354
168 60 350
166 6 353
202 51 344
124 74 321
193 2 329
207 28 351
170 40 409
-2 53 64
53 34 8
73 2 76
17 -7 43
60 55 -5
46 66 -1
86 67 -5
75 -9 44
85 -5 0
46 -13 18
32 6 75
54 -18 5
79 -24 13
66 -4 50
12 56 40
38 45 -3
25 37 -14
5 74 36
82 31 57
84 48 10
82 40 73
32 -4 2
1 56 12
89 5 36
2 0 72
40 1 70
77 76 49
87 -12 12
77 2 5
82 -15 7
29 34 21
58 -12 16
55 -21 42
77 45 -19
24 3 20
92 64 -11
73 55 72
83 51 46
45 -7 -11
71 35 63
13 65 8
44 1 34
12 6 -20
68 12 51
9 -1 75
34 0 68
63 -10 30
38 4 72
37 72 -2
86 65 -14
240 164 215
295 177 253
330 135 270
294 144 186
320 174 214
277 187 266
244 225 224
307 147 195
287 195 270
286 147 263
307 172 252
275 150 278
273 149 239
265 153 255
306 156 200
316 171 263
242 199 194
296 214 253
313 142 216
309 179 231
288 214 183
303 130 241
252 186 264
257 217 245
255 174 209
311 182 231
302 224 264
300 181 182
249 203 259
248 203 212
276 195 211
242 145 245
317 149 250
316 215 238
317 188 209
235 214 275
284 180 216
316 207 211
325 167 242
245 146 210
323 131 197
318 188 251
329 188 201
238 154 231
274 172 201
249 145 237
235 137 274
321 130 185
311 133 186
267 208 269
253 206 282
249 177 226
195 209 201
260 222 254
267 153 279
277 168 213
231 153 271
255 151 245
249 184 196
295 158 209
211 196 202
269 181 293
290 179 197
249 216 199
292 187 238
268 167 263
229 163 268
294 222 286
217 150 223
218 133 246
281 227 221
221 172 240
228 156 219
291 222 254
267 133 250
286 209 202
228 208 290
241 227 240
283 206 204
253 129 219
277 137 201
291 173 236
196 142 276
222 152 289
256 158 211
237 129 281
264 176 249
218 130 237
261 142 229
209 224 266
292 142 223
206 164 240
219 166 245
244 199 249
227 222 293
242 227 233
265 142 197
227 168 253
227 141 252
221 158 271
280 318 152
275 317 140
219 294 86
213 280 70
286 344 77
258 258 103
276 282 156
211 327 90
211 268 80
277 277 145
273 340 126
294 299 78
271 345 150
241 338 73
224 347 155
233 348 94
285 257 98
295 275 140
270 262 157
280 259 63
267 325 122
238 289 70
279 319 109
212 294 156
289 345 66
270 250 112
201 312 115
201 350 97
205 269 63
212 292 153
249 291 131
218 324 161
227 273 128
210 330 159
277 309 106
269 285 69
254 278 139
231 349 93
256 289 66
205 314 136
228 263 102
216 322 119
253 341 150
221 339 120
245 253 109
230 274 62
257 254 63
217 330 64
242 326 105
204 342 105
226 303 169
241 292 156
196 345 172
225 308 160
222 371 229
158 281 169
226 355 217
200 299 231
229 367 160
179 292 189
193 369 233
160 372 149
193 365 211
195 313 228
161 306 153
253 363 149
165 287 206
200 323 205
230 280 223
196 299 150
242 338 200
227 345 217
162 347 142
223 371 157
173 295 236
168 285 206
205 273 148
176 351 226
248 318 214
203 308 183
213 326 183
169 369 181
242 276 189
226 295 140
234 341 153
196 281 179
194 296 232
220 303 173
179 365 219
180 321 160
225 277 207
213 369 206
200 305 176
195 290 234
242 326 156
191 298 187
158 362 210
177 300 193
221 286 216
190 276 234
246 226 64
247 157 36
266 139 16
282 196 74
292 144 64
232 228 48
232 180 45
313 194 6
292 211 30
245 137 8
308 216 29
299 223 62
259 159 67
256 208 40
238 186 32
274 179 64
238 135 76
314 187 83
312 196 77
294 153 15
314 181 57
230 197 41
237 133 91
230 220 50
288 136 21
293 159 33
301 219 86
307 191 52
291 228 81
307 138 75
255 213 85
292 148 8
307 166 84
281 184 42
312 202 61
283 224 -4
314 169 24
263 205 36
298 228 88
249 150 41
255 186 75
258 144 -4
274 207 59
291 180 30
259 177 72
296 180 80
264 224 94
230 137 14
264 149 31
271 148 18
383 210 507
310 259 467
374 288 480
340 228 440
308 288 468
345 215 491
384 257 446
369 254 449
370 209 519
368 262 514
357 203 512
338 210 474
336 290 423
382 241 462
366 274 511
360 278 460
336 226 466
370 279 466
308 216 448
352 229 469
374 250 425
343 296 514
350 215 491
305 210 510
351 211 475
394 262 444
389 209 469
334 257 491
357 280 436
380 272 502
346 229 489
309 217 428
387 245 432
389 265 506
335 247 424
352 252 475
371 294 496
366 278 468
366 215 476
382 213 502
327 233 458
362 290 450
305 239 520
371 277 513
365 232 514
302 262 460
386 237 480
361 283 517
299 234 489
328 278 455
41 469 324
29 437 408
30 485 423
9 393 331
59 417 357
51 414 369
22 480 328
11 434 403
-22 474 371
-10 485 402
-9 424 364
-20 464 349
-23 458 350
65 445 386
-22 413 337
43 439 424
-5 468 398
25 463 345
59 428 383
16 479 424
60 457 402
-24 471 383
-24 465 366
-18 452 424
43 479 351
71 408 373
44 412 344
34 422 369
37 398 382
50 440 335
17 433 366
19 485 399
46 451 357
35 470 363
60 466 382
3 408 391
15 445 403
73 408 409
48 485 402
-25 429 351
63 431 368
11 405 375
-17 469 358
-18 427 422
23 394 407
24 464 391
11 467 417
16 464 364
44 431 381
-18 479 404
348 487 225
368 452 237
366 455 166
359 493 195
403 399 177
329 476 173
351 460 205
389 425 165
352 459 247
358 418 159
353 432 157
322 479 218
364 459 169
391 404 217
371 483 177
326 491 204
356 400 164
331 412 216
413 435 182
352 447 167
410 461 166
391 487 165
403 397 212
314 474 195
393 474 200
317 486 175
404 422 151
327 449 186
356 423 157
337 443 184
409 436 167
338 477 227
317 489 213
325 413 199
348 422 220
356 453 245
324 463 229
336 488 221
337 458 193
411 443 159
329 443 232
393 424 237
352 448 241
412 456 173
378 446 163
369 460 176
364 404 184
400 436 159
387 435 166
341 450 174
373 -2 38
374 81 76
391 74 22
388 18 46
349 32 88
351 30 94
406 47 64
379 16 87
384 15 69
368 -16 64
368 -2 35
335 51 52
360 1 39
329 67 79
395 43 49
351 31 90
387 58 32
381 73 82
400 76 79
397 -14 99
357 81 1
367 -8 58
349 42 69
378 11 9
377 38 83
384 23 21
339 67 65
349 83 79
379 4 37
412 22 15
339 43 42
363 6 71
349 7 62
404 29 52
410 -16 55
342 44 33
336 5 31
389 29 45
413 17 20
413 39 34
351 32 35
390 81 81
408 1 3
398 -6 66
356 5 9
410 67 74
386 20 85
395 -11 100
426 -3 19
335 24 5
418 207 193
488 151 269
448 162 236
477 209 249
487 208 214
463 171 215
457 211 275
489 163 254
415 222 192
415 197 197
510 158 186
506 235 206
465 218 200
508 214 245
450 171 276
416 229 239
497 179 245
512 185 238
496 156 255
427 203 185
490 209 257
428 218 263
427 240 181
427 217 200
423 204 214
428 178 240
472 208 247
426 150 214
487 231 245
483 209 241
461 219 270
468 237 194
513 182 213
491 158 208
458 219 210
439 228 180
479 232 228
513 146 262
464 219 192
435 234 179
463 152 205
498 159 221
430 208 216
427 227 248
418 173 232
497 224 177
430 157 261
434 176 258
459 158 215
430 176 256
135 415 495
91 355 514
110 378 491
140 422 483
147 384 456
118 413 512
158 399 477
106 395 425
84 350 471
132 370 472
109 369 436
178 382 473
166 366 454
87 357 431
147 384 435
146 398 498
119 329 463
176 401 449
160 348 422
153 350 454
100 418 460
80 412 509
96 336 433
175 389 455
91 324 441
145 357 492
124 347 459
159 391 503
85 405 464
129 387 478
103 376 486
159 341 440
104 406 458
109 395 487
97 361 427
102 333 478
118 345 436
144 386 498
110 383 458
137 422 463
107 400 502
80 356 418
142 361 465
132 365 486
112 418 443
130 329 475
107 349 436
146 331 498
119 332 506
79 334 468
123 91 361
177 93 354
146 53 433
147 26 390
124 40 440
198 95 430
171 58 445
107 27 409
190 59 446
191 42 402
148 113 377
131 69 384
125 43 434
157 126 353
186 50 374
141 80 402
172 118 354
158 74 450
158 48 371
132 90 369
156 104 400
184 115 384
179 114 358
147 46 366
105 41 402
99 119 358
187 60 384
121 96 424
142 94 436
178 124 412
199 58 353
117 64 444
145 113 434
141 79 377
128 56 441
181 122 431
199 63 360
124 59 399
194 28 444
133 125 441
197 36 412
169 90 421
197 37 404
110 36 368
113 63 434
150 54 406
192 100 359
181 108 389
164 35 432
135 57 408
131 463 188
224 445 199
138 434 219
160 439 218
133 518 181
212 476 177
187 491 136
226 444 219
163 513 129
183 460 181
215 499 136
170 513 182
182 479 205
133 512 142
176 429 121
145 491 187
192 456 142
142 493 195
219 516 152
203 429 183
194 457 165
216 507 153
209 436 157
153 496 183
140 507 133
156 514 211
185 470 182
226 462 200
143 470 134
202 428 135
139 425 171
190 502 184
152 435 169
182 482 165
194 447 182
190 447 121
171 435 138
214 434 197
230 427 146
204 515 198
182 523 215
145 445 202
130 482 182
204 515 214
229 428 182
141 486 141
153 450 141
144 465 127
142 463 194
162 512 158
320 452 418
374 488 337
340 453 341
377 439 400
352 492 353
419 474 400
330 483 345
387 456 338
385 473 377
361 422 416
342 399 322
364 427 332
375 427 321
401 431 348
360 443 399
334 465 402
353 427 372
414 491 331
400 405 348
358 461 346
345 461 398
353 429 368
375 404 359
341 467 385
396 472 413
394 428 369
365 468 355
358 411 379
329 426 331
352 477 352
402 405 410
369 427 384
361 431 332
348 407 411
407 478 357
413 457 373
368 449 396
350 432 319
367 478 361
395 409 383
383 432 361
350 426 351
332 479 415
326 480 375
335 428 326
324 396 344
323 444 413
380 396 383
357 484 377
415 453 410
207 7 228
164 -27 207
197 -43 243
215 -46 280
213 -38 198
132 23 213
182 17 207
138 -12 280
197 10 257
161 -42 185
185 -48 203
125 46 203
211 39 235
182 -25 190
184 -12 284
126 -37 197
213 -11 198
155 22 184
144 -13 275
127 21 207
135 -28 189
190 49 240
148 -20 264
188 14 190
132 29 277
165 14 266
139 -13 256
134 10 258
218 -3 239
132 29 267
201 47 187
162 -40 191
152 -20 186
189 -39 224
196 46 247
155 -47 260
147 0 219
151 49 235
181 -27 258
171 -31 255
130 35 203
211 -49 233
212 12 242
215 19 195
194 -48 238
164 24 250
147 43 189
219 -45 254
133 16 282
153 -1 208
290 226 250
268 282 281
311 287 341
313 198 279
309 258 281
326 265 326
250 269 275
312 212 260
280 263 329
307 259 337
338 208 329
327 266 264
315 281 308
275 244 327
246 211 318
323 194 335
276 223 315
300 214 303
247 216 265
288 246 279
262 271 302
243 280 332
293 216 260
308 252 322
323 280 280
294 280 251
243 224 260
317 280 270
328 225 315
251 255 287
324 233 247
312 224 254
306 219 258
328 262 270
253 211 312
249 237 312
281 287 246
273 211 334
242 267 257
250 268 283
286 251 246
267 206 342
262 194 315
264 205 330
328 229 260
332 247 326
306 237 315
322 279 308
246 283 307
330 228 246
314 135 209
337 98 215
336 75 145
364 108 168
320 146 136
290 78 183
294 102 218
328 103 124
320 118 128
346 58 125
353 128 119
290 135 125
334 94 187
292 105 196
287 139 176
279 152 176
274 60 201
352 145 163
321 96 168
311 122 150
327 61 170
343 91 157
288 78 170
358 67 123
331 108 177
307 150 170
362 66 141
343 139 124
306 146 219
300 89 174
359 134 145
271 124 163
341 139 218
276 96 158
316 87 197
311 110 197
340 129 183
348 65 168
275 57 163
318 138 180
312 76 178
356 67 186
287 112 183
326 74 175
331 62 145
327 67 187
293 85 124
362 69 136
308 61 134
282 127 195
319 8 336
331 68 417
312 81 331
306 30 390
361 65 380
273 41 409
351 28 400
283 89 404
298 50 380
306 90 384
318 68 427
342 55 393
307 99 367
328 97 353
272 28 389
362 43 394
275 47 364
315 103 367
312 23 396
324 50 333
271 4 427
344 25 421
303 35 335
271 20 425
342 46 387
296 101 395
359 25 342
360 63 407
271 102 422
354 76 361
361 24 333
356 52 379
344 86 427
321 27 334
311 45 413
290 35 408
293 48 417
294 16 395
325 103 337
368 52 387
308 86 422
356 95 355
335 23 397
359 63 415
308 53 399
357 26 399
334 76 376
363 65 353
358 69 421
309 41 394
427 510 294
425 473 299
377 528 325
457 498 363
456 522 366
362 511 311
462 527 304
398 509 371
388 524 346
362 478 373
443 487 362
363 478 375
399 449 370
405 435 305
417 448 304
436 523 355
375 448 298
364 519 279
376 475 285
398 465 285
408 530 294
431 490 331
433 484 283
447 436 355
417 446 283
415 507 289
393 473 340
461 516 351
431 514 313
418 454 371
373 449 378
366 515 360
446 490 370
362 482 292
429 436 312
436 494 334
451 509 293
446 515 338
445 471 322
409 474 363
423 441 375
385 469 376
454 443 377
410 501 294
393 525 344
385 476 370
380 461 341
420 498 376
440 502 310
405 512 318
410 348 157
464 403 219
405 329 232
465 393 196
411 328 223
472 343 200
440 396 238
473 376 166
450 327 225
436 389 175
478 398 253
419 389 211
477 377 196
444 395 167
463 336 225
414 364 237
405 328 187
431 408 156
393 324 238
461 364 161
476 343 198
439 399 186
405 409 205
410 340 220
420 378 193
394 412 234
462 419 220
413 336 177
458 379 185
434 420 160
440 419 227
444 350 179
449 394 163
475 328 200
485 332 218
405 368 172
396 363 183
429 345 216
395 412 185
435 324 173
474 417 202
490 420 217
469 398 226
455 383 198
440 349 209
475 406 202
459 328 161
464 328 188
441 353 155
483 382 246
145 128 205
183 71 185
173 73 200
217 41 149
159 72 191
225 75 186
173 57 229
202 83 169
135 128 219
187 39 221
200 64 166
179 32 142
186 46 195
142 35 158
223 73 140
144 87 191
141 83 205
192 124 136
145 80 196
225 92 177
204 88 211
155 39 227
190 90 169
206 56 235
203 66 205
181 50 229
180 45 154
154 115 210
205 97 145
136 82 190
196 47 141
165 115 218
177 101 176
199 60 167
189 88 228
169 84 150
205 124 200
181 118 169
192 34 231
161 83 138
162 58 176
212 50 179
150 124 223
128 50 164
210 71 155
168 65 182
188 58 217
169 44 173
157 54 139
190 122 160
411 185 232
418 197 212
354 170 238
374 179 232
392 231 238
391 222 275
355 243 242
333 221 262
338 230 188
401 179 216
335 254 237
390 257 251
404 215 212
406 212 225
366 181 198
372 252 187
361 235 201
343 236 199
375 211 222
348 237 238
328 204 245
321 183 263
380 190 221
403 178 203
419 254 235
345 227 285
395 237 264
366 227 262
335 194 243
386 213 247
355 220 219
372 198 264
400 166 233
329 211 234
406 264 187
414 173 230
374 191 186
401 258 249
340 200 276
365 254 270
401 197 197
370 226 188
336 185 277
417 176 199
420 206 250
398 207 268
322 238 268
409 180 254
358 239 255
401 251 214
129 320 451
154 337 424
129 304 403
172 340 457
212 371 431
194 361 436
166 290 412
179 366 437
221 375 497
155 375 492
154 307 400
133 308 409
224 278 443
156 315 430
161 323 479
204 337 466
128 307 493
194 316 445
145 333 462
205 277 453
174 295 465
198 341 447
220 306 421
158 338 462
134 310 400
135 354 474
160 287 468
190 304 423
185 322 448
212 325 447
157 372 430
144 329 456
161 363 440
174 308 442
156 298 447
192 295 474
204 299 489
223 322 413
180 304 485
219 288 469
131 329 419
177 304 481
125 375 437
211 304 425
165 356 406
127 287 484
203 329 420
159 346 436
168 306 466
192 300 407
138 141 44
65 161 48
101 198 78
83 224 86
129 154 24
95 181 37
75 152 80
54 235 5
99 226 102
139 219 98
94 189 80
60 196 99
73 209 54
151 201 50
87 178 39
128 190 101
93 150 74
57 223 97
56 140 104
138 168 88
104 206 12
131 213 102
55 139 29
90 184 85
94 184 49
146 141 21
136 173 104
131 239 58
91 225 12
128 143 28
103 209 31
135 173 103
123 200 74
115 223 44
132 169 84
145 154 89
121 143 45
69 157 78
148 210 88
115 207 19
80 142 25
97 216 44
138 196 58
108 168 89
125 174 21
140 161 79
150 149 21
73 186 46
64 202 56
116 184 74
325 105 146
272 178 116
325 94 110
285 117 89
247 101 109
261 190 145
339 123 138
265 112 153
314 108 128
256 147 166
308 188 142
344 116 105
342 94 131
247 143 126
247 145 79
261 141 100
257 94 84
254 143 89
319 100 74
301 164 97
321 137 75
271 152 140
290 138 157
299 152 106
262 165 102
291 170 161
271 96 132
277 152 91
266 178 71
321 182 75
248 142 123
261 124 116
294 154 149
344 146 161
299 155 107
320 184 130
329 184 167
343 98 82
328 182 156
318 193 88
333 127 101
299 141 79
281 147 71
254 148 159
264 157 155
297 128 141
270 153 75
329 142 127
268 162 86
257 102 69
-1 110 220
66 77 261
71 95 248
20 172 281
-4 108 233
51 145 213
10 77 284
42 167 267
42 170 293
19 114 250
41 129 225
52 143 279
-2 77 274
32 162 230
40 135 281
50 116 278
-10 168 244
19 75 291
20 86 277
54 125 271
-15 143 280
19 132 302
-4 113 280
10 98 236
-7 98 279
33 141 250
52 158 255
68 173 226
41 170 299
69 92 276
43 133 257
16 165 258
-20 135 273
12 114 293
13 141 280
29 128 267
46 104 230
59 153 293
66 134 290
76 78 232
7 146 301
11 117 214
-6 93 269
-2 146 299
-5 147 281
72 164 294
10 116 255
44 108 291
5 117 229
24 170 309
