211 443 251
141 392 239
189 453 246
142 378 258
232 427 204
211 444 229
143 440 233
199 376 211
238 385 230
234 404 254
343 31 186
371 -2 188
323 -14 185
364 -26 143
289 35 228
294 13 238
307 16 188
315 -32 202
330 -16 209
352 44 216
230 388 411
161 378 448
252 356 369
216 418 448
183 435 384
210 411 387
213 388 419
254 366 379
247 414 466
235 363 409
320 450 284
270 484 276
291 454 326
342 532 295
255 466 286
314 505 326
276 531 251
330 491 294
252 502 333
339 535 340
477 14 435
525 32 503
473 31 501
521 29 471
469 -16 501
464 25 466
486 38 471
495 44 456
505 9 457
452 -12 496
38 48 339
8 108 282
-37 108 282
-2 74 300
-40 61 276
31 112 351
-33 125 293
42 102 270
-1 104 313
6 114 286
420 283 319
381 208 248
399 208 262
434 191 321
429 268 311
387 290 286
410 217 263
345 227 336
441 286 260
365 271 268
175 282 345
249 318 354
248 239 348
230 287 372
221 298 366
237 266 400
220 274 420
227 257 350
234 261 352
176 292 356
281 441 437
362 410 366
368 365 350
282 357 391
309 365 408
340 362 375
326 408 427
328 401 389
313 451 346
292 385 380
157 333 447
120 362 492
136 397 454
137 329 476
159 358 479
139 380 489
202 373 502
171 301 506
127 315 492
153 336 455
452 289 170
458 368 186
492 284 187
522 311 173
481 282 193
505 365 176
494 302 116
506 375 102
479 292 125
510 297 124
201 149 477
168 144 456
196 124 464
243 115 465
222 198 390
243 129 451
260 146 429
181 200 400
265 146 405
210 197 444
307 75 132
289 31 130
322 73 155
285 107 120
263 103 114
265 88 178
359 43 98
335 99 152
331 41 149
274 30 173
18 72 163
95 40 162
74 111 155
57 87 185
15 74 234
96 109 186
25 77 208
38 106 142
50 112 185
49 17 141
289 517 352
247 522 339
234 467 375
284 495 363
286 533 322
206 517 315
254 478 340
247 487 344
196 474 375
231 441 354
385 517 458
426 470 453
435 444 415
442 539 431
454 442 404
454 474 429
391 458 455
390 475 464
479 514 432
459 538 497
431 230 348
372 224 332
412 221 353
405 168 410
433 159 389
370 162 393
426 229 346
351 181 370
422 217 404
397 213 390
84 361 41
-3 338 65
12 338 115
-3 280 118
73 328 42
58 303 72
63 322 119
89 312 103
86 359 90
23 291 122
125 436 240
130 470 195
49 490 185
40 471 209
60 473 213
136 433 251
131 473 233
71 511 223
42 473 233
71 510 176
235 33 254
244 -12 194
172 49 197
254 27 274
267 16 276
182 -11 241
217 34 192
269 13 221
206 43 201
244 30 287
493 403 166
487 405 135
444 391 105
446 451 156
448 421 126
442 385 154
480 408 174
486 421 180
467 443 149
410 468 130
272 488 261
279 436 239
212 404 306
252 482 283
279 407 278
224 465 302
242 404 288
307 421 256
306 470 277
242 442 275
150 286 150
167 368 136
189 365 189
130 364 153
192 278 222
169 294 171
192 348 153
170 312 147
169 348 190
158 316 210
395 72 410
359 149 440
412 71 380
386 155 392
412 108 448
370 72 422
408 61 450
380 90 371
383 114 364
350 107 366
443 182 484
413 188 423
488 247 462
496 260 429
438 203 466
448 199 463
438 216 391
420 254 410
406 195 427
439 229 440
458 526 -5
488 491 36
501 530 52
481 520 3
438 461 -5
499 485 66
511 476 22
432 447 53
442 466 43
418 481 61
50 32 253
-10 36 231
62 13 241
60 6 212
-6 -26 249
-2 8 240
31 -19 309
66 -13 248
5 50 275
-9 19 267
266 378 -18
352 384 12
290 387 -4
281 389 17
305 461 -28
358 379 33
360 375 15
306 416 35
263 453 -1
320 404 2
441 264 73
451 283 40
422 306 33
372 294 48
400 307 -20
382 251 -19
407 320 -13
415 236 -2
407 245 -8
381 332 30
303 223 118
240 217 83
255 175 140
281 156 102
271 219 122
231 129 110
300 174 85
309 131 121
224 131 131
262 210 127
118 295 216
96 361 212
171 303 274
168 340 228
105 298 187
120 278 260
143 324 231
109 373 255
163 360 275
106 296 269
447 309 223
447 278 230
439 286 238
452 304 237
388 247 228
434 251 233
386 228 204
435 262 192
430 326 182
373 318 175
254 47 286
195 92 271
197 108 268
161 48 275
221 63 272
248 87 227
196 68 245
250 100 290
209 69 301
248 61 278
467 431 247
504 356 318
437 397 293
497 339 239
515 414 264
461 401 257
482 409 297
525 425 223
510 402 222
465 425 296
449 452 15
441 459 5
458 448 48
497 510 -22
488 524 -15
435 464 17
434 444 -14
444 467 24
430 514 37
411 539 -12
446 33 88
509 77 112
463 65 56
468 65 120
450 -15 42
486 -11 33
433 30 68
467 54 43
503 -16 70
459 40 127
399 261 149
331 313 143
323 291 152
389 305 222
361 253 205
337 284 221
368 294 132
384 219 183
332 289 131
351 226 149
137 418 414
182 453 444
156 438 483
167 428 451
107 461 495
139 432 471
132 486 453
188 467 508
126 481 499
133 419 473
-4 296 452
43 274 437
78 235 461
-7 227 429
11 244 421
50 221 410
32 228 443
51 220 409
88 231 410
2 267 392
453 276 427
521 244 373
463 300 431
453 245 448
535 272 451
468 227 419
545 262 428
460 205 396
486 209 453
453 237 365
268 421 53
258 449 15
231 435 30
235 442 -4
254 435 0
246 373 13
239 428 -17
290 378 -12
269 378 25
272 461 -12
164 43 259
110 49 292
159 -23 250
137 44 258
155 7 247
117 52 237
134 -20 292
159 50 300
101 64 289
91 -2 253
72 342 91
122 358 72
28 362 115
102 365 108
92 409 116
51 406 137
120 328 62
96 320 146
74 363 75
34 362 102
107 -8 387
151 42 431
140 65 407
72 1 406
128 69 391
158 70 474
149 46 454
113 15 410
146 -15 394
75 -18 412
192 132 382
181 128 421
200 161 469
147 192 461
180 147 425
151 157 442
203 193 463
134 121 461
179 160 391
199 123 438
202 374 187
153 377 207
156 348 269
249 373 204
187 418 249
233 385 190
170 414 258
171 392 202
248 416 242
182 422 217
267 383 85
280 332 8
243 378 16
217 368 48
230 353 68
262 357 47
247 362 45
199 367 63
209 396 97
224 371 23
381 295 417
397 351 411
417 369 387
408 334 417
382 376 464
399 389 398
375 299 433
415 325 382
363 370 402
384 308 423
322 201 290
325 171 363
364 208 362
298 226 338
374 164 364
341 128 363
350 198 318
341 203 279
386 184 312
365 150 346
303 407 112
283 448 97
206 417 74
291 367 96
281 440 73
290 423 94
275 420 16
230 419 19
243 388 71
256 412 104
257 173 92
193 183 84
170 183 101
178 191 80
227 157 97
191 174 121
229 159 68
171 207 90
260 191 106
184 136 143
114 217 317
119 192 342
125 191 336
103 169 382
166 162 301
127 253 386
126 167 328
174 238 328
188 219 383
161 240 344
431 203 448
395 207 452
418 289 403
491 200 424
441 221 424
473 218 457
493 263 430
413 289 464
438 269 385
447 280 447
66 282 241
-7 219 199
30 285 212
26 255 216
6 237 234
33 299 223
53 219 248
7 271 253
48 215 273
-21 236 266
524 239 459
497 232 381
488 233 448
466 258 460
526 221 405
485 242 446
475 223 458
501 227 457
498 217 454
507 274 416
151 224 453
190 240 477
186 172 461
170 212 545
138 226 528
181 221 535
140 223 485
198 214 466
159 155 453
117 211 537
436 90 499
375 139 501
367 155 478
375 122 467
462 123 489
453 130 512
450 110 482
441 72 423
405 88 465
375 102 458
250 344 251
214 417 204
227 356 183
216 345 186
248 412 231
213 410 190
283 416 260
295 364 249
275 350 229
223 361 265
500 263 361
437 335 344
435 297 388
465 335 322
447 310 360
420 341 327
475 303 338
490 339 295
454 343 336
439 311 362
272 118 256
275 170 332
276 175 277
304 156 269
299 187 288
328 137 300
294 163 245
236 216 261
287 208 269
266 203 307
141 345 144
134 350 190
185 342 96
220 405 116
215 363 191
195 413 181
228 406 130
210 404 105
205 399 111
141 426 181
250 201 476
278 288 484
299 271 479
313 235 461
302 299 479
334 202 460
316 269 455
269 256 472
262 214 467
324 275 434
372 419 82
336 431 139
424 495 66
419 432 117
413 489 81
399 459 86
383 423 141
413 459 107
333 495 78
327 483 92
143 280 320
166 211 330
241 213 364
219 228 316
228 274 308
192 206 314
195 189 397
171 223 364
199 185 307
241 231 394
7 283 134
41 375 179
24 360 114
90 370 152
62 329 175
14 280 139
69 360 188
36 323 155
7 369 189
37 307 140
193 17 176
179 46 228
181 109 183
188 25 180
110 57 129
190 33 131
102 34 132
194 106 184
134 40 214
142 51 154
38 210 127
45 250 122
-1 244 103
13 239 136
74 263 195
39 274 116
31 245 145
25 212 124
33 290 104
52 211 168
184 252 244
223 225 178
202 234 230
153 288 188
232 315 156
196 245 201
149 318 182
176 238 219
181 285 221
190 294 169
275 304 302
337 375 259
289 328 242
368 316 311
315 309 272
303 360 256
323 321 309
334 380 235
271 337 310
284 309 301
-3 265 127
7 255 87
31 273 149
-25 277 67
-10 285 145
16 230 74
-5 310 106
50 258 79
9 281 115
19 304 107
532 465 230
438 474 242
524 514 306
516 472 313
474 464 294
517 529 230
524 496 251
511 451 274
502 531 319
437 509 234
448 46 238
379 44 165
361 97 241
368 107 186
423 55 183
357 49 163
364 135 164
374 103 141
423 105 213
363 64 167
234 306 118
231 310 62
297 332 120
219 324 111
304 263 78
242 263 116
242 245 57
261 252 61
215 240 25
235 321 55
378 241 7
362 231 66
399 308 52
419 266 11
435 260 63
430 296 13
409 272 8
360 254 82
360 282 18
402 306 70
17 429 402
103 426 392
84 383 408
47 426 425
28 367 442
60 422 474
40 462 420
70 462 415
89 437 482
80 384 458
55 291 37
-31 322 110
0 290 64
0 324 98
-34 276 15
-32 320 95
4 291 106
10 322 81
-20 242 33
-26 234 18
179 134 131
240 111 210
258 176 205
256 123 156
173 131 196
197 144 179
180 112 183
250 157 202
239 122 186
251 177 216
141 470 80
140 476 51
151 481 120
195 507 79
144 427 89
156 500 59
204 423 88
127 427 77
145 489 126
207 423 131
455 152 495
486 141 444
449 150 480
469 225 475
468 224 427
517 223 488
481 211 504
482 160 451
436 214 488
508 132 447
96 338 180
89 365 198
47 342 231
103 328 161
71 326 246
65 405 171
31 310 205
83 375 223
66 368 221
79 309 165
138 8 198
114 56 249
112 -2 251
53 52 235
53 28 268
112 14 271
134 20 192
73 -18 175
48 48 252
134 35 271
302 127 286
291 126 358
261 74 278
222 100 328
299 82 303
237 84 347
251 131 327
278 122 346
253 91 329
277 92 285
78 415 142
62 374 164
72 362 83
20 343 148
51 381 125
77 335 83
70 412 69
105 376 166
63 377 115
99 336 80
212 180 528
256 175 488
224 136 490
249 111 491
163 158 447
251 144 510
234 171 497
233 176 504
247 150 532
234 147 462
73 69 241
65 66 193
91 89 242
68 50 163
92 99 233
90 5 236
83 100 169
44 27 173
77 93 229
32 95 186
432 181 33
485 140 -4
474 203 20
429 113 13
393 180 15
439 128 64
416 111 31
391 126 52
472 197 53
426 196 8
438 266 379
393 283 424
361 243 352
391 318 429
420 289 427
444 259 422
393 238 388
427 297 345
412 246 384
363 260 363
102 63 305
50 45 228
127 24 265
139 -9 273
77 78 236
141 42 282
113 40 279
132 14 312
47 7 258
45 19 299
343 78 33
306 111 45
308 75 32
356 137 26
354 57 52
332 136 58
306 147 41
312 102 7
308 130 41
335 72 -32
259 288 33
199 297 71
245 312 10
281 277 -13
191 272 25
216 299 62
186 255 32
250 271 49
276 289 41
252 325 7
315 338 236
326 401 170
322 381 192
324 412 148
404 347 156
338 400 155
324 393 224
353 317 236
336 414 219
357 384 207
130 230 142
109 243 117
78 264 176
169 259 115
110 257 187
157 192 138
122 249 118
101 267 139
98 200 184
111 235 163
299 175 21
394 139 3
368 98 20
310 119 4
376 112 56
346 144 -7
372 120 50
374 102 -43
387 193 52
298 188 23
174 461 170
220 476 145
238 519 90
162 479 167
190 496 165
189 545 107
198 487 122
164 460 150
217 535 148
215 478 115
426 145 507
454 130 507
522 95 472
447 139 481
515 103 510
432 163 457
436 108 489
481 134 501
492 91 525
470 161 465
511 9 49
515 67 27
520 31 43
467 78 86
456 6 109
525 79 36
466 55 76
453 58 47
504 29 47
461 3 35
394 284 490
368 277 421
381 241 409
361 214 474
344 235 471
342 307 462
299 288 468
297 268 402
309 244 470
359 280 421
269 174 168
309 205 100
272 185 166
325 186 126
292 190 128
321 111 92
306 129 140
344 190 154
345 183 134
276 199 143
82 153 532
134 215 509
48 232 524
93 229 461
86 205 488
119 222 457
48 224 470
111 167 442
95 243 503
119 247 506
371 289 458
382 238 438
397 290 476
426 331 489
394 271 444
422 267 489
373 274 418
338 300 504
339 247 515
415 284 423
