402 454 370
377 500 381
426 515 449
402 471 400
436 503 449
402 493 371
420 534 451
441 487 439
418 496 434
427 534 389
409 516 464
380 465 394
449 478 403
401 445 399
384 533 376
431 497 426
377 491 389
445 532 451
452 482 451
427 509 378
377 440 395
434 523 374
448 486 391
422 462 460
455 515 445
412 490 366
381 481 379
392 474 380
441 514 448
417 473 393
439 505 428
452 457 458
420 450 421
427 532 428
434 487 453
430 445 447
467 484 433
467 537 406
392 498 413
450 484 402
465 514 371
390 451 411
372 531 444
466 475 393
454 514 420
470 450 442
408 483 403
440 473 404
444 497 406
409 487 462
437 463 371
426 441 376
405 454 432
462 460 445
413 471 415
395 463 392
471 461 451
434 530 430
371 514 397
386 494 418
458 532 402
422 506 390
418 517 433
382 527 402
454 480 450
378 513 424
397 498 439
406 537 426
404 523 434
415 505 431
333 295 316
284 306 359
243 321 314
294 316 314
313 282 311
276 293 318
316 345 384
302 287 354
286 348 304
251 364 380
317 297 338
260 322 392
342 314 388
308 316 334
277 358 311
259 374 310
330 353 304
338 314 351
279 361 309
295 312 309
311 295 366
316 379 306
307 328 347
297 289 308
290 364 386
292 284 323
326 349 319
291 353 397
264 367 327
288 351 386
294 329 324
262 336 395
268 353 380
337 316 366
274 300 366
286 358 377
322 357 361
337 331 342
327 322 345
328 282 397
285 340 307
279 339 319
295 321 350
341 305 355
268 327 321
307 333 302
267 353 385
337 284 353
300 302 327
295 353 353
287 359 386
243 312 380
308 359 332
300 338 300
320 337 395
326 375 371
294 307 327
251 325 372
300 379 333
302 337 370
260 307 340
326 316 371
297 354 311
326 343 313
339 286 317
269 331 379
339 364 375
320 343 345
298 283 346
282 284 367
182 367 409
198 317 410
222 312 356
191 309 334
155 353 349
211 351 337
211 346 318
189 317 379
167 387 371
176 330 388
211 307 358
232 353 325
151 313 400
212 338 392
174 334 374
184 393 410
198 323 351
229 383 381
182 343 394
182 315 390
151 362 323
243 324 334
203 340 312
243 332 395
148 363 325
238 397 407
172 388 367
167 363 364
237 394 359
225 352 412
208 376 382
221 394 407
144 366 361
229 397 385
172 391 382
159 325 395
151 391 349
237 393 337
174 333 362
189 399 329
165 373 349
189 391 362
219 374 335
145 332 387
176 353 317
192 319 397
163 403 378
217 367 341
235 304 405
169 359 359
229 338 312
162 326 361
225 347 323
191 386 347
234 359 394
145 388 333
144 332 355
161 397 380
238 352 327
217 350 338
194 360 375
238 354 393
145 309 331
167 352 356
151 389 335
201 397 332
192 383 375
182 342 388
154 363 317
191 396 393
171 441 46
127 469 87
159 398 103
155 428 22
135 452 30
187 408 102
124 429 94
138 434 108
143 449 86
202 431 104
116 411 38
185 417 60
182 447 83
145 446 67
209 391 56
173 389 77
173 439 37
185 415 115
184 388 70
206 400 97
111 417 112
128 402 32
158 465 28
146 399 84
145 436 106
193 439 59
146 482 31
151 420 103
167 481 89
157 397 91
163 441 71
189 419 34
149 456 46
136 487 98
205 486 86
115 402 94
149 435 76
196 441 66
136 483 89
113 459 82
178 465 36
137 421 58
186 478 29
129 406 109
149 453 34
177 410 28
188 446 30
129 474 89
169 437 36
190 400 24
153 408 114
192 412 46
145 446 89
169 446 21
147 403 75
150 448 67
122 435 22
128 452 21
169 433 100
162 470 37
167 465 106
115 484 74
159 474 89
137 448 99
180 421 107
197 445 75
142 454 64
189 432 102
152 423 36
164 468 71
395 313 341
386 365 347
349 356 372
344 331 347
393 300 338
322 279 374
337 345 353
319 337 360
343 355 421
309 297 360
320 322 337
316 324 422
398 278 380
355 316 407
384 331 379
380 325 332
348 365 420
333 338 360
313 308 377
378 281 379
329 316 395
362 325 391
324 287 371
309 354 353
395 295 407
406 287 393
326 357 366
354 331 398
308 271 381
353 285 371
391 326 406
383 304 352
406 278 409
383 333 370
322 335 360
362 320 417
361 307 373
369 362 415
390 315 386
402 349 340
360 300 353
351 293 339
356 360 371
368 277 388
347 323 397
319 359 376
375 309 341
333 353 337
400 276 328
385 316 335
386 271 426
392 307 350
383 351 417
408 279 379
319 349 377
342 324 416
406 291 395
392 354 363
403 319 399
388 364 410
328 316 390
344 363 386
312 333 337
373 365 379
333 347 384
347 331 394
341 330 401
335 271 342
309 277 402
381 309 330
334 259 304
362 253 289
291 253 332
295 210 272
319 256 306
298 223 284
343 227 280
366 260 328
342 252 265
292 219 332
284 251 273
371 196 327
370 241 267
369 216 309
344 243 311
288 274 331
296 280 287
317 263 295
340 256 262
362 206 336
362 196 249
294 263 315
297 218 254
285 206 290
376 216 309
289 257 336
376 201 248
286 228 274
380 270 317
340 264 263
301 289 253
324 272 288
373 224 286
288 238 340
357 222 253
302 220 320
290 279 249
327 219 272
358 238 244
314 218 267
355 273 276
368 242 312
372 216 337
298 288 249
292 279 264
329 241 277
354 295 287
380 215 290
349 210 288
298 236 301
367 238 283
353 285 297
363 205 328
363 292 274
332 227 323
348 238 323
369 246 273
310 227 285
328 262 320
330 229 276
318 272 248
377 241 338
358 223 277
339 255 291
367 244 283
344 243 291
297 285 329
341 272 279
374 220 339
367 261 309
497 83 406
479 81 396
448 157 382
463 138 379
403 94 432
429 123 453
438 109 381
479 82 391
442 164 432
497 73 422
483 160 412
469 166 392
415 74 437
421 113 451
418 113 433
438 135 453
499 71 437
429 85 383
404 121 373
459 115 394
419 117 393
417 98 448
500 130 396
455 79 394
430 117 421
458 159 377
433 91 418
436 155 396
484 71 422
501 128 382
405 164 422
484 88 364
407 163 445
442 118 417
501 107 428
431 86 381
436 105 384
423 93 373
444 114 372
488 130 388
438 122 364
455 157 432
450 160 363
480 73 370
412 107 417
426 135 436
426 94 368
492 95 435
455 166 434
490 127 399
425 142 385
473 73 408
464 114 366
406 160 431
480 100 378
461 125 408
493 125 421
410 122 365
481 126 437
436 128 449
415 132 391
429 132 368
477 119 407
486 91 407
474 124 421
466 129 437
435 79 392
483 97 390
484 137 440
488 140 389
143 242 331
68 217 340
104 225 373
91 229 352
116 200 394
58 149 326
111 213 327
93 208 353
96 243 385
78 204 358
55 204 388
84 177 346
104 152 316
67 194 317
148 151 395
142 212 346
88 181 341
126 239 342
119 156 311
140 217 372
86 163 381
85 225 399
58 211 395
91 172 393
86 201 366
144 221 392
116 155 385
69 166 397
136 146 321
85 183 397
90 187 375
77 205 399
115 219 401
100 159 390
93 223 315
58 177 354
142 234 365
120 224 333
91 209 375
65 220 385
125 204 347
108 234 404
107 230 360
99 224 380
109 231 326
55 168 372
94 214 343
130 174 401
129 228 330
105 165 370
127 236 321
103 172 338
100 234 317
71 156 388
108 199 380
76 240 320
92 234 377
99 161 341
94 228 335
108 187 325
107 150 407
68 162 359
82 149 369
104 194 372
116 217 387
51 208 385
148 214 317
69 195 382
128 173 337
111 196 348
336 356 352
338 388 376
307 373 359
348 326 302
335 371 352
289 369 375
291 387 310
367 346 296
369 407 324
280 339 318
360 411 373
286 417 342
376 351 341
287 418 380
283 361 357
378 422 366
326 401 384
321 391 297
362 392 313
283 383 377
371 402 289
357 417 367
357 341 368
335 335 308
358 340 310
333 361 370
292 391 340
371 403 326
340 401 372
328 337 379
345 419 361
287 336 340
368 426 362
303 405 297
340 387 345
327 370 290
296 369 319
350 336 379
316 425 299
311 338 329
342 416 388
324 334 313
371 389 375
327 385 309
316 395 386
347 356 325
335 329 328
293 326 380
306 419 382
303 328 313
366 337 346
372 362 289
340 382 334
366 395 296
326 425 315
332 335 352
326 359 315
324 339 355
331 336 308
314 348 299
295 386 314
368 345 373
327 367 386
331 353 322
324 380 357
368 374 363
316 398 383
291 396 376
356 373 377
299 357 367
27 339 52
-23 352 126
-3 369 62
38 326 77
-11 317 103
-46 383 60
26 317 145
15 308 120
7 353 95
6 395 53
-3 324 123
41 391 113
-29 360 70
-38 316 147
30 328 63
23 322 70
-1 389 135
12 319 125
-33 332 138
-44 391 109
15 370 80
-45 366 104
-10 384 113
37 397 76
13 297 53
50 297 120
-1 344 145
34 391 52
43 344 130
6 378 103
-40 391 102
47 303 112
47 380 144
-33 387 104
27 355 81
-38 328 83
-44 338 67
50 393 126
49 327 107
7 379 69
16 307 84
-15 304 116
-36 344 64
20 345 117
20 316 143
39 321 95
2 372 55
26 337 86
-24 336 111
-7 373 70
-16 305 118
37 375 129
-33 330 107
-42 333 126
-10 336 60
45 364 80
-2 336 67
4 314 128
46 321 55
-24 373 132
-15 304 53
-44 297 117
-37 372 70
30 377 144
40 339 126
-35 358 66
-39 361 55
-27 300 148
-16 300 90
10 332 147
362 329 119
426 302 142
401 283 130
400 356 209
438 364 212
429 288 117
362 371 170
394 287 186
417 378 204
432 316 179
449 288 135
373 364 193
440 283 178
426 299 165
390 379 136
380 361 191
383 314 199
414 314 153
421 331 118
372 379 153
359 347 142
385 294 130
403 304 176
379 304 135
387 315 200
429 356 204
370 326 200
414 308 213
390 289 156
401 281 152
428 319 216
376 348 160
366 369 167
369 324 152
400 295 172
383 354 184
431 351 215
402 334 156
401 294 215
404 357 129
448 299 130
414 282 146
430 351 131
378 303 195
363 325 177
402 295 187
386 280 120
447 344 121
428 323 146
414 288 138
371 373 209
391 367 128
403 361 150
360 315 201
387 363 185
386 358 216
397 365 160
388 318 174
442 316 119
416 332 205
407 303 142
420 334 135
455 373 150
383 376 151
385 356 145
361 285 154
380 300 200
405 292 180
390 347 204
370 298 117
526 135 284
444 141 261
446 129 211
507 124 290
482 158 229
519 106 278
465 114 228
484 167 247
462 99 260
440 177 274
496 108 255
499 96 272
477 148 233
473 97 258
463 164 215
431 114 296
520 152 286
445 121 248
481 155 275
453 155 210
454 169 213
446 132 252
457 170 247
512 166 271
501 175 275
446 126 230
450 161 203
464 167 208
517 137 277
495 170 198
472 96 211
451 163 280
521 162 293
437 113 256
455 154 239
498 116 244
488 110 247
463 101 242
448 123 207
444 138 272
473 121 245
461 97 262
495 186 235
481 165 228
491 145 294
480 155 215
525 183 235
464 145 269
466 124 237
446 139 236
482 151 227
431 136 259
467 178 214
457 131 241
469 161 296
466 123 214
455 99 274
505 112 241
472 155 199
462 138 238
498 173 256
492 98 196
442 130 229
523 180 233
446 115 249
513 103 206
453 180 218
469 156 262
487 130 263
452 99 211
42 484 114
115 531 171
46 440 149
86 467 150
33 528 92
103 480 124
75 491 179
33 519 88
94 454 177
112 467 126
85 529 126
124 450 168
118 512 164
36 498 157
61 468 154
93 480 157
52 516 152
97 449 126
66 481 137
109 484 139
84 448 101
128 519 129
61 466 153
115 451 136
113 463 93
52 535 166
80 518 99
54 486 170
67 497 155
43 526 143
121 490 162
54 464 92
76 520 106
125 485 113
39 532 178
100 442 180
95 455 91
31 523 172
42 455 175
52 471 131
126 475 178
86 468 94
53 493 115
55 478 98
91 497 122
97 507 116
98 512 120
95 455 102
124 458 129
84 479 100
88 466 169
88 443 100
66 490 83
73 488 122
127 525 83
29 447 131
87 457 154
60 487 108
52 536 130
71 468 97
88 451 155
95 454 159
107 508 171
40 525 181
126 456 181
112 444 105
120 512 117
115 521 96
51 463 157
46 448 128
376 239 272
426 261 283
381 251 275
448 293 299
372 238 215
403 316 255
369 270 219
424 327 247
367 307 264
437 334 290
415 257 264
377 294 305
440 332 227
415 275 256
392 287 231
427 324 271
430 296 304
388 238 264
381 279 214
396 257 294
356 235 270
427 278 241
355 240 225
448 262 248
359 302 255
364 236 243
436 330 287
380 302 266
407 263 263
390 332 310
442 261 239
378 285 289
365 248 304
384 312 243
449 248 293
363 308 240
423 263 257
367 307 245
450 298 227
368 287 214
416 277 278
397 304 277
410 311 241
414 318 263
431 293 259
350 239 310
436 292 219
407 279 257
447 312 281
365 254 268
354 277 276
408 264 272
364 316 277
372 324 257
402 304 262
371 299 252
399 271 213
394 304 265
387 315 284
389 273 215
423 266 273
356 243 228
373 263 233
389 261 244
392 313 216
351 263 302
384 292 246
437 260 300
409 261 210
448 235 236
49 357 27
2 344 26
12 298 0
-21 374 65
29 324 41
-10 390 97
40 331 72
75 318 70
43 305 74
39 299 37
37 318 65
67 343 23
-13 339 89
-18 326 94
17 358 91
12 333 16
-18 363 52
-20 380 36
69 375 71
8 319 96
-21 349 89
10 335 52
41 387 23
-3 387 75
47 297 20
44 387 76
-7 378 10
-20 393 81
61 356 81
-23 383 16
-5 318 28
-11 308 96
59 362 8
68 329 48
59 397 62
58 308 -1
57 341 56
4 379 63
25 368 65
15 364 67
72 339 2
72 387 93
75 329 9
12 393 63
51 384 64
16 396 52
41 376 1
34 378 92
21 321 20
61 306 41
15 394 88
-15 312 93
66 341 94
31 373 56
18 309 19
-15 370 62
33 297 79
12 361 45
50 307 28
12 367 28
65 339 27
-7 357 3
53 322 47
75 358 10
-5 331 74
43 299 92
53 356 59
68 343 95
-3 362 54
57 308 18
219 380 111
278 321 83
265 356 118
204 372 55
193 318 93
191 324 92
217 330 126
243 368 79
243 377 96
286 339 90
202 329 59
263 352 78
230 300 107
278 354 139
268 349 60
212 313 87
284 349 58
287 356 121
246 391 140
259 344 128
231 324 116
222 379 146
279 328 77
276 301 106
201 357 123
211 292 89
201 319 141
194 351 136
209 297 103
230 346 58
247 308 52
235 370 128
238 387 123
231 388 127
219 370 102
209 365 49
258 316 55
200 328 113
255 300 135
286 369 95
233 339 80
271 368 136
242 367 113
250 318 136
216 321 110
244 330 110
205 297 74
267 300 145
250 359 56
277 314 89
235 355 136
193 317 132
211 391 97
207 328 84
192 339 83
226 368 136
254 299 117
277 299 133
267 381 100
200 306 80
231 352 47
266 379 139
222 317 84
206 336 98
249 302 83
241 352 65
267 358 114
194 300 75
234 379 133
244 293 56
440 239 130
383 198 60
444 220 136
445 242 100
457 247 128
411 254 136
375 174 128
404 239 117
466 190 81
462 224 56
392 183 66
430 181 140
424 186 137
404 213 109
460 257 127
454 202 107
392 193 100
464 223 73
403 211 68
457 214 94
428 241 128
393 186 93
459 227 129
440 260 62
448 180 83
440 243 98
373 256 107
384 181 149
384 266 138
381 202 99
433 240 119
454 181 150
416 247 120
371 189 139
464 200 62
457 198 130
465 174 148
371 234 139
452 271 89
449 205 150
377 214 54
434 271 146
450 237 87
382 262 65
437 241 59
377 264 72
463 241 58
454 258 73
366 189 71
393 185 103
407 238 56
386 269 105
395 214 111
387 175 79
408 206 145
427 200 131
367 223 96
421 183 53
464 264 146
451 260 129
438 177 64
421 212 130
463 219 63
380 182 77
372 214 122
394 202 108
378 226 89
406 217 118
412 175 95
454 218 117
287 97 143
262 56 140
215 14 141
194 52 120
204 76 191
222 96 151
239 29 138
197 81 156
211 76 154
206 86 135
243 66 161
261 58 185
209 12 175
205 112 123
265 68 185
259 86 109
249 33 181
231 107 139
276 108 186
201 77 149
229 47 185
202 109 183
274 19 174
195 77 184
273 71 125
201 48 142
278 31 150
245 95 182
283 92 188
281 112 144
203 68 147
199 112 196
216 80 188
284 29 110
251 38 127
264 51 167
219 42 126
280 88 145
265 61 161
219 91 138
203 109 123
235 16 112
209 79 157
241 34 148
238 68 154
237 70 135
269 91 162
248 71 129
258 19 169
214 18 188
245 44 179
192 27 141
283 97 176
264 104 163
212 39 124
238 58 139
271 14 127
244 71 165
226 71 194
289 23 113
283 83 188
231 94 164
250 77 155
244 64 160
286 93 130
220 14 144
206 53 129
236 70 188
243 88 178
265 20 137
33 80 435
24 24 495
91 41 402
43 86 399
99 9 415
7 45 457
26 21 444
80 27 464
95 5 402
30 -6 420
45 29 489
76 57 415
88 56 479
5 29 464
87 18 446
50 24 441
71 23 461
40 -2 492
64 34 470
28 -4 467
22 14 435
60 40 485
3 32 434
7 91 442
19 58 460
61 34 438
47 81 418
64 50 410
1 92 418
57 15 490
19 73 407
73 56 475
76 59 448
34 65 468
35 10 432
68 63 497
20 40 434
75 85 409
54 49 410
69 0 400
61 15 420
0 7 462
22 10 408
71 -7 430
99 92 449
45 -7 458
74 85 425
18 81 439
70 41 485
96 90 438
84 78 400
98 59 496
83 82 401
18 68 433
2 82 472
43 23 483
24 61 456
37 58 464
78 72 453
75 82 473
55 10 440
44 3 494
22 35 464
98 10 490
63 78 488
89 90 474
74 -6 494
60 67 456
46 0 451
54 -5 462
324 332 287
364 322 345
355 309 280
354 325 331
385 294 292
361 375 305
375 307 281
386 337 330
401 381 325
347 360 342
335 353 359
355 381 351
342 336 316
395 305 320
337 387 305
408 340 286
326 354 290
358 375 345
370 323 335
356 340 354
404 358 322
380 370 366
360 345 304
370 359 334
411 381 373
337 319 323
355 312 348
338 364 289
361 312 355
331 337 306
328 301 369
364 390 351
325 390 341
375 300 297
368 360 300
360 380 364
412 329 338
371 379 374
367 323 346
401 348 299
395 306 348
341 320 376
357 394 351
368 316 322
395 307 328
348 304 291
411 351 350
420 347 295
411 373 281
386 318 370
354 378 368
406 357 328
323 351 343
342 298 375
325 365 311
412 388 368
350 348 344
365 376 291
352 328 331
329 358 277
349 309 281
326 359 308
343 330 293
391 308 370
329 375 328
370 371 369
349 361 355
410 356 297
383 375 300
354 346 352
263 -31 27
218 29 46
190 -2 28
189 -4 16
263 -26 -16
243 23 41
189 -24 -30
195 3 -23
239 19 0
245 52 -8
252 -10 63
176 -28 12
212 -11 55
189 46 -27
234 27 46
193 26 18
236 53 -19
207 -2 -13
232 -7 29
242 19 -31
180 45 -24
259 19 38
176 -28 19
183 -14 13
180 6 -18
271 -17 0
238 41 34
236 -10 -25
267 38 -30
209 54 -35
259 -29 -2
217 3 24
242 15 32
242 46 53
276 -23 16
264 37 -14
223 5 6
197 53 -3
248 -38 53
268 -10 45
215 12 -30
273 11 21
210 11 64
190 39 29
212 59 -23
242 -41 31
176 17 -26
252 38 1
224 -2 -12
263 32 -8
179 -26 56
267 45 -11
249 59 31
241 41 -20
228 -14 14
218 -5 37
267 51 -33
264 33 -11
179 -38 -18
270 42 -16
198 58 42
232 -33 -19
262 20 46
214 -26 42
226 30 -34
250 -40 -7
220 32 30
212 5 20
251 59 30
267 -15 51
240 226 359
297 203 345
290 243 374
273 253 364
288 283 303
314 241 360
234 254 317
254 278 344
304 234 376
285 213 329
260 259 360
276 243 311
241 223 309
274 257 354
279 236 343
242 254 353
220 232 352
259 256 357
285 272 293
274 214 342
261 218 334
300 212 295
249 272 362
242 259 358
225 272 289
308 264 344
241 220 304
227 234 289
269 211 282
226 191 367
294 241 318
302 221 340
258 207 370
296 197 341
231 255 371
241 257 373
233 214 324
256 223 327
238 250 369
254 262 291
277 216 299
300 216 324
231 280 351
305 289 365
226 192 323
240 280 376
248 198 351
302 258 288
249 235 324
306 269 284
229 224 348
227 240 343
266 244 370
313 189 302
281 194 313
254 239 365
280 280 294
305 229 345
241 229 378
269 189 296
263 213 364
224 286 331
224 250 291
302 258 359
302 273 372
252 270 319
297 199 366
302 206 340
310 189 359
237 241 344
395 416 209
375 476 203
331 475 290
368 438 266
310 440 217
350 422 259
378 388 227
305 438 250
335 410 285
346 394 275
388 417 266
315 445 282
382 441 215
342 387 215
337 441 244
302 407 206
348 474 221
353 402 271
354 473 251
319 395 240
346 408 257
382 483 241
365 437 278
299 393 236
376 483 273
364 387 252
375 478 269
372 432 215
311 394 239
385 396 201
323 430 278
373 465 264
398 393 219
349 415 213
376 412 287
397 451 287
355 423 243
312 393 196
324 411 274
370 450 210
359 391 201
340 472 251
313 423 233
301 384 225
312 397 240
338 386 268
323 453 268
386 434 229
392 445 287
318 471 233
398 439 257
309 477 228
329 416 226
303 422 216
386 432 231
350 403 211
328 474 282
389 395 251
318 442 205
364 422 262
374 448 202
315 404 258
390 396 266
397 477 201
343 467 239
382 431 206
398 461 207
329 418 204
335 480 194
383 484 220
391 464 54
332 483 117
336 422 94
418 402 87
321 439 87
390 404 120
408 458 50
395 418 49
401 417 45
385 409 72
417 400 95
362 412 134
408 475 42
411 467 102
402 408 39
400 411 83
357 443 92
374 459 136
369 486 73
330 439 77
406 473 79
400 486 71
359 399 126
350 449 125
417 484 47
343 432 128
419 461 54
407 453 85
406 464 45
337 449 119
343 468 77
327 415 105
352 431 48
417 480 105
383 413 74
398 462 89
379 465 88
393 464 92
365 483 70
390 417 116
408 461 129
395 413 138
339 425 120
340 407 106
367 484 92
390 391 122
397 425 49
369 468 63
323 426 55
406 447 95
325 457 119
395 471 48
410 451 87
391 427 42
393 407 136
347 464 88
410 427 61
371 403 54
420 386 41
402 479 88
399 484 52
389 446 75
346 462 114
335 393 56
395 486 115
383 443 138
385 460 95
330 407 101
406 394 56
393 471 129
279 255 43
287 252 4
316 229 17
345 289 7
351 325 79
288 285 7
302 288 50
368 229 42
341 276 -6
319 241 71
317 299 -13
363 241 37
329 303 57
341 319 64
315 270 59
374 230 52
320 304 85
366 278 36
328 327 16
326 258 57
356 273 3
357 287 -3
304 299 69
316 263 -3
282 241 50
277 233 69
283 249 5
362 326 17
354 247 78
300 299 25
316 269 -10
277 247 39
371 272 -3
275 304 -4
359 328 2
315 230 70
364 270 -12
338 320 64
287 309 79
287 296 38
375 316 30
276 281 -7
332 285 73
352 313 79
321 295 67
344 281 44
370 271 73
278 237 1
361 320 60
277 295 2
333 249 27
339 263 -6
345 317 65
368 265 9
282 286 39
292 230 26
275 259 73
358 319 63
358 311 1
345 328 -2
349 327 -14
319 269 41
336 282 51
364 326 82
304 271 47
337 280 4
316 322 31
330 282 49
296 265 14
353 328 -7
147 90 232
151 113 186
171 110 254
186 110 238
223 87 249
139 129 211
171 96 244
182 103 268
175 99 185
164 130 255
173 154 236
164 171 240
165 139 278
205 132 227
208 139 201
173 186 276
166 136 253
230 92 200
223 147 225
209 97 268
210 141 238
152 186 199
158 140 268
145 149 219
215 97 190
133 93 213
181 168 278
153 172 245
168 97 192
156 154 196
150 176 222
221 140 265
193 124 195
195 153 263
233 156 205
146 118 269
161 123 229
186 144 274
217 136 190
181 99 260
146 149 275
198 170 206
198 180 242
206 118 185
156 102 276
139 183 208
203 153 223
227 132 211
155 164 264
200 171 226
179 186 228
227 169 262
232 174 214
185 155 197
211 98 209
164 94 278
187 86 215
219 173 214
211 131 275
214 182 249
205 117 282
232 108 250
163 86 255
191 99 198
184 133 254
192 160 260
194 108 233
229 92 224
192 160 219
163 179 207
53 162 218
39 236 261
125 149 222
66 217 203
119 225 179
86 212 194
98 190 168
128 166 165
73 174 205
120 208 168
122 195 190
50 193 248
45 159 263
106 203 209
65 222 230
110 190 258
54 204 199
85 153 179
65 213 199
65 196 245
111 233 247
103 212 247
101 191 181
87 242 237
45 239 209
107 149 247
94 241 247
131 217 249
131 164 247
51 155 194
65 235 219
82 190 204
84 146 229
33 203 236
38 186 168
46 231 245
88 167 165
93 190 215
115 165 235
82 208 235
70 165 212
98 225 199
48 166 177
60 151 225
33 218 256
102 216 229
131 240 190
66 150 223
95 228 239
104 185 250
90 202 187
83 163 221
97 200 245
132 189 168
102 207 167
104 152 187
94 184 188
66 191 211
36 172 260
68 226 233
63 198 167
40 208 233
102 152 264
59 185 181
114 238 186
91 214 184
54 174 254
121 196 204
107 194 242
124 173 254
85 275 366
75 324 382
130 286 401
83 350 311
133 266 372
92 336 333
48 329 339
63 293 375
92 261 401
38 280 366
105 353 375
82 255 374
102 288 335
68 304 341
106 336 358
51 296 362
82 284 325
126 255 395
71 292 346
53 264 337
38 331 349
59 352 357
124 264 397
61 268 402
112 351 309
39 282 357
111 269 323
59 329 354
99 291 337
80 266 320
105 280 354
121 309 390
37 307 388
66 258 348
125 317 384
125 303 377
134 337 324
81 261 324
37 292 342
129 286 309
116 269 405
49 275 387
65 298 366
90 300 376
95 326 333
51 257 353
41 303 326
101 301 343
123 313 334
52 282 360
56 275 342
49 284 374
130 289 340
86 314 323
82 299 348
126 336 309
86 277 398
66 294 330
88 296 334
133 285 354
103 353 400
135 350 308
129 304 375
89 276 350
38 300 335
116 320 383
116 315 397
106 338 403
83 316 346
44 326 382
229 55 48
213 -15 67
249 17 75
272 67 10
248 -11 57
271 -18 -14
239 24 66
305 25 79
310 3 -13
292 67 8
304 27 35
214 50 31
212 -26 27
233 55 -13
275 55 68
229 23 -15
225 48 17
250 34 76
280 33 12
242 0 56
217 35 22
218 2 64
275 18 6
251 23 59
283 60 -11
261 21 -18
225 -21 22
274 -19 32
262 15 81
306 65 74
225 27 54
289 -23 -16
281 -21 15
255 57 -5
283 -13 -9
217 -7 60
284 -12 0
296 17 1
244 -25 51
260 37 52
284 69 -18
268 31 26
289 -14 66
305 51 6
286 48 38
244 38 -18
226 36 9
307 51 71
292 19 -18
293 7 37
219 -26 1
289 53 60
258 57 18
236 30 45
277 21 -19
247 61 46
242 12 -3
292 -12 18
296 31 55
293 32 46
252 49 38
300 -20 24
296 34 -16
265 51 51
243 37 56
289 -9 50
274 -9 -18
226 -20 -19
282 30 41
305 61 -7
377 149 91
395 77 79
368 111 109
427 96 104
368 95 127
431 139 62
405 113 138
418 150 127
419 114 137
420 137 150
375 140 154
417 151 111
386 172 132
339 140 70
388 91 130
352 115 95
412 114 78
354 158 121
354 110 148
366 141 129
415 113 127
395 123 112
371 154 156
363 137 134
412 142 147
380 89 148
351 98 142
376 137 89
376 126 156
423 134 105
392 131 84
385 97 96
406 97 91
387 169 73
426 166 159
352 120 91
365 87 147
361 154 121
418 101 96
392 132 156
390 168 150
438 130 104
389 175 120
395 155 153
392 123 157
349 136 98
369 143 113
413 84 123
416 107 147
354 146 119
402 76 107
411 154 133
363 101 88
395 148 79
428 107 138
398 99 73
355 135 78
342 153 89
342 151 101
365 173 86
347 174 160
360 117 92
418 114 133
402 80 88
355 128 101
398 90 104
401 103 97
377 135 156
349 150 157
407 162 82
375 174 32
384 138 59
394 117 29
382 174 9
340 169 21
387 169 37
326 176 12
334 174 35
304 122 96
394 95 78
330 175 27
329 151 50
402 90 18
303 123 4
354 174 24
361 148 15
312 179 94
320 147 13
308 132 16
362 91 11
321 117 37
321 86 23
344 114 25
373 150 20
324 86 79
382 179 91
337 108 37
375 103 16
305 86 97
399 115 1
374 166 61
399 112 73
351 116 62
372 134 78
343 168 90
355 148 37
392 98 56
338 133 11
311 85 15
392 108 63
347 136 2
327 144 38
344 165 77
379 170 28
389 134 43
391 109 6
308 130 71
345 171 54
351 112 77
329 179 2
308 129 35
357 110 21
313 94 -3
356 148 56
304 121 8
398 177 28
400 108 42
355 176 34
394 119 51
359 172 75
309 144 12
372 104 62
384 137 53
361 88 56
378 130 74
365 169 33
311 169 26
384 169 81
356 172 17
321 127 65
-36 306 342
0 314 371
52 301 346
13 344 391
49 252 362
-12 292 413
3 330 402
11 262 343
-3 305 410
50 299 349
16 257 359
-11 276 343
49 332 430
-36 269 404
-4 265 428
-2 251 413
36 313 351
-2 253 434
-12 276 353
18 283 424
30 255 365
2 261 381
-31 265 362
-19 273 385
40 281 366
44 311 428
-44 309 409
-40 258 343
-1 296 436
-22 272 366
51 338 352
-30 314 403
6 273 430
14 277 419
-17 290 369
53 298 392
-23 343 344
8 316 339
-39 262 342
54 269 419
51 272 377
-19 258 341
14 284 424
-4 250 364
-4 300 406
44 298 369
-14 303 431
29 279 357
-31 321 358
-12 248 338
42 333 417
-44 317 418
12 340 404
-35 249 419
43 277 408
-45 313 361
27 248 386
-32 343 370
10 274 384
23 339 345
22 260 430
-20 262 361
-38 319 431
-27 282 410
-17 335 431
5 270 344
-8 299 359
51 284 381
17 307 416
8 338 377
331 177 481
279 148 497
278 105 471
246 139 511
320 179 517
275 180 504
332 106 505
323 113 510
263 116 476
332 134 453
252 175 491
258 176 426
332 145 453
259 180 502
334 122 519
335 134 472
271 102 504
270 113 464
297 179 439
315 146 462
308 118 493
291 151 465
256 166 502
255 87 492
335 109 435
309 107 507
299 97 460
251 154 445
277 97 508
325 181 422
287 99 487
300 168 510
321 88 488
280 160 451
257 154 428
324 93 423
321 144 458
275 145 476
324 128 421
328 157 451
276 119 449
335 107 429
286 87 496
291 180 515
263 143 500
256 180 436
256 153 461
316 137 428
264 146 437
340 128 508
336 176 441
262 125 516
318 158 503
283 147 480
327 148 468
294 136 460
265 180 465
285 105 436
282 99 486
338 152 501
295 128 431
323 160 505
265 153 443
330 151 474
275 91 490
322 91 428
307 146 447
264 148 505
313 126 450
301 183 422
350 467 231
362 386 209
350 474 263
428 445 285
354 476 273
334 429 209
348 455 220
369 388 280
333 444 232
364 441 224
351 425 227
335 467 219
361 419 270
420 451 303
417 428 307
410 399 283
430 387 211
345 427 256
400 419 220
422 414 211
392 454 301
363 440 208
351 423 220
390 385 281
399 457 287
390 424 254
392 467 282
412 465 225
348 480 237
373 410 211
403 465 288
424 452 272
430 426 271
412 481 305
426 450 272
414 411 268
384 472 271
395 426 235
419 464 302
390 397 298
393 417 247
360 471 301
343 402 216
385 399 219
341 463 292
340 401 307
349 451 216
402 468 217
418 482 255
385 463 296
339 383 263
382 472 299
418 456 285
382 461 208
351 386 252
355 416 215
414 388 248
347 410 233
422 470 264
406 459 298
410 467 260
427 401 212
427 465 299
339 414 209
378 470 265
367 472 210
406 463 286
420 458 230
423 384 237
342 476 221
164 20 320
90 25 306
123 17 320
155 52 306
105 -14 259
88 -9 279
103 -13 285
89 -15 276
85 -16 269
148 30 326
89 0 288
142 44 316
144 37 261
177 -2 308
112 65 314
81 67 299
98 11 342
108 55 340
100 68 329
162 63 251
162 32 321
139 5 252
106 29 312
86 -1 302
92 60 272
122 42 283
135 48 294
137 55 323
85 17 277
80 21 254
96 23 318
153 38 265
174 -16 279
107 36 277
148 52 323
109 -13 345
78 35 319
162 39 328
157 -2 279
108 29 270
83 -1 280
169 31 247
160 -2 340
133 61 345
91 21 300
85 62 300
156 67 246
105 -18 285
153 5 254
155 63 342
80 14 289
147 8 306
171 48 276
119 28 316
176 -15 306
161 67 249
83 -12 289
158 68 299
104 -6 246
98 39 267
118 62 328
145 42 295
162 21 305
121 39 306
149 50 289
167 7 271
123 49 338
155 65 315
130 -11 316
177 21 272
468 467 206
498 445 256
443 458 177
461 467 263
529 465 250
464 438 256
504 526 195
475 519 260
441 461 265
503 510 185
518 483 207
452 437 177
437 506 257
469 429 206
439 524 172
494 457 241
510 485 261
481 498 188
516 506 251
438 464 241
529 466 220
528 513 235
449 467 171
442 463 243
500 460 236
439 521 203
468 457 203
493 505 176
518 518 255
461 520 186
532 497 268
462 429 206
505 487 194
467 445 188
437 520 270
531 474 217
529 479 188
503 501 239
488 503 255
522 478 192
478 517 254
504 466 264
436 499 203
486 494 208
434 503 226
477 440 183
505 491 269
492 467 237
459 510 253
450 484 209
491 445 199
514 449 195
487 442 261
476 476 226
451 442 209
462 435 262
481 487 200
455 525 249
464 446 233
449 501 264
511 454 195
436 492 214
532 472 209
527 497 218
490 447 231
498 460 205
516 518 209
465 456 205
496 462 196
467 497 178
73 364 111
45 306 152
86 373 105
79 390 181
86 325 99
-3 338 115
-2 377 130
34 342 97
49 322 190
28 383 124
17 357 166
84 378 124
42 371 109
69 379 183
5 317 173
72 329 190
52 328 119
49 338 158
36 297 105
38 363 136
35 381 180
55 343 147
48 314 149
23 375 163
46 363 168
-9 373 171
35 297 133
-8 387 182
67 352 160
26 373 118
18 360 130
1 380 140
56 378 112
19 308 94
45 321 98
28 296 180
79 340 135
69 298 99
36 302 172
15 306 131
63 392 144
-4 362 95
2 342 185
13 387 133
11 372 179
11 383 169
67 376 125
53 321 180
75 343 135
83 377 116
35 348 145
-13 308 105
62 332 194
15 374 138
60 384 192
1 368 119
85 295 143
58 351 171
-3 366 154
48 355 170
78 377 109
36 363 105
47 366 172
20 376 192
-11 335 107
60 302 194
-13 316 114
52 325 126
41 311 106
49 298 154
205 83 198
202 30 155
215 44 196
170 23 123
138 80 112
208 78 202
133 62 162
211 102 128
193 93 134
201 74 179
148 52 168
133 108 150
120 13 162
125 29 152
132 76 202
211 76 189
199 21 110
167 41 164
126 89 105
131 57 127
150 50 166
133 79 159
208 110 167
156 76 119
144 72 173
208 103 163
152 62 200
184 64 157
153 74 159
182 43 130
178 100 127
157 63 137
166 83 187
119 47 196
129 61 140
151 42 188
134 11 137
186 58 162
125 13 155
196 12 143
194 28 187
151 98 107
210 85 144
200 82 176
201 45 169
182 68 148
210 62 179
146 110 154
119 49 178
199 56 202
207 83 174
135 14 176
138 110 130
200 80 202
170 85 149
209 64 173
146 57 157
163 32 168
154 43 128
177 106 111
201 26 189
217 45 158
146 20 166
175 102 118
124 49 144
219 57 129
158 80 151
190 76 159
163 80 178
198 98 159
324 79 24
295 93 31
273 160 55
250 85 56
310 94 26
250 129 32
336 134 43
297 116 43
285 101 31
313 149 6
282 165 61
297 91 23
326 110 13
343 160 10
336 129 10
335 123 6
258 110 -33
293 178 13
259 93 -19
261 94 5
330 157 10
246 158 58
324 119 7
282 163 -26
282 118 16
263 160 48
287 135 25
341 91 -21
285 96 64
270 164 27
283 142 -16
269 161 -2
271 136 34
310 156 -1
339 83 -16
305 87 -28
268 82 -24
266 132 -2
305 173 28
246 142 -16
342 80 -23
278 147 52
344 94 -29
273 134 -9
286 156 -9
290 101 -18
320 154 56
326 170 11
312 118 -30
299 144 51
275 84 1
326 141 -7
278 87 -25
321 139 40
333 172 -27
285 82 27
262 122 -23
261 176 -6
257 170 46
246 118 -36
296 106 50
282 145 -29
289 101 -5
268 158 35
318 160 32
267 144 26
256 170 39
300 96 60
301 113 49
332 169 -11
184 136 240
142 141 231
107 107 185
139 65 202
142 114 194
128 74 192
98 92 271
176 63 213
105 104 221
174 74 219
160 143 184
193 152 277
144 119 238
128 59 211
148 135 194
194 61 216
172 110 204
156 82 277
156 158 234
154 77 177
155 97 272
194 156 228
190 133 184
100 155 188
191 132 200
144 123 184
128 151 210
186 85 263
157 84 222
154 102 185
151 92 260
140 111 236
149 82 264
134 101 214
182 98 205
139 98 249
104 65 260
152 118 206
163 80 197
167 106 225
179 114 256
159 158 179
126 148 199
185 129 217
147 97 276
123 111 272
186 66 220
128 63 259
121 114 211
100 108 264
95 91 177
141 97 277
155 77 215
151 132 181
119 93 238
151 66 224
150 71 235
161 147 248
109 83 214
104 76 277
122 102 254
162 113 246
144 68 197
159 107 221
175 150 255
159 65 253
193 97 245
94 64 240
160 144 211
125 112 233
169 80 333
161 74 324
192 -1 349
114 69 367
183 18 350
146 88 362
194 39 346
147 38 401
124 34 335
194 18 357
128 -11 320
165 35 355
158 28 390
181 -1 363
197 -5 347
165 44 322
180 84 326
166 49 355
146 67 395
138 34 394
188 8 383
178 15 407
154 41 376
158 14 396
204 81 391
135 89 397
119 65 357
114 69 395
129 41 382
149 7 350
206 70 360
173 31 325
137 85 366
136 7 352
178 74 348
175 0 321
126 64 354
137 28 344
150 61 390
157 70 378
197 88 382
135 42 359
203 13 396
166 30 372
150 70 353
167 89 378
135 61 403
149 -1 395
198 42 411
201 8 412
160 43 385
170 48 398
112 34 326
175 42 396
120 60 411
196 70 405
165 64 315
121 64 402
165 30 336
147 42 404
208 71 360
120 37 314
163 64 405
198 27 375
204 1 371
150 -4 365
115 57 336
148 64 343
191 -3 413
157 89 314
31 306 507
69 368 434
32 359 494
-1 289 423
65 363 506
52 276 433
50 295 504
60 282 425
0 350 476
62 342 483
23 344 507
27 363 441
-12 337 454
52 334 427
54 273 474
35 330 449
3 304 422
57 278 437
-14 354 497
-23 274 436
62 291 439
67 277 500
-17 286 493
0 368 467
-9 271 426
-11 288 476
-2 327 425
23 365 427
-2 283 481
21 321 455
16 332 508
59 281 477
35 336 472
68 316 513
43 329 452
-7 292 453
18 305 438
65 328 435
71 307 452
-18 348 449
41 282 480
3 282 487
-12 269 445
16 347 464
-23 345 458
46 365 518
-2 300 481
27 280 425
22 298 435
-23 329 493
1 354 441
49 356 472
38 274 473
8 340 423
51 357 508
34 331 453
66 320 496
60 353 455
45 369 490
32 297 461
72 341 499
13 269 434
-5 353 474
47 291 517
-20 278 421
-14 367 501
-20 352 444
16 284 436
23 292 420
14 352 491
60 133 201
40 83 135
68 136 162
23 90 135
53 107 163
-2 62 195
-24 74 163
-23 68 193
8 129 217
60 105 207
57 130 184
14 144 188
-19 124 147
19 131 174
14 120 199
13 126 190
69 74 185
27 91 200
-15 50 147
9 62 163
-13 136 138
32 84 142
31 129 186
70 80 147
24 99 203
41 54 225
31 106 225
49 72 175
43 101 127
25 72 141
21 134 135
13 55 181
48 71 168
62 61 150
22 100 225
-23 145 161
-20 53 163
47 99 215
15 57 136
54 62 214
60 99 224
42 113 137
-23 71 157
73 76 185
52 78 191
16 86 147
12 82 174
24 60 222
2 142 214
67 143 125
24 120 129
2 51 210
50 76 125
9 135 174
-15 146 166
18 72 139
25 126 177
27 95 157
59 68 202
54 74 186
61 69 173
50 136 203
27 60 177
34 112 167
-13 75 178
5 106 155
42 101 137
-18 101 148
-25 90 143
31 80 181
428 376 183
479 359 137
483 288 155
479 333 202
421 359 174
479 326 142
488 337 102
464 337 158
426 348 152
458 365 139
447 346 185
492 371 184
462 332 133
417 318 140
456 364 110
439 370 199
483 308 172
428 341 158
499 286 163
424 344 189
409 299 137
407 360 164
428 298 103
484 371 173
434 358 158
427 315 180
464 374 112
424 324 103
473 386 201
450 359 112
464 353 184
409 299 150
483 293 125
417 313 166
484 337 182
474 363 192
429 361 131
498 298 124
425 373 153
467 330 129
419 381 138
446 300 200
451 352 186
498 334 147
468 371 165
450 332 110
428 351 173
409 386 180
437 385 114
477 350 139
465 373 180
454 366 153
456 343 183
440 337 165
478 339 201
502 328 183
484 321 179
451 359 183
458 353 133
415 334 179
411 319 187
468 333 201
474 322 163
413 384 123
492 383 165
433 374 117
445 368 194
420 293 111
423 361 109
407 368 136
112 369 430
135 314 467
147 284 430
77 366 477
104 296 507
99 347 499
63 277 480
153 333 431
91 295 461
120 311 500
74 277 482
123 316 493
59 327 481
138 287 482
57 293 502
108 344 443
60 319 438
107 337 513
109 367 420
67 357 490
141 332 504
61 320 497
110 309 441
60 302 447
104 311 471
135 343 424
67 302 470
102 312 503
118 319 445
118 328 465
64 338 509
84 353 496
61 285 464
58 339 421
64 299 510
83 274 427
89 322 438
70 303 429
79 330 497
148 337 510
89 335 486
107 371 425
105 296 489
156 284 419
62 330 417
76 335 483
63 295 492
77 281 470
129 309 444
154 365 481
156 282 489
132 356 506
67 298 478
133 347 465
134 368 417
109 369 485
95 325 499
65 288 435
138 272 471
75 319 434
155 365 473
144 286 428
130 275 431
78 318 425
112 354 470
102 288 515
90 361 469
80 302 428
115 296 513
71 360 483
149 43 270
103 70 220
163 78 277
102 108 263
86 67 278
94 109 300
89 44 237
92 33 284
138 94 281
109 121 272
88 56 304
129 97 225
163 81 309
100 59 297
164 95 256
114 109 310
134 45 296
80 98 257
124 48 230
83 74 270
155 84 284
149 36 248
106 67 312
117 31 309
124 53 263
145 59 290
86 34 213
87 56 249
165 86 290
133 102 309
148 97 245
135 49 239
143 53 252
123 109 283
156 71 238
144 73 298
87 104 248
91 81 248
75 57 297
100 110 291
174 65 304
124 102 261
116 39 236
143 43 298
103 75 297
157 45 222
98 35 274
129 92 292
75 89 287
109 92 246
163 117 231
126 111 274
161 59 219
123 28 249
94 115 247
115 116 281
143 98 256
139 60 223
159 100 290
115 58 223
77 96 293
157 74 254
85 63 257
160 84 256
88 114 289
140 118 287
85 100 289
109 41 276
166 22 245
94 31 220
416 244 216
477 320 220
490 285 284
467 254 202
501 253 279
493 283 206
428 282 200
501 264 200
488 283 249
428 327 197
511 264 279
512 331 230
437 283 186
429 270 256
510 330 222
474 267 277
459 250 239
470 260 263
505 302 284
489 245 279
441 271 215
487 290 281
430 339 214
457 293 214
416 250 187
488 299 272
419 271 242
457 244 222
447 250 220
493 312 241
504 245 189
444 306 285
506 322 236
481 311 212
439 250 202
442 315 228
459 312 194
437 326 281
508 333 258
467 265 223
479 278 278
424 273 212
512 300 272
425 312 216
438 287 236
452 274 240
457 325 261
514 255 266
465 307 231
485 291 259
456 332 232
478 333 246
489 337 238
488 244 234
513 304 279
451 241 209
463 301 227
470 305 203
442 293 208
486 250 208
511 275 237
462 333 262
479 257 259
508 265 232
503 256 253
418 288 274
416 280 216
450 340 210
513 338 190
424 275 257
46 379 405
13 379 345
5 378 394
-15 410 387
45 451 360
5 365 325
10 360 402
9 381 356
48 377 343
58 392 356
22 398 344
2 413 332
-9 414 390
30 368 351
-12 399 328
-27 357 402
-23 439 374
20 384 326
41 435 319
-7 450 338
-1 408 379
-27 439 378
-1 389 354
-9 441 318
61 430 370
45 390 347
-3 368 347
1 372 343
28 423 410
54 443 333
27 412 361
32 441 353
32 433 390
23 380 351
14 408 363
29 411 390
49 407 356
65 431 331
55 386 401
29 379 395
36 406 359
-4 430 340
6 371 353
-29 373 355
61 394 371
33 380 388
-2 359 314
1 398 399
-19 365 354
21 406 328
30 430 338
-32 440 402
33 426 376
9 365 321
16 357 315
14 441 326
-26 444 362
-6 438 352
38 366 371
9 391 384
64 368 342
66 411 313
58 362 369
-4 448 381
-32 364 327
64 454 388
13 405 342
39 405 395
-11 384 360
3 420 331
129 56 48
176 -4 87
166 16 125
139 34 77
187 32 39
131 -27 109
167 43 125
144 8 99
135 19 80
180 33 94
113 55 104
162 4 44
200 29 31
124 -14 31
174 -40 87
148 28 94
188 32 116
114 44 33
139 -33 95
170 18 76
182 -40 127
200 35 36
158 24 111
113 23 126
166 34 121
195 53 40
148 39 60
177 43 126
176 1 40
180 35 100
145 -23 63
135 24 32
117 18 39
206 45 27
181 29 71
157 -24 114
173 -7 101
158 54 95
125 -2 54
153 -29 116
114 55 53
179 46 114
156 -20 109
140 -29 118
127 26 126
130 23 65
211 43 118
131 -36 47
158 41 95
151 -3 107
165 -27 104
155 9 38
202 40 104
206 57 112
148 -9 97
148 39 114
167 23 48
185 -29 71
124 12 115
206 7 92
195 -35 81
204 56 80
164 51 29
196 50 118
199 -29 121
117 -35 92
140 16 38
129 -28 86
171 -33 53
195 -18 66
144 281 387
153 364 392
220 266 341
156 357 407
216 356 399
205 324 400
215 341 326
208 315 401
182 337 394
200 341 411
149 304 403
202 292 413
182 322 333
212 293 351
222 303 342
190 313 327
170 273 385
225 335 370
219 311 318
186 348 340
204 300 338
199 309 340
133 271 384
213 346 367
210 349 348
224 327 368
160 342 348
169 267 403
214 304 352
204 362 397
168 339 396
146 341 341
200 308 363
137 270 381
226 325 357
199 277 360
169 280 383
156 268 396
207 292 335
139 348 390
221 354 343
223 314 391
135 360 354
167 296 382
204 335 332
152 276 368
141 273 317
211 319 416
163 337 337
141 273 408
174 309 415
130 318 398
163 290 325
151 278 407
217 300 351
150 337 395
131 343 344
168 327 357
187 344 328
200 279 374
214 331 341
194 348 407
206 299 362
221 279 369
139 342 321
147 289 352
171 316 322
149 330 405
203 272 379
226 302 324
-34 83 208
-5 -2 208
56 56 264
-6 8 195
46 56 234
-35 84 249
-17 46 240
41 83 265
23 84 184
-34 91 188
8 43 204
-29 21 210
18 81 229
26 85 177
-13 16 259
-16 81 233
23 84 195
-11 91 204
-11 56 239
41 13 240
-26 95 199
-18 0 211
-39 44 189
27 76 214
29 12 244
36 92 250
34 47 265
-31 60 202
4 0 228
-16 21 226
53 7 222
-19 63 218
-20 63 261
25 56 253
-33 6 242
-25 11 265
0 31 238
52 64 171
33 57 221
15 95 227
-18 39 231
-30 52 189
60 40 229
31 72 191
32 1 253
44 9 173
56 71 184
11 21 247
16 93 218
-20 38 240
-14 18 201
-28 52 171
-17 85 245
12 39 182
-4 60 213
-18 82 242
-20 50 191
-20 4 219
-4 59 210
-2 49 221
-9 19 264
39 46 235
15 66 215
16 22 173
-22 44 171
-40 94 232
45 25 206
-35 14 210
-6 45 183
36 78 259
127 90 -27
141 68 70
156 81 20
167 83 39
111 104 -25
164 101 -16
199 84 41
165 111 -20
140 73 29
126 74 23
137 121 -24
122 130 12
141 120 -9
148 79 56
161 89 -4
120 109 -14
115 57 62
188 41 -22
115 48 -6
137 90 30
112 61 37
154 120 7
114 69 35
174 122 57
190 32 14
135 111 35
138 63 46
125 87 65
186 103 63
133 88 3
144 70 -16
119 79 48
119 93 24
196 50 52
122 93 57
137 72 29
117 36 22
129 101 44
169 121 19
135 61 -2
122 42 48
144 72 37
131 91 -2
104 102 16
172 85 26
109 39 50
187 40 49
195 37 -12
118 102 20
154 92 29
189 130 -21
192 69 56
134 102 -13
164 75 53
174 113 17
109 97 -1
190 38 9
158 79 -6
181 96 -22
182 41 -5
195 48 13
199 34 39
169 120 32
174 75 -18
196 52 -12
152 75 66
141 112 15
176 70 -11
199 92 67
117 129 7
312 255 45
299 264 2
319 185 44
318 175 4
328 229 11
247 235 -1
243 202 15
269 227 20
262 191 -8
273 186 30
338 251 13
333 225 46
319 177 -24
253 173 -7
325 242 40
316 172 18
269 253 23
321 192 33
244 234 -4
340 216 -21
248 260 -11
315 259 0
337 250 40
273 247 32
318 176 3
291 228 -19
283 251 33
337 204 -2
335 226 48
265 180 -19
277 240 7
300 211 32
249 243 46
281 262 -42
305 243 35
242 221 34
336 188 45
281 255 36
250 241 32
248 230 2
268 241 -38
279 268 10
341 258 -13
285 228 54
315 203 53
243 173 31
276 260 4
299 262 -17
301 217 -17
295 196 55
254 190 17
268 240 42
274 231 40
269 219 -3
335 262 -9
313 186 52
291 172 -36
326 253 -32
280 261 -9
246 168 17
319 185 -14
314 241 -27
326 210 28
298 204 1
294 220 -28
287 198 10
244 216 -8
259 226 2
288 214 -18
273 243 49
7 -2 443
83 -38 457
81 43 457
72 -19 458
-3 28 380
1 -35 447
57 27 439
70 -5 445
-4 -4 395
-4 20 453
-4 -26 430
7 35 407
23 37 437
31 44 375
13 -25 421
77 17 396
67 21 367
30 -26 393
35 -37 385
10 36 392
84 0 407
15 47 419
-9 -22 448
28 -1 464
74 27 407
31 15 394
-12 55 436
40 51 408
48 -14 430
8 -30 414
38 -32 447
40 23 368
-10 36 455
18 16 464
24 -23 440
82 -38 396
17 18 439
64 -8 459
2 -4 375
75 15 420
34 35 415
29 -17 379
11 9 421
-8 -16 396
12 -37 373
8 52 410
-7 31 389
19 -12 372
77 15 370
56 53 405
38 7 432
44 6 449
50 -3 428
60 57 409
73 -12 425
61 6 384
2 47 432
58 27 385
85 26 389
21 -33 378
4 -24 390
79 29 375
43 -22 390
87 20 459
24 5 370
-7 34 436
74 -17 383
6 -31 441
71 -12 452
33 32 453
224 76 94
224 46 80
167 113 79
222 47 4
233 55 68
252 71 52
217 93 77
199 32 69
178 86 38
172 85 71
241 45 95
202 42 77
216 101 76
172 97 65
214 69 43
206 19 64
262 88 30
246 68 95
247 57 75
189 26 0
195 35 3
232 112 41
264 109 37
192 16 99
192 18 13
198 20 22
186 49 21
216 52 47
195 39 47
212 30 85
231 61 51
192 46 27
170 88 86
257 59 14
221 83 78
212 91 44
254 51 0
167 97 53
191 26 47
256 38 25
208 19 49
221 105 27
232 60 15
173 15 -1
227 94 62
187 16 77
210 74 57
211 88 51
165 27 27
180 67 93
168 85 88
195 46 97
188 31 0
183 16 95
221 68 57
253 86 60
176 72 91
208 78 67
184 114 36
214 67 79
172 76 32
214 110 3
250 45 21
201 16 50
179 77 46
243 40 30
197 38 71
210 37 85
259 77 19
202 87 68
443 129 133
514 89 80
494 94 120
496 114 90
452 142 48
474 109 66
468 165 77
479 147 36
528 152 45
486 133 97
434 163 68
521 183 119
472 175 79
515 155 79
512 106 72
453 138 67
534 97 48
437 177 82
451 161 105
517 183 54
513 156 40
485 87 95
494 145 89
476 183 102
515 138 96
533 175 103
525 119 52
519 94 88
502 184 106
454 152 124
510 171 133
514 87 37
506 123 77
480 182 64
500 126 120
481 176 109
460 156 48
522 152 45
473 168 82
534 159 41
477 90 49
437 148 92
531 162 60
496 88 105
441 121 131
534 184 121
495 183 116
511 109 96
441 121 101
529 152 87
497 98 75
483 111 96
445 116 65
446 100 47
504 147 52
528 109 103
505 134 45
449 144 75
477 116 37
475 159 63
439 104 118
529 118 58
450 116 80
461 136 77
517 93 91
462 183 64
528 111 111
445 161 122
480 93 56
456 131 73
287 291 14
332 266 102
282 319 63
350 303 71
305 350 75
325 286 17
359 293 46
309 355 18
356 293 71
323 282 72
347 310 60
366 354 78
317 320 92
345 281 95
322 285 16
349 350 74
349 295 104
316 355 39
304 297 76
341 293 70
266 364 52
280 361 104
280 304 65
306 319 62
283 348 88
272 347 17
329 353 37
306 326 68
323 306 12
338 333 98
316 341 94
292 327 100
273 355 20
291 325 40
343 362 106
350 293 99
319 351 65
333 289 63
305 329 55
280 325 22
271 343 101
321 345 92
297 296 30
280 322 91
283 281 91
288 349 89
297 345 76
342 347 12
365 349 71
364 363 85
314 272 74
269 283 34
337 334 95
300 355 87
296 280 66
362 309 89
294 279 7
329 294 37
306 337 18
286 295 16
353 297 22
267 278 69
329 288 105
267 322 58
346 320 33
364 276 51
326 276 97
290 279 52
338 348 36
347 349 38
500 89 48
432 30 16
508 45 -10
506 27 -24
499 89 2
505 45 75
451 46 49
432 60 72
513 24 -18
497 59 53
433 86 -16
425 31 24
468 21 -1
482 52 75
504 98 16
495 55 3
503 17 38
495 48 66
460 46 -6
484 53 35
476 55 20
486 105 18
502 65 25
450 63 32
518 69 61
456 97 33
435 16 52
451 114 47
465 16 14
462 107 24
422 91 37
473 61 46
516 48 16
484 62 -5
420 23 46
490 82 6
457 66 58
448 38 1
470 93 6
460 84 73
501 76 -18
488 100 7
504 72 -7
505 57 11
481 69 10
457 39 -19
481 33 60
441 74 49
496 74 -20
475 111 -11
459 70 -13
447 85 49
495 42 -10
479 104 54
490 111 60
502 43 -22
448 14 23
451 61 30
440 99 39
474 91 -3
462 111 38
444 18 75
448 49 -2
508 43 13
515 67 -18
515 71 21
480 54 55
484 51 51
468 46 19
422 72 45
187 153 135
115 173 140
189 164 141
136 147 52
124 193 89
186 183 85
180 164 72
172 128 120
150 170 96
161 211 102
181 167 133
190 149 120
178 226 120
164 134 146
156 214 139
154 188 71
165 144 103
130 198 62
110 148 85
144 162 113
130 143 72
133 227 94
152 134 89
154 153 92
126 142 123
175 216 86
173 164 117
187 172 68
205 153 91
116 197 55
149 139 93
186 154 139
124 221 49
125 131 59
148 204 63
197 197 59
143 185 117
164 223 56
114 180 73
183 158 73
200 190 93
161 131 72
139 173 84
174 199 135
183 188 92
139 224 131
124 167 50
145 158 131
194 188 106
117 198 135
166 130 102
142 209 99
206 217 83
181 222 128
203 211 104
183 225 98
142 190 113
154 148 70
133 128 51
141 168 131
133 213 112
133 198 69
144 211 63
151 224 80
113 210 69
181 131 66
117 224 142
135 158 101
192 209 50
144 194 112
197 115 369
232 79 298
185 117 319
238 98 359
240 108 306
181 85 320
216 131 341
243 125 379
231 145 355
241 85 307
252 119 393
204 63 361
233 159 338
237 120 336
184 100 318
232 71 328
258 147 313
244 74 396
198 74 395
239 90 386
231 65 325
257 137 372
251 118 314
164 65 305
213 74 385
223 76 360
245 147 367
176 122 378
205 151 355
174 118 333
185 109 387
258 110 389
222 123 361
224 74 309
200 100 343
210 136 314
203 86 296
229 67 354
220 98 366
184 73 331
259 77 315
210 59 311
216 158 302
199 59 332
236 140 332
235 106 340
260 131 368
215 112 374
251 114 314
262 76 396
227 98 360
209 69 363
195 136 322
169 135 315
245 99 328
253 81 335
163 70 316
217 130 377
253 63 369
202 151 390
167 100 319
249 86 316
252 65 337
218 122 307
199 99 338
167 106 303
204 80 377
260 134 396
218 106 396
174 105 381
419 470 205
392 400 137
440 483 120
450 391 160
366 485 114
390 466 175
448 483 167
389 455 136
369 481 199
420 424 197
442 439 179
357 477 168
426 464 150
382 457 144
373 406 119
368 473 174
446 400 137
411 427 137
403 395 133
360 472 200
368 393 122
353 431 200
383 476 120
432 421 160
367 420 109
397 405 189
425 391 156
406 392 115
388 468 182
362 430 179
431 488 152
423 447 137
404 399 152
423 441 197
437 464 190
441 487 133
388 400 168
389 397 137
424 460 183
412 460 193
375 489 125
429 415 131
448 399 121
397 469 166
407 475 165
383 405 195
432 423 174
350 420 170
375 436 185
359 400 131
415 472 186
377 437 183
412 431 176
409 420 188
419 414 172
417 427 163
401 463 191
362 416 154
391 438 132
415 446 118
384 466 195
389 437 158
351 484 105
448 417 195
449 463 170
427 473 146
418 456 153
431 442 202
395 470 149
353 401 148
278 176 87
266 171 56
273 204 111
281 186 130
213 237 40
215 160 113
272 218 83
288 173 128
247 205 117
238 230 87
257 185 125
210 187 103
190 167 79
207 236 126
243 202 71
232 217 63
226 228 68
192 145 104
267 212 59
193 241 60
246 168 80
267 190 93
281 165 32
202 170 125
237 149 76
200 180 77
234 152 42
277 145 57
202 158 44
232 187 57
226 234 87
192 194 39
199 165 65
209 177 73
281 236 119
245 213 39
279 184 60
188 170 73
241 179 113
222 207 111
274 231 114
248 179 103
220 242 110
209 221 112
220 143 46
218 190 115
218 182 59
266 170 119
236 161 93
279 174 33
214 243 120
256 210 41
284 227 98
258 221 88
280 242 124
250 198 127
231 166 87
206 169 91
251 178 50
209 163 63
223 203 46
209 152 49
274 160 107
259 184 47
254 159 41
274 198 99
199 189 57
188 144 94
243 215 100
280 195 103
252 199 249
207 257 255
190 239 206
264 236 266
249 238 186
216 273 220
210 275 203
207 257 199
235 270 255
182 264 182
247 282 229
267 206 246
243 235 227
192 219 191
225 225 277
215 267 194
272 258 242
211 257 253
248 201 240
226 203 268
246 249 257
204 290 272
176 199 246
220 282 244
247 280 275
204 273 246
201 229 238
241 211 268
199 201 193
230 248 252
211 210 233
261 257 205
246 258 229
174 213 241
232 273 239
226 288 248
222 249 240
174 194 276
202 269 215
215 250 248
264 271 219
243 235 188
193 196 183
250 243 224
211 193 244
209 218 243
198 194 208
261 213 206
183 247 183
210 263 223
227 207 247
241 271 245
269 252 230
215 225 214
210 283 242
239 219 212
265 235 219
197 286 211
200 199 183
196 249 197
265 208 196
193 194 254
244 269 246
211 235 202
206 201 244
261 209 261
179 277 275
255 209 199
232 215 240
196 191 253
284 241 460
215 310 408
247 299 418
219 250 399
218 297 446
282 232 380
240 257 439
246 233 418
235 214 373
226 230 409
218 227 407
215 314 430
270 307 379
201 284 440
209 303 435
270 292 383
235 306 380
226 253 469
210 237 468
266 242 454
211 232 461
282 276 381
219 296 419
195 245 435
207 286 422
254 214 464
254 275 382
240 297 378
257 293 420
211 228 436
269 216 371
195 294 454
270 268 423
293 266 411
223 283 468
218 286 465
276 235 437
218 295 428
196 237 379
266 292 463
291 267 388
293 232 461
255 274 463
269 261 386
194 273 412
276 262 391
253 253 458
230 244 417
227 309 402
235 242 468
270 277 391
233 256 421
243 289 381
240 291 382
197 274 444
215 232 409
284 245 466
294 282 437
268 221 398
271 264 470
235 305 427
213 296 403
273 272 383
248 286 421
283 293 394
249 224 463
248 313 431
219 300 415
256 244 375
244 285 434
22 207 227
54 208 309
97 182 257
100 220 302
16 186 210
22 172 267
57 153 270
7 163 307
87 223 214
75 201 216
16 169 290
96 207 211
104 172 241
43 206 300
60 192 307
5 167 241
94 185 222
21 202 300
42 174 220
95 192 280
18 143 210
22 193 244
72 221 222
45 157 243
89 227 287
97 144 218
95 223 267
17 162 231
43 158 296
43 179 285
44 175 293
79 138 239
61 211 235
72 156 292
75 196 306
27 212 218
13 167 263
73 213 307
52 159 217
29 186 230
56 154 302
35 198 247
34 176 228
55 189 308
22 194 224
41 207 301
15 207 281
45 155 217
4 198 211
81 232 245
13 214 253
26 193 221
45 180 222
75 171 301
58 236 244
17 218 293
5 191 216
98 224 238
16 179 277
76 184 302
82 231 286
29 197 248
90 146 303
6 217 209
4 187 283
26 190 219
99 187 247
84 204 252
79 160 246
6 189 280
173 458 334
186 477 326
159 536 332
189 449 360
241 463 346
188 508 286
187 506 315
201 549 357
173 514 368
219 539 299
184 469 367
176 493 361
156 460 301
143 504 366
234 526 376
203 465 309
165 470 303
182 494 370
227 514 361
149 520 291
176 451 314
194 543 353
215 541 353
228 538 340
241 533 342
235 497 300
169 449 383
229 523 337
157 487 325
240 497 303
243 543 361
200 535 357
230 537 321
202 517 320
214 484 342
207 462 304
241 465 361
161 469 329
228 492 345
208 531 355
208 537 350
218 456 348
171 454 377
225 511 336
208 545 361
170 510 288
188 520 287
145 488 360
167 456 349
163 469 334
231 451 373
187 534 360
205 515 344
243 548 366
231 501 382
234 484 351
148 523 375
224 487 295
174 510 349
220 543 365
194 529 346
210 520 338
188 500 285
239 538 337
216 532 332
195 536 340
171 474 316
176 473 376
208 450 380
170 525 309
366 177 239
399 192 322
403 112 257
417 114 327
418 118 324
372 105 253
413 165 241
422 168 291
405 164 277
355 149 338
354 111 305
387 188 252
384 106 286
400 140 292
387 134 249
423 133 248
355 132 285
449 191 317
366 117 313
417 146 288
424 103 331
399 140 320
396 202 316
374 140 270
411 162 271
370 128 283
384 151 320
417 173 270
390 185 308
433 156 313
409 155 260
425 122 287
434 119 324
372 189 288
387 162 244
382 139 326
435 164 278
401 153 301
381 195 298
371 155 299
383 187 289
396 193 250
379 107 256
420 149 247
431 102 256
427 126 242
450 108 310
377 132 263
358 139 255
432 167 257
368 172 271
360 116 284
402 121 247
396 107 260
373 133 242
408 149 330
447 157 321
403 179 326
369 193 264
355 191 289
374 102 292
443 147 310
438 136 272
378 111 299
364 189 248
375 119 332
374 166 275
416 166 327
415 166 268
431 103 301
150 27 -6
176 14 19
102 80 27
149 14 59
174 15 69
168 0 32
79 40 58
78 54 -24
157 16 -5
79 64 62
93 25 57
90 85 72
177 76 30
166 87 0
122 27 8
94 42 -4
128 1 26
115 26 71
78 -6 71
112 29 24
149 60 50
94 -9 70
112 29 42
111 49 65
155 60 36
176 -2 55
86 70 32
112 -3 65
162 48 59
93 18 11
96 40 68
167 17 -19
128 20 25
169 10 11
140 10 50
165 70 42
90 28 29
162 4 58
130 31 54
158 45 59
120 7 59
111 14 -10
178 -7 -15
117 29 32
133 82 18
156 68 -24
154 26 37
127 38 67
146 60 -10
157 61 65
125 87 -17
171 54 70
88 31 -19
88 32 46
101 88 7
155 81 9
107 36 6
169 -4 72
82 -7 -15
120 32 -1
114 39 15
177 71 63
176 59 40
104 12 0
156 61 11
172 -5 21
122 21 68
153 -3 -23
140 22 43
129 60 9
126 269 141
156 271 218
155 248 187
103 287 201
126 286 136
155 318 204
161 317 141
68 259 187
121 262 215
142 285 139
122 313 132
99 234 217
155 250 203
151 320 126
66 261 143
102 264 136
120 272 187
146 297 140
93 315 165
66 306 197
155 236 148
70 258 134
86 265 189
119 235 139
128 299 199
92 326 159
73 242 173
71 332 171
96 240 134
84 267 140
91 242 166
95 316 174
119 300 136
156 310 155
145 297 174
142 306 215
141 288 146
100 293 132
94 291 169
120 239 203
67 328 206
149 277 162
99 290 160
163 290 175
109 305 194
140 332 178
130 235 153
73 312 128
149 300 146
125 300 220
100 246 202
129 268 150
159 236 204
106 328 152
70 308 184
108 330 146
154 306 194
86 329 208
153 247 199
163 313 211
80 301 218
163 237 175
147 272 125
108 259 222
144 263 165
76 261 179
156 239 132
143 257 161
146 296 216
145 264 217
351 240 320
324 313 291
377 274 368
402 218 353
382 305 349
356 233 308
396 244 342
324 248 291
384 306 364
396 307 339
417 228 312
354 274 360
403 265 365
339 216 312
337 233 329
420 267 279
394 226 377
341 253 282
339 300 339
376 218 301
395 223 371
418 235 308
418 247 312
324 230 322
391 240 291
354 226 303
356 283 318
388 259 368
401 284 359
341 303 357
341 272 378
338 241 362
376 307 288
368 288 358
332 230 377
382 254 327
333 218 286
368 284 337
336 289 346
384 268 283
405 279 281
390 229 361
334 306 326
409 229 360
323 312 359
325 310 296
371 252 312
343 215 326
333 312 331
353 303 282
352 232 316
328 277 378
357 299 366
378 254 297
404 232 325
415 270 339
334 281 285
417 223 334
395 307 375
404 292 282
361 266 285
326 221 352
376 270 323
366 273 279
356 285 310
351 233 300
410 239 377
410 233 284
412 281 333
398 266 325
51 456 345
3 469 323
-34 448 311
-37 490 341
-8 428 314
32 504 295
43 424 321
1 500 344
-11 472 279
-15 459 361
16 454 339
-5 503 364
35 473 338
-5 430 301
-3 489 288
46 452 353
29 406 344
36 472 309
-4 491 284
-10 463 323
57 471 324
53 458 358
41 480 336
-32 458 320
13 420 296
-26 423 282
53 419 275
25 452 299
-16 421 363
3 463 313
30 463 306
-38 422 265
-34 418 315
59 470 364
2 438 315
-36 416 344
38 504 308
21 496 335
-10 443 269
27 455 340
15 502 365
27 423 350
-30 410 303
-23 487 340
27 485 288
-23 426 337
-39 497 357
2 461 324
41 430 282
4 456 292
-6 496 363
44 440 363
-4 490 294
-16 492 268
-4 415 304
54 485 269
7 454 310
47 447 273
4 491 272
34 422 338
-32 408 266
-8 467 289
48 446 337
40 459 325
-22 417 319
47 484 325
58 505 279
26 480 339
-14 453 303
-31 432 338
77 275 408
41 204 468
55 200 447
41 248 432
64 250 453
52 286 418
106 199 390
101 290 375
79 202 407
92 228 420
117 254 447
96 202 404
38 205 426
73 238 458
38 265 377
61 260 396
87 197 383
34 236 453
110 221 434
43 224 472
43 270 417
34 269 464
97 222 380
72 291 396
70 228 411
102 197 414
100 238 404
36 251 415
43 221 390
121 201 461
91 197 413
86 260 464
62 291 375
113 217 374
90 268 398
73 217 405
72 195 469
70 233 442
62 254 401
107 281 389
57 209 405
32 245 388
129 271 373
125 211 374
49 246 414
121 206 410
42 201 420
77 274 466
76 283 392
70 216 402
72 234 374
70 247 454
84 274 410
77 289 423
104 275 410
104 274 417
35 247 374
102 251 434
67 260 415
126 233 419
34 202 417
39 237 442
97 242 432
41 250 422
81 194 387
70 196 431
110 237 382
40 285 375
121 246 421
33 235 383
509 390 451
441 386 528
459 348 499
515 378 506
433 369 440
497 416 460
473 335 488
436 373 472
525 395 443
504 369 469
511 339 530
428 359 438
455 403 464
521 404 489
487 337 494
438 399 448
519 342 484
428 339 505
464 371 490
516 380 472
465 366 468
480 398 500
517 413 536
429 411 472
518 385 538
462 344 463
439 357 442
437 380 521
471 385 478
442 349 511
520 384 525
513 366 446
452 336 531
477 413 441
503 378 501
428 373 495
515 412 486
493 333 507
446 382 444
468 375 491
444 356 531
484 405 456
459 330 513
441 364 530
480 387 438
513 398 452
432 395 475
487 397 518
483 371 447
440 408 476
432 391 533
523 351 440
482 337 538
518 350 450
512 393 521
449 372 534
495 361 516
481 324 499
444 323 477
447 374 535
514 322 491
463 371 497
470 330 533
438 378 532
516 377 469
456 409 510
485 318 458
476 416 438
458 415 476
431 324 480
183 425 140
272 419 131
219 380 92
268 403 92
221 349 103
200 376 114
186 341 58
175 412 141
172 341 97
263 412 105
247 363 56
249 399 59
188 402 122
245 386 66
195 383 144
184 369 105
240 412 109
263 399 133
242 428 137
267 422 51
245 358 70
213 423 139
224 358 118
180 376 91
214 357 67
204 411 146
175 399 103
190 422 118
247 332 67
247 336 110
222 407 64
237 347 119
234 353 77
197 395 88
182 421 116
204 416 89
177 368 106
227 426 119
196 342 105
179 394 103
254 365 69
201 347 116
195 375 61
193 360 124
247 422 76
253 410 127
261 341 136
218 351 73
228 352 84
212 377 93
254 363 104
267 346 65
236 347 78
262 349 117
212 416 53
243 423 103
250 399 60
259 355 69
212 386 50
269 396 74
237 348 98
189 396 77
258 355 58
253 340 108
197 420 122
260 363 136
181 420 56
253 335 82
178 416 140
180 381 143
105 375 64
112 363 62
182 381 79
186 331 32
109 348 59
91 356 38
91 358 24
140 290 17
102 316 -1
176 302 53
87 373 73
98 363 46
152 364 -3
158 383 41
130 312 70
183 298 19
93 320 75
166 323 -5
179 346 26
158 333 41
107 376 34
157 331 15
134 358 31
183 324 -20
154 340 30
102 355 78
93 358 -13
152 319 13
118 344 8
159 326 24
95 315 -9
105 375 7
129 293 80
165 334 -1
174 317 60
166 311 69
132 355 60
126 367 50
171 308 -2
115 316 47
122 379 78
131 344 -19
167 365 36
144 328 74
86 387 45
140 312 26
132 387 64
91 301 61
98 294 -15
110 318 -7
99 324 -20
173 369 6
88 371 80
97 376 -7
129 317 36
105 312 38
98 333 73
180 386 24
104 335 -7
142 291 -20
177 313 65
138 292 34
174 305 43
90 344 17
168 358 51
160 332 60
99 350 -15
125 300 53
132 320 57
176 369 2
230 318 421
292 354 373
288 383 412
243 395 389
238 305 359
324 343 385
269 346 401
291 374 379
234 345 415
300 365 382
262 310 355
325 325 340
269 345 339
243 350 423
294 386 422
265 357 337
313 363 411
274 388 374
284 324 369
235 350 380
299 350 400
330 320 337
302 322 385
250 343 384
272 371 351
316 330 401
268 338 418
292 340 346
247 337 337
295 318 377
237 366 429
295 357 351
281 366 427
301 317 360
293 325 416
299 364 388
258 382 390
321 345 376
309 370 417
289 397 383
330 351 409
319 337 397
300 324 425
283 368 429
315 392 341
230 317 378
284 324 372
313 375 410
237 381 422
277 329 417
327 323 361
301 312 381
318 312 423
317 326 372
264 350 363
238 331 361
321 314 413
314 312 336
306 324 424
297 326 428
305 355 337
288 366 386
255 305 342
299 400 395
319 385 356
290 370 349
253 327 377
246 382 376
313 373 392
240 340 372
79 112 103
62 65 134
42 107 115
43 24 109
90 113 140
92 103 65
45 71 127
88 24 51
57 68 50
35 87 102
113 24 111
44 94 64
127 106 48
87 90 141
103 36 104
92 64 105
40 26 142
73 71 126
54 104 68
116 91 131
121 104 55
84 45 61
117 106 54
123 34 130
93 99 136
49 42 69
57 30 103
97 117 138
64 113 54
106 92 58
112 68 60
108 58 119
92 87 63
39 67 44
64 115 61
70 21 43
123 32 88
63 53 105
34 62 104
103 25 111
84 37 126
33 41 122
122 113 68
106 41 45
94 56 87
97 53 87
29 53 119
43 112 59
93 103 120
77 113 80
80 91 56
66 71 99
47 103 113
89 104 55
42 91 113
54 99 115
53 105 131
51 88 52
34 36 111
56 115 77
118 23 61
89 81 79
52 52 83
126 50 50
66 26 56
39 112 112
80 57 106
99 98 107
124 96 67
40 121 83
503 298 466
485 270 391
429 255 468
499 254 424
497 310 419
441 281 465
518 278 385
483 276 470
435 252 434
451 300 382
518 325 450
486 295 461
524 308 468
487 328 443
453 239 433
463 285 430
508 245 447
517 324 415
457 305 410
494 313 477
515 282 399
509 313 477
448 272 463
496 259 457
517 302 446
453 259 409
474 256 459
501 323 385
510 320 414
516 276 391
484 309 400
438 281 448
466 240 411
471 269 387
463 239 459
431 331 474
442 269 466
497 329 468
493 304 429
466 297 415
497 335 411
506 285 436
476 293 474
458 241 406
516 246 444
479 251 465
454 311 453
516 319 438
440 293 481
440 246 402
522 254 481
489 313 412
459 263 414
449 305 445
430 241 404
437 284 417
491 280 441
499 268 447
435 284 410
463 248 457
459 339 458
523 278 403
503 329 423
500 287 445
498 281 412
525 329 438
498 334 470
435 334 390
488 323 411
467 260 395
308 246 361
293 270 416
293 309 377
312 305 429
278 287 457
316 263 390
302 254 389
244 223 443
268 223 399
306 310 408
241 293 400
325 289 399
283 283 411
279 235 442
275 260 445
245 234 427
280 263 385
289 311 435
262 267 360
290 252 361
262 262 357
311 238 394
302 253 418
292 238 369
256 228 408
244 259 416
260 292 452
334 312 382
315 304 382
304 223 412
309 240 450
284 249 414
259 261 367
304 226 374
321 258 394
269 247 457
256 247 440
271 266 414
244 276 397
334 305 401
332 272 410
309 245 440
338 284 443
285 282 384
315 228 367
317 238 414
238 293 421
280 279 437
326 276 424
308 293 432
244 309 451
292 301 392
244 304 450
246 232 430
241 245 451
328 237 397
329 313 418
334 294 435
273 291 418
265 265 439
264 228 432
271 268 360
329 255 456
250 305 422
242 307 380
332 244 383
269 301 431
275 263 366
276 277 435
316 271 399
307 39 130
226 16 146
260 25 194
247 76 151
266 67 195
283 23 216
322 12 182
253 -13 195
237 60 183
307 26 201
257 70 139
300 72 153
253 30 194
253 61 127
258 57 132
279 65 168
262 7 125
267 47 218
227 57 165
243 19 201
250 3 165
256 12 149
301 15 190
265 37 181
304 73 210
274 73 135
284 1 154
274 76 206
267 55 129
303 75 188
312 9 216
284 76 123
291 56 184
255 57 187
307 27 183
248 -3 129
296 58 167
223 47 168
296 15 133
319 20 173
257 -1 162
314 25 219
315 15 208
296 3 133
241 47 139
263 8 219
249 76 139
301 20 193
233 48 158
234 35 147
251 35 164
260 67 169
282 80 145
257 11 155
264 -10 210
272 79 181
260 39 218
284 18 185
320 -10 208
278 31 190
239 34 190
234 70 124
298 72 133
248 75 188
272 79 207
287 16 153
312 45 197
290 -1 163
297 28 147
267 11 194
395 430 270
402 453 314
432 449 297
440 466 288
447 505 260
405 506 338
391 510 330
392 444 278
400 460 276
394 474 244
386 461 283
366 493 276
384 435 296
427 422 298
364 482 264
369 511 312
357 443 339
360 435 331
435 490 250
372 433 304
386 420 250
392 436 282
381 468 326
356 501 290
378 494 313
403 452 306
384 436 251
365 511 264
444 497 283
440 450 276
424 460 315
358 490 267
380 484 296
386 456 264
384 488 252
354 463 256
416 423 343
423 472 275
354 501 331
398 456 283
412 439 344
378 494 270
349 467 262
381 452 276
396 488 300
445 441 280
390 476 262
363 468 260
446 495 318
358 462 293
395 448 292
416 484 280
420 427 254
420 502 245
406 456 318
352 442 268
409 444 308
361 477 246
423 425 254
435 465 305
433 415 256
380 490 259
434 427 283
445 474 331
446 441 282
385 412 260
361 433 308
361 459 275
351 450 299
412 424 246
284 93 187
262 41 152
274 43 153
310 34 174
311 74 207
238 95 172
251 79 186
307 74 142
230 34 192
280 63 198
233 111 135
271 71 193
251 70 138
313 115 186
257 111 115
246 83 186
270 57 133
240 42 174
287 74 124
307 109 137
272 56 173
295 95 135
292 79 167
287 119 145
221 61 176
229 31 162
246 89 116
238 76 179
214 105 158
290 54 166
247 112 147
216 81 157
281 110 173
251 80 145
260 93 189
298 59 132
224 123 189
222 122 192
238 45 152
264 99 189
303 89 188
229 53 142
277 130 162
270 130 139
223 61 141
250 64 197
236 42 154
285 73 123
268 101 183
311 124 134
293 123 152
238 66 148
214 51 194
288 81 133
306 105 207
273 123 184
290 121 208
294 119 191
242 78 174
294 111 209
246 56 193
247 57 127
255 109 174
253 59 129
250 70 132
237 54 196
289 72 112
235 48 124
266 68 206
285 91 110
243 94 374
259 121 435
241 182 421
326 135 367
248 125 352
285 192 424
299 95 376
307 149 415
328 181 407
272 184 346
280 134 400
296 125 367
273 178 344
331 115 366
330 149 363
280 180 404
297 156 372
259 133 411
287 164 401
271 174 386
245 155 405
248 111 382
330 124 378
276 141 390
323 191 430
312 148 356
278 102 429
314 153 431
264 134 405
327 98 361
299 103 407
262 101 378
304 141 384
307 134 341
257 121 352
294 93 348
276 190 373
317 114 422
326 116 341
246 122 398
322 162 350
327 135 339
311 136 369
293 142 417
333 183 419
237 93 343
325 130 342
260 100 397
237 101 346
308 187 353
317 175 346
252 172 373
287 152 393
268 152 419
249 179 426
251 143 355
264 145 407
331 98 409
273 127 390
241 109 364
323 175 339
236 93 362
333 175 402
236 172 353
296 111 376
246 93 426
332 167 342
325 189 430
245 165 405
244 186 350
75 225 502
62 170 482
11 199 485
15 200 486
71 162 475
28 205 466
-10 238 490
-13 227 455
2 198 421
14 219 492
13 167 436
81 234 437
22 227 422
34 258 413
65 237 478
66 164 452
-14 232 480
9 241 427
64 200 433
25 180 420
-6 204 412
62 213 433
17 217 451
47 173 485
31 254 413
0 164 442
79 189 422
-6 200 497
73 179 427
41 216 456
22 235 419
31 253 505
7 166 492
29 195 422
59 250 445
74 214 444
74 182 456
9 176 486
-5 210 443
30 199 492
55 240 424
27 261 439
30 254 472
18 211 471
72 203 487
-12 181 469
61 195 507
30 238 427
33 244 441
57 252 506
46 236 500
24 174 462
73 178 483
49 227 444
13 214 462
51 198 435
58 201 466
9 187 443
6 211 413
-18 261 477
-2 217 494
39 186 431
67 256 481
7 162 427
30 178 443
50 232 497
33 255 415
9 236 489
-6 250 496
70 250 502
60 38 340
56 63 385
59 97 383
66 117 394
84 65 343
136 61 346
83 94 322
77 95 396
130 49 341
95 60 415
131 111 406
82 34 345
124 68 388
65 44 370
140 67 390
112 130 387
100 95 398
111 53 372
122 116 371
124 64 363
83 131 397
95 99 345
113 124 398
92 118 356
47 34 384
73 52 391
71 51 397
54 92 372
139 66 346
109 70 415
122 89 339
99 112 391
130 47 342
104 41 331
63 42 378
118 48 356
98 123 409
128 59 388
128 91 387
134 69 341
97 87 359
68 65 329
63 105 351
141 100 357
62 128 351
96 122 367
80 56 395
48 102 406
67 61 409
87 47 390
87 104 350
90 36 338
62 31 395
75 73 396
136 40 422
127 108 330
124 98 375
139 41 403
126 108 340
50 42 398
73 87 414
65 74 363
81 116 403
47 47 386
125 48 371
49 52 360
48 45 373
128 65 356
46 63 345
106 101 351
450 90 509
546 58 506
455 120 490
484 56 465
487 68 482
523 56 506
476 70 469
502 45 517
464 47 523
512 37 508
526 81 533
466 105 520
525 130 453
465 35 524
548 73 484
456 95 435
458 68 461
515 60 515
478 39 435
542 65 479
541 77 523
463 96 494
493 86 529
492 46 468
504 50 515
505 108 508
539 126 438
549 83 478
513 127 461
526 58 504
549 85 446
494 120 444
484 126 516
471 94 442
455 66 455
518 71 518
459 48 466
478 114 517
465 53 484
508 99 443
476 126 517
531 99 436
461 98 465
493 63 445
473 101 510
482 97 525
491 41 516
476 80 445
497 129 533
482 88 449
493 49 525
541 40 509
541 128 470
529 117 474
453 113 523
526 43 455
468 82 493
529 36 533
539 63 496
510 64 498
483 127 525
508 56 503
547 46 468
524 49 480
499 130 476
485 77 453
537 115 440
533 102 454
450 86 514
488 41 516
243 461 346
260 484 363
269 427 375
235 442 302
243 497 302
243 443 334
269 461 305
186 423 312
178 424 319
194 506 358
189 424 293
268 501 381
240 420 356
231 499 333
189 457 302
201 470 332
233 430 284
182 429 380
192 482 334
245 439 373
203 465 376
182 417 315
217 445 344
262 503 372
228 426 296
193 466 381
186 469 361
195 465 304
272 473 296
205 432 287
178 446 300
225 502 291
225 466 317
261 507 321
230 502 293
189 510 380
225 461 341
268 493 293
272 481 303
175 457 328
178 435 353
235 470 357
215 422 318
191 468 353
215 510 300
191 437 323
245 498 282
232 426 349
247 432 295
233 440 370
222 418 298
178 414 298
265 474 345
208 501 334
211 491 379
198 458 311
252 502 343
248 469 302
235 499 364
262 418 356
267 485 344
189 500 339
273 498 344
248 478 341
216 503 288
211 461 320
200 500 343
220 461 362
234 486 380
201 462 366
309 49 235
355 97 191
275 84 146
344 103 186
289 69 162
306 26 190
286 61 194
301 71 244
283 35 169
346 70 240
296 91 239
320 63 152
336 34 177
341 56 187
343 124 148
263 110 237
294 39 194
352 106 193
295 49 176
310 51 242
309 101 169
283 79 185
261 56 231
321 41 238
327 95 238
262 48 229
281 60 176
316 52 238
352 27 154
275 48 231
286 36 207
333 34 239
266 122 172
325 122 215
316 29 149
300 32 193
311 47 188
273 30 170
308 62 219
320 31 241
334 36 148
311 43 147
297 84 226
334 66 225
317 123 220
352 42 212
306 80 244
340 59 207
305 39 169
340 61 174
298 42 224
282 44 207
281 116 212
302 114 240
294 52 188
356 55 144
276 102 203
257 126 227
276 76 174
344 92 161
305 74 176
337 36 240
257 69 185
276 58 166
315 54 239
258 27 237
356 124 201
299 123 154
320 77 187
289 84 234
250 53 176
267 85 120
216 36 135
244 90 160
267 87 199
246 54 192
257 46 184
247 48 107
219 68 109
264 43 152
289 86 203
232 46 149
206 51 117
285 93 167
211 77 139
293 94 155
291 24 164
277 37 187
224 99 118
214 70 158
233 41 203
247 50 179
281 25 200
285 77 205
211 85 143
295 79 120
258 49 185
210 26 204
209 72 166
245 32 144
272 33 126
210 87 135
261 110 135
260 68 162
293 40 171
260 48 155
267 43 146
231 65 191
262 72 146
257 105 154
205 26 129
258 88 178
264 81 192
278 113 173
281 88 165
242 69 180
282 24 198
275 91 189
209 91 187
300 43 189
256 112 158
208 22 197
272 107 190
276 33 166
207 84 193
233 82 122
235 92 171
228 52 109
221 74 114
209 56 176
272 88 119
259 96 130
263 104 121
262 119 119
274 60 117
282 103 142
264 111 200
248 92 178
239 60 160
291 78 116
278 464 382
321 513 396
347 468 391
318 503 372
359 490 330
342 450 348
326 487 400
317 516 334
364 477 388
349 457 362
319 448 382
298 436 391
298 453 385
313 522 327
317 453 393
338 443 317
332 484 328
308 500 317
366 490 340
350 463 389
310 508 313
294 462 334
353 448 335
365 432 326
294 491 397
303 457 345
277 441 358
279 488 313
329 501 305
314 499 322
370 429 364
361 506 312
293 441 391
315 447 360
306 511 315
370 491 385
316 482 339
272 515 398
349 452 379
371 459 309
325 522 360
365 465 328
304 477 385
320 471 355
312 456 394
280 518 347
325 497 310
275 471 398
321 425 339
281 508 306
361 439 344
305 516 389
279 442 353
322 478 357
352 522 342
279 509 362
307 502 378
290 521 338
369 458 401
319 513 395
359 509 376
277 493 376
355 467 386
362 497 395
358 518 311
335 502 377
311 442 401
335 504 379
349 495 359
346 492 307
107 211 506
174 153 460
135 182 443
127 203 481
146 195 509
160 216 442
147 180 465
172 182 471
103 214 449
165 220 441
200 185 513
165 158 451
167 232 458
163 214 456
112 161 479
165 194 514
105 157 482
118 169 448
164 248 490
108 212 477
182 219 505
150 238 455
141 214 482
203 241 497
176 183 460
114 199 433
136 160 517
139 234 487
151 210 465
203 247 479
186 196 483
131 249 500
164 153 428
157 192 461
185 237 442
163 153 487
130 247 494
129 165 425
201 221 463
105 192 452
158 244 450
106 225 503
107 188 474
135 165 511
188 160 518
153 191 434
183 194 480
197 208 522
200 245 520
194 177 472
172 183 425
117 236 514
185 167 436
197 200 427
110 155 493
125 150 493
165 230 514
113 160 468
181 192 438
135 166 466
116 214 424
194 195 503
173 178 475
180 193 425
201 177 486
198 236 496
156 158 445
164 216 519
118 239 516
173 177 464
228 350 311
204 342 278
186 338 256
230 375 268
170 373 241
159 388 251
205 342 253
193 300 297
138 379 326
147 359 278
185 303 269
131 336 246
206 386 322
188 379 321
188 340 267
140 369 285
215 307 332
185 303 270
173 367 235
165 303 243
151 336 298
138 344 250
170 301 332
157 339 261
171 350 331
203 365 275
140 318 261
220 334 307
190 336 327
132 387 245
136 337 271
229 346 317
183 392 285
196 375 237
223 344 238
191 320 244
198 328 312
167 353 291
153 373 326
138 373 307
198 350 305
212 337 322
185 297 291
153 300 307
187 310 284
190 351 265
182 303 267
131 346 245
131 379 239
131 342 262
151 332 260
188 347 272
179 343 303
218 318 250
143 393 292
194 330 252
178 377 278
148 322 278
216 390 279
142 376 307
206 369 326
146 318 266
206 372 325
154 327 253
171 311 324
199 362 263
166 365 235
215 393 292
187 389 296
184 325 291
45 487 212
3 484 261
55 434 230
42 458 273
70 424 232
77 420 305
3 462 280
11 416 251
73 407 231
17 409 221
-4 470 269
-7 470 237
53 422 226
68 469 212
18 462 304
1 453 251
28 399 207
17 457 294
10 403 257
31 402 210
60 490 205
17 486 293
56 403 231
62 418 246
75 437 213
49 496 227
38 403 302
19 437 233
75 408 234
25 414 245
37 468 280
-5 459 305
27 407 259
22 414 304
53 433 223
16 485 276
82 491 301
57 432 267
8 401 304
31 431 247
44 470 253
77 440 278
32 452 301
76 494 229
1 412 243
37 411 208
71 489 209
90 428 254
-8 427 294
64 483 224
64 439 240
27 441 228
35 493 291
30 433 213
79 494 262
6 471 230
77 480 213
88 405 285
72 474 298
4 448 304
86 475 227
-4 450 299
68 496 269
59 456 281
57 450 263
26 478 252
5 474 246
88 449 263
-6 469 265
31 399 271
217 468 103
239 440 27
197 444 82
184 460 55
271 469 115
202 500 78
224 478 29
193 429 113
263 453 119
212 493 102
228 496 73
209 423 88
259 506 71
261 452 88
180 492 102
229 420 74
188 420 46
184 514 106
180 429 98
268 457 88
205 491 104
230 477 60
179 454 126
258 497 85
181 513 123
264 440 36
233 474 48
226 423 105
179 424 97
279 459 118
254 515 108
260 515 44
273 441 121
255 469 85
210 500 105
233 423 70
244 485 123
215 448 64
268 449 74
235 447 127
275 503 70
245 497 125
224 446 95
200 456 111
218 461 33
259 501 41
183 478 30
184 510 44
197 432 88
199 473 42
262 448 49
243 460 109
222 479 29
181 463 124
195 510 42
250 430 122
252 459 61
275 494 76
221 439 125
190 458 35
180 477 32
224 438 31
218 513 116
238 422 59
271 434 126
220 453 122
230 422 53
179 493 80
236 504 88
241 513 116
412 59 66
472 116 44
420 113 88
490 69 10
443 77 77
504 48 65
436 81 30
413 111 97
503 45 62
475 114 54
442 60 61
472 61 101
486 33 22
454 117 12
494 108 52
446 101 22
488 38 85
503 61 101
421 51 15
406 111 64
473 120 70
486 115 73
483 104 91
434 81 64
500 104 71
483 110 48
433 64 27
483 118 94
500 42 73
457 84 104
438 114 73
482 70 35
407 65 77
421 100 37
468 81 47
444 94 64
418 55 102
430 84 95
460 51 10
406 96 30
463 85 7
440 77 37
474 68 94
406 82 37
423 43 61
435 78 68
474 102 44
491 76 92
449 24 99
495 109 104
481 103 27
458 34 59
498 84 85
496 72 74
480 83 52
494 58 80
474 95 67
479 111 30
498 85 22
483 26 6
481 101 78
479 114 28
483 89 14
500 115 47
504 84 36
479 51 8
472 28 79
419 83 36
447 69 9
428 113 79
403 276 69
323 240 96
365 244 133
374 280 110
340 201 100
388 213 55
400 218 98
369 235 84
368 193 122
387 282 84
316 260 86
362 263 145
388 246 74
367 218 124
391 206 82
317 229 64
384 233 66
386 279 150
368 232 68
357 250 99
312 267 148
338 197 100
318 259 152
403 247 116
394 274 129
378 282 104
364 188 77
323 206 88
397 264 108
367 269 65
363 224 127
394 207 113
309 285 133
351 263 71
380 277 53
378 282 72
362 274 130
370 197 84
390 261 55
386 230 126
362 227 150
331 215 145
376 219 108
324 266 79
375 200 72
366 187 72
405 256 78
348 199 84
377 271 80
399 261 103
344 235 144
388 276 58
398 245 59
321 201 84
397 272 70
367 188 80
313 281 56
311 283 125
407 285 119
338 270 80
321 239 108
359 267 144
406 240 126
321 214 132
385 282 74
323 247 100
330 224 132
405 262 79
376 238 98
377 189 128
292 298 280
278 233 266
352 301 254
333 301 275
346 219 260
290 263 263
279 272 277
277 262 290
323 228 287
355 223 308
337 283 246
303 266 258
353 233 274
345 221 255
286 273 260
347 290 292
305 294 331
278 214 254
344 250 256
293 207 293
320 274 306
283 236 339
337 286 318
290 298 335
275 245 262
277 262 322
280 285 259
372 215 277
298 294 300
294 236 297
315 255 247
362 208 337
275 231 273
287 303 297
369 252 304
275 284 330
292 263 253
354 236 255
286 286 264
358 240 314
273 249 242
302 258 307
339 290 282
332 215 284
293 291 318
329 291 246
294 211 258
324 212 262
302 253 253
274 274 265
276 275 331
301 228 275
354 224 256
339 276 295
283 258 262
313 264 279
301 230 278
319 294 271
358 277 278
368 225 268
347 302 270
276 222 282
343 206 291
333 282 296
289 295 278
312 217 245
309 206 301
288 276 287
312 257 295
279 302 282
227 161 443
285 154 451
224 126 453
253 168 429
228 166 412
278 166 487
283 178 400
216 166 452
312 175 426
284 181 466
248 139 456
259 169 442
256 136 412
217 123 480
262 178 436
298 198 418
313 200 414
242 157 439
311 205 420
272 164 404
273 146 444
258 126 398
269 205 423
233 167 404
233 205 475
256 210 442
235 175 482
247 123 489
216 120 456
235 125 455
259 134 407
239 162 409
281 135 473
270 184 419
286 202 449
215 177 427
239 136 425
248 128 401
217 180 438
290 184 437
305 149 423
263 136 433
305 203 455
229 116 408
264 119 415
250 130 472
269 162 431
308 163 441
247 151 473
314 118 484
312 194 471
256 207 430
268 166 488
276 165 442
216 115 450
273 161 404
257 210 481
305 115 438
218 168 424
270 117 414
258 191 490
270 167 428
247 143 398
224 151 413
264 152 470
297 127 440
297 197 454
271 163 480
250 133 406
314 148 478
303 403 405
286 373 496
334 386 489
335 405 409
301 412 429
324 389 463
315 388 487
282 402 460
308 432 423
255 443 423
307 444 475
320 370 435
256 407 462
282 391 498
276 429 428
290 392 466
333 436 437
257 387 452
329 404 406
306 418 417
296 380 414
262 370 502
299 388 460
258 400 425
263 428 470
297 442 487
329 429 503
267 439 416
320 424 475
325 429 416
274 433 438
247 381 489
243 413 417
242 413 436
269 369 428
247 451 412
264 357 496
318 419 414
319 448 444
276 384 439
298 375 420
341 376 476
296 391 433
254 395 466
328 403 470
325 367 406
245 405 459
272 388 454
277 407 491
251 418 409
252 438 485
299 417 455
323 447 491
251 362 489
245 437 445
242 379 451
245 447 479
302 402 436
296 375 439
318 413 484
271 440 470
267 444 417
256 402 484
341 415 498
303 388 473
272 439 403
258 444 440
290 448 438
296 356 465
280 450 481
353 473 43
329 475 93
383 488 44
366 418 98
367 479 108
383 483 24
353 441 114
304 499 65
390 430 89
305 479 92
383 494 32
363 450 27
388 471 56
380 481 83
360 433 23
346 441 88
375 453 107
343 450 80
354 476 51
302 508 45
383 483 60
292 453 80
369 420 52
293 428 29
347 473 58
335 486 96
345 469 36
378 418 92
343 441 123
291 417 100
321 437 49
312 431 75
383 466 120
324 510 66
292 459 110
336 507 119
308 420 98
363 473 71
386 475 49
338 444 102
334 416 93
369 419 65
319 476 78
298 419 33
362 444 43
388 454 42
334 413 119
389 507 117
358 498 69
301 443 66
376 471 100
367 486 59
331 446 117
335 437 76
335 497 91
326 490 123
338 426 52
365 481 37
329 476 52
330 501 55
343 429 85
292 487 96
376 433 70
308 465 36
325 485 38
373 476 110
356 451 90
334 424 33
327 427 106
326 479 81
