442 94 64
465 65 -12
459 74 62
381 47 68
424 48 -3
402 87 73
445 133 65
398 50 43
462 58 66
445 80 51
462 135 43
457 101 22
417 131 -15
468 93 67
380 73 78
422 50 11
469 119 -5
391 81 50
435 119 51
424 146 29
449 106 19
427 113 64
388 143 42
409 129 31
410 115 10
447 73 9
440 90 77
461 96 -4
432 142 52
398 124 51
464 90 -10
373 130 26
413 125 51
466 48 3
390 110 31
451 57 -11
415 75 1
401 69 11
437 71 -17
453 50 3
446 117 -14
376 86 9
436 108 57
398 142 62
457 49 70
404 103 13
407 60 1
449 63 33
433 84 75
440 131 19
426 123 -6
432 79 73
445 88 80
472 82 1
442 107 15
377 99 -15
416 123 -19
452 101 4
401 78 -15
471 59 80
370 192 32
347 114 41
357 144 70
324 192 26
381 142 40
360 143 22
352 162 28
356 96 -7
406 185 57
315 147 -8
360 161 66
410 130 7
395 180 10
371 109 15
390 139 83
338 133 77
315 98 60
386 139 -10
362 134 5
333 119 -13
360 142 -1
351 171 82
338 160 44
361 129 27
332 95 50
356 154 22
393 104 9
342 124 54
332 129 72
317 122 25
384 169 -3
314 145 68
412 137 34
373 127 -2
369 131 24
333 106 60
393 120 30
412 126 43
366 100 39
413 143 42
360 164 27
343 104 60
411 173 2
317 179 61
395 145 70
340 143 69
399 128 -12
378 116 -7
400 171 47
316 170 16
323 177 -7
394 171 43
315 194 14
321 109 -2
390 167 1
388 120 3
381 189 30
413 105 63
363 159 51
359 160 -5
389 209 237
415 199 261
468 188 276
450 238 277
374 237 239
421 185 184
450 169 235
431 200 267
428 174 197
410 261 266
375 162 205
445 222 190
442 243 234
407 178 248
432 204 237
452 206 188
389 163 270
417 185 224
447 173 242
465 214 259
442 189 213
389 236 186
460 216 215
457 253 223
373 249 238
409 234 200
447 192 190
444 238 268
451 162 238
412 216 195
420 226 187
394 184 279
450 168 189
462 193 239
382 231 214
422 257 245
446 193 254
412 227 256
392 235 221
373 190 191
422 198 264
381 260 188
442 189 243
376 223 201
414 185 203
427 199 257
457 239 257
467 213 202
458 241 190
427 176 184
463 185 233
431 249 217
468 249 236
404 245 185
425 193 225
420 250 260
405 237 188
463 240 273
466 193 268
423 179 270
118 448 364
150 418 367
120 413 293
142 477 292
161 471 357
205 441 284
128 488 309
172 436 286
110 436 298
165 440 374
183 473 381
184 409 312
121 492 338
111 463 358
132 407 360
166 419 292
111 470 288
195 424 293
166 414 338
168 486 331
164 425 334
166 447 310
190 490 297
139 461 351
113 460 288
190 415 301
201 398 317
143 433 313
206 473 363
185 486 340
127 427 370
187 461 296
192 424 329
162 455 286
128 478 327
133 427 349
159 420 355
198 443 328
191 423 299
133 418 324
132 485 382
144 475 294
138 493 383
158 456 309
134 442 381
145 413 374
129 422 296
159 413 322
180 426 364
181 398 334
175 492 348
205 471 372
201 469 300
128 457 330
165 467 322
182 431 326
138 486 343
134 482 360
131 422 374
171 423 354
246 17 472
275 3 478
200 -4 441
295 73 475
253 21 444
260 -6 401
294 -3 402
292 82 405
296 48 480
280 13 442
214 -1 462
238 62 487
200 20 446
273 30 478
285 17 459
228 71 485
221 -2 493
275 24 444
295 -8 451
250 66 415
235 54 433
234 29 462
212 64 402
243 6 477
199 6 438
284 79 442
224 42 442
258 17 464
216 57 456
247 -5 418
218 25 480
199 81 419
270 51 486
224 24 477
222 80 457
220 73 419
280 80 480
257 63 483
260 12 422
249 67 486
249 5 416
253 67 449
280 62 469
236 64 406
208 68 501
291 68 404
274 89 495
248 -8 441
271 5 499
209 -1 415
262 80 407
267 12 422
263 -7 456
294 -10 486
296 80 454
250 67 439
199 44 477
249 32 450
277 33 494
242 44 421
261 466 275
199 415 263
185 484 233
181 502 225
207 410 311
212 452 260
192 487 313
257 480 288
168 457 234
195 429 294
194 443 273
188 432 287
180 500 250
237 486 250
212 456 316
200 416 257
259 487 251
257 406 299
264 407 295
209 492 248
229 469 290
231 466 264
216 436 272
184 455 241
220 500 278
199 490 226
199 467 242
248 437 247
169 497 243
198 488 260
215 415 252
174 498 262
239 466 289
232 491 248
259 430 235
226 501 287
184 444 291
177 447 233
189 418 280
187 452 299
224 506 273
263 417 301
180 469 242
181 470 230
174 418 287
264 484 234
176 422 252
185 408 223
224 453 259
251 497 288
188 425 282
165 456 274
210 481 277
174 471 314
263 417 253
250 406 318
238 420 228
170 442 254
240 418 261
169 429 278
353 255 230
343 344 277
358 294 227
342 338 312
314 335 276
377 313 274
312 300 269
361 257 306
339 282 253
305 323 303
320 313 235
317 262 278
345 273 321
369 252 247
299 326 305
370 265 238
290 296 293
381 282 238
323 254 315
315 329 305
295 266 231
351 315 232
333 253 269
363 326 230
312 327 257
298 267 244
295 305 253
371 267 319
378 316 265
368 300 301
299 278 240
377 342 231
387 314 287
347 348 254
296 294 233
300 259 279
334 317 308
297 320 316
326 346 286
333 306 231
377 346 281
356 259 284
363 282 268
386 341 306
333 269 268
329 319 309
298 318 285
291 331 305
335 249 254
351 276 318
354 327 295
374 257 244
318 294 292
327 334 235
296 270 256
295 286 316
320 331 236
330 337 256
323 268 237
372 283 317
349 415 428
346 370 375
378 421 370
304 389 411
365 379 411
371 441 355
365 424 374
311 357 362
286 376 415
334 410 366
303 353 349
374 357 411
363 416 400
368 422 401
288 424 415
292 354 343
361 405 394
324 449 349
297 436 420
340 366 343
289 415 425
304 377 333
348 423 408
327 365 362
361 417 365
346 383 422
366 384 419
342 409 409
312 349 374
317 418 391
374 355 374
345 446 413
322 424 370
299 431 347
357 421 389
351 446 411
367 417 390
367 449 427
302 425 399
320 354 420
346 377 354
349 445 418
332 364 430
341 361 378
309 421 414
308 354 352
333 404 389
332 413 333
373 371 410
322 422 429
373 371 343
304 390 375
290 358 414
320 423 344
307 416 395
299 399 376
369 375 402
310 431 337
339 391 339
362 445 425
54 372 297
70 361 328
56 398 389
42 354 337
99 329 338
88 357 376
88 338 349
29 346 299
16 341 336
23 348 316
16 326 337
30 381 350
26 356 379
27 349 343
39 359 343
2 340 304
51 405 350
32 392 297
80 395 295
27 396 378
5 316 369
36 350 343
19 382 299
33 383 319
43 390 362
54 332 364
26 382 372
45 404 319
95 338 353
67 357 318
19 398 379
94 390 311
9 354 352
99 381 386
61 333 347
48 347 370
71 348 372
101 320 321
73 306 340
93 306 360
87 341 304
44 401 291
49 348 348
95 334 342
9 340 333
53 352 350
27 330 299
22 372 356
3 391 350
12 392 333
11 376 359
11 338 391
96 386 319
3 384 299
92 336 342
52 372 295
91 325 297
57 371 333
101 394 377
38 380 347
362 237 168
364 229 113
341 263 144
422 244 148
432 261 128
404 205 166
367 228 154
387 211 147
377 262 78
405 259 113
365 183 140
424 264 94
358 226 130
416 264 148
426 239 112
391 227 152
414 224 138
395 276 152
396 246 165
389 198 86
427 235 115
429 226 83
389 216 154
339 257 144
435 256 98
354 213 121
411 235 88
406 188 124
402 225 117
416 246 156
405 270 81
344 250 79
367 252 96
367 206 82
426 186 120
374 225 115
351 250 172
393 263 96
399 184 79
397 207 115
399 186 116
345 184 136
347 244 147
421 218 116
405 235 146
401 215 83
360 201 127
344 279 92
347 197 133
339 213 142
343 212 121
385 217 144
437 264 118
355 227 123
344 234 77
355 248 142
352 204 102
358 264 105
351 262 150
415 183 151
355 136 221
368 82 302
346 136 241
398 81 308
381 130 267
389 75 236
371 56 319
407 77 280
419 137 289
341 79 249
368 143 258
408 55 222
373 97 267
437 97 285
396 100 285
409 134 262
350 102 283
378 73 313
350 137 257
418 152 302
417 138 223
351 144 242
347 64 265
364 149 285
360 141 285
430 72 291
368 114 238
379 69 302
435 141 271
359 124 309
380 107 237
384 71 308
389 108 286
401 115 226
437 87 243
420 120 303
385 120 258
354 135 310
371 142 241
440 53 257
343 76 286
361 56 259
417 53 252
386 56 294
405 115 251
395 68 240
398 122 316
422 84 306
362 143 228
418 70 284
377 78 226
392 85 238
361 136 237
363 128 266
409 103 270
428 144 279
431 132 239
427 142 314
363 71 284
374 116 229
255 136 277
247 116 286
222 95 267
261 149 312
258 120 223
231 106 245
186 155 298
195 129 223
234 75 282
233 71 287
188 71 252
245 71 286
176 121 314
211 69 260
266 141 234
191 127 300
224 107 289
225 140 261
183 85 311
236 143 229
206 122 224
249 114 317
214 64 283
205 72 296
238 72 268
255 95 271
179 72 231
188 88 226
173 73 284
233 121 232
216 94 250
207 102 252
248 79 299
214 85 314
193 100 274
186 132 257
261 93 266
224 118 255
175 104 238
180 155 275
244 61 223
261 71 284
272 118 300
269 79 313
188 97 259
222 77 261
194 145 231
205 136 224
242 127 229
246 76 269
188 72 244
209 152 217
178 90 232
190 96 309
217 115 297
191 114 286
252 82 219
230 78 260
224 141 269
181 123 253
473 470 288
413 486 256
399 462 279
415 470 258
463 442 301
388 482 273
403 439 290
396 512 326
445 521 315
408 438 309
427 455 275
409 465 305
462 489 293
398 450 331
409 491 339
419 461 276
468 493 277
453 504 333
472 480 315
483 446 268
405 444 341
471 511 281
427 426 325
469 453 349
435 431 268
411 464 274
454 484 320
411 505 338
455 491 264
447 483 279
423 487 253
457 477 311
476 436 346
396 447 254
414 481 313
417 520 300
433 462 271
459 428 275
428 459 293
485 441 254
438 459 347
419 464 297
453 447 276
386 500 311
452 511 348
466 431 280
453 513 303
422 483 317
468 473 304
401 447 283
434 448 350
410 488 298
482 482 309
461 497 347
417 506 282
483 458 268
388 494 278
450 434 324
456 502 270
406 443 328
144 375 -14
166 349 70
165 359 34
105 315 72
71 355 -18
164 318 50
68 352 -19
75 308 5
133 313 45
154 329 44
93 345 75
71 282 64
70 302 9
71 370 35
126 322 32
122 312 0
90 321 50
114 297 -4
152 360 58
113 347 23
131 319 -4
97 320 27
109 313 8
96 349 15
78 345 49
78 353 43
118 295 24
72 317 -12
132 344 14
78 377 51
156 378 6
84 371 13
77 336 28
89 336 80
140 365 41
132 303 60
68 381 47
156 348 46
69 293 14
140 344 57
165 298 -5
140 375 5
147 349 -1
100 380 6
166 349 73
70 357 -19
80 364 38
95 296 -13
95 360 73
99 291 61
88 288 53
135 364 39
154 333 51
130 301 5
103 376 51
109 368 29
154 300 23
87 321 27
141 360 69
99 282 37
377 97 257
319 94 273
313 46 267
329 110 282
382 37 309
293 84 282
384 36 278
307 55 267
291 113 278
324 81 301
290 124 279
314 81 262
379 117 303
374 128 294
353 66 238
330 88 301
355 105 261
291 36 237
303 84 210
297 74 252
308 112 221
322 49 222
363 84 291
325 96 225
358 98 238
302 97 210
380 127 272
370 122 214
373 67 285
340 95 227
346 34 210
315 93 232
375 125 221
364 124 239
331 36 224
307 94 240
375 115 216
343 69 219
346 99 274
366 42 211
346 108 233
309 112 227
347 45 275
319 116 236
327 122 237
328 108 239
287 121 218
354 69 250
354 66 213
292 38 268
331 63 220
300 80 309
315 66 287
338 113 278
297 121 297
315 42 247
292 96 218
310 55 234
349 40 241
319 130 273
-5 334 263
-23 334 244
35 402 273
34 387 175
-30 369 240
0 353 265
39 323 272
-23 377 180
44 398 215
11 400 254
8 408 223
12 324 205
-16 361 262
59 339 208
-31 408 177
-21 345 201
33 345 234
4 338 219
11 335 215
-28 387 247
59 354 203
46 402 192
30 380 196
65 394 214
7 365 222
12 355 208
39 325 226
61 347 202
54 343 175
9 419 257
-21 377 218
-8 397 238
34 392 202
35 398 198
25 329 188
38 339 186
39 388 223
-31 357 253
-18 348 187
32 389 273
40 370 259
-32 362 173
30 364 181
-28 373 249
7 400 189
-4 412 242
55 413 242
-9 368 259
-34 357 260
39 375 188
59 402 207
-17 327 250
-19 345 252
16 370 262
47 371 230
19 393 181
64 395 257
-26 420 246
41 401 269
35 341 259
203 425 66
210 483 28
230 405 31
237 467 102
227 447 66
199 444 61
176 438 86
201 444 61
167 423 94
156 493 83
241 442 38
230 466 24
256 479 53
166 457 48
218 479 41
248 495 34
164 475 25
165 484 53
212 489 90
163 455 99
249 410 78
221 445 30
219 471 63
172 419 48
179 420 56
242 448 64
240 491 82
194 489 76
188 468 91
225 431 64
248 476 37
232 494 18
166 404 104
237 404 112
217 472 51
245 409 40
199 476 68
188 479 116
167 486 74
169 481 58
195 477 21
208 449 49
192 496 52
196 424 35
243 448 57
217 428 49
168 429 115
183 504 83
169 412 38
209 441 30
245 460 31
227 422 89
184 485 68
185 439 108
234 420 35
231 440 39
226 455 25
195 500 102
190 432 21
195 498 94
96 24 118
114 64 116
182 42 121
137 30 183
111 58 174
187 64 188
165 8 156
103 30 101
181 67 131
151 7 161
145 8 144
171 2 154
126 43 174
157 4 91
132 37 133
124 33 149
111 -7 156
122 35 102
130 28 119
109 -8 107
94 35 188
147 63 112
187 35 95
135 69 103
122 -19 100
161 -3 133
110 -7 132
115 -24 169
113 70 152
170 -5 103
163 35 98
178 71 152
132 45 173
165 45 180
121 -17 170
153 3 147
133 54 128
126 -5 162
94 -10 173
90 55 103
175 23 168
188 17 129
101 37 141
119 64 109
152 29 120
135 23 180
169 62 186
154 49 185
162 73 159
89 27 143
173 -25 94
176 36 157
107 8 136
143 -9 117
135 20 142
124 47 190
181 74 163
144 1 161
187 -13 104
148 -17 101
323 217 235
342 181 312
296 197 271
314 205 289
283 175 314
347 214 247
313 246 318
295 203 330
284 159 299
370 172 305
366 197 246
358 171 293
311 160 247
298 190 251
290 213 334
371 239 324
286 156 310
349 177 254
356 215 279
325 247 294
343 175 334
345 192 295
273 203 314
346 247 278
312 189 251
276 201 278
365 252 236
317 198 323
371 164 264
314 250 236
305 164 279
314 172 262
346 221 307
300 230 243
329 174 312
345 252 331
294 215 255
358 217 286
337 233 285
326 162 277
348 175 269
355 158 324
333 177 291
360 252 272
281 180 266
338 195 236
324 167 240
317 189 276
280 198 266
346 175 292
364 239 259
319 163 298
361 184 316
357 163 335
278 242 329
299 170 256
338 249 325
307 191 283
353 204 255
357 162 307
119 213 3
94 234 24
112 281 35
110 255 102
88 268 76
57 243 90
112 232 22
52 210 92
115 218 65
125 217 56
127 274 16
62 261 50
125 232 26
123 262 102
48 279 98
79 225 49
76 285 90
71 219 94
74 261 89
121 226 43
110 303 72
126 234 27
79 281 100
71 274 8
90 225 63
122 275 61
46 286 62
112 248 19
91 221 34
128 248 56
79 211 101
51 298 24
75 288 63
33 299 80
63 267 31
67 250 72
122 221 11
75 246 93
75 215 80
81 225 48
35 217 63
88 237 16
54 262 34
102 255 71
76 233 46
102 301 57
76 227 47
105 305 65
95 247 26
79 255 14
92 244 61
71 252 13
120 238 59
131 292 37
56 295 100
40 288 94
31 239 75
130 282 58
80 237 85
62 236 34
138 276 -19
170 291 42
120 288 40
191 296 73
164 234 58
104 270 61
103 247 52
131 260 -22
100 224 -20
192 271 73
175 249 55
167 237 47
170 224 -18
178 250 22
174 206 63
180 227 16
154 270 17
170 284 5
128 235 35
181 268 0
124 300 17
99 253 46
176 221 31
157 296 63
169 248 67
122 301 10
131 213 -21
156 254 48
183 244 -23
140 289 34
189 278 20
174 294 21
152 287 32
138 266 48
163 265 15
182 201 0
119 248 23
163 280 23
154 254 17
114 206 71
173 277 -13
153 301 41
184 227 26
169 218 11
165 300 21
183 297 53
168 239 -17
119 210 75
111 231 -4
104 266 40
141 251 14
180 226 42
185 279 56
110 289 50
170 232 13
98 233 20
114 217 55
152 239 0
180 219 6
186 281 39
546 312 229
540 257 192
547 316 214
474 245 156
530 284 222
526 326 137
512 306 220
531 277 161
463 246 172
495 283 180
537 238 187
518 302 227
523 250 229
511 284 186
529 318 199
542 254 150
536 282 224
517 284 236
506 264 176
503 254 228
460 304 156
533 326 146
528 318 184
535 267 207
540 326 178
477 272 210
460 246 230
450 237 168
449 315 166
517 307 161
459 256 175
462 321 160
534 312 191
522 234 177
511 231 146
527 324 194
454 266 144
475 326 231
505 318 156
530 245 147
480 272 144
491 315 150
453 231 207
539 300 147
517 266 171
496 248 202
491 241 140
492 268 171
460 261 178
481 280 175
542 306 159
526 270 207
483 324 209
508 230 174
484 265 211
537 282 191
468 306 212
539 283 212
454 284 179
456 296 228
179 473 4
153 518 10
184 491 37
138 456 -3
108 539 -19
184 518 -31
97 455 -37
176 505 46
119 458 12
125 523 -27
181 550 -40
167 461 -5
186 479 8
102 548 16
187 458 -27
100 506 40
128 516 -26
166 530 27
95 500 34
153 481 -14
135 521 -16
182 518 -39
127 467 -1
105 476 -8
140 518 53
145 493 3
163 455 -32
188 451 56
132 539 55
132 489 2
105 460 1
103 547 36
152 530 22
158 461 40
179 452 29
123 455 58
164 479 0
137 486 30
127 522 -17
182 545 30
187 508 41
139 456 44
164 524 43
120 509 7
136 530 -9
155 521 -2
118 451 40
138 511 20
159 526 30
103 465 33
157 533 53
126 492 -9
115 461 53
165 512 3
171 536 -33
193 497 47
194 473 -4
131 480 16
106 499 20
127 456 -28
46 11 96
75 23 43
77 64 116
138 88 119
47 24 67
55 81 43
114 7 124
122 15 103
89 79 52
83 43 50
131 17 124
121 45 123
58 31 98
104 88 38
138 30 53
130 14 112
138 68 46
89 35 56
95 8 40
139 12 104
134 97 85
68 48 119
71 14 73
135 22 63
138 27 91
98 84 46
90 27 29
84 45 71
47 62 83
86 45 118
101 56 122
137 64 79
66 100 75
61 92 41
130 64 29
144 79 34
123 36 44
83 99 67
145 96 55
125 95 96
95 69 95
76 71 63
79 106 34
68 102 60
48 69 34
109 57 29
84 92 92
69 81 103
145 8 125
66 59 85
127 48 79
133 63 111
102 74 37
64 9 71
99 42 51
146 73 75
63 32 66
79 40 86
114 10 97
71 14 79
131 225 180
206 230 141
125 226 176
146 269 204
127 279 179
205 301 199
209 319 119
134 264 179
166 304 126
210 312 110
208 298 188
179 312 188
189 232 121
208 265 128
167 248 129
136 290 155
198 231 116
159 308 190
123 287 145
131 246 134
207 245 172
208 297 140
146 277 126
213 268 126
131 322 167
171 282 203
168 303 136
122 252 174
165 299 143
155 242 189
191 260 118
121 294 196
160 271 110
166 274 125
173 285 199
187 283 137
171 314 126
185 298 154
169 289 199
160 243 180
151 275 132
172 257 124
189 297 199
166 251 189
134 236 174
126 297 175
163 289 173
142 246 136
154 304 178
150 294 133
180 299 122
145 287 194
192 229 184
142 266 138
157 256 147
216 231 139
199 255 107
198 265 116
183 227 166
150 291 113
124 180 245
74 185 183
97 196 252
83 230 206
153 234 249
163 229 240
134 246 180
155 160 183
120 159 273
81 170 183
77 232 260
135 154 268
70 229 189
100 237 197
93 202 219
96 154 243
119 185 203
157 227 177
121 165 263
141 240 252
155 192 178
163 201 249
97 157 190
122 198 179
169 213 216
126 228 182
112 180 248
77 222 176
73 196 182
84 195 212
127 236 259
164 167 234
104 242 179
120 157 225
141 178 223
148 188 275
147 212 262
99 206 262
130 215 252
142 165 272
147 235 180
123 197 244
87 226 250
166 226 263
82 157 197
117 155 262
72 169 205
160 212 207
98 170 177
71 158 177
135 190 220
134 181 243
130 238 201
158 229 190
112 241 241
73 227 187
142 174 271
139 157 228
132 207 224
161 177 207
266 402 253
287 365 301
301 386 222
271 409 293
311 331 270
338 378 270
314 349 259
274 374 262
289 375 220
293 358 264
356 363 284
300 381 267
302 330 226
284 411 304
305 368 264
313 349 255
357 394 273
283 406 293
272 358 313
320 364 251
267 386 306
359 377 308
322 351 291
271 354 251
286 365 311
340 405 258
327 326 266
350 314 275
340 399 316
319 323 262
311 393 233
333 391 243
287 349 266
298 347 223
263 328 308
315 324 296
346 378 279
306 352 290
360 408 318
310 383 258
360 326 254
309 397 305
288 400 220
334 410 297
300 344 225
333 410 219
357 359 232
335 398 275
266 403 226
348 324 219
272 340 290
347 347 237
271 378 304
317 404 288
314 319 305
286 349 260
283 348 260
271 387 302
327 337 245
309 391 229
492 303 309
469 311 277
528 263 246
453 310 317
446 357 346
483 263 342
451 319 330
436 303 292
504 280 277
447 359 293
507 267 256
476 348 311
464 301 289
450 322 263
450 290 247
502 259 280
464 330 320
521 293 299
496 288 334
441 324 305
456 281 287
522 290 307
477 343 305
526 274 274
495 312 337
534 319 323
485 324 339
481 264 342
468 300 311
438 308 269
448 317 325
494 309 305
517 259 250
486 329 339
473 317 328
491 348 264
524 308 339
482 326 262
491 351 247
454 338 322
437 298 333
451 357 344
526 312 255
534 316 266
494 275 337
440 296 342
455 279 261
478 296 261
499 295 331
442 332 338
466 337 302
518 349 330
484 333 249
459 284 310
479 286 310
511 289 331
491 264 290
528 340 310
489 320 302
499 314 294
315 537 37
334 450 95
348 496 18
365 522 79
337 455 111
311 466 12
341 455 28
343 518 38
397 452 32
389 468 72
367 533 86
330 519 111
338 496 90
321 447 49
339 504 53
335 538 93
375 484 27
344 520 18
312 499 28
317 468 15
326 538 46
330 482 74
382 536 30
375 473 24
323 450 16
309 516 41
396 444 103
349 538 18
354 534 89
314 533 42
335 484 108
399 451 30
383 455 93
317 508 12
390 534 57
394 508 36
314 512 34
344 443 54
346 461 16
384 517 47
397 446 67
318 486 47
328 452 70
404 508 94
394 477 83
370 517 20
404 498 14
308 494 50
318 465 28
341 466 67
373 493 62
378 512 109
342 466 106
327 450 33
316 483 47
374 505 76
328 496 37
321 445 95
323 455 61
360 483 102
119 327 184
96 286 251
103 282 261
105 307 223
110 308 252
100 256 193
67 280 215
113 302 186
93 340 206
25 304 182
59 293 207
51 301 190
41 306 219
44 322 207
97 268 175
31 339 220
50 337 263
57 316 203
109 293 249
122 272 230
27 254 216
112 304 261
102 331 224
113 333 238
56 305 213
48 347 214
104 326 194
45 314 209
112 344 189
35 280 250
112 315 213
33 334 231
51 324 183
92 281 271
31 250 266
97 291 188
50 286 210
71 302 237
76 308 207
54 309 221
108 342 211
110 301 262
80 259 200
113 299 207
42 273 235
108 284 227
72 286 268
91 321 247
70 303 260
120 283 225
101 275 246
27 320 196
41 268 253
62 291 201
74 348 272
121 300 178
92 263 237
91 288 184
67 284 180
76 311 235
455 100 223
442 84 198
485 101 264
435 151 258
506 71 293
461 114 297
505 67 209
488 65 214
438 132 251
471 108 280
447 159 284
507 81 226
417 81 277
424 131 270
418 149 259
487 140 219
413 139 219
435 77 213
452 110 281
477 118 245
499 100 283
445 152 226
461 65 243
499 87 206
507 150 288
421 154 273
411 131 275
407 101 217
440 138 250
424 145 255
440 159 218
438 141 255
426 67 251
507 138 223
424 130 225
414 156 232
477 144 251
463 125 260
407 100 240
420 147 271
506 146 279
456 161 276
438 134 295
444 161 270
410 97 210
457 79 270
487 139 200
446 117 258
498 71 197
482 156 200
431 136 249
440 102 296
477 75 256
408 96 258
416 75 241
449 127 247
430 65 212
481 138 239
495 146 231
491 92 268
332 258 413
395 213 325
324 210 361
320 232 406
419 241 375
349 249 391
390 188 354
418 174 336
346 210 343
355 217 386
324 188 378
387 228 393
333 182 387
390 161 381
388 182 421
335 261 391
387 197 336
374 248 403
324 169 412
364 227 422
388 194 358
357 250 339
347 219 334
416 261 346
405 221 365
358 193 349
349 205 323
381 227 361
327 257 339
328 218 362
331 246 370
383 239 342
354 182 384
401 222 380
370 241 391
349 245 325
412 181 392
356 204 381
338 168 402
415 251 323
409 204 394
392 210 371
347 254 393
399 252 337
334 215 388
413 173 401
404 173 390
391 191 336
325 224 384
340 176 393
322 181 367
329 215 387
395 196 420
341 164 331
389 171 366
409 238 418
390 234 407
361 184 375
390 255 385
353 238 377
381 135 144
348 183 137
413 139 92
410 111 129
351 131 84
375 94 51
355 92 79
365 160 100
348 109 109
342 132 63
352 99 140
355 127 55
398 132 61
393 84 143
371 109 121
368 129 129
401 120 106
344 134 142
402 86 119
356 102 80
400 117 147
387 154 76
344 89 106
413 154 126
405 147 125
365 116 78
427 136 109
350 114 135
432 125 129
416 170 94
403 170 131
389 181 66
415 120 71
348 108 127
383 134 108
386 97 115
353 169 75
370 87 95
365 177 93
386 95 89
348 140 74
338 162 112
413 153 68
402 166 57
380 94 81
380 173 76
396 129 84
404 175 125
412 97 101
397 91 127
396 139 83
361 111 116
389 173 105
395 114 138
429 107 115
417 147 78
344 158 68
384 97 83
348 179 87
363 118 139
395 274 78
459 251 47
415 274 6
490 229 23
469 291 18
399 294 56
394 312 9
445 227 11
403 292 49
396 241 22
421 251 51
487 283 12
474 247 6
414 285 3
438 275 52
393 287 -4
465 231 50
475 228 2
457 257 0
468 293 19
409 287 -12
440 304 19
405 237 13
430 231 7
460 291 31
421 312 59
448 262 58
446 238 -14
459 318 -6
459 232 49
469 240 63
425 267 0
450 298 56
457 279 54
398 255 -7
438 297 42
426 285 36
454 281 52
461 317 -14
421 291 -15
448 224 -15
423 288 7
488 299 -8
397 273 50
481 276 75
420 299 57
458 249 -5
476 294 -11
412 234 50
409 289 -4
434 271 17
403 311 7
447 286 19
443 237 30
440 240 39
467 289 0
475 264 42
449 239 76
407 230 75
426 312 52
366 276 328
394 289 268
407 356 293
400 314 330
329 328 290
395 320 314
338 290 296
364 270 277
412 312 261
356 306 308
333 306 273
395 304 265
336 280 328
381 288 321
327 283 265
332 263 305
384 325 344
387 268 303
382 300 335
421 300 260
330 303 313
373 268 354
414 311 327
396 348 313
419 321 297
374 348 273
332 353 339
400 326 310
385 262 330
326 341 313
348 298 322
375 317 325
357 347 313
385 301 299
419 268 304
412 265 328
407 343 358
362 282 325
378 350 287
354 297 301
405 351 309
405 280 318
375 277 346
403 323 285
371 296 317
365 336 352
343 269 266
413 340 353
373 265 302
356 357 276
349 306 269
327 352 287
358 343 266
399 284 286
410 317 357
383 294 304
352 314 328
379 274 329
382 284 353
402 321 342
411 107 150
432 144 74
395 165 164
376 160 97
406 182 100
414 143 160
414 153 137
425 118 104
398 193 85
409 177 165
464 132 167
400 133 118
415 176 107
393 177 102
419 106 159
451 139 151
420 187 171
431 153 99
441 161 174
420 111 156
447 159 139
467 144 105
444 126 135
381 177 173
451 169 95
418 189 125
466 156 103
454 178 89
379 176 138
410 153 161
471 188 168
414 166 122
412 150 91
455 192 166
403 179 147
476 125 162
433 106 75
405 133 83
466 102 111
452 97 95
449 152 93
472 171 125
412 113 83
450 107 124
425 164 127
412 172 154
422 158 153
408 128 109
416 106 89
379 99 102
383 173 89
415 192 163
449 147 75
452 149 158
416 149 115
449 156 74
423 145 90
415 106 80
417 193 103
428 120 85
29 337 367
35 385 351
55 350 352
37 349 346
34 370 350
-22 341 431
55 365 387
55 388 391
66 384 420
58 406 391
74 351 410
0 328 431
-25 369 433
22 395 339
28 386 380
45 340 371
50 385 428
56 391 371
-3 389 435
11 408 343
-10 396 372
40 406 388
28 354 345
47 355 356
69 335 361
-3 310 410
-25 314 439
28 405 377
42 339 391
46 390 351
7 340 427
57 319 364
0 316 415
33 337 356
-23 352 391
-11 355 379
65 351 418
-22 333 434
5 348 357
60 383 432
36 340 435
66 336 412
-22 391 426
8 351 345
-22 337 348
31 402 347
30 332 413
7 343 392
55 340 361
-2 316 353
60 359 437
25 327 418
28 404 421
25 391 410
46 336 348
17 357 412
73 407 358
33 313 377
19 354 397
54 341 361
292 386 408
274 396 365
231 395 364
302 482 400
312 467 447
287 419 445
280 454 365
303 421 381
312 404 372
314 449 462
311 419 417
306 440 378
267 391 374
227 417 419
262 427 387
215 432 414
219 400 384
290 394 432
290 444 402
239 402 404
252 421 394
222 383 397
272 402 405
252 482 416
302 391 408
220 409 428
309 423 374
260 387 406
261 431 365
262 420 411
247 418 371
311 454 434
230 396 385
303 468 394
285 412 454
216 402 375
301 395 424
314 466 426
274 458 440
271 412 403
304 389 455
288 391 449
263 442 420
289 464 383
297 413 420
224 389 431
221 417 375
285 405 366
244 466 417
293 447 397
245 388 390
229 391 447
252 431 379
231 427 385
243 464 389
279 411 437
276 438 409
219 405 448
304 469 449
291 443 444
148 114 63
209 132 130
201 105 151
184 42 84
187 109 78
145 78 121
220 40 88
225 91 64
207 42 100
152 129 155
198 127 137
187 93 106
172 80 158
221 84 69
217 90 94
175 69 131
159 62 77
218 83 108
162 109 133
191 100 64
147 54 142
213 77 68
209 89 153
219 43 92
219 41 70
180 126 140
197 59 70
200 87 88
231 52 110
224 97 104
162 75 146
156 61 107
164 40 153
225 132 137
164 59 91
137 123 115
184 125 97
145 47 147
204 108 104
176 69 69
229 130 96
167 81 85
181 131 142
160 83 80
167 108 108
230 97 141
176 124 77
200 76 131
227 76 138
172 116 138
171 134 115
218 136 114
220 76 72
211 43 68
188 129 66
211 113 64
205 85 60
161 98 79
170 38 113
218 60 123
100 471 490
112 484 466
122 460 464
152 396 459
146 399 499
170 426 544
100 463 507
155 413 455
97 489 479
162 412 548
144 490 519
105 403 455
159 460 512
97 413 468
134 461 462
99 450 495
132 459 504
161 417 467
165 442 475
144 429 485
192 466 490
132 444 538
141 471 465
147 462 481
185 467 462
172 406 470
175 478 518
170 488 517
114 445 542
179 469 522
196 411 448
140 425 463
185 435 488
146 404 485
124 469 539
153 482 535
156 470 508
145 456 492
112 419 500
110 438 511
164 428 496
121 473 467
178 434 451
193 405 482
142 438 463
164 432 538
160 413 478
123 476 476
109 396 532
130 484 470
180 427 492
154 461 527
101 392 516
173 397 492
118 414 450
129 419 541
113 480 476
187 459 503
135 421 507
193 404 517
44 177 182
5 166 119
40 221 103
42 190 195
-20 137 147
-42 133 156
45 222 123
-23 146 136
-3 169 186
-31 151 115
43 223 115
-13 206 106
20 187 149
23 199 201
11 191 195
26 174 130
-2 152 150
0 168 139
-19 189 117
-23 156 134
33 207 199
-48 137 171
14 209 189
-19 221 115
-16 188 112
6 217 167
-11 193 192
46 211 127
-41 225 180
-45 173 123
46 142 147
14 178 102
51 147 202
-33 157 190
34 210 182
-5 220 155
4 138 107
-29 169 148
-1 140 122
-24 196 177
3 164 118
-7 226 141
3 143 111
-30 233 147
-39 167 174
-28 190 202
34 211 154
40 144 135
24 150 128
13 224 197
10 227 173
12 232 200
-43 201 146
26 153 105
11 202 180
-47 198 181
16 171 141
13 142 121
38 185 106
28 146 141
433 308 132
396 277 80
407 350 106
431 266 119
407 340 135
386 347 140
405 331 135
461 276 97
431 323 82
385 361 84
461 347 136
423 350 99
382 311 85
404 309 78
434 292 130
431 358 146
444 346 122
432 308 113
448 335 82
440 299 83
441 303 155
411 275 113
381 276 131
422 353 89
450 328 72
368 340 143
375 335 101
410 343 164
409 269 87
433 270 159
455 285 99
456 293 76
409 294 116
408 349 99
438 345 130
423 332 88
422 334 101
381 355 172
448 338 164
415 291 85
387 288 119
373 275 141
464 302 105
428 270 79
455 316 98
454 278 87
444 313 135
422 297 80
390 326 131
378 285 105
414 287 100
455 360 97
407 310 125
413 328 164
421 339 156
455 264 121
455 352 85
393 280 150
436 300 86
444 287 82
229 64 369
258 54 290
217 28 365
289 79 355
237 115 384
252 124 353
293 96 301
272 67 355
278 46 302
262 33 366
277 85 299
255 90 351
290 121 314
298 33 308
206 30 377
252 106 351
271 88 297
260 28 298
234 31 363
260 114 299
246 41 343
227 31 380
254 113 320
206 33 357
275 51 344
205 53 311
282 60 319
250 91 377
269 69 333
235 64 312
231 118 339
228 78 307
201 90 389
210 31 318
288 94 351
283 117 379
222 47 355
301 99 290
203 36 376
218 97 292
247 95 371
219 105 342
248 57 364
264 87 380
233 114 384
253 73 381
212 53 379
252 63 314
203 102 339
239 83 374
238 51 381
203 71 356
259 100 310
295 91 384
298 84 306
225 50 326
215 31 312
254 49 359
222 102 335
286 112 336
118 65 83
171 5 27
160 4 114
159 85 32
115 39 116
169 49 93
174 89 85
146 37 71
156 38 55
135 70 117
156 50 116
157 27 30
173 54 104
109 24 80
153 28 37
133 30 125
167 -1 96
163 0 100
191 46 54
110 7 95
177 -3 64
135 52 93
126 -3 50
168 80 27
158 63 100
145 80 116
97 19 44
104 39 50
167 58 99
104 23 52
168 8 72
154 3 70
187 36 33
143 8 126
97 79 85
120 56 93
182 33 44
102 66 113
124 42 83
133 59 46
130 0 106
131 21 90
137 22 96
112 22 60
109 85 48
192 60 26
174 61 55
145 65 86
126 3 76
136 31 61
178 35 27
155 80 101
132 14 83
173 78 31
177 74 121
126 39 109
115 87 79
177 57 88
124 76 80
153 65 104
469 346 137
488 315 182
425 355 152
474 379 152
454 393 180
491 340 155
456 394 188
415 403 210
492 394 188
461 393 168
422 350 214
442 364 166
490 316 187
413 320 148
506 363 176
482 333 202
499 340 199
486 320 179
447 377 170
441 363 188
440 370 218
416 352 200
497 325 186
460 360 157
442 320 144
407 382 167
499 368 186
463 332 138
467 362 135
439 407 185
505 324 217
476 362 219
444 320 151
458 329 161
497 324 163
437 380 127
482 406 195
429 373 197
413 343 129
424 367 146
475 314 123
434 318 137
463 351 217
460 332 150
416 349 121
488 381 217
481 372 123
444 337 148
492 364 205
488 348 139
505 365 196
428 362 216
470 404 144
452 310 163
429 396 133
473 336 192
452 348 157
440 343 119
466 346 164
468 320 164
473 36 59
481 59 59
525 17 106
488 59 28
451 38 23
459 21 70
467 33 88
475 22 18
493 26 113
468 81 21
460 34 66
460 34 84
500 97 49
448 27 108
506 67 41
521 10 39
503 101 15
453 12 84
478 10 58
432 19 113
434 53 44
499 94 66
455 47 99
516 6 69
465 20 50
496 14 89
526 8 86
462 89 44
483 94 99
502 74 17
466 80 90
496 97 47
433 20 106
487 11 103
508 36 79
524 22 57
500 63 88
446 57 37
480 51 68
430 16 82
520 24 112
438 77 103
444 15 78
477 69 54
481 53 94
484 47 67
451 66 98
429 62 46
487 22 111
440 70 62
517 80 82
435 39 43
493 90 42
519 42 85
502 64 103
483 57 15
482 98 101
486 94 24
436 76 99
470 61 55
255 206 425
209 282 423
247 274 488
245 303 498
281 305 427
226 282 496
206 286 510
236 268 483
292 263 475
237 271 495
248 241 501
298 245 520
293 293 466
279 294 464
266 275 495
259 255 500
220 303 506
217 296 497
278 235 513
250 242 450
248 212 442
220 273 436
208 241 450
284 248 491
243 240 464
272 283 452
232 221 501
273 272 498
268 294 429
280 283 519
223 295 492
296 222 450
209 255 483
294 230 425
286 211 459
282 305 464
247 261 476
297 290 515
238 213 437
271 297 515
211 299 454
292 228 435
217 250 461
251 282 518
277 264 521
204 282 430
208 255 468
274 282 472
203 225 477
258 299 455
205 267 445
200 247 442
299 250 495
202 216 484
275 206 462
260 282 458
264 263 523
258 288 520
295 291 491
280 263 435
500 263 168
477 251 143
458 318 168
531 292 189
529 255 229
485 248 170
526 294 177
484 243 140
505 323 144
543 337 157
470 296 200
449 336 193
516 253 217
482 301 226
447 303 154
498 253 172
496 295 203
446 289 180
507 262 216
485 321 157
521 324 168
454 294 172
456 266 162
522 264 221
466 254 132
460 302 219
466 338 141
507 303 189
514 325 192
471 329 226
488 339 217
488 325 162
480 318 140
535 285 172
515 324 218
526 259 187
471 247 222
531 339 174
540 321 176
467 325 207
488 306 191
458 279 161
516 340 231
491 300 222
521 297 136
451 282 222
464 325 195
539 285 230
521 242 149
444 271 186
451 319 194
489 297 172
526 265 227
505 305 189
462 340 201
525 321 198
486 320 178
451 302 159
457 324 184
529 270 225
125 323 -24
168 323 68
104 337 -14
100 353 43
104 350 63
100 319 30
114 319 34
167 292 30
95 282 28
82 285 62
136 338 42
111 284 59
91 269 71
138 344 -24
163 348 71
101 294 48
113 352 64
155 341 54
106 305 5
91 348 50
151 279 -5
98 300 39
106 320 8
119 332 -27
118 343 46
72 356 -9
105 266 51
114 295 21
134 316 63
73 353 22
76 321 -25
158 274 42
146 346 54
166 348 27
113 304 64
170 341 8
126 268 38
164 287 -3
94 272 31
123 321 -6
141 261 18
82 259 -27
161 274 41
85 329 -16
171 351 -11
144 332 11
153 285 -6
119 257 5
72 303 -20
144 319 -6
92 326 0
145 350 53
154 356 58
81 309 26
165 306 72
142 274 5
77 296 21
153 339 19
149 348 30
127 314 71
-13 508 214
5 505 179
27 449 224
43 442 210
-11 472 214
3 422 147
48 445 221
1 449 190
-19 418 170
53 460 181
-7 462 193
27 507 177
-30 438 145
-16 478 220
-4 471 151
-15 508 242
31 497 222
-22 463 220
33 484 170
-29 443 167
-30 419 178
-28 443 216
-13 504 214
-32 426 181
6 472 202
-29 503 175
53 441 190
28 480 158
-18 496 188
26 491 157
7 491 229
-13 425 218
-30 460 196
-18 483 229
-6 435 146
42 492 171
-17 429 218
26 479 227
21 441 162
17 476 172
41 486 215
-4 441 189
-5 447 171
-28 508 235
57 501 164
-23 482 220
49 450 238
59 468 193
-16 472 230
46 451 207
39 426 195
42 429 205
-8 431 234
11 432 228
-5 496 218
-27 449 198
45 467 163
16 459 230
-37 471 177
-29 506 162
367 301 415
363 217 471
293 227 451
296 264 413
299 234 446
351 258 443
310 217 463
295 302 477
316 221 469
290 273 411
349 306 383
297 225 458
309 229 414
290 248 427
381 272 437
298 266 481
366 216 459
336 220 382
299 282 417
349 288 383
319 245 482
290 299 438
339 288 445
294 228 447
353 234 438
335 264 417
334 269 464
318 220 415
357 286 463
382 282 418
331 309 451
311 267 394
296 309 470
348 305 407
294 242 466
325 273 385
304 241 461
302 255 461
349 226 471
376 301 415
341 311 462
369 302 415
320 247 429
324 227 400
340 285 419
338 291 455
296 262 470
365 237 406
294 259 409
325 295 439
289 293 414
356 297 462
346 233 387
351 263 435
366 313 430
369 270 415
377 314 401
312 288 477
301 220 403
342 315 420
25 349 72
-7 348 -26
54 361 51
2 368 40
26 362 -16
40 310 1
-14 313 -14
31 349 27
46 294 42
25 387 43
54 341 -13
-34 298 33
12 321 53
-8 376 9
9 383 61
51 333 42
-1 363 30
-29 348 35
45 333 55
-32 335 69
54 327 -3
40 361 34
13 355 36
57 351 6
-15 372 74
-9 352 22
44 316 6
-9 345 4
10 320 73
36 330 41
-30 345 -5
-3 352 51
-16 318 22
26 322 50
55 338 -3
14 376 49
9 321 65
-34 354 59
12 343 12
28 353 -5
-4 302 -10
44 306 20
50 352 34
-7 302 56
-16 351 71
30 353 33
-20 310 35
63 377 56
21 384 -8
51 346 65
-13 329 14
-27 382 35
40 294 47
59 354 6
20 318 -7
10 332 -22
-3 350 24
-21 368 50
-23 394 18
-25 337 74
487 262 23
431 274 102
437 264 60
487 267 30
476 229 48
423 224 44
474 274 53
507 310 43
457 275 69
466 266 69
516 240 96
430 286 25
494 266 54
440 305 87
453 315 27
450 232 87
513 294 90
426 301 88
459 261 63
486 263 97
472 302 72
450 226 71
458 304 83
469 292 32
425 254 48
506 268 117
462 292 81
517 315 34
453 263 58
484 268 92
431 312 88
488 266 89
451 316 26
476 282 62
510 257 44
508 229 110
480 253 49
468 314 65
519 308 76
439 242 32
451 300 117
464 278 19
500 260 26
453 285 27
427 230 61
460 264 106
506 316 25
520 310 65
515 271 69
435 295 78
499 219 49
486 223 88
485 257 93
435 240 93
462 286 29
516 319 104
476 271 44
444 241 87
468 314 27
434 248 87
250 137 434
265 42 452
344 79 358
256 103 400
333 129 385
270 99 422
260 88 369
276 45 394
292 111 370
286 104 368
341 51 441
302 70 385
333 59 444
348 69 392
327 66 370
283 48 405
255 124 444
345 67 363
338 101 379
313 110 363
332 125 424
282 92 434
346 97 365
320 66 388
328 75 400
332 53 400
281 94 439
262 66 389
277 68 449
319 122 399
294 131 367
279 59 440
268 134 440
257 110 433
349 90 446
335 127 428
290 130 360
256 91 455
254 90 387
288 93 429
255 68 357
318 81 446
288 38 434
278 102 412
269 71 424
256 102 362
324 109 369
271 60 430
294 130 445
321 106 388
333 82 395
273 104 436
342 136 361
320 58 404
350 105 442
254 96 369
303 48 420
283 52 417
343 104 446
255 132 440
484 96 256
490 155 227
510 147 201
496 80 229
462 96 267
503 157 210
457 72 277
498 103 212
479 162 245
449 77 247
457 149 240
509 120 225
487 101 221
429 124 263
474 106 192
469 134 195
442 123 254
470 147 236
447 132 206
457 125 287
474 125 278
476 94 259
504 100 283
440 91 250
455 70 268
494 69 205
502 151 190
453 123 187
494 94 270
499 132 274
423 155 254
478 164 286
495 133 225
429 156 264
471 153 202
439 122 238
438 134 227
430 133 192
461 86 222
456 130 283
448 69 238
472 142 283
482 84 287
491 68 200
435 144 230
424 150 231
467 84 209
449 95 268
492 89 280
484 165 220
481 67 223
467 133 195
501 119 224
460 131 241
426 140 278
466 86 239
444 103 232
428 110 256
477 156 224
509 79 286
399 -16 336
401 61 327
416 -32 378
346 -25 347
341 38 406
395 23 370
433 -8 392
343 52 413
379 2 389
367 4 348
432 1 397
429 -2 386
427 -27 368
384 4 383
369 11 368
336 18 387
372 42 379
363 31 384
371 39 362
400 -25 346
393 -4 414
377 9 375
405 20 341
352 -7 333
408 53 362
414 -31 413
346 -30 371
379 21 406
412 -37 323
419 16 361
355 -5 347
411 -13 342
365 -33 407
384 -30 352
355 50 408
393 -8 386
360 -5 361
403 39 394
383 16 400
368 17 338
349 4 336
359 11 375
373 -1 365
386 60 408
393 43 411
339 -28 337
391 53 326
375 -3 394
375 2 325
409 51 325
429 -20 358
381 15 394
398 30 405
369 -11 400
419 61 408
359 46 320
340 13 377
373 16 410
405 19 392
422 41 369
518 455 387
511 476 388
477 441 328
515 427 396
491 450 311
446 431 399
530 406 389
531 445 322
515 481 326
479 456 319
454 441 331
510 427 383
524 416 377
541 466 308
500 440 314
495 426 340
477 445 303
535 470 371
488 447 344
518 488 322
515 434 363
480 426 304
459 409 363
493 439 328
461 479 313
528 488 359
506 458 307
491 429 377
514 411 324
448 493 383
520 457 306
509 402 311
540 409 370
515 484 387
476 420 372
467 410 393
545 454 390
527 484 379
486 435 322
487 474 400
478 481 402
488 438 331
455 411 393
492 421 395
481 435 367
474 419 304
483 467 320
519 451 356
484 497 331
536 470 369
533 416 308
465 492 401
514 402 347
450 429 387
541 481 350
507 479 374
447 469 352
511 437 333
472 427 322
518 422 393
63 444 139
74 469 89
47 472 99
18 402 163
74 436 175
28 429 125
-1 413 167
-8 406 169
-6 417 164
73 488 118
3 426 141
37 482 92
-9 466 147
65 461 132
30 467 125
66 472 151
23 471 99
-8 473 150
35 455 139
36 472 95
0 440 95
27 448 126
-9 434 158
21 448 94
53 472 93
71 485 158
60 401 107
30 399 101
-15 491 105
13 423 144
23 454 167
15 479 82
7 458 161
-13 437 110
13 479 126
6 472 93
-4 442 123
12 462 107
56 440 87
55 406 90
66 412 167
43 480 169
18 439 85
53 453 144
73 479 106
70 398 166
44 456 174
11 407 166
30 490 102
73 460 121
2 487 81
-13 481 116
41 470 87
1 476 86
15 484 101
35 429 147
41 481 86
74 492 101
-21 492 150
-6 410 144
308 81 426
257 64 467
265 95 437
290 86 425
259 75 473
317 94 503
335 63 476
322 119 433
248 54 505
276 57 463
313 136 484
300 88 518
308 105 464
253 95 464
313 52 478
325 67 512
330 122 423
300 88 493
287 134 423
248 114 506
256 99 467
280 114 501
285 134 426
332 70 480
308 80 466
276 141 442
304 115 519
339 92 498
309 128 427
321 54 472
278 121 444
297 71 432
274 81 497
333 92 495
245 117 453
292 106 450
341 126 454
299 129 425
278 91 425
335 120 463
317 48 514
291 54 510
286 62 508
344 107 515
327 140 437
279 126 513
313 102 463
286 52 500
293 80 442
268 46 468
247 140 447
256 131 500
316 105 443
277 124 502
247 140 474
271 44 481
276 46 517
252 137 458
323 133 436
301 45 423
159 29 261
131 47 208
93 35 181
82 46 212
116 22 217
81 18 168
158 -3 201
70 10 178
130 -8 214
143 12 218
89 52 167
117 61 180
158 74 185
159 11 219
155 25 256
124 4 230
167 26 224
149 22 251
133 -7 172
71 88 235
164 59 249
152 65 228
136 82 254
94 21 234
125 11 250
130 38 260
119 43 163
138 56 202
151 51 190
84 31 188
148 82 217
153 3 183
88 43 221
155 6 202
142 16 223
157 75 225
148 85 259
150 -5 263
129 82 257
82 68 253
86 9 248
128 36 226
105 63 241
143 -11 245
129 44 177
88 -2 178
151 83 192
150 40 241
160 84 210
87 57 254
103 -2 223
167 10 204
115 12 238
84 70 170
105 66 242
113 57 217
94 0 179
98 -7 250
67 71 207
123 -10 221
248 462 150
175 480 94
214 462 97
190 532 132
269 517 76
247 532 106
247 516 160
174 533 130
206 506 152
203 475 100
177 491 146
223 459 112
183 438 78
270 471 127
227 491 131
186 476 90
241 459 79
200 526 122
196 517 102
210 519 105
246 446 127
237 475 158
182 495 160
205 529 138
196 445 76
209 525 140
182 488 73
225 484 133
255 507 148
182 508 61
200 526 92
182 533 70
269 450 117
225 469 128
224 511 71
201 438 161
170 478 133
187 463 112
216 481 152
212 464 121
263 477 78
172 493 158
241 458 142
249 467 158
201 465 128
255 505 158
240 471 100
208 469 77
173 508 104
201 513 75
197 500 67
210 470 96
216 481 106
226 489 160
227 469 130
185 450 137
242 516 79
248 506 146
221 530 99
257 509 77
9 382 262
58 331 210
-4 416 204
59 425 233
36 380 246
65 365 239
-8 414 239
-20 400 234
-10 419 212
-28 411 268
21 331 207
53 395 208
-18 392 181
-15 334 261
-15 379 178
64 422 226
30 385 185
9 376 185
52 414 231
-29 411 187
-15 354 177
5 427 185
-22 419 249
61 346 263
-5 392 197
15 374 174
32 386 221
55 373 210
-21 387 257
15 411 255
59 362 179
-15 426 210
-4 335 223
-13 415 182
56 352 246
-25 363 194
51 344 247
-15 338 237
21 414 209
-12 351 185
41 338 200
48 396 252
-23 422 180
30 355 216
53 331 213
-16 369 260
5 398 257
-25 390 208
60 421 173
32 413 212
49 419 207
2 394 230
68 358 252
51 408 227
-20 424 211
45 406 226
1 409 203
15 358 203
-26 427 194
30 422 225
27 15 428
35 -21 474
69 40 413
86 21 405
-7 7 481
66 41 501
27 37 488
29 8 435
87 2 444
53 -37 412
54 30 485
79 6 423
69 5 432
63 32 501
39 45 495
9 18 494
17 34 487
3 -21 432
34 56 406
92 21 456
14 23 408
51 -34 436
27 -8 451
30 0 460
55 -28 403
61 0 413
9 -17 426
34 -25 424
82 30 419
60 41 404
26 -8 496
87 5 472
30 39 473
80 -24 420
92 -21 423
-1 -6 451
-7 27 464
73 -33 488
43 47 500
27 48 403
92 56 422
47 27 443
77 -15 456
20 -11 403
-3 -11 444
9 60 470
85 54 458
21 48 480
62 5 417
69 16 406
42 32 445
64 1 440
6 -22 437
22 17 431
36 40 463
45 43 460
34 -4 490
0 -30 422
2 54 416
74 47 445
172 21 85
107 5 85
160 63 146
87 -4 104
144 -17 87
148 5 72
109 55 87
168 4 75
174 -18 138
161 -5 112
117 42 140
143 65 166
89 32 125
149 -13 136
140 50 91
143 4 106
102 40 136
170 78 155
149 23 77
131 43 168
128 -15 169
148 15 131
160 22 82
86 4 114
91 29 165
155 52 156
105 42 69
96 71 140
133 6 93
158 10 120
153 58 131
159 15 165
141 16 113
105 50 114
145 32 158
105 22 94
102 42 166
124 21 92
116 -2 103
148 24 120
163 42 104
105 6 79
85 -18 110
100 23 120
110 39 156
114 56 151
145 38 152
151 -5 155
139 66 147
168 16 143
110 57 165
90 -10 98
167 12 154
120 2 105
84 80 80
119 50 142
103 69 147
84 21 88
96 24 159
102 76 154
211 26 386
193 32 407
224 -15 455
243 -37 397
193 8 418
187 16 381
215 11 361
260 -1 398
218 16 446
243 -32 390
174 50 389
262 23 438
264 51 447
196 -13 390
220 8 450
232 -12 446
262 -24 412
259 42 456
179 25 396
238 -16 423
240 0 390
176 29 393
218 -31 413
218 35 453
233 -35 405
236 -18 456
236 0 451
241 34 406
200 -45 449
233 -18 426
224 17 391
261 -39 449
266 -6 373
241 11 429
194 7 399
271 19 391
231 -43 401
260 48 394
191 50 446
273 45 445
199 13 421
194 -18 436
188 -10 366
242 3 384
207 39 400
222 15 441
229 -46 439
243 19 416
248 -5 455
273 -40 457
222 38 386
226 -36 452
192 21 437
207 17 431
225 -36 408
213 29 418
261 -46 433
190 36 424
215 11 393
259 -19 420
84 272 26
134 320 39
71 270 12
98 261 47
69 286 -29
111 290 39
80 299 14
83 261 37
120 283 55
48 260 24
112 253 25
83 273 56
124 319 -42
46 229 -26
103 259 50
133 276 -28
57 304 43
140 320 23
132 270 32
86 309 17
92 272 40
100 274 53
87 265 18
117 251 -14
93 260 -25
78 294 30
125 234 -36
120 302 7
122 292 40
88 230 -13
129 231 29
103 308 -27
78 311 53
121 228 -16
123 270 43
111 291 15
46 311 -40
127 257 -21
109 234 -33
113 305 29
100 306 26
109 289 -2
131 250 42
80 260 34
128 271 43
85 295 48
108 254 -23
91 249 25
135 314 39
111 313 -38
76 288 53
128 239 -9
140 261 16
54 277 -17
93 316 -8
139 313 32
95 264 5
51 249 51
77 314 -25
84 272 11
360 391 407
356 422 365
346 470 397
411 470 366
374 427 358
396 450 417
338 405 358
433 442 372
352 389 445
369 390 397
403 395 377
383 444 441
389 443 419
413 426 421
410 434 400
364 457 385
355 467 379
412 455 417
389 428 439
403 424 426
341 438 409
341 476 372
347 473 403
343 420 413
364 462 437
403 391 346
382 441 358
366 432 406
412 461 372
351 425 420
371 466 440
381 395 368
357 409 429
420 472 440
405 468 347
348 469 435
408 386 402
423 403 383
345 437 418
365 386 403
432 465 366
367 467 407
396 393 410
395 420 420
394 440 348
425 422 372
418 396 363
344 411 352
423 398 438
356 411 388
385 443 374
377 400 442
401 480 351
342 418 389
349 462 414
405 452 429
394 437 394
432 395 445
392 385 426
343 472 349
199 404 13
215 402 34
168 375 1
122 368 31
174 427 29
135 441 68
205 434 38
197 365 71
157 426 53
192 395 48
206 410 44
164 390 56
198 441 -21
177 415 -23
180 388 28
145 462 -23
202 399 11
146 363 40
150 447 30
120 438 36
203 400 22
162 412 74
219 394 19
163 451 -7
191 449 52
202 399 50
169 369 -7
188 388 53
197 427 -18
147 430 -19
210 411 54
191 388 -13
153 413 29
183 380 17
172 395 69
153 404 50
199 439 6
188 453 49
176 371 -9
182 408 39
174 384 -10
174 442 -2
201 439 40
161 435 61
197 442 61
168 368 47
199 433 57
207 375 30
192 393 14
148 374 75
196 445 4
139 443 19
182 444 59
137 436 5
190 454 20
192 391 5
197 417 0
212 442 -2
119 367 6
119 424 -6
124 283 479
129 264 455
110 257 484
169 284 455
165 219 452
123 281 404
127 254 426
147 244 489
164 248 419
102 260 435
112 217 473
95 243 416
185 275 461
120 263 480
132 233 410
101 218 443
180 215 401
187 235 457
174 194 478
174 286 460
178 203 474
128 248 468
125 269 428
174 219 423
161 226 452
92 277 492
131 288 423
115 220 488
154 202 494
118 197 470
153 220 416
96 280 468
106 206 412
91 207 445
118 221 487
143 264 475
111 258 448
177 194 438
119 290 430
123 193 456
140 236 413
122 254 420
95 228 437
110 193 478
104 195 407
166 279 431
141 274 467
135 223 477
127 292 467
159 288 403
124 264 434
94 281 475
180 213 427
91 207 403
170 253 480
180 231 473
148 244 465
151 268 438
185 254 409
127 200 406
71 304 28
95 326 4
83 394 45
115 325 -25
56 315 -20
93 385 55
48 388 -13
66 315 56
74 312 35
142 311 53
94 346 30
113 334 8
142 346 31
56 367 -22
138 389 20
117 315 35
69 312 -7
124 338 55
141 397 69
105 396 29
74 387 1
63 377 47
124 348 2
82 323 30
95 310 44
139 381 -3
126 326 60
95 361 41
85 325 41
79 337 -26
55 394 35
138 375 -10
51 319 58
78 310 -1
136 330 -26
64 357 -15
70 324 -25
57 391 13
49 323 -1
140 344 59
133 338 -11
142 370 18
84 356 -27
134 352 66
93 305 12
77 395 31
134 305 -22
56 351 -26
49 376 16
88 336 -28
60 355 42
79 388 12
119 377 12
106 300 -4
98 373 31
63 361 26
73 298 16
79 313 -12
89 367 1
146 345 6
209 123 202
258 124 168
230 118 261
288 144 216
216 86 260
301 129 177
304 159 206
246 104 227
256 145 225
266 117 165
283 103 232
242 174 254
289 175 227
219 111 195
298 167 256
224 174 181
304 135 194
298 175 229
216 169 182
232 159 173
301 84 241
210 136 230
304 83 254
229 142 243
219 157 188
232 175 239
219 95 246
211 138 180
286 100 179
223 148 196
262 176 170
245 113 191
297 116 174
286 103 177
242 162 201
283 126 188
267 109 207
294 114 179
214 172 219
226 178 251
265 124 210
245 171 189
248 156 225
235 178 165
213 178 252
288 137 184
289 169 258
290 145 240
274 141 258
226 176 170
255 95 164
241 135 194
295 175 169
277 155 198
274 81 262
251 105 183
223 177 179
265 166 203
305 129 172
308 145 209
294 409 116
300 420 73
294 367 48
232 374 110
268 403 60
242 388 84
230 354 67
233 364 113
286 393 58
207 437 91
284 432 120
280 352 112
216 438 62
212 342 50
216 342 136
232 395 66
225 353 113
210 430 92
235 407 75
286 349 144
234 397 126
267 421 77
273 376 138
237 350 68
201 359 144
293 356 60
244 406 123
225 379 55
234 408 65
273 406 106
234 419 61
205 395 112
224 348 144
267 417 110
236 377 146
212 366 144
224 409 68
201 387 92
299 437 75
258 387 63
215 411 91
265 433 51
259 426 112
289 387 109
245 400 142
209 348 107
247 380 135
204 427 66
296 348 82
205 365 100
248 431 53
294 411 119
245 349 90
236 384 74
206 371 49
205 366 81
279 386 93
246 375 70
224 342 54
250 349 100
409 350 256
433 398 277
334 328 284
380 368 313
347 397 239
389 409 218
397 394 248
426 424 214
428 395 253
354 350 231
384 404 308
375 359 244
354 383 295
358 339 252
379 387 255
355 374 273
405 377 278
418 409 288
388 351 254
342 401 310
351 341 235
409 409 240
392 341 302
333 353 275
433 330 310
396 376 253
344 377 238
405 382 264
353 369 252
340 392 290
385 370 288
426 414 241
373 418 224
400 360 256
340 384 303
377 373 266
368 366 269
361 387 260
360 364 307
359 330 295
392 409 237
387 376 230
378 363 221
432 334 273
383 423 249
371 371 279
378 338 302
339 371 286
348 337 249
433 412 252
373 394 249
401 362 282
404 378 307
343 349 270
425 352 217
389 416 223
346 344 243
378 389 225
400 401 236
363 331 250
157 364 121
122 303 128
166 303 156
138 311 138
200 372 98
132 360 164
209 371 137
183 301 120
150 354 86
121 322 143
115 359 66
194 281 89
209 348 88
188 322 112
162 313 66
127 313 91
194 316 156
165 338 115
182 327 95
147 367 101
165 302 128
113 335 152
203 373 159
120 277 90
170 346 153
121 373 70
129 288 140
117 291 68
120 340 123
116 350 83
196 332 83
189 332 130
112 348 149
168 350 90
193 341 142
148 276 126
117 351 86
165 283 78
188 303 118
200 339 77
203 356 96
118 314 132
130 288 68
208 305 88
141 295 115
174 304 74
165 350 120
112 295 151
161 337 128
164 373 72
137 342 152
174 365 115
137 364 100
196 285 111
164 315 86
119 287 114
179 310 91
144 300 79
112 369 78
169 353 71
172 65 281
198 62 269
218 64 287
199 77 269
174 135 212
196 88 269
220 77 257
197 73 274
260 108 199
236 82 239
200 91 270
178 61 200
250 87 264
233 89 232
219 90 256
248 93 205
257 117 269
208 120 241
230 70 228
251 134 275
227 54 207
238 102 282
232 89 218
255 134 239
228 145 277
213 134 218
248 95 246
219 92 243
216 129 230
176 122 282
249 96 249
225 120 219
216 82 277
203 98 232
216 110 225
225 80 244
193 74 261
233 124 290
180 98 199
205 97 199
171 122 242
215 139 250
246 65 231
194 87 245
209 71 244
218 67 289
201 89 261
234 130 201
233 119 286
197 56 222
242 145 288
171 102 222
186 132 248
264 64 291
193 141 260
195 110 258
236 146 284
223 112 238
179 90 258
254 148 261
27 322 370
47 305 392
61 307 457
18 372 416
86 348 386
-6 379 380
83 309 457
84 294 365
19 347 378
34 365 446
-5 366 387
71 341 368
88 295 422
52 307 368
27 305 392
46 357 435
9 337 451
-2 365 446
11 331 392
39 374 454
36 347 370
-5 295 422
17 377 458
20 336 399
69 340 421
19 320 399
47 364 410
41 348 420
15 384 442
21 342 415
81 298 456
36 313 455
2 317 430
-7 346 416
24 361 391
-8 346 384
38 334 396
58 290 397
31 309 391
-7 385 381
65 358 397
56 384 366
41 343 403
89 384 456
64 320 385
51 338 389
9 343 378
75 372 386
72 299 439
24 347 456
68 346 366
14 310 386
24 335 373
56 327 366
74 387 417
84 310 423
-2 359 411
52 333 450
83 326 444
59 372 449
498 256 239
450 278 298
516 297 220
446 311 277
503 316 298
470 308 241
439 329 309
510 325 303
522 258 236
464 325 244
436 283 239
502 253 238
506 281 291
502 306 297
510 305 253
434 270 236
521 339 284
528 292 220
522 330 227
480 314 308
466 296 232
471 264 308
510 329 277
510 258 308
530 259 232
470 257 285
515 282 269
444 248 248
477 320 258
461 247 213
523 284 235
512 287 253
448 294 310
491 267 289
473 323 236
451 282 297
438 281 256
464 284 295
513 297 270
508 343 286
496 306 280
479 272 284
435 320 238
527 286 257
496 302 304
505 249 235
529 340 271
476 308 290
522 246 211
516 282 242
489 317 256
471 310 254
499 288 299
438 324 244
524 257 294
470 322 246
523 256 295
488 287 258
465 277 297
434 314 234
293 449 434
378 428 495
311 431 413
309 380 416
314 392 492
305 399 477
343 463 407
340 454 490
363 446 467
312 373 445
289 419 413
369 434 473
317 442 501
360 446 444
290 397 480
347 451 483
284 420 500
329 398 471
315 395 443
334 420 436
377 398 482
333 430 443
360 403 428
307 417 468
303 423 415
366 407 475
304 399 492
377 464 425
344 406 431
321 460 426
349 407 410
340 452 418
351 425 463
322 389 408
297 449 408
378 472 453
315 396 488
324 378 421
354 410 407
378 389 438
329 430 478
306 461 474
329 373 452
383 436 493
319 379 491
305 423 465
287 427 451
363 375 489
342 454 504
313 463 474
300 445 438
303 424 456
347 438 445
373 444 479
367 409 443
359 461 497
363 439 458
375 443 442
296 402 454
351 451 426
381 38 410
364 33 430
288 66 420
372 56 467
382 50 402
318 58 434
296 32 426
284 88 467
300 73 391
345 26 399
340 44 477
348 72 403
332 48 396
300 15 420
286 25 412
357 24 464
331 31 414
330 37 392
358 58 429
364 89 382
382 56 429
362 41 424
363 25 395
324 46 383
339 30 477
304 5 389
350 64 474
292 75 428
327 80 421
318 55 457
381 18 445
358 13 409
301 100 415
348 9 463
294 94 478
295 102 409
358 3 465
347 59 431
319 34 471
365 33 404
319 8 383
302 63 440
365 22 409
305 50 476
335 36 380
355 65 382
293 72 402
289 29 422
342 72 415
353 32 427
353 75 429
346 95 427
359 80 477
320 51 389
309 84 399
338 74 380
314 52 439
362 61 395
299 27 467
335 41 472
364 223 424
267 246 409
301 229 410
353 260 450
352 237 417
290 257 397
345 217 409
353 283 439
315 277 417
342 245 381
325 202 386
333 206 415
352 222 441
328 203 401
309 283 438
267 268 431
312 202 453
288 236 435
361 229 409
308 226 444
275 200 396
290 217 372
292 253 448
339 256 390
310 200 428
361 262 457
322 234 378
288 208 374
343 261 451
344 228 401
318 289 370
313 221 445
321 232 411
331 235 370
345 249 415
340 208 455
296 201 415
332 237 422
352 229 414
319 233 440
337 257 391
271 263 375
281 277 437
316 222 445
367 268 433
306 240 454
282 275 431
321 205 438
313 205 416
268 240 385
333 208 380
321 235 425
360 201 429
291 262 439
347 265 395
298 258 442
325 273 375
321 196 405
322 269 453
352 201 371
34 -1 327
42 -23 337
119 -24 342
107 -10 348
111 18 313
65 59 286
97 3 354
32 59 321
60 -29 317
103 54 256
55 8 309
83 57 255
59 50 274
47 31 265
104 -15 270
62 17 304
61 10 288
90 58 285
112 11 293
102 -17 305
28 60 265
50 -19 293
27 24 321
113 8 334
106 56 348
67 -23 312
35 43 255
42 63 330
96 47 330
103 6 310
119 48 325
23 38 278
103 52 269
24 28 315
32 1 280
72 12 314
80 -31 275
123 49 307
113 -7 337
50 50 282
72 52 353
29 2 264
34 32 269
28 23 350
88 -20 333
111 25 338
116 2 310
57 2 345
107 12 299
41 -17 277
118 29 275
101 31 341
73 45 308
62 -32 259
78 -10 335
104 5 322
100 11 294
106 33 270
120 -9 283
58 51 340
236 33 330
193 58 314
258 46 329
192 67 312
248 14 386
203 -30 338
246 26 353
188 -6 363
260 42 302
271 68 300
200 -20 341
250 55 364
257 25 315
233 43 359
216 31 306
263 45 394
232 13 307
250 9 373
191 56 353
204 5 362
231 48 340
237 52 383
268 51 332
204 -30 387
274 68 307
248 -19 333
246 58 313
246 68 362
251 22 309
190 -26 372
187 63 392
189 4 374
259 30 372
226 65 342
245 61 309
255 -5 354
274 -12 328
194 14 392
190 47 309
203 41 324
236 20 303
216 11 366
259 -22 397
217 -27 333
249 60 340
259 26 348
200 -20 400
204 42 344
181 -14 379
256 -25 376
220 34 397
271 -6 305
213 -2 329
220 -8 395
251 -4 336
226 -31 399
211 47 361
199 57 374
227 27 381
189 56 365
142 307 405
163 303 408
191 379 368
187 328 360
165 303 387
216 351 333
210 371 378
186 304 408
214 391 386
213 324 376
212 383 345
126 305 343
179 390 420
177 377 375
154 381 400
219 389 333
152 357 329
150 322 327
191 291 370
180 353 357
217 328 412
220 366 350
204 369 326
148 363 423
208 383 382
150 300 365
133 385 334
175 328 359
173 385 380
199 332 344
138 328 401
173 353 383
199 376 385
191 327 336
159 371 382
147 362 364
203 301 341
123 385 397
159 297 369
155 307 335
171 351 403
190 386 359
160 389 391
211 366 409
199 336 405
193 318 351
206 346 371
185 317 394
122 304 333
170 297 382
190 380 389
156 374 345
134 380 409
165 337 360
162 374 365
157 340 323
213 383 383
123 372 380
209 338 368
213 295 400
388 106 -11
332 51 57
353 60 31
399 109 27
350 127 64
344 102 64
391 71 66
344 68 1
394 119 11
380 97 19
392 52 -20
358 71 77
423 59 36
414 79 64
395 127 34
406 111 11
419 78 13
357 33 25
347 52 65
360 125 -20
335 90 15
370 79 -18
349 105 24
393 82 -14
372 53 65
401 131 65
336 62 -1
407 104 27
342 36 72
362 64 -7
412 84 2
385 127 45
374 39 -16
427 96 -19
405 37 -17
342 55 57
424 123 59
387 35 1
390 88 13
342 122 28
413 123 4
334 55 53
354 53 55
387 60 5
346 56 -15
393 57 62
403 123 61
387 88 9
368 118 1
351 42 15
369 49 -3
352 90 56
377 124 44
331 56 42
365 72 44
385 78 55
338 74 -8
419 109 37
410 82 8
421 108 -3
72 184 443
123 228 438
116 213 440
105 185 467
125 219 449
144 187 500
122 196 463
59 243 442
124 184 468
98 184 430
111 236 426
128 261 427
128 231 423
60 260 463
129 254 425
148 190 407
77 216 475
141 278 475
126 252 484
58 273 497
111 271 456
147 226 422
148 270 476
74 194 422
86 199 454
79 213 478
133 200 474
121 219 436
103 249 493
65 187 420
89 250 414
65 207 503
117 251 474
91 277 503
91 252 476
133 219 463
144 212 496
132 223 495
93 249 423
66 261 432
79 279 456
121 253 493
105 180 480
101 258 425
69 202 488
148 183 406
120 258 480
83 264 470
153 244 483
120 206 442
71 226 446
66 185 453
59 247 469
118 223 490
140 260 502
150 277 472
104 261 505
107 245 445
128 258 414
144 231 427
503 372 510
532 387 460
541 413 516
462 445 494
455 387 502
546 382 455
455 438 474
494 426 493
460 439 512
488 386 439
476 454 521
475 411 427
471 374 512
489 450 475
522 417 465
541 436 499
480 450 488
472 415 508
541 372 522
508 456 449
449 455 426
504 384 520
489 402 445
483 367 434
500 456 429
521 410 496
525 378 464
476 445 435
505 384 425
542 440 426
507 423 435
529 422 500
505 393 463
485 396 427
452 394 467
475 435 490
461 437 520
471 394 474
538 399 431
492 436 434
510 381 444
496 452 442
467 358 462
524 435 510
541 391 451
507 426 450
470 413 460
480 422 465
473 420 466
464 405 472
533 436 502
486 419 457
541 357 481
459 394 436
503 388 426
485 420 441
517 373 429
455 389 499
460 382 504
540 437 475
403 89 452
363 126 426
371 118 417
447 118 411
386 54 458
411 93 460
456 102 447
452 95 427
438 51 391
459 131 455
454 116 371
459 90 397
360 75 391
399 60 392
405 113 398
405 87 444
374 56 458
402 57 403
444 103 424
456 145 457
444 136 466
385 118 395
393 135 404
374 135 392
406 93 388
423 133 382
409 68 450
435 83 429
453 148 391
438 55 397
431 68 400
384 79 440
372 77 425
386 94 425
414 57 416
419 106 387
359 83 466
390 104 376
417 64 379
416 114 379
413 87 429
451 150 388
437 140 410
420 112 414
386 65 407
455 93 383
415 106 366
452 102 377
362 71 410
385 125 463
404 55 377
370 149 414
360 138 369
376 113 367
438 72 445
366 54 388
382 53 465
378 129 392
393 75 413
377 82 420
393 51 323
383 32 292
317 48 349
360 5 324
333 -24 273
400 35 357
323 58 323
320 51 358
337 -27 363
350 48 273
362 -21 318
358 -6 302
391 13 273
328 6 323
401 18 348
329 48 296
354 -2 333
348 6 290
334 0 348
394 20 367
409 -17 369
383 6 362
386 54 348
335 25 317
392 66 351
397 27 363
323 -8 322
338 23 272
330 -25 347
359 63 298
313 65 348
396 -19 289
381 60 358
391 7 366
321 17 310
394 55 362
347 56 362
380 36 355
390 31 274
377 54 309
361 58 310
407 67 322
406 23 287
355 54 330
346 66 318
361 10 305
338 11 346
393 37 282
341 18 350
392 -13 342
364 67 358
344 0 277
332 -26 359
336 34 287
377 25 283
389 -9 341
376 -9 364
378 -22 367
393 -21 356
404 -14 280
431 275 195
418 313 233
474 272 155
418 279 190
479 316 224
443 354 171
408 294 210
441 262 231
439 271 171
436 270 186
403 338 232
416 297 204
459 280 209
473 346 198
477 288 216
416 305 234
395 267 196
450 308 222
432 294 181
421 329 191
409 261 153
455 317 171
418 331 205
406 350 206
416 282 160
453 357 240
410 357 160
468 281 241
445 344 185
480 347 197
427 335 236
457 279 187
403 324 165
467 311 159
425 260 175
390 299 203
423 315 183
384 302 216
429 304 146
422 358 215
481 322 191
472 330 198
466 300 155
425 281 209
419 334 173
423 325 174
416 276 238
457 301 145
477 321 205
436 271 181
476 282 191
395 355 177
407 297 225
442 269 192
402 348 216
385 337 173
443 337 238
437 297 225
405 347 243
421 352 202
473 318 152
478 297 58
457 346 107
439 298 109
382 360 76
433 354 127
404 356 135
426 285 80
417 358 67
450 267 124
408 276 105
399 310 147
444 334 72
416 265 97
431 276 135
475 304 79
416 290 122
389 273 98
470 330 114
386 274 124
452 332 95
466 296 151
383 327 59
401 311 120
463 290 151
395 308 154
446 329 145
446 321 89
409 282 76
418 292 103
459 350 97
422 346 152
403 291 72
403 361 97
405 358 105
411 267 63
390 290 154
452 341 122
402 294 57
418 342 119
385 278 65
399 364 157
402 297 156
468 319 142
382 287 60
419 330 96
451 291 137
457 276 97
390 293 114
417 328 107
469 361 133
413 351 139
423 283 117
423 285 109
434 362 64
386 269 134
404 269 150
460 344 64
401 286 154
399 363 130
451 260 275
488 210 194
535 230 188
443 261 281
464 223 253
493 217 187
516 234 187
527 247 269
524 235 276
508 265 222
500 262 265
513 242 240
447 260 270
457 262 190
519 252 195
442 244 188
520 241 217
482 238 229
508 251 239
530 275 270
507 242 254
480 205 240
542 226 231
462 219 185
503 220 237
472 189 272
519 235 242
498 219 255
483 208 247
448 280 256
445 259 202
444 189 228
517 200 230
486 272 276
462 231 184
505 193 249
458 255 224
508 197 232
449 184 212
458 227 194
496 223 225
453 200 265
487 203 257
468 271 218
470 195 221
444 281 242
484 187 234
452 206 243
520 241 268
474 187 241
532 186 279
523 186 213
478 257 270
525 193 186
514 251 241
452 250 210
497 250 184
454 280 197
466 195 216
450 209 223
497 200 456
467 188 516
430 233 475
450 179 451
485 215 504
476 206 509
420 177 456
488 224 473
472 160 474
442 224 542
491 182 543
417 197 498
510 229 530
446 243 470
489 160 520
453 247 486
474 183 508
460 178 482
513 191 532
444 189 542
502 227 500
495 211 514
455 160 459
469 205 500
512 211 483
453 210 505
496 164 534
460 178 491
504 203 514
459 153 500
501 218 536
466 159 488
510 167 511
463 152 507
460 159 498
444 166 529
452 211 520
496 190 497
447 227 500
491 159 539
488 247 517
513 205 491
443 171 450
464 219 478
474 162 532
486 156 542
448 198 460
446 244 500
510 241 468
413 236 525
477 175 500
429 176 532
435 187 509
443 173 463
465 209 488
503 197 466
426 220 471
469 238 459
438 195 499
455 241 463
403 401 334
409 457 325
423 443 333
465 480 373
421 452 300
416 451 296
450 434 386
439 416 372
459 380 330
425 408 393
421 472 383
430 395 336
460 401 298
373 411 386
464 413 381
412 428 387
413 413 328
434 396 385
379 437 355
374 423 361
412 457 356
407 467 341
397 439 336
458 405 384
433 463 374
392 436 313
438 434 343
383 436 314
412 423 307
436 391 311
434 477 367
415 410 378
370 384 332
373 458 324
410 403 309
373 382 326
458 439 346
403 399 300
462 396 376
457 465 331
469 397 369
420 437 313
372 451 359
441 409 317
427 479 298
456 423 336
427 447 360
445 381 392
421 459 339
453 441 392
371 469 328
418 410 368
448 420 317
388 456 329
409 418 347
434 389 358
453 440 339
399 452 340
408 427 381
419 406 394
241 261 136
234 281 116
317 297 144
304 278 169
241 235 153
312 302 143
295 301 157
234 313 106
253 292 138
324 261 110
258 253 91
229 286 148
267 319 93
257 235 106
233 241 147
294 266 100
236 258 76
321 292 126
247 290 111
287 257 125
249 269 72
322 272 103
252 303 163
256 291 153
237 334 154
291 234 125
228 260 140
273 318 159
306 321 137
241 303 112
271 327 91
291 303 144
246 325 74
271 306 137
230 319 157
284 302 166
249 239 127
319 268 112
247 247 89
273 241 70
258 265 146
258 249 73
243 315 132
319 240 134
232 266 152
267 279 126
276 303 169
319 253 94
259 262 159
290 261 72
248 236 95
316 308 83
292 300 151
291 281 105
238 313 72
239 333 78
319 320 161
308 269 104
321 281 133
317 246 77
111 0 75
112 53 108
142 44 122
155 4 166
106 62 111
189 64 156
99 28 153
156 32 174
173 86 173
114 51 113
124 49 173
110 16 82
112 18 119
137 71 86
179 40 161
99 11 133
184 87 165
162 70 109
147 31 127
157 17 107
137 83 153
178 42 167
105 29 78
100 65 123
181 91 164
148 53 80
105 19 90
121 78 118
102 12 128
177 4 104
150 12 132
163 6 109
136 41 119
125 21 146
142 8 137
146 40 104
102 44 141
107 64 80
163 16 164
129 85 127
94 26 173
168 1 146
151 50 91
119 42 81
105 38 84
116 1 173
141 77 97
171 17 98
124 88 145
160 72 157
146 99 107
177 43 154
180 90 105
155 19 104
156 91 118
155 0 123
177 51 82
156 54 130
191 69 87
100 14 101
321 153 234
291 125 232
261 192 238
299 174 303
319 179 311
325 206 227
327 161 269
310 142 241
285 199 290
237 193 238
274 198 308
253 162 314
316 144 238
257 214 265
239 130 303
273 208 303
292 148 248
243 205 267
261 152 236
273 141 238
274 224 277
242 132 302
310 137 216
259 176 248
314 197 272
277 163 259
266 150 249
260 217 259
315 160 306
279 198 290
243 176 279
323 217 271
296 216 283
264 194 257
311 197 280
314 130 271
282 157 246
262 200 245
243 182 220
245 174 293
292 166 297
307 128 215
274 217 242
312 173 306
279 210 223
315 156 288
304 200 229
318 222 230
277 197 229
245 189 277
303 138 237
305 156 215
310 181 314
246 139 312
316 181 285
257 192 290
319 214 231
303 146 291
280 210 307
297 139 286
110 417 149
54 429 158
51 450 173
55 427 187
99 387 163
95 417 207
108 476 193
105 455 191
28 415 159
101 396 149
69 462 211
116 467 128
28 476 179
114 419 189
86 414 134
40 438 159
55 459 215
95 458 181
88 440 156
28 461 126
85 398 131
44 402 135
124 400 125
88 410 126
119 438 213
119 395 223
66 406 221
40 481 135
72 426 125
79 456 127
42 455 123
45 396 191
94 449 206
84 444 132
93 469 212
33 394 137
44 414 153
89 452 195
105 424 129
33 430 202
94 417 153
29 476 174
95 408 185
38 425 181
108 392 144
87 439 179
75 408 192
117 462 198
64 411 219
112 427 160
66 428 203
33 479 167
86 413 135
111 406 160
79 432 145
36 389 143
53 414 165
77 413 182
117 478 192
33 463 219
184 71 50
199 3 78
274 -7 109
259 44 74
199 8 54
248 8 58
264 12 51
226 -17 64
202 76 135
257 49 74
262 1 85
185 46 117
225 52 42
180 53 127
195 17 57
268 32 96
253 -1 129
251 -5 124
244 80 136
200 -13 105
194 43 108
202 26 102
232 21 76
209 17 83
218 33 127
194 47 68
247 29 60
239 37 96
222 63 49
210 21 52
258 22 101
227 82 53
232 42 119
252 -14 61
226 -3 54
199 63 84
215 29 44
274 -7 137
270 49 107
181 62 65
232 70 83
231 82 94
217 48 46
265 0 93
268 29 59
233 48 135
184 55 94
257 10 45
241 -9 130
195 43 101
233 16 112
222 50 105
228 -12 52
177 52 54
223 11 38
188 7 54
204 24 95
188 -12 82
195 58 64
230 28 134
415 212 458
402 219 444
359 210 399
407 229 445
437 186 444
413 230 411
356 237 444
415 188 473
408 252 395
366 209 425
387 232 478
408 219 439
395 248 444
406 252 451
434 193 402
417 217 410
362 239 403
436 176 442
405 257 400
390 166 397
385 177 480
361 201 432
352 171 471
373 181 469
431 226 458
384 223 472
343 201 457
398 242 443
418 183 418
380 212 457
416 171 461
353 236 394
372 215 428
344 212 482
340 240 401
366 239 411
345 239 493
423 255 422
349 254 434
348 204 408
391 238 394
371 219 491
423 173 446
435 212 458
339 247 427
373 182 419
415 257 393
368 234 437
424 186 487
351 256 443
360 167 467
348 259 473
386 254 443
373 230 491
369 241 415
341 184 423
398 222 477
394 251 454
371 235 470
346 190 408
80 92 405
90 75 370
54 56 389
74 76 359
57 80 396
108 83 369
128 111 384
52 96 448
143 112 406
143 64 445
109 47 365
116 79 408
109 145 419
64 55 399
108 101 414
69 77 392
83 60 420
101 86 397
139 93 417
55 55 360
65 122 433
138 77 423
83 127 453
51 112 409
52 129 398
82 111 441
56 58 400
94 57 359
113 47 402
129 49 380
102 131 367
94 47 428
121 57 383
124 81 425
139 73 432
121 119 382
103 125 455
65 113 391
142 132 374
106 137 384
112 136 395
139 46 421
116 134 453
68 98 366
58 121 356
45 98 404
107 97 396
140 48 396
104 130 430
67 93 407
118 55 436
63 87 395
47 100 405
93 120 392
107 126 365
102 134 381
66 58 370
114 111 428
53 140 422
101 120 383
