394 316 345
347 280 314
407 359 282
342 315 362
356 323 341
354 291 300
388 295 299
399 327 303
373 345 344
372 302 364
401 296 327
368 337 323
327 341 336
378 294 283
343 338 276
358 355 355
325 317 278
366 367 338
348 318 329
327 278 314
340 323 363
355 314 369
391 281 374
364 292 299
389 304 351
364 281 304
377 284 354
365 275 339
370 359 321
395 318 333
383 271 306
396 292 332
334 272 374
368 284 343
384 324 336
412 299 310
370 353 295
419 368 276
327 342 375
386 298 299
330 297 374
410 350 336
334 344 358
365 270 327
368 307 364
350 321 373
406 305 343
385 348 320
331 297 306
382 311 352
403 309 325
338 354 345
326 308 291
389 277 346
413 310 285
372 348 277
422 307 329
389 365 281
353 271 307
416 350 365
387 355 358
341 310 336
400 268 353
400 342 324
359 273 337
326 361 352
408 334 282
420 282 291
370 343 371
370 321 363
411 319 300
398 351 356
423 333 342
416 348 369
402 360 362
393 345 371
423 341 370
373 317 345
341 294 278
408 328 283
452 245 506
446 185 488
448 231 447
404 202 477
483 242 457
390 181 512
462 223 453
439 189 450
458 154 514
445 197 458
430 231 464
426 205 498
409 157 467
432 193 505
394 228 525
427 232 450
397 210 465
448 207 518
408 196 501
427 239 482
486 168 473
399 186 509
395 182 470
444 181 450
465 242 455
415 197 449
464 213 490
406 218 504
477 196 522
428 172 457
396 199 471
404 173 436
471 202 433
425 231 447
439 242 516
468 203 483
449 158 436
485 169 505
476 235 471
421 230 484
475 205 487
411 230 512
390 238 487
486 151 446
396 171 486
445 164 437
462 226 496
469 238 489
477 220 431
467 237 510
408 182 474
484 219 428
472 175 446
481 200 426
454 150 450
472 229 442
439 218 432
416 228 463
474 235 434
471 159 444
439 180 505
391 245 512
449 225 426
489 226 463
485 219 499
467 180 510
467 217 444
468 222 430
455 216 514
441 153 459
449 214 485
393 204 439
436 165 519
414 243 520
396 218 491
398 157 481
422 230 516
404 171 497
432 186 446
411 204 447
84 46 430
49 49 427
62 58 365
67 5 347
89 29 384
52 -11 355
65 10 394
87 17 349
125 -20 392
123 -20 363
130 49 380
130 9 433
110 61 384
133 -2 388
141 51 423
142 22 345
57 33 333
75 -18 383
135 77 425
60 1 381
122 47 401
64 -15 404
116 14 394
69 58 373
108 33 375
74 60 354
55 26 395
60 47 356
96 15 410
103 -9 352
111 18 395
69 6 399
103 48 405
95 22 353
51 -21 357
137 10 370
88 -6 402
98 34 334
70 16 381
96 45 382
88 23 377
142 35 366
58 -16 394
90 60 337
59 11 409
64 45 418
44 -13 364
65 73 404
125 -9 417
79 65 375
137 -15 388
89 73 421
116 -21 353
58 67 412
118 59 419
80 17 402
131 -10 333
59 62 375
64 7 338
106 57 378
43 41 396
54 0 375
102 51 379
94 5 349
75 2 379
128 -12 406
46 -6 420
136 66 422
68 64 419
94 57 391
111 71 408
133 10 342
58 79 336
67 32 342
96 -17 403
122 -5 345
117 13 372
81 67 367
87 34 404
64 9 409
356 308 275
400 329 294
417 329 216
407 346 283
406 351 256
361 363 211
362 376 288
419 393 238
432 389 271
449 363 295
357 338 267
388 312 237
429 337 269
433 314 287
417 389 242
430 389 248
370 354 262
365 319 253
413 364 226
439 323 286
431 355 249
363 313 227
373 316 265
360 370 217
400 346 285
390 373 293
406 392 256
398 328 309
418 381 221
435 350 244
359 373 220
364 378 221
445 372 246
392 311 294
431 340 242
381 356 262
359 323 292
394 400 223
385 335 225
408 347 211
367 385 257
392 331 289
382 375 296
419 366 302
441 351 302
356 362 293
450 340 242
422 341 224
390 336 308
377 323 292
361 372 226
378 307 266
419 321 258
368 328 223
416 396 221
430 338 311
424 315 291
439 402 243
385 346 212
449 373 273
408 362 306
353 378 289
418 302 257
378 395 240
365 391 287
403 319 220
397 362 277
400 349 227
450 326 292
399 342 306
442 365 248
394 309 211
435 381 264
418 353 248
401 308 295
392 361 309
451 351 241
418 378 233
358 392 279
415 336 231
374 384 321
399 354 282
334 362 330
345 399 289
322 402 268
406 364 363
379 351 315
385 357 295
364 351 353
353 419 350
392 376 348
374 359 285
382 350 284
346 379 313
407 374 363
352 393 319
402 330 298
324 329 306
381 410 340
398 381 354
409 341 315
382 328 359
379 378 357
412 408 319
346 370 361
414 331 304
318 355 305
406 357 265
391 363 291
344 385 319
318 383 277
330 399 328
322 378 322
343 341 336
347 382 291
329 382 360
320 393 352
411 352 298
397 407 329
359 342 271
382 411 288
400 406 341
409 349 316
356 409 272
343 399 308
342 399 273
375 395 284
354 336 335
410 362 292
330 376 308
365 368 288
394 417 307
373 378 333
340 362 297
332 347 331
408 337 309
326 420 306
384 394 315
366 409 324
357 422 270
418 342 315
408 327 348
353 389 271
347 350 320
354 361 264
349 421 329
408 342 302
341 404 322
388 347 267
370 341 320
345 367 338
329 404 335
389 359 265
413 374 307
344 422 323
338 387 354
411 349 328
390 352 337
363 410 346
394 356 264
363 468 423
363 422 491
325 414 409
305 479 410
280 478 472
320 410 432
355 414 403
315 421 489
322 419 484
318 479 403
352 467 454
281 399 481
377 422 460
365 458 499
354 405 465
314 469 429
300 445 460
335 431 445
338 416 407
315 416 482
321 473 406
337 488 446
341 398 414
288 424 447
308 481 465
292 440 463
345 439 469
288 490 415
322 436 465
301 481 477
308 479 487
345 488 497
362 483 462
359 415 444
321 436 488
293 429 484
356 484 449
324 470 457
307 447 453
293 468 490
361 477 449
286 434 437
334 431 407
293 437 463
366 463 480
282 452 428
301 407 446
319 435 435
316 439 421
357 427 428
286 463 404
338 412 471
353 418 487
287 461 410
375 474 414
326 391 441
331 465 462
314 410 407
362 400 473
354 402 484
283 390 481
365 443 473
282 426 442
312 405 497
377 471 444
316 460 401
324 475 433
351 396 485
376 390 495
340 397 497
310 452 449
355 440 487
335 404 460
289 459 416
348 451 479
290 453 455
346 396 486
288 436 437
330 463 435
342 414 457
83 342 364
61 342 346
119 308 400
98 327 359
98 256 402
90 295 421
94 348 430
132 330 409
81 340 343
136 284 429
66 257 429
125 265 361
158 303 425
75 318 362
125 309 416
117 333 400
160 281 363
97 335 366
111 352 411
60 327 350
63 263 353
115 261 368
81 272 360
62 280 373
148 263 353
122 329 346
106 335 372
145 255 378
63 292 393
95 306 358
105 285 367
73 258 370
158 337 375
105 302 408
160 277 390
144 320 333
69 268 364
110 286 414
91 260 408
78 277 335
75 347 412
69 295 374
76 256 340
104 321 405
137 280 339
123 337 376
75 289 423
143 338 416
62 253 368
97 323 335
69 271 411
108 325 331
93 278 428
134 325 388
137 292 355
66 328 428
99 324 359
128 324 363
105 298 352
115 322 421
137 311 425
102 315 400
80 291 406
68 279 356
148 296 353
118 311 402
154 323 414
98 260 389
154 308 378
86 342 418
119 257 346
115 283 359
160 314 356
88 327 364
157 322 352
136 272 381
111 351 359
148 330 381
127 331 407
113 253 346
319 358 80
328 366 71
348 335 97
332 401 32
305 356 83
351 421 14
312 371 60
386 340 30
379 401 77
381 358 85
325 429 22
312 361 25
330 331 80
310 390 70
366 411 85
351 330 27
338 419 96
393 425 42
299 423 97
297 400 103
313 358 90
395 398 30
393 341 58
391 357 16
342 420 51
365 344 18
333 364 72
344 395 22
347 409 57
376 363 107
363 355 67
345 347 27
390 377 88
377 332 25
369 412 52
342 362 72
385 338 107
307 394 63
317 356 78
310 427 94
342 367 24
331 383 70
311 408 48
308 345 107
305 402 56
370 403 22
358 374 113
384 391 58
306 426 113
378 369 41
300 386 31
313 370 54
343 381 15
336 395 110
340 414 25
389 391 44
345 390 29
359 425 20
366 396 56
340 409 53
328 380 50
329 375 58
339 401 102
364 360 19
346 346 80
395 415 90
381 407 61
325 332 67
362 416 98
395 386 30
390 336 40
392 417 21
323 404 61
352 338 23
337 351 82
356 427 107
298 371 57
354 350 28
309 373 66
329 398 103
31 168 210
8 254 224
64 210 204
64 187 242
-2 236 280
67 231 240
-5 246 227
31 245 213
-29 186 244
-30 223 237
22 199 269
39 186 261
47 247 246
-17 251 218
46 235 259
24 212 233
51 171 204
34 173 230
-26 242 217
17 154 218
7 178 236
-8 219 212
14 225 266
21 177 247
47 230 190
53 155 214
-24 178 205
22 216 270
68 249 262
-22 248 189
-12 254 256
2 242 261
18 184 288
3 226 220
34 198 282
56 171 194
3 249 231
16 247 208
-2 171 253
25 252 283
-11 232 239
62 242 246
50 188 193
27 228 289
-1 189 193
65 155 266
23 184 270
61 230 230
59 209 246
-11 198 217
55 184 218
-6 172 227
-31 213 228
8 237 221
-10 249 283
48 171 219
66 183 216
27 184 223
31 249 194
48 168 221
23 210 193
-8 233 218
35 200 250
56 178 225
32 159 270
61 232 261
40 222 287
-4 159 205
-28 234 250
7 170 203
-31 206 278
-1 198 208
-13 225 220
66 253 197
-23 223 253
68 208 191
5 174 244
4 242 249
-22 192 218
5 222 236
33 346 289
68 318 346
52 247 352
63 292 254
87 302 258
76 299 280
-4 283 294
9 313 326
33 263 345
3 248 321
30 246 322
39 314 319
27 290 308
63 289 335
-1 293 343
58 290 318
42 294 332
-3 299 286
57 322 254
8 286 293
58 314 342
29 289 352
78 313 338
33 327 350
19 327 287
81 298 325
8 255 291
34 284 339
-7 262 259
6 271 260
35 305 337
19 252 260
28 296 346
35 299 322
85 254 331
27 286 287
41 296 325
6 333 254
-1 328 269
59 329 264
11 295 287
67 334 287
-9 254 282
4 336 286
30 259 291
82 247 280
11 266 282
70 297 301
16 301 280
-4 258 342
43 251 319
36 346 344
86 261 281
71 252 327
63 248 321
47 266 324
-11 263 255
-4 271 351
86 313 311
83 291 277
52 283 336
59 322 281
24 302 330
34 305 300
40 328 252
10 323 303
2 329 311
15 345 310
-7 297 341
35 314 336
38 319 270
53 287 322
66 322 262
25 318 349
-5 252 286
37 263 282
40 333 276
12 327 287
9 307 256
9 338 291
135 358 215
167 377 255
225 294 192
151 320 203
139 373 279
215 382 190
196 342 242
149 378 206
205 317 205
155 371 272
185 360 191
215 344 204
205 385 247
173 386 230
138 365 204
195 383 262
175 350 232
172 350 270
174 390 256
211 366 185
192 380 264
183 304 273
140 382 272
125 364 271
165 292 270
202 323 218
209 307 276
214 293 262
212 352 217
175 337 241
153 325 243
128 379 221
129 301 277
157 356 229
157 320 266
131 328 280
216 356 195
144 315 274
165 372 210
183 377 208
177 376 213
189 388 246
194 357 249
180 293 278
166 389 253
182 301 199
130 359 195
168 295 253
172 339 185
220 306 190
168 313 231
127 374 260
138 353 233
168 341 207
159 348 236
163 313 246
222 334 224
201 379 209
200 375 223
172 307 280
178 304 240
190 341 190
125 355 267
172 388 195
157 389 202
217 305 215
196 370 255
154 293 229
196 331 227
214 375 250
195 307 257
206 371 277
178 332 278
199 346 187
208 345 223
159 294 241
194 340 243
214 334 237
147 332 266
161 318 218
238 364 79
251 357 59
246 410 46
181 378 10
191 408 59
229 379 23
216 421 82
213 389 56
222 392 41
225 346 -12
238 416 84
205 426 27
164 421 -14
185 343 81
209 353 29
174 356 33
170 386 23
200 428 70
250 407 4
169 418 42
178 340 12
207 380 28
248 418 74
235 405 82
182 396 19
194 401 51
231 358 52
206 407 -13
169 395 79
206 391 12
241 383 30
236 365 -12
245 386 -3
231 434 -9
257 406 14
189 397 77
257 409 62
220 386 55
202 357 15
194 420 -15
231 396 29
243 410 62
241 408 21
185 428 52
227 421 -16
196 357 44
194 429 79
240 426 74
216 434 -7
235 399 -8
237 404 46
232 390 65
226 433 81
251 404 -6
244 417 7
217 408 -1
194 405 61
201 407 27
216 366 18
187 351 8
189 414 77
183 405 -8
196 431 49
192 417 84
258 340 11
200 345 -16
250 432 14
190 344 50
247 361 -11
245 408 5
223 341 -13
214 434 31
245 389 51
172 400 31
178 348 72
220 355 78
204 396 18
245 379 7
180 415 11
248 393 57
91 472 359
111 469 389
109 510 364
101 510 307
97 429 348
71 476 385
72 469 353
107 438 331
117 442 363
117 503 402
46 440 391
58 419 404
114 470 366
106 475 313
96 413 327
73 441 375
99 482 323
54 449 331
93 477 401
82 468 345
94 492 331
50 469 337
66 430 339
64 505 373
116 479 359
94 510 373
127 444 337
116 435 403
74 499 335
115 415 390
118 507 379
120 504 343
122 428 320
123 465 404
134 445 344
76 508 328
81 448 313
95 427 399
67 478 325
109 495 363
65 470 339
76 428 340
94 487 346
72 455 363
109 445 307
57 414 369
86 439 321
129 436 325
67 489 386
105 492 307
134 439 352
47 493 358
98 413 395
93 490 369
55 433 317
50 421 321
71 479 308
85 473 317
107 510 350
83 501 360
119 482 382
109 423 331
46 450 309
123 414 406
121 428 378
104 506 357
82 450 316
111 483 400
125 482 306
81 466 337
107 416 399
118 425 359
75 422 313
96 436 374
75 495 383
54 440 315
123 472 375
136 509 402
40 457 357
105 493 314
45 168 400
-11 93 379
-11 173 425
-21 180 418
17 112 388
8 171 428
2 133 399
60 174 378
9 170 401
8 167 405
42 126 364
36 143 427
40 111 428
63 132 433
42 168 346
16 182 431
59 98 382
-18 167 368
-24 143 425
-7 153 443
66 165 356
-11 183 396
22 136 360
-17 176 438
51 166 348
-21 128 380
38 111 427
-1 101 363
58 162 356
66 120 433
-17 163 444
67 133 416
2 121 361
39 92 351
6 110 411
-19 155 433
28 156 391
8 177 414
-17 182 373
52 124 427
12 128 356
-20 142 438
62 108 415
10 152 418
65 113 414
-16 124 435
9 131 380
42 100 395
31 92 375
-29 122 352
26 111 438
62 117 412
6 187 362
31 129 437
6 119 370
-18 151 376
15 154 425
48 157 377
14 114 388
55 92 426
-26 99 361
56 107 401
-17 88 369
-8 171 433
52 186 366
18 156 378
58 118 425
-2 110 378
7 182 379
-19 93 366
29 182 402
-17 145 424
-16 92 422
71 125 379
54 188 350
-3 152 356
49 102 410
19 93 389
65 98 357
5 95 428
145 445 343
207 429 358
175 482 359
206 484 303
158 469 316
186 453 333
201 393 340
201 442 301
170 405 320
217 466 298
171 442 329
218 478 339
159 418 306
175 401 295
182 453 306
142 431 300
176 455 337
154 439 295
191 433 371
157 434 309
136 424 350
204 410 289
201 433 312
125 416 289
194 469 320
162 486 377
153 442 288
136 464 290
221 482 292
147 406 290
225 412 295
180 410 302
164 458 315
158 443 379
220 486 381
183 445 285
172 405 383
143 436 333
217 437 362
144 466 303
171 429 290
177 409 320
186 422 288
213 389 329
202 413 341
185 472 345
205 473 338
194 434 324
156 453 348
128 450 327
157 451 373
200 388 297
198 476 286
158 399 376
159 413 382
181 429 291
149 399 341
143 481 362
224 441 319
133 435 291
133 429 311
221 419 288
140 473 367
167 410 370
135 390 377
131 435 306
175 456 313
157 438 357
186 410 316
206 423 378
211 456 372
136 471 316
184 427 374
188 387 325
159 454 378
221 431 349
162 448 361
147 397 313
193 482 305
133 457 301
310 398 402
281 427 360
325 461 323
254 440 343
310 456 381
332 483 340
296 403 321
332 417 373
259 414 414
305 441 376
246 431 330
323 395 346
251 427 383
251 486 362
310 478 410
254 462 415
311 447 350
310 438 414
333 398 413
292 470 363
322 413 339
300 404 327
319 439 411
271 419 392
296 436 371
258 393 373
285 444 350
288 472 389
304 487 373
346 463 315
246 421 329
322 489 324
248 420 386
269 403 339
331 405 344
311 412 360
246 408 403
342 454 406
261 435 378
345 405 385
249 458 356
309 488 411
251 399 402
308 469 403
329 491 381
279 428 315
287 403 352
310 471 348
289 465 353
317 411 349
270 484 374
304 457 390
278 441 358
300 460 340
310 492 409
288 462 382
341 405 384
256 480 387
315 405 413
343 446 322
329 406 316
268 465 407
278 471 348
306 439 324
289 468 354
329 449 364
305 481 401
329 404 354
249 456 343
297 419 385
300 483 352
252 453 348
270 397 318
270 469 348
320 438 380
313 412 382
332 423 379
298 418 373
295 459 338
292 478 351
258 51 395
196 -35 465
200 39 442
284 28 393
233 36 435
199 38 388
245 32 395
237 55 393
186 40 399
260 20 417
247 37 474
275 -32 484
201 -37 429
220 -36 401
286 20 433
207 -16 430
262 23 447
216 -13 444
245 -38 474
230 -5 485
280 30 422
243 3 421
268 -38 450
267 27 455
186 14 451
196 -26 419
200 -8 444
245 -8 451
216 -4 476
269 -16 481
217 -37 451
236 15 448
267 54 422
251 -10 427
249 36 461
282 -28 428
263 18 445
286 -39 424
267 -8 444
222 44 406
225 -16 430
270 61 427
215 0 400
206 60 393
225 47 386
260 -6 453
218 44 399
230 -36 455
251 -19 452
194 3 419
228 45 471
260 22 432
211 26 398
225 -34 456
195 -18 438
283 30 468
190 -2 457
240 -20 433
208 -30 388
204 19 390
190 -6 387
282 -25 400
202 39 420
256 39 454
200 -8 444
188 16 462
281 -24 414
274 16 475
244 -21 454
191 45 422
248 -6 438
270 -2 445
249 14 390
250 -28 398
256 -8 455
268 50 396
275 -18 395
233 61 455
203 16 393
281 6 409
288 236 50
301 273 123
324 257 71
301 183 66
284 229 84
295 193 96
356 180 80
359 196 91
349 236 76
314 181 77
348 186 125
285 201 112
268 221 71
307 195 123
285 205 74
313 239 49
263 259 42
291 243 51
296 265 51
330 192 38
279 235 42
298 183 35
270 247 73
344 184 60
343 221 58
341 215 68
309 176 114
272 193 47
287 249 105
336 187 130
296 179 86
290 271 42
325 228 115
303 217 114
309 226 119
303 222 103
312 184 52
279 191 93
329 260 91
281 251 115
352 267 68
328 234 87
337 243 108
293 261 100
306 273 74
299 203 79
299 251 73
340 178 49
335 192 129
355 197 52
325 231 42
263 207 88
361 251 117
270 218 105
300 273 52
277 271 111
310 242 105
337 241 37
318 245 50
359 241 99
273 189 86
348 268 126
329 269 78
336 212 68
288 243 89
291 179 112
271 268 89
347 175 104
320 205 111
316 238 41
312 200 71
287 174 46
285 227 131
334 204 50
287 208 95
303 268 40
340 211 127
289 184 63
299 248 130
335 251 66
299 417 65
328 367 0
264 441 47
263 437 37
307 442 60
312 409 51
346 382 64
259 385 52
306 395 0
342 422 91
275 365 71
295 389 -2
325 380 43
258 366 67
328 404 -1
351 378 10
353 433 27
344 430 19
254 420 54
332 413 48
312 428 27
320 438 45
346 416 9
294 374 90
276 397 33
326 401 83
268 434 7
327 436 90
297 405 19
276 400 56
328 441 67
343 419 32
274 365 97
276 383 56
287 388 18
275 367 97
257 393 84
299 363 47
334 443 -2
266 357 51
315 373 86
336 400 60
325 361 8
295 421 18
316 415 93
337 437 59
271 395 53
353 409 74
298 411 73
316 384 22
285 354 20
320 386 76
316 403 56
270 431 53
277 376 48
285 413 49
315 350 45
343 434 57
341 362 69
293 437 63
350 445 -1
315 447 32
343 386 33
304 404 50
276 409 97
329 420 20
268 444 34
286 397 37
286 441 66
276 373 86
278 401 85
254 350 67
253 409 64
270 364 78
347 432 84
307 447 20
322 393 7
274 413 65
351 424 70
272 414 88
379 383 51
426 386 61
401 383 54
375 370 17
334 412 26
405 374 -8
422 371 60
398 319 -7
339 384 58
327 403 76
342 405 25
412 328 57
427 369 64
375 350 78
374 402 29
381 331 80
340 348 -4
399 340 21
388 355 82
397 339 72
409 351 52
379 351 9
346 333 63
371 395 85
410 372 32
341 400 25
329 399 70
409 386 26
370 321 83
420 335 59
341 396 92
399 369 -6
341 365 58
355 316 57
357 325 25
338 313 54
376 347 -4
403 411 52
362 349 78
411 388 -2
403 339 -4
349 323 62
344 400 9
337 406 36
340 376 28
344 388 59
424 358 30
427 374 27
343 380 85
409 387 -2
328 368 27
364 395 33
327 380 67
358 312 70
348 406 -6
418 323 56
388 405 -5
382 349 45
427 412 39
381 383 68
371 401 16
338 408 80
372 320 75
419 347 15
328 355 72
418 349 68
381 360 66
415 370 61
335 363 51
369 348 49
358 347 2
371 343 77
332 373 49
361 370 83
403 352 67
390 319 10
380 397 -6
403 385 72
425 331 -1
360 394 38
408 191 333
486 188 380
416 198 387
464 155 376
441 171 360
442 224 325
417 237 335
438 156 357
406 160 401
425 182 346
465 155 416
473 184 361
423 192 389
459 218 350
450 240 342
424 234 338
480 247 417
448 160 384
412 194 412
468 225 363
408 186 416
490 230 348
444 202 343
441 176 404
459 220 358
477 185 343
467 219 418
473 174 344
459 158 352
492 237 378
481 176 326
466 252 363
409 198 329
451 162 344
430 228 409
427 180 406
497 183 380
415 251 415
468 203 390
475 205 365
500 167 387
452 222 328
456 180 338
479 190 360
497 234 412
430 206 394
455 227 338
490 164 343
460 162 370
498 198 348
432 226 335
405 153 413
465 160 397
480 211 343
500 217 361
434 177 331
503 240 386
476 161 339
464 198 348
423 168 406
494 182 405
475 184 395
407 238 326
487 249 346
451 217 415
471 213 323
475 248 369
477 194 415
425 193 339
435 238 336
443 250 333
442 177 322
452 168 361
464 159 332
483 236 384
431 252 398
487 206 419
495 190 346
455 253 396
443 205 343
27 33 452
-18 86 417
66 29 424
-11 83 400
40 9 436
76 74 392
70 47 455
35 47 455
-10 45 456
36 106 416
74 9 386
12 55 387
64 72 448
77 20 437
5 6 389
64 59 384
-19 69 442
-9 70 463
27 13 446
67 33 407
53 48 402
15 46 468
-1 55 461
-4 91 479
15 51 387
-20 6 384
43 95 464
-21 18 477
47 80 436
72 42 444
56 54 388
25 52 476
43 11 467
21 23 466
36 78 412
22 50 461
0 65 435
45 47 476
61 104 466
50 42 431
-19 100 483
-6 82 411
-15 35 452
76 91 385
76 99 420
55 6 446
26 79 414
-10 68 409
25 14 419
29 8 436
25 37 411
70 17 453
43 35 397
47 28 442
53 38 432
-21 38 424
-14 42 391
77 26 464
9 45 468
16 91 432
-11 29 467
1 15 463
18 42 397
-6 45 433
39 32 440
3 38 394
50 8 480
47 47 407
-15 100 470
3 51 452
-5 69 470
33 40 425
71 61 460
69 12 476
58 44 418
77 72 454
18 37 424
-1 46 467
-20 64 384
60 62 433
206 91 460
237 118 489
250 67 473
284 42 419
268 72 506
280 66 419
260 51 512
213 60 436
235 59 494
232 113 515
262 49 421
247 104 421
247 115 466
221 50 482
265 70 431
283 51 512
273 50 445
213 116 469
197 48 444
219 104 495
289 72 445
254 55 452
198 26 459
251 124 468
280 63 448
244 100 458
273 66 478
257 82 468
212 120 425
260 64 421
217 46 428
247 85 421
259 85 514
286 122 467
274 85 515
213 101 509
249 49 493
228 118 432
201 81 423
218 98 490
206 29 469
282 75 471
262 70 429
289 125 510
280 68 508
280 107 438
238 43 448
214 112 440
260 102 447
219 44 446
233 94 464
219 123 415
272 32 488
200 97 470
200 88 447
257 82 496
217 59 508
218 34 461
240 77 443
223 70 462
261 52 469
291 121 472
262 26 496
265 117 418
291 27 440
217 54 423
234 98 491
259 118 422
193 37 488
222 126 435
218 52 477
238 113 500
285 37 489
260 114 432
216 115 479
234 103 503
223 34 477
243 35 425
203 54 455
273 91 452
335 338 91
347 279 33
353 356 49
353 303 39
344 293 100
353 349 68
311 321 97
356 329 86
373 273 93
379 341 73
345 347 85
298 303 70
374 319 59
313 335 100
298 277 44
379 294 57
335 328 36
345 295 25
325 308 37
333 350 92
325 324 71
331 315 116
347 274 50
284 345 37
293 267 39
283 276 61
381 299 114
376 295 85
298 287 63
364 319 72
373 346 116
331 284 35
361 323 42
330 329 90
285 266 80
320 294 75
371 301 110
329 312 54
353 339 45
361 282 35
289 276 21
292 316 94
300 296 88
365 310 73
338 318 114
295 285 109
332 265 38
341 319 88
345 357 95
303 318 70
354 293 93
289 280 18
332 257 35
341 357 89
324 324 79
330 314 72
360 273 90
376 272 65
301 353 75
292 357 43
381 314 61
321 320 49
337 334 33
334 325 33
345 324 99
302 354 106
348 262 103
367 310 82
345 339 65
330 318 39
341 283 55
287 355 60
354 320 87
362 336 27
347 311 32
293 317 19
354 291 38
327 315 81
335 322 38
318 271 86
388 238 346
392 234 354
415 171 324
420 196 279
396 175 302
390 197 342
462 142 334
440 159 364
449 142 285
425 219 353
412 153 295
429 143 298
447 190 311
468 220 366
422 236 330
451 237 321
429 201 337
415 152 352
424 185 363
401 184 318
427 202 302
466 222 305
437 215 307
454 231 351
385 177 358
453 153 285
381 221 299
456 176 288
422 157 344
425 143 306
380 201 338
420 180 341
419 215 280
467 204 316
453 157 340
402 219 283
446 206 314
462 227 357
384 195 322
380 183 324
422 147 343
443 210 373
383 193 334
421 141 344
394 235 325
422 240 361
376 198 314
421 205 327
440 202 305
412 162 286
385 198 305
426 237 320
399 157 293
433 181 308
401 140 282
420 142 320
372 141 371
465 145 361
408 237 359
411 228 345
457 178 366
454 236 300
454 170 279
412 187 376
406 168 338
440 225 291
421 195 341
470 196 339
425 233 347
453 233 305
432 154 300
446 225 280
452 191 296
438 231 326
398 222 280
464 235 350
453 220 309
429 233 338
387 186 364
452 200 283
88 393 60
122 444 -6
167 428 79
129 381 -9
154 410 78
77 392 79
91 428 41
141 448 -13
165 407 43
99 467 -11
81 427 69
118 454 9
97 431 26
139 433 66
159 445 -5
169 437 -2
108 401 26
90 416 86
160 459 25
145 465 71
80 419 83
99 440 3
109 423 66
132 453 11
120 461 27
130 452 32
175 401 79
173 447 38
132 471 5
89 428 3
143 455 64
81 420 74
101 413 32
81 396 7
88 407 34
117 387 84
175 476 -6
130 463 77
82 477 49
101 474 29
138 380 51
94 476 -11
162 405 77
136 425 19
149 383 23
147 437 46
134 404 44
142 443 9
107 393 50
91 463 62
147 447 29
123 430 24
89 479 34
157 468 19
138 433 -13
118 383 -13
141 397 85
105 462 50
144 424 7
91 449 52
152 421 47
79 384 57
162 402 40
89 398 -11
131 423 46
158 406 1
162 473 71
155 406 67
152 458 49
163 472 27
95 474 72
172 443 69
97 429 70
125 409 28
142 443 44
159 411 36
124 435 48
93 408 39
77 438 61
92 478 -7
458 232 -15
420 211 1
486 175 36
478 179 49
459 232 39
459 197 9
490 185 38
439 151 -31
431 209 36
472 153 54
438 219 27
457 244 1
500 192 4
498 208 26
469 162 15
458 226 -25
473 239 26
418 232 -2
471 212 -19
456 183 45
413 164 -31
434 215 -34
462 214 -22
440 219 -34
422 196 -7
441 233 -23
472 203 32
500 228 29
451 220 31
410 213 43
470 234 -17
453 206 -33
490 201 -1
429 184 8
439 175 -14
400 199 14
496 192 29
447 245 53
453 173 -19
467 242 5
433 239 -30
443 246 -22
449 228 -10
476 161 17
455 205 16
439 189 17
474 185 33
487 197 58
426 162 21
489 239 -27
477 244 -35
460 225 40
487 225 18
472 201 -24
413 178 2
464 190 -11
444 160 -7
425 216 -39
419 250 41
406 178 24
422 167 31
491 159 37
450 215 36
453 231 34
477 207 47
430 241 -25
490 157 28
416 168 5
478 184 -9
410 181 41
400 186 20
478 233 34
453 204 14
477 176 -4
462 231 14
414 173 -11
469 232 1
486 247 -3
491 189 7
459 180 -15
63 70 480
25 82 478
59 145 462
39 129 474
54 130 426
74 109 431
74 128 446
78 73 461
95 60 426
43 124 445
66 80 451
95 117 432
87 81 487
30 112 433
61 73 502
-3 127 443
21 73 467
57 58 495
81 133 487
31 132 462
46 120 423
0 122 459
9 110 429
0 125 494
87 94 441
-4 81 454
68 147 475
22 82 419
57 132 423
29 58 450
0 143 451
-4 142 425
28 144 466
48 57 472
9 134 408
27 147 493
13 56 432
37 149 486
78 92 463
5 81 482
39 55 480
51 77 427
54 136 419
43 141 413
23 66 434
8 70 481
61 143 483
39 84 505
32 115 450
3 58 506
93 135 507
10 105 449
43 146 416
65 63 471
18 122 450
20 115 493
50 116 415
-1 125 439
59 110 462
89 143 409
1 108 462
-2 62 470
71 59 473
56 66 484
32 134 454
60 70 426
77 116 464
41 63 487
93 144 483
65 93 469
-1 85 470
96 118 470
31 117 410
18 115 457
37 83 438
18 80 428
15 92 456
28 141 450
-3 144 461
48 109 474
374 1 256
383 42 269
397 11 175
356 -25 216
371 -24 243
394 -22 225
371 38 270
403 70 190
351 70 215
346 6 251
432 1 260
353 -7 219
345 30 269
376 29 230
341 37 184
411 46 203
397 67 194
375 -19 172
403 -7 184
390 71 216
422 56 176
382 55 218
421 -18 226
357 -11 237
349 55 271
422 37 254
409 5 251
380 32 227
426 38 269
366 -2 212
366 14 218
434 22 188
383 32 250
419 72 174
428 20 259
440 54 179
412 22 264
384 -11 195
430 -11 244
341 34 224
373 14 183
350 7 254
390 0 177
352 -8 212
434 -5 266
408 28 207
407 60 266
420 75 205
358 2 227
349 54 255
412 69 256
440 24 204
404 -11 239
423 61 171
368 13 188
412 -13 213
345 49 255
416 74 234
403 52 190
368 39 262
344 18 202
387 35 243
343 59 229
347 53 270
357 11 230
430 23 193
398 -23 256
388 -19 230
401 46 185
354 -15 249
379 10 185
378 10 269
434 24 202
404 -7 249
378 8 184
397 45 253
374 16 203
353 36 255
387 68 235
435 6 194
395 178 493
418 146 494
410 195 421
463 136 425
375 128 430
474 189 452
403 184 464
416 142 413
457 145 478
474 196 504
414 198 485
410 146 435
473 216 466
413 176 463
449 185 510
415 128 476
473 200 471
449 211 475
397 210 419
447 180 493
421 183 484
463 186 461
377 187 480
378 203 501
405 174 468
425 147 425
451 200 498
418 219 440
461 165 477
424 158 417
468 153 498
406 209 456
456 222 505
427 191 466
400 198 458
427 132 491
400 218 423
462 141 441
374 138 496
473 194 454
406 196 486
469 178 464
416 143 483
384 193 461
448 205 428
403 141 498
457 220 464
388 123 422
391 201 465
427 173 443
457 149 512
374 215 448
426 187 442
399 207 481
424 142 477
443 213 430
375 174 431
473 191 450
417 122 482
420 221 442
463 143 420
424 131 430
423 139 506
457 163 422
438 161 449
401 175 494
464 174 491
467 153 448
380 216 512
438 204 440
436 150 475
384 163 486
419 160 489
462 130 475
387 136 455
462 140 467
411 209 427
386 168 479
416 155 481
445 183 511
89 467 30
96 489 -3
119 443 26
51 442 70
95 457 72
86 452 -21
76 446 64
53 453 -14
45 509 71
112 501 26
77 495 15
60 446 44
61 470 -3
89 475 70
123 477 42
121 498 60
125 491 11
126 475 54
88 491 -6
44 443 33
47 423 -14
71 460 -8
68 446 26
115 492 55
86 493 -14
90 432 44
105 427 -20
103 491 -26
116 445 36
90 442 42
107 464 35
117 510 -12
79 464 -21
107 496 43
67 449 27
90 416 -24
76 427 64
95 476 8
86 429 38
32 443 -3
33 479 14
56 454 36
50 509 -2
30 447 20
104 503 9
32 478 24
34 493 0
55 459 -9
63 462 49
119 445 -3
97 415 -25
63 494 -6
46 460 -9
63 485 -23
93 506 39
42 420 -26
59 488 9
94 458 -11
80 445 61
34 487 40
91 489 36
121 510 35
38 438 11
39 510 -14
121 433 -22
82 420 34
90 464 -26
112 415 49
102 421 -8
119 483 4
111 459 52
120 446 67
103 429 12
119 446 64
53 493 1
104 507 -25
113 506 8
34 463 16
76 477 47
86 445 -17
462 450 465
464 447 466
398 487 499
368 462 480
413 445 467
397 514 457
436 499 535
460 425 511
446 457 507
390 489 517
381 446 521
398 463 492
405 477 509
388 491 506
456 423 508
374 432 455
459 458 472
371 503 504
405 431 481
408 420 506
449 446 470
388 456 482
372 477 504
365 498 463
410 433 500
382 481 535
403 419 467
447 506 517
369 466 462
416 436 468
371 500 458
441 497 470
366 427 538
392 434 477
439 455 529
414 494 467
379 445 500
430 419 492
368 445 524
411 447 449
461 513 482
420 499 515
463 471 519
421 480 530
410 501 500
373 425 490
384 462 481
460 442 536
431 505 519
439 426 454
382 422 455
373 506 482
388 507 535
376 484 474
365 437 452
457 467 467
371 499 531
385 437 448
375 489 505
439 474 463
368 455 520
419 510 450
371 418 532
411 509 470
400 452 483
412 425 524
367 432 506
369 509 451
436 512 484
380 478 493
424 433 510
450 434 505
377 491 453
417 482 489
403 497 490
366 447 451
439 501 511
377 491 467
413 472 449
390 455 446
426 465 346
450 442 271
438 399 273
475 465 273
466 405 279
399 375 313
448 372 295
421 464 343
465 434 309
452 463 275
420 412 255
451 467 262
435 443 307
415 432 301
392 371 310
400 382 257
468 370 285
436 427 322
447 469 343
479 447 268
473 376 296
457 411 250
447 403 274
407 464 297
472 439 347
439 457 336
424 457 281
457 375 299
415 463 250
464 393 315
408 378 325
422 439 296
483 370 298
404 449 271
480 415 285
487 447 346
438 426 256
443 409 335
398 416 293
402 436 258
425 419 316
479 461 341
433 370 291
408 416 317
469 377 250
413 371 285
445 375 262
418 446 295
435 423 316
486 449 247
453 432 322
416 456 249
405 411 313
467 411 284
456 390 261
473 387 319
475 443 343
431 406 286
399 465 308
474 415 322
445 398 286
398 425 314
473 436 319
486 469 250
411 454 319
461 401 271
471 406 331
432 383 328
473 437 345
442 442 263
400 418 337
438 392 260
448 396 346
468 434 261
425 386 259
483 458 249
397 455 311
480 376 278
449 458 253
393 378 270
-35 381 318
7 398 323
-6 444 371
9 416 309
-48 414 336
3 470 324
-11 469 344
-41 469 317
39 442 356
-32 474 344
-7 454 320
19 469 366
-49 380 393
-36 437 355
34 392 371
39 419 320
11 390 310
-21 382 375
22 448 316
38 475 370
-43 429 338
-36 382 322
25 444 345
-41 383 391
9 453 355
15 467 406
17 465 376
5 454 387
-44 461 371
16 422 399
14 387 399
-12 431 393
47 418 361
-4 468 355
-17 402 316
-41 429 387
-47 396 374
17 400 398
43 391 383
-15 458 351
31 398 387
19 382 365
-14 469 389
-13 464 334
-19 432 311
50 406 383
-39 439 359
-31 431 403
32 409 345
-21 395 307
-20 398 365
44 469 365
0 438 368
-10 453 341
11 438 345
-34 457 406
-34 432 331
3 423 402
-50 451 321
-7 409 324
16 443 386
28 423 403
-43 405 333
-25 425 402
-12 464 370
-50 443 323
-38 405 398
-34 398 366
45 423 349
-32 389 335
24 441 338
-5 454 311
-6 384 357
-45 453 315
5 408 341
-21 471 319
-1 424 390
-1 444 317
-25 437 347
13 398 327
342 22 482
346 16 437
389 26 479
341 28 521
400 87 484
388 53 511
397 72 455
403 56 455
420 2 469
362 -1 436
406 76 489
331 82 517
388 12 525
383 41 509
392 48 440
381 50 446
343 30 471
380 -5 461
324 0 442
413 8 514
397 68 523
378 18 462
420 1 430
393 16 430
383 88 457
373 18 491
373 18 464
399 75 450
403 28 464
339 38 465
336 -5 437
343 2 511
358 71 444
376 -6 511
393 60 484
394 42 528
366 63 526
409 12 525
384 3 504
373 51 521
344 57 462
405 -8 511
403 11 511
407 38 478
335 4 498
333 58 430
380 -7 458
358 -7 523
338 2 442
360 -7 484
404 -6 444
354 9 485
384 36 466
419 -3 480
332 58 472
338 70 512
396 88 507
381 71 463
368 53 471
363 18 429
335 52 523
394 23 460
374 22 488
329 68 503
404 42 446
401 11 514
338 57 474
351 87 448
323 4 506
339 52 496
364 76 529
365 -3 451
400 49 460
398 26 484
337 57 488
352 45 443
395 9 454
418 64 469
352 30 505
335 38 491
142 426 421
64 423 381
64 376 384
92 429 429
131 374 362
85 441 427
116 409 343
77 389 434
93 351 370
100 357 391
56 402 396
59 390 424
107 351 343
89 436 385
150 370 348
70 369 376
151 357 355
55 392 417
130 378 365
155 422 381
134 345 400
100 431 432
90 397 409
109 366 406
65 352 350
142 346 398
65 354 365
118 403 341
151 390 385
135 371 398
69 385 394
88 372 427
84 348 407
112 375 350
76 409 428
79 362 393
68 380 337
68 419 417
112 437 360
152 383 373
71 360 420
85 365 372
135 354 427
139 395 362
144 394 430
123 433 360
130 344 399
66 394 342
136 420 385
131 419 398
141 400 418
122 362 419
139 405 377
146 374 422
67 407 367
95 410 350
140 351 393
95 386 401
100 421 356
130 384 352
98 440 340
130 408 417
106 383 420
116 420 339
71 361 376
146 408 360
153 357 344
107 376 348
151 391 381
70 341 362
106 423 429
102 427 338
124 365 396
78 375 351
80 440 369
91 421 353
107 357 374
71 372 397
113 432 432
85 347 412
472 410 316
460 382 322
438 399 315
466 382 316
509 414 367
504 425 398
477 395 413
510 390 381
502 407 365
429 367 317
432 428 375
523 332 360
459 364 328
452 396 361
499 424 343
439 341 411
464 331 335
470 364 351
521 431 334
456 351 362
470 368 381
431 380 408
459 417 316
441 351 333
483 334 338
472 349 377
502 396 346
460 416 346
528 424 373
465 426 323
487 379 383
483 367 370
492 358 347
456 395 339
435 390 319
488 424 327
521 370 401
448 403 366
444 347 360
483 409 332
446 428 343
489 380 328
524 347 354
439 421 353
510 346 400
482 379 347
438 381 378
493 333 404
517 401 325
505 402 361
453 388 412
480 356 396
502 430 341
506 381 339
460 388 409
467 349 357
461 338 355
505 373 399
525 353 345
442 341 328
471 343 408
454 429 332
465 344 330
518 400 380
521 339 327
504 345 371
450 396 343
435 360 343
454 403 381
511 421 404
507 350 394
431 348 320
433 358 386
478 334 400
516 370 392
481 409 352
524 372 347
481 405 396
502 397 413
501 410 326
6 436 342
21 469 267
45 458 260
92 457 351
56 492 298
28 468 341
37 417 257
91 468 319
24 429 324
35 424 291
56 434 269
1 446 355
66 459 354
7 447 332
58 408 268
47 424 347
31 473 340
87 432 307
68 435 265
41 447 337
48 419 337
95 487 285
51 455 330
20 503 259
23 472 297
37 486 347
6 453 291
87 452 269
35 414 295
81 493 327
68 436 339
73 414 263
22 453 261
62 494 351
79 479 273
67 404 316
30 491 316
99 431 338
82 466 256
70 467 265
43 430 297
42 466 337
95 443 318
8 454 265
50 442 268
51 499 310
62 495 353
8 439 283
18 485 287
23 468 311
49 475 317
69 498 278
78 440 324
26 427 260
14 445 293
48 403 335
3 405 302
62 460 353
68 427 318
78 415 284
9 439 272
92 449 309
24 449 330
62 410 288
35 489 306
32 474 325
-1 438 270
50 499 353
34 464 304
70 463 301
85 403 306
53 444 340
12 470 299
-1 444 300
79 411 350
86 466 329
57 457 352
52 502 350
73 425 266
57 419 294
189 203 127
135 216 113
134 234 162
175 172 144
140 251 191
211 226 112
211 205 128
220 242 157
158 247 157
225 232 158
187 184 172
192 181 191
206 249 193
173 229 193
210 192 175
164 227 164
150 263 143
160 236 202
172 230 185
145 247 201
218 204 183
164 194 172
226 217 184
139 258 106
227 203 151
232 204 190
184 254 102
177 255 185
147 260 153
197 267 161
158 229 157
145 216 153
190 221 181
191 189 141
205 219 179
134 207 109
163 250 141
215 240 124
203 196 169
151 249 191
228 242 199
202 207 117
191 246 158
141 216 164
176 251 138
190 241 144
174 239 148
204 237 111
140 188 189
183 203 114
221 191 183
134 215 198
144 257 171
191 250 102
146 172 201
177 177 192
180 242 181
221 191 116
225 189 133
199 182 167
155 235 136
229 188 118
184 257 194
155 205 168
233 254 108
192 187 121
215 266 166
134 252 115
190 174 132
140 181 171
204 247 185
194 213 132
214 197 106
168 176 147
214 255 144
138 196 166
146 235 161
151 233 127
219 181 172
162 205 186
340 33 414
350 71 460
380 31 469
361 -14 434
360 10 424
390 44 434
388 77 450
316 14 438
337 59 438
390 70 462
316 -17 426
399 -11 416
319 11 460
332 76 416
319 34 465
344 -2 430
413 67 450
317 55 439
352 15 481
338 -12 465
376 79 499
337 76 431
407 76 438
395 35 429
357 71 459
328 12 491
401 -17 439
334 60 498
327 81 407
370 55 498
348 -2 438
347 19 487
385 -10 481
405 33 445
392 45 456
326 24 502
401 27 436
352 68 497
391 24 417
369 78 459
408 -8 478
346 51 484
316 19 415
387 20 410
353 63 425
416 1 416
343 10 421
403 64 494
372 47 459
385 56 406
373 23 504
397 14 492
405 24 458
415 -2 449
406 40 499
402 54 478
403 55 493
394 66 434
354 21 472
382 63 420
383 54 473
388 82 434
328 14 427
353 -10 482
332 -3 468
348 23 475
339 46 411
344 82 479
413 70 435
356 78 430
325 81 444
367 50 434
339 19 453
384 40 488
320 24 407
396 24 492
323 8 423
369 48 417
390 -13 466
353 58 464
183 184 50
108 253 7
142 177 20
101 167 9
125 154 65
120 190 11
177 230 63
155 188 46
95 232 53
101 236 53
157 243 104
129 235 17
189 233 94
159 167 24
168 156 54
174 167 97
116 210 17
148 211 65
134 189 40
102 229 55
163 185 23
93 236 15
173 214 51
152 189 82
191 212 70
171 228 36
163 223 82
95 249 46
93 165 9
176 187 67
178 168 59
107 160 41
166 176 79
96 236 37
162 203 47
187 204 8
126 230 49
131 175 67
158 156 21
129 180 86
142 236 66
142 181 23
105 167 16
137 200 48
143 234 93
100 237 27
139 240 101
133 236 7
120 202 50
143 215 11
115 177 104
138 198 7
99 221 8
100 234 57
164 245 95
112 224 47
143 174 43
107 168 37
154 231 100
171 204 84
112 235 10
171 179 92
114 162 22
125 168 12
92 165 85
104 193 25
163 214 21
105 232 88
165 212 58
152 202 106
145 181 20
177 244 102
159 154 33
106 235 49
103 232 22
138 226 19
113 171 7
122 180 74
124 172 60
153 217 84
245 270 187
235 282 244
274 237 221
226 304 204
198 272 209
200 286 262
279 281 222
242 237 269
243 329 218
211 259 240
234 254 272
243 303 254
190 309 255
183 307 185
258 306 228
189 284 212
184 283 190
242 310 231
195 255 214
267 281 186
215 253 203
217 325 245
278 319 202
215 287 208
272 303 193
258 293 242
246 324 192
182 270 210
271 247 213
247 298 272
222 267 184
246 330 254
275 331 191
280 328 280
221 303 271
264 286 224
184 309 259
271 308 277
203 270 223
215 243 238
197 249 217
225 280 202
226 282 251
194 291 220
208 295 185
239 324 274
261 281 231
232 336 210
244 303 198
269 251 208
235 276 254
182 267 231
264 241 193
199 269 234
265 251 229
280 280 271
280 323 257
226 317 198
263 280 207
230 258 216
259 281 212
219 336 213
220 256 264
190 317 184
186 316 240
262 322 265
234 299 236
265 309 205
197 285 255
281 276 239
270 283 276
226 295 189
246 332 231
232 336 237
265 243 217
267 281 189
236 286 276
250 288 197
224 307 253
218 330 232
418 458 297
476 475 358
403 481 312
419 455 325
388 458 326
388 474 349
443 489 368
478 495 381
429 458 339
480 486 364
386 420 375
469 481 288
464 472 346
390 484 327
471 452 344
417 499 326
435 465 380
391 405 377
453 452 369
462 458 348
415 451 359
424 421 310
424 415 305
400 479 373
474 440 331
404 478 293
444 424 339
442 416 352
462 438 364
390 444 319
425 449 352
390 465 360
462 500 354
387 419 316
446 439 371
461 429 345
394 420 306
433 451 344
390 469 327
385 488 358
420 500 285
456 501 353
426 490 307
382 498 290
446 418 323
429 501 348
455 464 359
443 479 331
429 441 347
457 413 287
393 475 341
445 419 297
400 461 381
467 415 299
479 465 310
454 406 298
409 453 371
399 424 317
429 444 374
474 463 376
479 446 338
455 432 334
416 462 355
406 491 348
464 414 305
443 428 345
395 470 316
462 460 357
472 493 298
409 455 365
469 440 335
418 459 283
420 423 314
444 475 317
412 489 366
454 417 288
449 403 331
477 443 358
396 496 319
464 448 311
68 354 105
109 378 119
124 352 65
63 339 61
60 320 99
47 286 123
120 352 65
104 343 103
85 335 128
128 350 79
84 296 86
70 384 104
95 350 48
85 287 72
86 308 52
51 302 100
65 307 59
76 361 109
64 353 90
86 361 88
43 338 104
94 324 104
123 304 114
70 348 50
45 359 112
56 382 95
124 354 124
112 344 122
69 313 109
56 294 100
62 289 113
132 289 123
131 333 73
86 376 51
101 314 57
134 327 73
81 296 48
99 384 55
96 347 126
135 309 104
105 322 118
44 304 44
63 309 81
136 297 56
78 369 109
79 291 71
94 347 121
89 324 96
62 294 121
71 374 130
121 299 40
80 372 119
81 337 70
97 306 99
68 341 136
99 341 41
63 376 100
64 355 43
109 340 110
47 386 131
121 309 134
137 293 116
117 304 70
57 376 71
80 314 127
75 381 88
92 304 87
131 364 92
124 316 134
65 340 78
40 352 94
69 319 109
55 348 124
58 315 82
41 322 46
93 358 86
91 310 75
87 340 75
66 375 57
56 307 92
138 95 18
128 76 58
144 63 81
163 57 85
184 113 15
118 112 91
155 96 67
117 98 72
104 74 75
128 133 40
195 113 70
146 95 51
110 119 24
164 93 21
160 60 21
183 71 70
183 89 77
123 42 31
119 79 54
137 130 19
106 90 50
166 62 43
115 104 69
187 135 6
199 82 82
128 125 34
136 72 45
127 138 71
130 52 86
201 62 103
124 58 76
183 91 51
115 83 59
156 109 27
181 128 77
136 109 53
114 99 81
149 54 21
124 54 32
128 98 5
131 54 95
162 113 13
196 87 25
119 57 62
178 105 18
117 75 66
147 86 98
148 84 36
178 132 84
160 126 89
165 51 81
115 53 33
130 85 101
163 60 8
145 90 42
191 46 50
152 138 27
155 57 30
202 120 75
199 102 81
173 99 49
177 58 33
194 70 7
164 72 38
163 78 102
181 120 31
187 130 61
157 99 65
143 87 72
123 119 97
129 123 62
147 121 102
114 130 41
149 56 57
110 109 73
155 84 46
141 128 52
156 93 100
151 124 93
194 98 15
126 181 417
137 248 388
174 237 373
167 212 340
138 216 401
139 177 385
117 220 392
126 255 373
98 244 416
144 184 319
125 179 397
154 174 340
105 251 407
125 263 407
142 203 391
143 252 379
164 183 377
136 260 372
148 212 385
96 242 376
77 208 343
86 178 363
160 171 372
119 192 352
94 233 343
154 217 401
75 183 341
162 208 337
167 179 321
100 171 399
132 226 404
87 250 364
143 229 407
143 233 345
106 193 368
83 255 343
98 171 393
154 185 356
84 205 393
163 205 348
126 261 384
94 184 381
126 243 397
128 182 382
154 245 365
126 175 387
121 168 404
159 240 330
84 214 382
137 207 336
163 177 339
105 216 354
84 257 340
88 209 358
160 173 412
119 165 359
167 186 321
118 167 352
124 230 360
174 185 379
164 242 349
123 254 365
98 254 394
91 170 400
139 219 322
97 190 412
82 180 347
90 168 375
159 259 374
122 193 366
136 242 416
88 253 407
147 192 339
165 190 336
167 201 381
76 218 415
92 196 338
158 186 397
169 171 369
86 210 378
414 449 178
471 431 226
401 451 188
429 466 211
476 444 212
418 434 178
487 432 199
489 430 210
449 496 209
483 526 167
407 449 217
406 429 167
440 490 222
433 508 210
394 489 141
483 433 156
414 456 155
463 473 219
474 432 191
475 483 161
488 474 135
424 502 138
451 492 148
417 517 158
399 493 165
439 514 210
462 477 228
424 477 203
411 460 200
396 511 161
430 482 161
422 492 164
404 426 228
452 497 145
404 457 153
402 470 223
466 516 150
408 432 188
398 458 222
393 461 207
393 467 197
483 480 146
487 457 157
467 489 173
406 482 208
405 508 155
453 513 188
405 471 151
429 479 214
476 525 200
467 486 175
401 443 160
454 426 182
478 428 160
448 510 201
430 493 196
446 504 205
417 480 143
424 485 178
467 518 216
480 526 210
429 447 177
401 494 192
438 479 197
395 445 157
405 517 147
471 443 206
469 490 179
444 499 153
483 478 185
491 524 140
466 480 195
414 474 151
455 521 175
447 513 135
484 520 192
453 461 159
404 520 141
491 473 172
415 491 223
75 297 303
55 243 389
73 305 365
90 324 301
104 324 333
126 322 377
66 309 353
134 305 344
94 320 331
136 271 332
98 340 373
50 283 309
45 278 323
89 263 294
123 282 321
81 298 296
117 257 356
89 328 344
121 312 333
119 337 379
56 284 351
95 337 314
137 259 340
65 309 359
129 295 372
129 312 333
91 285 380
84 275 314
95 327 347
128 307 386
102 292 376
119 331 336
92 263 355
113 275 341
68 309 373
65 316 377
51 261 333
90 296 342
115 296 303
109 337 295
94 282 330
40 267 365
127 274 378
48 320 379
58 335 362
47 273 301
82 311 316
113 317 349
123 296 302
73 295 315
62 275 352
61 310 368
66 249 296
46 328 377
104 303 347
121 325 297
138 271 333
111 265 386
118 248 391
40 297 340
71 274 368
47 290 313
74 341 315
119 269 334
73 300 380
122 315 362
84 280 339
130 241 333
50 322 329
55 339 363
64 320 352
61 251 307
87 301 309
60 298 307
128 254 371
89 266 297
52 267 333
98 274 323
78 332 370
104 305 334
443 162 55
470 123 117
445 155 88
384 111 49
436 136 59
412 119 83
429 171 96
457 111 100
423 151 100
456 125 58
416 151 71
474 160 60
428 158 62
397 154 55
410 160 70
402 166 138
379 86 85
476 151 96
471 128 62
390 134 83
383 99 101
420 143 55
469 108 133
463 174 53
408 163 90
450 110 136
409 150 102
429 128 100
398 86 128
427 165 78
395 161 130
392 165 106
389 76 119
427 153 133
465 135 69
425 150 68
479 148 91
444 82 52
435 164 132
405 109 54
423 130 78
404 116 112
399 105 71
415 167 111
407 99 50
410 168 97
410 106 69
456 147 64
391 149 127
463 163 117
422 136 45
467 134 94
464 134 129
425 101 104
421 98 112
412 127 135
464 83 66
407 136 115
425 154 87
410 160 114
466 90 77
387 120 119
393 104 107
460 97 127
408 153 120
442 84 133
405 136 123
454 136 57
379 106 103
458 124 43
434 154 97
405 154 92
396 136 106
415 108 78
419 175 44
471 90 95
454 80 71
462 140 81
449 154 47
437 128 77
21 440 269
74 410 286
112 425 298
26 389 312
108 350 245
112 393 308
26 357 253
24 363 271
117 388 247
74 395 251
21 419 293
41 431 288
62 448 245
54 388 272
48 356 237
119 376 317
75 420 270
79 357 297
87 392 314
88 433 282
119 447 306
30 385 335
65 356 253
92 392 312
32 429 312
54 448 244
96 400 238
68 383 292
97 395 333
102 443 250
80 426 329
56 399 288
71 348 335
43 402 291
68 369 305
113 380 330
49 404 252
83 374 287
36 398 334
58 361 311
97 416 242
47 405 292
110 380 264
78 433 328
97 378 310
42 413 299
113 422 256
107 356 312
87 400 324
77 376 301
33 428 243
83 444 297
44 446 332
88 443 308
39 383 261
92 423 275
55 363 321
99 408 240
103 393 294
26 387 278
104 396 310
73 439 333
105 398 290
82 414 287
73 403 271
98 389 315
83 383 260
50 444 295
105 438 320
20 438 240
58 396 283
67 352 268
35 390 326
30 440 262
37 415 280
24 354 263
85 362 319
41 424 307
91 419 247
105 374 240
457 196 164
461 237 148
519 207 161
518 249 150
500 229 108
502 183 166
472 169 198
453 235 159
458 211 180
498 222 127
542 209 157
540 188 130
466 243 190
514 254 140
531 169 192
516 259 115
477 209 134
479 166 127
487 249 186
482 250 113
453 199 167
469 255 173
475 256 143
476 187 130
504 165 154
458 216 151
517 209 192
472 228 167
490 205 199
464 235 105
516 238 123
504 179 151
485 195 163
463 176 191
549 240 125
495 174 165
531 212 145
482 256 189
515 241 103
455 213 182
542 170 173
459 173 140
475 244 109
499 190 153
545 227 185
522 193 162
536 195 140
476 173 175
545 184 198
453 195 164
506 167 199
456 216 185
473 176 157
460 190 101
461 168 173
464 234 165
508 218 187
467 193 163
478 217 139
466 174 117
472 206 124
477 209 133
496 243 135
467 244 160
511 244 152
457 181 168
517 178 178
515 202 191
484 198 197
497 257 171
462 181 175
506 253 133
530 165 194
535 238 197
478 169 175
470 235 136
524 209 171
470 243 197
539 215 185
495 245 106
543 478 16
479 466 48
467 439 28
493 489 7
515 470 53
534 485 -25
483 481 1
478 478 -17
538 438 24
505 416 -44
485 494 -30
497 503 31
531 512 -17
477 446 15
500 425 -44
464 470 38
518 484 29
472 487 6
507 497 20
533 453 15
504 451 -36
514 477 -12
490 513 -1
453 438 -17
456 419 29
529 420 28
480 443 18
453 440 -22
481 433 19
507 473 9
481 513 -16
538 420 -12
467 457 -45
523 505 13
461 479 23
474 454 -16
463 459 -46
523 473 0
503 442 -14
493 513 0
532 457 13
524 485 49
520 487 -39
499 495 -11
452 483 21
492 420 -23
479 468 27
461 471 2
513 480 -40
483 483 -17
477 456 35
533 454 6
478 478 32
453 455 33
507 503 31
503 469 -39
538 507 15
489 509 -27
454 498 -3
456 424 10
518 452 41
484 475 20
496 442 -7
522 427 7
482 420 46
461 508 -8
454 467 -19
444 425 -2
541 426 52
502 427 2
469 511 -15
451 476 -15
455 455 8
533 452 7
448 512 41
476 443 45
446 480 14
497 461 -5
544 429 30
472 511 29
73 481 220
37 458 251
56 448 256
72 504 277
57 441 228
30 525 216
11 498 246
60 470 234
97 457 284
84 531 218
9 447 231
53 530 289
33 504 213
65 493 255
52 514 204
68 502 223
20 465 230
39 515 297
62 517 291
25 469 289
81 436 221
59 515 219
19 467 261
67 464 229
74 508 257
51 470 243
63 458 293
82 450 250
84 465 255
25 532 269
64 458 246
22 531 291
92 449 276
98 518 280
11 496 226
42 448 208
61 451 287
10 526 281
60 469 271
5 528 297
29 517 205
103 516 245
94 534 288
77 527 292
75 468 274
97 461 282
94 525 266
17 468 220
9 475 239
71 522 289
98 522 294
97 462 243
78 451 231
19 481 230
29 456 243
66 451 291
52 459 297
98 460 211
37 527 222
64 505 228
21 499 285
83 494 218
87 451 239
91 488 266
40 474 299
74 507 210
90 504 234
71 530 207
31 489 281
20 491 213
72 453 264
98 502 232
28 475 210
25 498 300
67 461 257
95 525 297
88 435 248
44 520 261
22 461 258
28 511 289
96 349 450
25 352 418
107 276 493
89 252 432
38 311 489
38 346 479
75 340 479
56 297 416
36 266 476
44 259 497
104 271 470
107 299 489
83 293 447
102 263 482
84 313 409
52 343 468
22 253 468
96 334 474
12 297 430
44 261 465
23 297 466
20 330 445
32 284 409
88 261 457
80 285 415
109 275 467
100 274 483
32 271 451
77 340 464
45 278 420
69 260 489
59 330 487
76 301 458
14 323 501
16 259 436
95 283 473
104 261 413
67 346 435
13 345 480
58 257 470
89 341 429
29 288 457
91 313 481
16 263 496
84 295 428
95 333 488
41 332 491
36 328 493
20 259 403
77 351 485
57 331 467
25 340 458
92 276 443
83 352 414
22 338 431
50 314 446
13 315 417
56 323 502
19 284 481
48 334 484
63 291 450
18 311 486
55 331 407
37 329 477
34 279 404
38 301 420
41 288 465
36 262 425
108 316 410
44 314 491
95 326 414
40 257 491
32 263 422
58 280 452
46 317 436
62 263 456
54 336 446
65 266 477
18 252 466
90 281 408
107 112 346
135 136 318
113 178 299
136 128 314
197 114 289
137 200 321
203 147 324
114 129 322
110 149 334
164 107 326
131 173 281
187 143 343
109 179 270
198 189 337
135 189 298
129 144 247
124 166 262
193 121 293
106 107 346
142 121 283
187 113 280
107 201 300
138 143 294
110 200 322
198 106 287
167 149 314
160 140 343
165 174 343
200 139 247
124 123 340
123 143 321
144 121 277
110 122 297
107 106 325
165 127 291
146 185 274
170 183 321
198 136 316
142 189 294
194 190 275
147 111 317
113 160 272
143 182 275
128 118 331
112 176 334
130 151 280
170 103 318
150 133 258
107 132 253
140 192 265
172 130 330
120 118 261
109 181 331
202 203 310
138 164 296
149 166 329
113 110 266
188 111 311
135 188 260
134 147 312
146 136 346
107 164 346
134 183 316
141 105 247
195 129 307
186 166 277
178 163 335
135 173 338
196 157 283
143 202 336
103 162 312
189 107 250
197 146 340
167 193 247
130 156 346
189 200 339
145 161 322
168 185 313
141 166 345
141 118 347
369 210 287
420 226 289
358 217 295
369 175 281
403 170 293
418 187 293
374 184 246
422 184 279
410 215 291
415 160 207
354 221 236
413 196 274
351 216 221
395 152 300
349 178 223
423 206 221
408 199 227
426 177 211
381 150 270
395 186 285
380 238 228
424 164 266
356 222 234
357 152 215
416 230 279
407 174 239
369 219 255
424 192 284
370 145 276
345 145 277
369 167 300
376 219 280
388 187 231
418 201 213
349 217 289
367 143 252
343 163 257
387 239 282
413 169 205
374 194 267
400 148 259
378 205 220
346 215 212
374 205 297
345 142 202
349 180 279
357 219 204
433 220 282
428 215 228
414 157 282
346 188 204
389 224 228
437 163 258
427 229 227
415 204 256
439 230 258
424 161 260
354 206 297
343 203 259
377 214 276
410 201 232
370 175 227
401 213 218
370 185 245
364 145 264
370 169 234
433 202 284
377 238 288
354 207 277
400 211 251
411 186 297
415 163 208
396 226 290
398 183 204
354 217 229
433 171 272
421 186 269
384 177 268
427 218 287
352 163 270
105 162 105
14 158 94
28 104 73
35 104 27
86 125 83
11 144 87
100 125 29
39 119 68
91 78 51
18 117 74
44 70 94
11 101 106
21 111 114
46 97 108
68 82 73
36 93 78
38 84 92
100 68 126
34 130 115
88 111 32
43 132 72
35 116 71
85 157 30
108 108 90
68 146 119
94 130 72
53 115 68
35 125 96
100 87 115
28 149 116
42 153 111
46 149 105
14 104 61
19 107 65
68 132 117
58 70 77
68 156 59
53 102 98
107 163 52
85 108 124
11 134 74
76 141 120
20 72 111
56 122 71
89 87 108
39 109 93
33 161 92
64 163 60
80 138 42
108 165 121
106 105 109
50 112 127
51 70 122
70 92 33
72 89 65
27 128 48
107 106 119
76 78 118
48 97 114
20 72 79
98 71 82
35 113 39
50 161 98
23 69 115
77 101 122
88 152 93
11 119 70
36 73 50
41 162 91
86 152 49
72 128 64
98 155 79
95 97 95
33 124 110
58 158 107
33 155 51
70 160 94
76 152 99
54 76 78
83 81 29
255 113 65
210 110 53
222 77 16
239 122 26
185 101 41
246 105 25
224 102 -17
185 107 72
218 82 39
231 60 24
203 82 53
216 45 46
196 66 -18
237 121 -24
254 101 4
190 130 60
237 105 45
201 42 -6
177 93 57
223 103 1
250 52 -23
180 117 49
272 75 55
188 104 63
226 83 36
273 45 45
189 50 44
270 86 63
183 109 -8
204 63 -16
269 51 74
198 90 39
268 53 43
233 84 39
190 88 -19
218 62 60
272 137 46
194 78 35
183 121 42
266 129 22
191 59 62
217 63 19
233 87 -11
209 115 34
231 62 54
185 45 4
261 76 32
252 80 21
218 91 -8
272 131 32
217 134 28
176 125 10
274 130 19
242 72 25
220 65 -24
214 92 3
198 112 62
262 128 43
226 124 46
182 84 59
262 64 59
220 73 51
231 88 29
236 68 59
225 52 29
238 82 62
261 89 66
244 54 43
224 125 36
185 89 28
246 69 8
250 62 10
178 72 7
208 136 53
229 137 -25
179 82 -20
232 85 -12
211 72 30
245 126 46
273 131 30
-9 210 25
5 221 15
-2 235 -43
42 242 39
15 219 38
12 217 -13
40 247 -8
-1 247 25
-22 209 -35
36 274 -33
25 234 -38
43 218 -25
-13 259 -16
6 257 -40
5 278 40
29 241 -13
0 235 30
-24 245 9
51 302 -29
66 249 -32
-1 267 27
70 262 52
70 211 -31
-23 231 -38
-21 264 -21
45 265 1
56 211 25
-14 238 -10
63 282 -19
-1 272 -10
1 243 38
-1 209 -32
63 298 -28
17 268 15
-21 292 25
51 276 -35
39 242 -7
15 225 -10
-8 211 -27
23 235 35
1 215 -9
12 264 -40
-13 286 -9
13 248 -45
-15 256 26
25 222 -34
41 254 47
34 298 -23
-13 239 35
56 260 38
27 265 -28
-7 273 -35
69 280 29
34 301 -43
21 302 8
25 223 -26
-26 225 -28
11 250 15
7 304 -34
34 271 46
52 257 -20
16 253 7
34 298 -31
58 222 34
29 285 24
-20 230 -20
-4 301 -30
4 224 26
13 244 28
61 252 -42
71 275 15
73 260 32
-5 272 3
13 215 22
-8 216 -15
43 221 -8
37 223 5
56 298 42
55 234 -46
55 299 -43
-15 235 39
4 221 43
-5 232 96
25 266 100
11 235 15
1 246 1
43 272 1
3 260 85
33 186 94
57 244 7
-1 207 4
10 266 85
25 276 58
4 191 83
45 268 96
-23 215 59
26 238 10
25 195 43
2 280 29
46 226 22
23 235 58
-8 246 16
-9 281 38
29 248 3
20 254 99
-3 224 35
-17 214 96
2 252 96
1 247 73
16 259 74
-32 278 27
51 207 13
30 251 37
-10 194 61
58 278 51
-11 262 76
3 186 100
-30 206 36
51 183 29
-18 277 74
-3 208 99
29 188 30
5 268 24
59 225 41
-25 262 38
37 198 99
-26 191 34
-19 190 75
-26 279 1
62 269 56
22 260 75
16 240 71
27 203 98
7 274 38
38 182 25
16 246 51
23 227 23
26 240 62
-20 208 57
-12 252 44
-31 191 45
-35 220 83
-23 230 59
26 189 4
44 237 30
60 278 23
12 226 94
44 201 91
22 186 63
-25 183 34
19 237 93
-16 207 54
36 268 70
-30 273 24
9 229 65
61 238 48
33 255 52
-28 242 91
26 230 80
16 255 85
225 104 115
225 189 65
229 144 92
227 183 141
219 102 140
232 117 113
246 99 80
279 190 114
208 142 103
198 175 155
217 183 91
192 104 151
228 182 146
241 119 126
260 101 153
226 150 99
202 123 107
243 155 56
267 117 129
186 142 111
227 187 93
251 171 104
257 162 109
224 193 80
223 147 105
266 113 144
230 167 97
229 178 146
237 197 133
246 138 146
202 184 85
254 100 57
268 111 69
224 179 143
195 174 137
255 113 61
226 178 151
191 188 59
199 156 60
270 190 72
224 146 67
276 187 133
243 114 107
202 155 73
230 148 92
209 145 108
222 166 136
227 182 60
241 129 126
196 97 65
259 173 120
265 172 147
206 193 124
253 127 86
251 121 82
205 129 122
248 134 112
264 170 83
249 114 71
278 104 123
271 113 110
186 135 145
234 122 113
180 181 126
258 167 99
199 113 152
192 197 58
263 187 146
180 176 154
233 177 101
274 104 78
277 170 148
263 159 115
263 120 63
180 102 80
185 97 122
182 180 139
221 190 102
232 113 69
186 101 120
13 346 46
11 337 132
-4 382 135
35 406 100
-17 325 102
51 409 98
33 387 116
-26 335 111
65 383 91
38 405 105
-19 376 135
18 342 116
33 387 140
-15 394 55
41 386 139
57 331 60
-27 397 59
38 375 138
25 329 108
31 389 66
59 374 71
-5 393 78
7 344 136
24 382 61
-13 328 76
-6 316 113
33 404 140
-30 322 125
-24 343 72
59 378 71
-24 311 69
11 317 78
18 388 109
6 394 135
-4 360 88
40 326 129
-21 409 133
-19 346 129
42 400 128
27 377 81
-13 338 115
2 384 51
14 374 48
-32 408 106
52 357 77
-18 364 140
-9 385 60
-21 368 85
-8 386 60
47 375 65
-30 374 58
67 404 108
59 318 71
49 312 74
11 330 60
-4 334 98
16 340 81
-31 376 67
17 317 122
2 361 41
6 318 73
64 404 131
61 373 53
9 342 99
-5 339 130
18 367 99
-4 398 101
55 313 82
41 403 87
48 388 101
27 322 119
11 374 133
58 370 114
29 379 116
49 376 46
-9 336 120
-9 345 78
30 336 104
-5 317 110
-29 309 87
366 268 69
439 191 75
445 196 73
419 245 -10
406 209 35
396 194 6
438 235 57
374 262 36
427 277 25
374 277 53
410 271 -16
421 228 56
365 262 1
420 201 20
428 237 -1
438 215 79
372 238 69
424 206 25
376 224 61
360 213 65
361 273 -14
361 234 37
411 249 22
397 256 -8
433 260 19
377 273 59
429 274 -16
444 259 36
417 274 30
394 215 10
434 218 40
405 235 55
359 221 58
446 252 13
416 194 10
433 192 53
423 277 -14
355 287 0
374 261 37
435 235 -15
449 278 64
449 217 21
410 245 26
414 230 14
424 269 -17
356 259 -8
381 266 60
425 285 38
405 220 42
388 203 -3
393 242 3
372 191 23
365 209 50
355 244 79
428 251 68
386 197 54
430 238 63
388 262 -10
435 205 1
360 248 -3
370 213 75
366 211 45
427 237 41
406 255 54
422 226 67
424 198 7
377 279 46
365 227 71
367 195 44
409 237 76
367 260 50
380 285 23
438 271 55
422 242 42
424 273 43
359 206 57
436 218 -16
419 266 51
397 233 38
408 243 18
442 177 302
374 200 279
455 173 356
426 174 279
408 156 284
392 137 259
419 198 281
442 139 292
394 148 270
391 201 270
456 203 340
444 166 283
383 168 268
413 122 341
452 184 283
391 137 333
380 171 342
425 199 285
437 162 328
444 123 266
374 195 347
394 127 351
420 164 305
385 113 313
420 147 273
450 114 311
363 180 314
377 169 327
429 142 277
461 160 312
449 199 263
413 138 321
393 168 310
414 153 262
392 181 342
417 190 342
395 173 279
429 204 344
363 115 308
459 196 257
390 167 281
421 167 303
449 114 296
439 157 297
403 148 276
429 193 311
422 129 257
409 138 349
416 189 312
419 189 314
458 159 335
458 168 354
371 120 354
367 178 340
417 196 306
381 171 352
381 181 278
450 168 332
386 117 323
379 169 257
393 150 346
400 186 342
371 199 337
391 131 268
405 158 316
418 174 283
390 113 256
417 117 287
380 137 279
426 198 296
379 161 270
372 180 337
370 119 283
452 128 287
417 114 273
459 152 258
425 181 351
407 151 274
456 110 355
392 170 264
247 107 175
312 103 193
322 191 168
284 162 163
287 138 169
274 98 226
302 120 153
305 133 209
260 136 194
241 111 227
272 162 162
239 106 191
255 143 222
282 93 143
235 122 195
284 97 214
240 175 197
260 151 206
247 184 197
282 166 157
288 193 199
268 120 170
284 153 173
251 192 170
313 154 147
326 180 164
242 141 152
244 161 235
316 148 145
284 99 189
324 155 231
266 184 206
262 191 171
239 173 147
291 148 189
251 134 184
235 152 157
248 124 157
259 148 210
296 132 162
279 104 191
263 127 189
321 106 181
247 193 227
255 106 211
259 98 159
298 108 185
324 166 149
251 143 201
264 126 158
327 125 221
280 102 212
333 127 207
251 133 149
287 173 138
315 174 158
287 181 179
318 124 138
249 124 146
237 94 197
326 126 137
325 146 219
332 182 203
248 157 190
280 179 170
313 141 200
237 138 232
253 111 180
247 120 162
309 95 195
298 103 156
255 167 180
334 119 142
285 176 180
259 157 220
281 104 157
299 183 180
288 176 226
321 164 212
322 121 138
117 158 184
99 140 247
151 137 172
183 129 169
121 145 190
91 99 230
118 100 220
145 156 176
149 165 259
105 158 168
128 163 204
170 144 223
180 119 225
169 144 198
119 196 201
130 104 211
137 118 233
101 149 173
104 106 217
108 166 238
157 190 187
96 197 243
188 144 184
154 197 201
106 161 257
125 123 159
143 161 176
159 141 256
129 116 173
130 99 204
92 101 246
181 165 183
103 190 224
141 108 172
143 177 233
153 97 206
135 178 179
94 107 247
118 118 215
186 128 219
183 141 167
160 172 202
104 148 244
101 124 189
136 142 257
180 98 242
139 133 246
167 140 190
97 173 249
125 99 167
101 111 240
98 109 170
157 98 235
97 163 204
134 120 159
133 132 221
135 115 223
138 189 167
118 185 162
132 127 223
142 161 259
109 189 177
171 149 160
184 191 237
137 170 253
148 153 216
176 127 192
137 153 228
182 143 187
181 184 233
94 183 238
123 131 160
180 153 245
185 102 227
100 183 182
159 191 217
119 101 166
180 181 175
172 123 227
108 194 234
201 451 95
230 450 79
278 495 21
262 416 75
262 474 19
232 467 58
259 440 29
237 464 26
226 441 38
273 491 34
230 471 17
243 452 84
203 452 83
287 431 96
225 468 58
271 440 36
260 448 57
288 436 94
224 416 5
222 443 95
249 479 80
224 465 22
283 410 21
286 496 56
298 444 35
244 439 76
264 460 33
223 415 75
218 431 -2
275 471 16
230 419 94
277 463 63
255 406 42
291 420 41
203 484 74
260 457 18
226 490 20
213 463 93
272 476 14
292 426 16
252 454 62
233 498 39
229 430 5
229 406 59
217 422 26
295 419 5
241 407 49
230 407 5
283 460 89
208 423 54
207 430 73
246 470 48
254 412 35
199 405 70
226 438 88
229 398 19
287 486 2
273 479 87
202 416 7
253 492 77
215 456 46
275 401 37
239 479 27
263 417 49
291 421 -4
206 424 29
208 467 85
217 489 88
212 488 52
263 423 68
245 464 56
266 464 40
244 450 10
268 443 48
225 495 55
223 463 84
251 437 8
231 458 84
290 492 90
206 429 90
270 432 491
307 351 521
265 345 521
352 368 473
353 425 443
346 349 490
356 435 487
298 435 472
328 401 469
345 377 475
272 387 515
267 360 421
355 410 427
340 392 438
285 390 493
295 390 462
271 386 515
348 414 468
295 437 432
276 389 433
330 437 513
284 384 505
321 426 502
343 340 472
356 378 508
341 376 510
324 407 460
320 374 481
363 358 465
332 401 511
341 368 503
302 361 451
288 341 455
265 382 478
288 353 488
334 353 508
317 340 502
265 411 428
286 439 459
288 359 495
306 392 481
280 398 503
343 419 467
285 368 473
320 398 520
331 341 505
286 410 452
328 371 494
293 356 470
313 439 515
326 400 477
349 366 479
289 429 454
282 377 430
272 339 430
340 430 496
320 380 520
327 346 422
350 375 497
297 367 451
355 356 434
316 382 488
308 406 431
348 385 519
279 439 482
318 407 519
280 378 423
306 423 512
352 373 421
359 405 449
273 348 476
266 407 505
275 431 520
276 395 434
358 351 462
309 343 475
300 397 466
279 421 472
328 380 441
267 421 462
449 133 397
532 145 345
526 150 359
466 66 363
448 135 393
496 88 401
514 85 400
506 147 392
447 126 360
531 103 347
522 161 355
448 114 413
512 70 342
493 82 356
451 99 353
479 74 404
498 124 417
535 145 386
486 131 396
511 99 391
536 124 379
485 119 399
453 98 409
500 78 375
498 95 420
518 130 409
472 92 338
539 73 391
449 157 351
513 139 350
475 81 399
445 79 376
485 108 422
491 142 382
510 100 382
498 91 392
460 113 395
484 151 436
514 152 383
540 113 413
472 132 422
491 122 370
475 148 406
491 68 346
491 93 424
445 118 350
477 115 346
534 151 340
460 113 362
487 145 355
479 131 371
529 73 434
536 95 406
453 162 413
461 157 377
511 122 353
490 166 355
475 67 432
448 153 405
533 113 400
533 163 343
508 154 431
517 106 421
536 72 380
506 92 401
498 93 387
464 68 384
476 85 355
480 102 374
441 163 425
501 91 389
474 100 431
533 126 419
496 74 343
533 155 395
519 78 433
506 110 436
483 134 409
535 77 428
502 150 365
407 292 204
444 283 243
476 317 195
465 291 273
447 287 265
478 284 224
453 350 263
409 312 199
428 321 215
410 349 231
387 319 261
440 300 250
429 290 248
453 373 270
399 297 211
445 349 243
473 319 212
393 339 220
400 310 193
395 335 253
476 342 231
398 332 279
414 346 223
447 299 254
404 376 279
464 364 207
402 325 189
420 281 194
393 320 242
410 322 251
391 297 241
449 302 200
406 327 284
451 360 195
429 352 250
484 371 262
398 292 237
469 317 264
428 336 263
464 329 274
472 353 236
411 294 199
423 350 268
395 307 190
472 369 263
428 354 261
484 323 251
463 328 271
479 344 201
466 303 286
423 358 228
459 364 279
414 290 287
464 367 239
458 295 202
444 309 271
444 351 256
426 346 278
409 306 240
399 360 199
452 289 254
456 290 194
398 350 241
391 362 214
458 377 217
423 297 188
454 284 213
462 361 237
388 279 277
407 338 215
438 360 220
444 293 265
411 374 234
466 317 242
458 285 191
466 335 221
478 359 204
445 293 231
401 319 195
393 345 209
188 360 310
200 403 230
219 388 256
213 371 318
170 340 261
192 346 276
165 369 314
252 418 311
249 357 237
205 356 230
192 410 294
161 360 239
197 401 280
175 428 279
251 429 236
222 399 238
237 419 233
228 418 255
245 426 315
199 434 290
250 392 310
244 363 279
209 338 234
203 373 268
250 380 299
231 372 263
224 408 322
238 408 257
249 434 322
212 400 278
219 393 304
177 355 289
205 395 298
218 399 256
189 433 287
224 426 245
225 413 284
175 354 277
177 398 277
158 430 248
221 369 248
251 378 234
239 386 242
202 430 229
176 413 239
245 355 255
225 396 294
207 336 272
234 348 291
208 427 290
244 418 312
209 432 280
164 349 231
246 414 264
188 386 296
181 421 293
201 420 307
255 399 287
177 362 248
169 435 308
184 348 266
236 337 229
194 382 256
248 411 272
166 400 229
248 366 256
155 390 282
229 347 262
161 376 225
250 353 294
184 351 293
182 377 237
248 432 314
177 367 300
191 391 261
216 359 313
237 381 312
254 352 262
203 403 253
215 388 253
223 316 -21
230 301 -1
211 315 6
226 290 32
246 285 -8
243 309 -20
242 283 -18
227 324 5
181 336 -10
169 348 5
204 329 -25
239 261 49
192 331 44
225 267 -14
163 311 39
185 258 -13
196 250 39
151 297 -40
194 308 -13
157 294 27
172 286 39
213 254 -32
164 343 -49
237 263 -19
216 305 -32
219 249 40
241 320 -11
241 341 -4
215 296 -44
165 268 -37
223 293 -8
212 284 49
189 303 -46
248 328 -42
213 313 36
226 308 24
177 310 43
205 335 -25
178 262 -46
151 297 -14
225 279 -9
248 301 -26
231 347 21
185 301 -19
244 339 49
161 320 5
167 343 34
165 283 -15
215 325 -7
241 299 -2
247 281 -45
199 312 -11
201 323 4
210 271 35
161 330 40
244 309 -5
208 328 -28
238 268 44
200 249 47
175 261 -42
168 273 -40
156 299 9
201 312 -35
151 292 4
178 345 24
221 256 -3
244 336 4
195 277 5
158 275 7
202 296 -30
180 346 18
162 330 12
159 341 42
167 298 -34
242 298 4
162 253 28
175 266 -19
181 336 18
194 249 -9
167 345 -31
1 228 98
-2 237 16
-2 226 36
72 270 53
77 308 14
9 240 22
29 228 65
63 244 90
15 299 33
24 291 47
29 297 14
76 246 99
81 257 57
77 251 12
24 227 19
51 279 65
28 240 26
73 291 69
80 286 57
49 272 10
6 295 73
24 241 27
-6 271 7
-1 244 28
25 309 46
80 273 73
50 235 75
26 277 80
64 212 83
75 273 30
65 227 74
-9 286 96
47 216 87
0 273 21
87 245 85
89 250 71
49 262 19
-9 267 9
80 221 48
-9 267 21
15 225 34
65 271 66
1 235 70
55 225 72
39 310 28
30 214 90
22 215 24
29 231 88
17 262 58
7 307 20
39 253 11
73 296 75
39 289 56
46 252 45
58 262 37
46 260 97
37 254 86
75 268 51
13 238 51
73 216 62
19 215 40
25 284 91
83 215 2
-8 210 66
47 245 22
-7 292 94
-5 265 97
78 222 43
56 210 37
44 266 90
14 297 19
-5 296 91
22 293 90
65 271 15
86 259 10
-8 265 18
-1 308 44
14 240 41
73 218 69
52 216 76
223 449 88
257 473 43
268 517 122
301 455 91
263 461 84
266 486 67
248 531 70
222 451 70
272 469 49
292 508 47
222 503 87
213 467 59
281 496 79
213 527 37
281 547 118
273 489 34
245 521 45
213 497 92
298 474 87
231 470 127
257 461 76
258 501 108
284 544 79
202 538 68
263 518 31
209 498 49
299 459 32
268 462 105
236 528 41
301 478 85
207 497 46
235 535 85
237 468 66
288 491 124
255 501 118
237 506 88
235 476 116
223 533 111
244 500 110
259 451 29
262 512 50
280 489 28
229 461 118
252 511 117
277 508 127
220 472 94
223 496 105
264 522 27
220 501 127
288 458 27
224 472 125
292 523 68
212 531 44
280 465 77
300 471 28
301 484 28
290 478 89
261 478 55
211 485 35
277 535 88
273 460 35
262 545 44
209 510 115
284 528 62
259 476 46
290 505 51
223 476 39
230 535 82
249 503 79
297 450 28
247 506 58
218 545 60
290 521 85
203 469 63
296 486 104
219 519 66
256 518 109
275 465 60
252 505 100
235 510 70
435 8 418
431 48 450
418 4 405
425 9 478
438 -38 481
385 -2 456
373 53 441
391 -6 426
437 27 394
442 40 481
419 -25 414
365 -13 388
416 36 397
434 38 431
444 57 388
404 -38 430
400 -13 470
376 -36 474
384 47 472
389 55 469
360 59 441
367 -31 418
387 26 479
444 -35 385
439 9 450
398 19 464
389 -36 413
357 27 402
363 -6 440
447 60 466
365 -19 399
395 -32 428
442 48 465
395 48 404
428 3 479
382 56 458
444 12 392
385 -30 423
348 28 448
391 -23 456
430 5 438
395 -29 394
392 -4 480
430 19 401
386 15 384
367 23 403
396 19 471
428 -19 431
372 -27 431
437 -20 427
391 5 452
400 0 412
407 -8 419
352 4 456
399 44 422
404 56 480
376 16 408
371 30 413
410 2 419
349 -15 447
388 55 382
431 14 412
355 15 448
365 -38 464
360 15 401
381 34 415
411 27 479
391 51 401
358 11 437
384 44 450
356 60 463
362 2 384
370 49 427
446 58 431
409 4 393
364 21 391
397 15 461
390 -32 446
367 -34 461
421 -13 391
437 300 487
473 362 444
439 320 485
404 374 484
450 294 475
405 359 499
412 343 409
385 358 450
407 315 476
476 287 456
428 338 457
467 362 485
398 353 410
470 377 441
392 316 437
467 386 445
452 334 459
409 373 428
397 362 408
465 385 458
410 327 455
457 345 405
476 362 465
426 322 480
445 367 417
459 298 445
472 305 459
407 297 486
457 378 401
469 364 485
481 350 444
413 349 425
449 372 500
464 374 406
433 299 411
387 317 496
417 341 432
466 361 453
467 378 401
471 302 485
475 325 439
416 319 402
479 300 489
466 331 495
407 326 424
478 342 485
457 370 475
396 331 435
453 342 408
404 372 477
387 358 451
422 293 431
420 349 401
408 291 430
429 340 451
420 330 449
411 366 443
420 326 487
432 321 446
391 351 429
445 303 455
425 344 472
456 286 433
435 296 490
410 319 459
384 331 479
447 340 455
449 384 452
428 348 483
407 291 403
437 311 488
472 380 467
396 373 480
428 350 412
401 359 435
427 350 447
422 316 425
451 373 445
441 379 464
424 372 479
63 212 250
121 285 221
46 292 282
66 233 243
135 254 282
128 238 241
81 223 287
90 233 203
88 279 226
138 270 222
109 201 235
126 227 223
133 225 261
49 222 238
140 290 235
72 300 252
110 200 297
125 256 202
88 240 251
92 274 224
114 261 232
54 248 237
82 255 243
60 290 246
70 239 297
142 297 258
45 220 218
99 270 202
129 218 206
62 268 234
96 274 211
104 224 258
79 208 225
102 206 297
56 265 202
140 225 225
129 242 230
135 274 263
73 200 221
88 284 297
124 261 202
86 213 286
106 255 235
70 231 261
115 234 212
103 247 250
64 208 240
75 268 252
137 217 255
53 219 280
67 250 219
109 254 223
79 208 207
45 232 254
133 277 238
106 212 257
107 277 244
135 232 262
96 218 215
97 278 259
78 265 208
117 292 268
61 203 222
117 262 291
110 283 209
98 206 298
105 288 252
88 260 252
133 264 233
55 203 252
139 291 261
128 291 218
48 225 260
79 209 236
55 252 247
71 221 210
57 251 219
67 240 281
93 295 243
143 253 257
-24 80 47
5 82 63
43 89 64
47 134 17
-26 130 29
38 123 -1
-10 123 -20
-38 63 3
-10 61 20
1 132 -32
48 80 5
12 73 36
17 45 -31
59 93 -16
-28 134 61
32 95 -34
31 51 4
-17 80 25
-16 35 5
35 95 -7
50 116 48
47 78 -20
-29 86 53
37 110 44
-18 123 37
-11 117 37
2 109 52
7 89 -6
-13 38 27
-19 107 -14
40 129 47
49 43 34
32 70 4
42 120 26
4 89 31
16 70 28
42 110 45
-20 47 1
-38 34 -9
13 60 8
38 76 34
31 128 25
7 117 8
19 70 -22
-2 106 27
-15 70 -23
46 128 49
35 71 -1
21 81 0
-27 54 14
46 126 55
42 41 40
-40 127 63
37 103 24
4 134 -1
12 44 61
-7 92 43
-11 59 20
16 82 52
9 123 -25
49 63 50
-41 82 -12
22 64 13
-20 41 -24
47 126 -8
3 48 9
-40 61 36
28 72 33
-27 98 -5
52 81 50
44 54 41
53 58 7
-35 120 46
-35 123 26
8 94 34
16 124 37
2 93 13
-41 131 -32
23 113 39
6 108 2
374 322 321
367 278 303
350 308 371
297 294 346
366 285 349
283 341 318
370 291 367
289 318 302
325 312 301
276 263 341
366 334 394
280 328 370
279 265 335
283 294 330
286 281 346
352 296 395
373 326 359
297 318 374
333 312 322
339 316 306
328 262 350
345 263 367
359 325 351
307 262 385
354 324 360
309 336 321
327 326 297
354 322 346
276 262 345
345 340 303
293 353 333
365 289 313
366 260 382
326 276 318
367 268 306
281 281 317
312 283 389
285 264 361
338 295 378
345 309 322
351 328 375
298 351 390
305 261 308
281 324 357
324 355 313
341 321 385
348 284 357
305 284 296
281 276 298
282 336 337
312 319 299
362 275 387
311 267 313
334 301 317
298 355 333
318 308 317
371 261 384
363 306 341
371 270 320
322 280 317
326 268 306
317 311 391
360 332 388
361 344 355
366 261 387
330 302 364
334 256 319
329 284 360
355 342 376
287 267 382
292 287 311
324 291 315
321 302 377
326 266 370
375 333 384
368 307 317
321 341 366
346 277 341
280 339 382
309 300 333
65 37 182
134 34 172
90 18 179
118 5 219
92 71 172
87 4 176
109 12 239
133 43 243
141 38 182
74 -4 215
120 75 253
115 39 237
136 -1 183
131 56 216
130 50 234
118 15 243
152 1 257
87 51 224
140 75 243
150 2 184
95 8 205
102 -14 254
68 28 188
123 16 179
140 60 221
107 40 198
122 24 227
66 73 213
137 18 216
139 19 189
138 28 185
130 21 250
89 58 224
68 -14 206
139 76 174
101 57 224
131 20 202
61 -11 201
90 -11 225
108 17 180
136 59 232
85 -5 193
79 -15 209
98 72 244
108 37 239
133 37 259
103 0 206
105 26 199
110 13 183
114 23 263
134 48 225
127 29 210
109 68 185
108 13 217
127 82 260
67 67 220
98 -8 201
143 46 201
106 76 189
60 55 261
124 -4 196
151 14 205
151 64 218
109 72 216
75 -9 231
127 46 248
138 58 270
54 12 174
84 63 203
129 73 241
108 65 194
67 5 262
105 22 249
89 40 195
72 62 217
56 77 254
134 59 224
111 37 205
144 21 186
133 31 177
333 188 9
315 231 29
332 228 58
332 259 45
364 264 -27
333 232 -4
343 266 51
347 188 66
333 286 66
346 227 -10
339 274 -12
308 196 51
377 255 -30
380 210 -5
360 250 68
344 230 11
333 262 -15
310 264 16
349 285 55
396 257 -14
388 264 59
386 222 2
335 256 -24
374 256 -10
365 191 -32
313 234 22
346 193 19
318 262 21
378 230 4
344 261 -17
320 225 -24
374 229 0
311 239 47
375 224 49
356 221 30
383 247 63
368 245 44
297 240 -32
307 256 -13
319 258 -12
321 234 -23
328 213 45
392 274 -15
382 247 12
317 219 -26
312 229 -12
394 269 15
329 191 12
336 199 22
362 219 -23
321 255 -15
304 221 -14
322 239 65
385 272 15
370 236 44
361 285 4
316 224 27
362 244 34
345 204 2
367 236 1
342 200 46
364 268 18
300 263 -1
361 278 43
365 189 38
394 241 -27
299 208 54
345 262 58
347 216 57
384 250 -4
337 257 23
360 230 23
333 192 42
373 231 5
338 229 46
360 231 39
362 219 2
341 202 -29
303 215 -14
378 219 -30
130 477 259
137 516 235
203 447 283
185 452 272
194 504 271
166 431 235
197 516 239
137 468 287
121 457 230
149 477 227
116 515 266
181 509 236
144 453 242
159 507 319
160 478 285
167 469 233
198 501 305
179 445 261
190 448 247
199 458 304
126 470 245
121 438 251
199 529 227
114 491 317
131 454 235
173 441 268
136 431 227
202 491 316
106 464 261
132 499 275
131 447 317
159 505 300
169 517 300
196 448 302
113 476 288
151 438 314
107 527 296
168 463 253
115 459 290
202 502 297
135 465 233
157 514 230
191 493 295
109 510 294
134 478 300
192 474 267
172 452 313
115 431 278
196 452 300
144 467 298
185 438 234
145 480 241
143 450 269
196 460 283
181 518 319
159 440 312
111 470 252
147 436 319
168 496 320
127 492 274
180 464 304
146 461 253
111 508 250
151 484 291
137 523 234
130 455 272
128 481 300
118 501 262
191 510 254
195 508 264
162 519 284
160 456 320
144 479 254
139 433 246
143 519 310
190 522 288
196 496 313
121 439 290
181 448 315
120 496 236
391 367 272
383 347 219
365 393 237
364 402 284
334 383 290
428 417 289
370 427 199
386 362 238
425 339 286
361 360 223
378 397 224
370 409 251
373 389 291
402 406 201
344 345 212
340 361 223
395 361 242
402 423 297
367 423 243
345 337 214
350 432 237
344 378 204
396 359 220
370 369 268
359 372 202
385 386 281
351 367 229
349 337 245
402 346 233
397 398 219
392 425 271
380 422 237
384 414 256
355 379 287
405 436 297
427 350 210
429 380 293
357 423 268
334 409 254
379 433 293
424 348 237
403 418 198
386 434 262
359 421 245
432 413 203
409 434 204
346 403 229
353 423 199
342 343 252
420 395 259
410 430 296
393 361 239
414 373 198
424 366 214
424 358 208
370 423 289
341 378 218
346 409 223
422 391 211
430 354 246
425 416 265
334 380 266
401 370 282
385 396 229
347 421 286
418 359 208
381 369 293
421 427 294
386 395 292
373 431 210
351 418 260
386 354 273
399 415 262
417 374 271
338 371 293
428 357 280
344 381 296
392 393 294
423 385 255
359 337 210
149 70 -31
233 3 2
239 48 -23
188 55 21
232 -14 -1
180 68 32
151 53 -19
227 29 -15
192 5 21
206 4 -12
184 58 -17
227 51 41
167 7 64
246 66 42
178 -1 32
151 15 -31
199 -22 -32
158 69 2
223 9 20
241 41 39
163 -6 30
227 47 21
197 39 39
156 24 41
215 44 -4
207 73 -20
202 9 -9
248 57 3
160 14 -31
214 -7 61
229 -12 50
218 -24 53
177 27 -17
181 27 -20
187 -23 -25
207 -22 25
212 27 14
208 24 7
208 15 33
199 12 18
179 63 59
175 29 32
241 43 58
205 74 -31
182 53 -28
160 57 52
247 -9 40
193 1 44
241 55 -24
195 -22 39
154 19 65
232 70 -2
187 37 -5
175 24 34
201 -18 -8
209 49 -13
159 37 2
184 -10 10
225 -19 -1
215 -8 5
199 70 -2
246 9 34
187 2 61
226 -3 47
168 35 53
214 11 -12
151 40 35
158 -14 46
168 -14 -16
230 26 -26
178 69 -21
216 57 9
212 68 54
234 60 9
157 -16 -13
199 70 25
232 58 -11
158 71 56
217 72 -17
171 50 51
451 344 261
385 375 259
425 390 257
412 314 212
385 367 219
455 311 184
446 300 245
399 332 222
419 334 166
415 294 161
418 373 232
469 329 185
468 369 255
447 381 223
453 298 171
443 320 183
380 374 194
395 376 237
449 315 167
418 345 182
466 344 181
463 337 237
464 365 258
451 388 194
455 384 256
378 338 178
430 388 217
405 340 225
402 342 167
460 391 235
377 325 215
442 348 228
464 307 205
428 331 250
384 351 168
458 375 187
419 377 217
408 317 247
467 360 233
456 352 246
398 372 213
376 390 167
391 382 170
443 305 198
423 339 166
372 301 183
415 382 259
427 328 219
405 343 213
465 370 226
411 384 214
415 334 202
406 330 224
431 367 229
436 360 173
374 382 213
412 331 175
467 369 246
426 390 216
410 324 231
376 366 248
395 393 192
465 333 195
450 383 231
380 380 259
405 296 250
452 358 248
422 300 222
431 357 251
441 349 212
450 380 212
417 382 222
393 303 252
386 332 231
445 340 166
467 344 206
386 379 238
391 307 227
430 393 180
396 308 163
147 92 17
151 154 76
146 159 51
156 82 -4
132 100 81
127 75 39
183 119 -6
156 170 57
204 119 55
199 79 -4
157 99 69
140 147 9
204 123 56
115 150 66
138 105 43
120 80 74
161 86 6
187 108 41
207 140 54
150 126 28
205 159 -10
193 156 64
173 119 16
199 106 -12
128 83 -15
167 139 73
157 122 74
157 143 -8
203 121 7
141 105 -6
158 125 23
143 148 -6
187 127 -4
196 119 11
160 107 11
119 129 51
162 126 -7
213 108 0
130 121 15
165 161 63
160 111 19
150 123 25
168 158 27
120 87 34
164 172 64
210 77 33
176 99 -15
113 80 26
181 108 23
181 132 65
138 118 7
178 93 6
209 101 74
197 174 72
174 98 21
146 112 46
151 169 59
204 112 82
171 153 13
175 151 35
120 120 32
141 142 70
151 146 76
189 83 14
204 133 74
172 109 6
176 154 76
196 80 71
160 124 61
176 81 -10
153 113 12
200 163 -9
142 174 -6
123 164 -10
192 143 -10
177 82 -1
162 128 68
128 158 4
117 84 20
137 93 39
387 98 292
411 157 277
359 92 304
371 99 318
354 63 277
405 134 270
416 90 304
388 87 352
346 98 308
400 100 298
372 137 269
395 85 268
421 128 326
353 141 256
397 97 256
437 121 269
411 131 338
363 132 264
381 78 264
417 111 265
401 96 268
400 161 284
407 66 326
371 129 301
369 115 321
390 122 289
341 125 267
440 68 282
428 87 331
355 97 255
398 145 343
404 109 321
411 104 264
343 65 255
353 153 334
424 77 305
414 121 288
370 158 323
429 138 275
378 151 315
345 77 308
360 99 324
394 110 266
384 160 268
406 119 329
425 65 275
431 108 330
423 84 277
352 87 302
417 79 284
362 110 265
375 69 260
402 109 257
399 146 256
355 120 349
384 137 280
351 145 256
381 122 330
352 131 291
352 107 269
418 150 256
426 103 278
372 103 296
370 98 327
403 122 281
375 90 349
433 74 313
429 111 304
405 83 296
386 79 281
371 153 335
342 156 298
438 116 318
348 105 331
341 64 322
383 113 341
428 67 332
345 162 276
344 87 310
392 121 318
188 79 111
159 82 54
153 78 107
113 131 124
166 135 43
167 156 90
103 80 52
149 108 70
93 130 107
128 78 76
185 90 39
122 102 44
98 113 38
182 153 69
132 65 95
191 131 87
151 93 95
190 87 43
171 127 130
183 57 38
179 146 79
136 80 133
156 155 74
137 71 80
158 119 90
151 101 83
113 138 109
170 69 75
186 110 116
111 146 95
183 69 54
157 131 82
155 155 44
134 75 117
92 101 130
117 89 101
167 155 133
95 73 121
109 148 128
185 70 52
177 99 135
123 147 77
140 144 106
134 74 94
181 84 61
93 120 46
146 116 96
179 121 116
182 120 92
181 75 109
111 57 68
158 152 115
176 69 107
111 153 70
105 61 70
189 157 125
96 122 95
165 59 112
159 129 84
163 108 126
127 84 60
119 88 71
191 76 47
164 112 47
100 66 43
111 154 38
108 66 55
151 100 106
100 75 123
120 127 68
187 104 97
164 139 132
172 106 98
145 69 118
188 126 82
92 144 84
150 125 130
136 110 110
133 75 44
119 137 134
87 175 234
92 219 243
117 218 205
149 170 165
70 194 212
153 170 173
151 185 186
107 197 182
143 135 152
123 225 220
78 186 148
113 222 224
126 169 193
154 189 184
119 171 223
65 142 218
101 193 157
105 230 166
76 230 201
122 166 248
97 139 228
149 219 228
113 228 179
160 190 158
111 203 172
108 228 190
82 141 203
142 177 231
122 226 220
131 207 160
90 160 157
69 179 199
164 234 178
142 143 161
146 155 173
116 194 231
152 207 216
72 158 213
101 205 226
98 207 227
153 166 182
114 233 221
105 211 241
91 202 172
116 184 232
124 215 162
89 137 188
142 152 234
135 191 226
129 205 231
115 214 148
143 175 181
155 225 247
149 233 219
76 189 183
136 149 235
136 156 175
141 178 180
162 144 174
153 137 176
90 198 217
134 197 190
88 209 155
82 152 192
72 221 165
95 220 171
102 143 188
161 222 202
143 215 202
158 214 187
144 147 226
103 154 193
106 229 151
117 141 238
100 232 187
134 224 189
165 143 167
72 186 164
134 151 207
148 200 238
322 515 479
303 419 449
255 446 521
344 518 448
292 447 529
251 501 481
339 478 480
288 424 467
283 458 482
281 443 465
255 497 510
306 442 534
306 509 535
297 462 511
300 485 443
346 502 458
338 500 506
281 445 524
298 435 456
249 515 448
338 511 515
274 475 464
331 467 436
261 432 528
272 496 486
268 513 499
254 446 450
322 511 478
256 515 520
342 507 449
271 503 461
343 518 506
313 508 498
252 459 472
308 462 441
344 493 448
269 432 507
317 471 489
344 435 502
337 454 527
331 454 505
260 433 497
313 508 492
327 464 505
263 502 505
330 498 493
255 511 444
293 450 438
263 448 448
264 429 512
332 518 528
335 435 472
274 466 528
338 505 473
304 472 482
323 430 468
263 470 492
324 447 480
309 424 507
292 425 507
310 460 475
313 437 521
310 518 457
305 428 484
286 505 463
316 474 450
287 475 516
289 468 450
312 494 533
342 436 448
336 467 535
277 455 502
345 458 439
347 469 464
330 485 472
317 484 474
292 430 495
334 515 475
298 480 521
285 469 469
308 42 34
315 71 115
316 80 62
368 90 111
347 126 115
317 29 107
283 90 48
351 85 99
357 90 75
314 119 112
297 32 84
311 34 77
373 98 52
290 110 98
341 119 115
336 127 72
360 34 61
360 59 90
308 34 71
310 65 30
327 83 75
345 29 82
347 41 81
301 121 65
373 120 74
347 73 44
328 29 107
343 30 60
357 96 95
368 119 91
363 93 36
278 110 81
374 118 71
342 125 57
279 121 40
355 52 43
303 59 126
317 98 66
352 34 30
316 37 32
364 93 63
326 95 114
331 41 88
293 63 58
342 103 78
319 63 117
371 78 88
313 73 126
323 41 83
296 36 111
354 63 118
321 84 90
367 129 79
319 93 113
361 110 99
281 107 53
366 109 88
346 50 90
325 129 101
360 97 32
293 70 75
304 117 92
363 63 47
291 84 108
282 81 82
360 36 31
360 38 63
318 44 106
296 30 96
309 108 37
276 50 103
368 65 104
302 39 43
345 104 61
293 118 115
321 89 57
284 109 129
373 104 87
356 97 67
362 72 48
231 67 421
306 14 437
307 53 475
308 12 474
261 82 412
261 68 477
264 49 411
233 74 463
227 71 478
243 71 484
242 -4 451
269 -7 488
219 43 430
301 43 482
226 -2 416
220 56 458
240 16 467
243 65 499
271 11 412
268 2 477
309 86 453
233 87 403
317 10 448
288 57 463
237 7 493
269 50 428
239 77 457
295 29 412
273 19 457
281 49 445
295 53 437
250 74 480
295 65 467
295 92 409
312 -6 469
228 57 458
268 71 474
296 0 445
281 47 483
253 -3 464
254 86 407
251 30 475
246 89 403
299 85 456
298 14 487
237 38 422
247 32 442
308 47 404
310 78 497
273 54 446
314 22 415
314 49 450
308 19 457
273 -4 486
287 62 494
218 -5 430
305 73 411
317 26 446
236 38 435
257 43 433
293 29 432
229 1 477
232 34 469
296 4 413
311 30 416
248 90 468
240 74 423
282 27 447
243 21 431
280 43 487
275 83 487
299 7 488
268 20 467
299 14 417
263 33 403
258 -3 402
224 83 412
253 42 499
252 2 415
246 67 460
98 153 82
15 222 26
1 205 13
5 225 104
14 164 105
57 202 44
67 146 62
44 224 96
60 144 31
71 136 81
11 153 90
17 158 68
67 183 15
60 138 77
12 141 42
74 152 82
13 137 106
96 209 33
78 185 7
67 132 75
7 169 86
3 175 27
39 200 9
82 168 30
6 154 85
17 202 90
41 128 60
40 167 71
22 187 28
29 195 23
97 191 31
66 174 8
50 168 28
5 223 69
20 133 57
-1 153 78
32 167 86
18 138 103
5 166 93
89 160 42
69 190 44
93 195 24
73 164 15
46 148 87
48 226 28
43 159 60
28 190 9
79 171 62
19 160 62
76 131 64
91 167 61
78 206 21
23 221 70
85 163 74
5 225 25
9 162 23
63 201 68
50 163 39
22 137 97
18 199 93
90 130 78
39 211 38
58 155 43
97 190 61
18 165 11
5 142 31
38 169 72
36 145 56
71 139 31
12 212 35
32 204 63
36 150 31
64 207 32
94 193 39
7 149 64
42 171 19
58 150 37
43 202 46
20 163 52
20 226 35
57 353 427
22 348 397
17 353 448
15 421 434
64 422 414
56 338 369
4 424 375
90 405 433
27 363 369
77 412 393
21 371 406
9 340 403
87 348 359
74 355 438
76 418 363
53 360 379
23 419 433
42 366 450
64 423 416
40 367 405
6 371 387
104 354 388
49 396 360
5 379 377
89 416 398
70 375 371
26 351 437
47 411 425
81 375 363
8 381 422
52 397 424
52 368 366
70 362 422
65 388 415
61 434 366
19 412 453
45 430 370
45 347 368
13 364 395
42 380 422
78 351 407
98 375 448
71 338 445
104 368 362
78 397 445
33 435 449
58 367 442
78 349 448
42 341 393
61 434 421
85 358 442
98 342 412
89 381 449
93 369 425
49 386 363
45 342 381
36 397 455
96 393 405
63 411 429
13 384 411
20 337 387
77 436 363
48 399 450
20 423 427
94 346 423
48 367 452
67 373 452
37 356 444
102 358 406
44 431 443
65 427 398
98 412 450
103 404 368
34 373 406
84 415 379
12 361 412
103 395 366
49 377 389
90 343 375
66 349 420
108 41 121
89 77 58
57 73 111
95 59 106
36 40 87
92 47 116
92 95 60
38 64 90
63 24 45
98 101 59
47 88 72
21 81 65
65 61 116
18 100 121
29 98 123
60 47 115
94 31 124
110 98 74
43 89 121
105 34 35
58 52 30
67 9 110
103 42 71
100 104 117
93 102 96
28 13 44
55 81 62
90 16 64
41 75 53
74 40 113
95 96 116
70 94 55
93 83 40
23 55 105
30 83 32
80 89 86
24 105 101
64 40 42
70 93 33
27 79 112
68 99 95
58 51 105
107 22 121
24 35 106
54 57 90
33 47 31
32 76 95
28 20 38
12 21 111
105 85 60
94 13 39
50 14 93
88 78 113
50 33 85
43 43 77
71 23 112
36 52 44
93 89 84
17 88 36
87 35 42
75 7 55
60 101 34
24 26 119
103 27 62
41 59 47
73 90 38
99 50 115
71 18 109
26 30 89
26 78 100
26 39 67
85 96 32
81 48 37
35 9 48
70 19 116
36 38 112
85 72 40
52 41 84
56 71 105
30 41 70
183 448 219
206 443 177
203 515 145
195 437 137
227 438 204
148 420 133
169 459 137
214 473 211
245 420 224
159 468 136
227 498 140
154 484 152
233 421 208
241 462 213
212 449 160
147 479 216
217 482 216
189 502 136
210 425 204
168 502 153
185 477 200
154 502 204
177 425 149
158 444 217
245 447 136
203 429 201
194 426 209
208 431 226
169 434 157
220 484 223
209 502 185
210 426 221
159 510 188
179 427 144
228 416 204
174 458 143
159 478 160
148 512 146
244 515 162
186 472 150
168 505 198
231 491 162
198 452 153
181 458 152
225 500 190
150 477 201
217 436 177
221 457 158
206 470 169
234 445 135
150 504 224
160 431 223
197 502 199
241 455 154
165 473 206
172 495 136
209 471 230
210 478 146
150 459 230
240 514 142
240 501 146
223 484 188
191 418 137
202 434 227
190 481 187
149 431 154
205 457 140
203 515 225
243 474 224
179 459 139
201 487 164
244 486 205
173 447 226
164 449 167
223 483 226
182 444 136
197 423 168
246 426 142
245 486 177
228 467 180
399 152 191
382 131 174
421 101 208
386 185 210
379 145 144
357 150 193
424 118 174
371 102 134
353 107 149
423 127 224
387 103 136
431 113 137
380 101 202
403 141 189
365 190 199
394 139 158
439 148 138
376 138 225
396 168 180
410 119 169
399 139 227
433 185 157
358 143 189
401 151 204
410 126 176
426 105 155
394 101 161
427 114 169
369 143 225
367 174 206
343 118 208
378 141 145
406 174 198
361 102 175
371 181 188
406 187 227
392 175 172
372 157 165
346 188 136
345 165 138
354 114 187
421 172 228
431 166 198
361 159 190
388 144 146
439 134 151
380 182 209
354 164 175
399 159 196
376 132 145
378 153 213
395 126 226
419 93 189
404 98 166
377 101 132
370 100 135
349 171 152
430 133 137
366 180 179
358 123 134
406 139 173
396 147 131
383 112 226
370 109 197
425 163 182
367 150 140
382 173 210
438 99 138
409 174 203
423 192 155
388 93 147
387 134 226
395 95 194
386 176 181
344 169 194
397 132 153
371 130 165
436 173 173
398 94 204
391 156 181
122 453 287
171 441 340
165 461 310
132 502 320
101 455 349
184 541 295
148 480 344
184 471 279
145 506 323
153 463 304
170 447 339
115 479 299
135 534 357
196 464 262
115 467 311
130 455 291
182 537 309
101 442 267
123 534 343
184 459 307
186 541 311
178 498 335
139 529 281
104 472 308
106 486 341
127 460 342
158 442 274
172 469 295
159 463 323
173 447 276
151 476 257
116 484 309
105 475 330
177 518 301
188 488 320
149 502 289
167 525 328
139 471 331
124 521 317
183 463 280
135 521 265
141 453 326
117 494 341
162 441 286
165 539 337
132 492 294
174 455 355
142 472 323
149 485 347
180 532 330
140 520 331
134 485 275
128 443 299
142 488 280
116 489 282
199 459 330
150 516 286
141 480 303
125 486 326
146 537 354
100 468 325
139 485 310
189 443 344
142 504 262
113 518 268
123 538 284
154 461 268
120 504 292
158 503 270
140 492 322
185 530 295
167 501 344
187 525 281
155 473 267
99 458 299
136 448 351
146 450 308
192 461 316
178 470 304
164 517 287
285 421 194
227 482 158
267 448 141
250 462 139
264 487 202
272 441 213
264 434 133
205 404 144
250 454 164
285 483 193
280 444 167
246 398 161
273 462 131
276 473 221
191 463 161
267 401 144
201 416 174
193 432 203
269 461 149
228 453 173
286 481 148
212 431 223
265 428 189
262 420 211
244 459 206
255 475 218
191 422 204
230 468 224
206 414 197
206 439 135
200 401 188
274 453 222
214 403 182
202 445 152
223 414 177
191 408 185
252 446 221
229 458 159
191 427 172
215 450 222
251 480 174
225 452 178
275 420 198
211 431 169
246 434 144
214 432 160
245 488 185
281 429 164
249 398 180
282 453 165
194 477 170
228 494 184
221 462 193
244 397 223
217 401 162
291 469 166
232 438 208
247 428 187
291 458 158
261 449 125
272 401 146
196 478 129
286 417 167
227 456 161
235 481 221
271 462 183
262 430 178
257 478 216
288 423 124
290 455 218
199 472 216
271 465 171
210 420 208
230 411 155
199 427 202
192 471 155
203 430 214
286 443 194
274 402 199
210 426 168
523 432 126
524 437 163
501 380 158
541 379 172
527 394 208
504 438 190
499 391 185
494 432 193
496 417 157
499 357 168
536 356 202
511 361 208
533 439 211
492 362 205
450 381 207
545 398 187
449 405 204
471 372 220
486 405 189
523 421 226
485 389 149
527 389 206
488 377 170
450 371 156
457 352 156
490 353 170
540 415 213
467 420 170
523 400 221
526 402 127
448 394 170
469 422 218
544 432 142
530 441 223
478 420 189
445 424 183
474 440 126
545 367 144
518 410 203
453 346 198
508 410 212
474 370 180
532 440 126
494 387 222
513 378 129
534 414 216
539 423 136
504 354 207
484 361 154
451 352 149
532 430 189
499 382 216
544 382 169
534 426 162
515 426 135
526 347 155
509 399 175
515 441 127
478 420 186
470 435 157
532 353 212
482 395 199
482 357 171
493 413 128
498 439 165
463 417 207
534 346 163
476 423 153
520 382 173
543 433 225
496 424 167
545 348 137
537 358 211
461 388 153
527 442 159
477 424 215
486 349 138
477 366 210
455 406 176
515 392 206
