263 461 253
243 504 251
235 425 195
291 481 216
261 487 217
268 501 263
245 446 222
249 420 218
249 443 209
306 422 184
257 508 178
255 435 172
267 498 233
232 496 264
259 483 181
224 463 204
314 429 245
281 509 184
258 444 238
295 491 238
248 485 173
274 476 206
262 426 208
221 504 235
227 426 247
274 431 250
284 498 181
283 435 172
260 500 257
307 433 266
238 496 234
216 472 178
242 417 204
244 497 231
258 485 224
219 470 237
276 453 252
254 468 261
304 448 176
300 479 230
-10 387 180
-19 289 209
54 364 204
58 359 138
39 382 165
5 384 146
14 363 163
73 375 221
44 315 224
38 366 175
2 385 198
10 297 191
22 328 231
19 308 173
0 377 225
46 378 140
28 333 227
6 335 199
-13 348 213
-5 325 216
-13 295 210
73 384 198
20 303 229
37 363 166
24 344 217
68 386 179
79 372 162
38 357 205
63 304 163
37 305 137
-16 319 192
8 314 155
30 331 226
33 294 169
60 298 199
-10 338 154
45 325 150
-12 331 186
-16 316 156
22 349 179
67 269 266
33 282 345
20 290 296
16 272 258
-3 288 272
-26 259 319
64 268 314
-12 295 327
8 274 322
45 258 272
-6 301 273
26 282 295
1 258 284
66 223 320
17 264 341
-30 294 340
43 248 253
58 308 253
-6 218 271
-31 279 342
-6 280 282
26 227 268
41 236 327
26 268 276
66 303 300
24 310 309
31 283 260
57 274 292
-21 255 265
23 261 344
2 252 267
50 299 296
32 292 323
16 211 286
-14 253 282
66 279 333
45 254 260
13 301 292
49 213 281
-31 300 285
186 83 409
141 97 400
197 68 350
226 27 379
155 79 346
210 83 359
199 102 313
187 53 363
157 101 392
130 82 375
155 35 350
144 50 404
159 35 350
176 106 344
134 36 333
172 30 372
207 13 354
170 49 389
208 36 402
223 111 360
192 81 333
207 70 325
147 47 361
171 52 354
207 23 395
197 35 348
224 38 316
183 18 327
174 63 370
183 101 364
217 20 393
225 43 331
181 15 405
170 44 350
167 107 386
226 93 336
220 103 389
166 82 357
187 51 319
135 71 384
427 452 323
467 489 409
470 492 374
452 519 373
445 479 329
430 436 406
450 438 321
499 451 342
418 440 341
498 435 310
477 478 320
485 433 323
486 510 368
421 457 364
484 447 371
404 473 349
420 498 326
449 530 312
449 461 350
445 492 339
454 442 327
498 532 409
425 450 328
469 531 372
406 485 378
440 517 395
466 449 355
415 524 334
430 532 341
416 492 393
423 497 313
429 456 331
426 484 404
497 524 406
422 519 369
419 528 340
500 486 405
471 529 350
408 438 315
465 508 358
285 301 306
328 363 304
275 306 308
327 369 369
236 353 369
255 295 382
254 381 344
253 359 348
292 319 335
314 333 328
239 370 325
305 295 309
237 352 319
251 337 343
273 354 314
316 333 364
259 307 333
280 305 322
282 324 365
253 304 342
289 283 321
329 292 351
276 322 336
318 363 400
330 296 329
268 294 376
320 312 315
320 288 301
324 337 368
236 381 318
281 342 389
278 350 391
295 332 331
325 332 351
327 293 310
294 356 321
265 324 309
290 316 315
270 310 333
315 374 384
83 230 454
109 190 450
145 199 410
92 226 409
94 231 452
142 206 434
111 247 501
124 182 435
68 267 431
98 210 411
56 185 452
96 267 444
50 208 439
58 238 426
69 261 479
121 221 467
133 226 425
47 252 455
104 181 461
47 173 477
100 219 418
75 261 428
141 251 485
48 187 488
53 238 458
57 187 459
47 183 442
144 233 452
112 237 408
146 226 433
46 240 473
80 170 421
87 236 460
91 183 451
55 233 454
124 229 495
98 179 492
116 202 493
137 212 422
72 229 421
385 171 158
450 136 89
401 195 171
431 159 172
417 183 180
453 209 151
458 194 91
462 199 155
455 162 112
453 136 135
458 203 131
450 197 139
458 129 125
449 128 153
466 221 123
397 144 168
440 170 164
458 135 92
390 159 156
469 204 90
395 193 169
407 147 97
395 161 180
444 132 175
406 154 99
451 164 96
460 133 105
441 144 117
390 218 133
449 152 99
386 153 163
471 214 124
375 190 106
461 138 108
371 150 145
373 220 164
391 189 181
387 165 107
409 191 101
379 127 155
441 -10 384
420 0 389
464 25 439
471 -36 451
485 -22 427
430 -40 473
425 26 432
469 -46 418
399 -46 422
480 -19 423
474 -9 416
407 11 424
408 25 419
403 -28 425
403 -19 417
473 -40 470
455 10 401
472 10 403
465 44 477
411 34 464
472 -28 473
403 -25 412
489 -5 424
441 -17 469
473 29 415
417 18 403
446 1 384
464 35 467
412 23 415
484 -26 478
495 -15 426
399 6 387
479 6 403
492 -29 413
422 9 396
442 -19 389
429 -29 400
442 45 469
454 -13 462
495 -8 385
122 494 208
82 441 214
71 504 268
71 439 201
99 454 265
143 435 263
98 471 245
116 492 258
144 473 214
139 461 226
148 443 235
159 476 187
92 431 257
95 483 224
87 471 219
118 490 246
95 485 182
108 445 273
152 416 203
100 481 258
131 503 219
106 446 250
122 453 216
120 475 221
121 450 259
129 485 214
107 481 265
121 437 279
147 459 270
85 471 218
140 437 273
121 481 207
73 485 260
98 437 269
90 456 195
83 480 221
94 443 259
131 469 210
115 436 246
151 488 235
38 498 438
120 478 421
101 462 438
63 533 412
113 533 481
22 504 425
97 541 390
54 512 419
94 513 463
91 479 465
90 465 423
33 505 452
59 455 408
72 510 447
61 489 405
104 506 455
35 457 395
81 455 409
31 500 466
83 503 405
44 456 447
79 538 465
27 493 424
72 481 461
105 509 399
106 507 394
69 474 437
60 453 414
34 517 472
102 539 407
86 540 463
55 475 402
31 531 463
87 454 397
42 484 403
77 520 407
43 465 475
119 458 415
62 450 426
87 516 482
339 504 159
373 508 124
331 438 145
416 453 204
353 442 147
376 483 143
345 515 144
382 503 148
405 500 205
344 427 204
374 421 145
331 429 136
320 511 146
337 490 187
411 464 144
338 486 179
342 478 174
357 509 188
418 516 148
346 505 180
353 469 115
404 427 156
350 503 154
409 515 143
379 512 148
335 512 179
401 440 171
380 503 158
416 464 194
320 496 139
341 421 182
369 472 128
332 477 161
323 427 114
334 447 153
341 518 169
342 487 195
362 445 163
332 515 164
333 504 152
85 -4 99
132 22 170
164 1 112
85 62 136
121 0 173
135 22 127
155 -8 141
131 9 148
143 15 153
113 -1 172
141 28 128
149 82 96
95 74 139
126 27 170
153 81 102
154 57 115
154 2 124
180 61 170
120 39 148
100 63 143
162 83 157
92 -4 100
166 56 95
157 26 166
128 21 102
148 70 159
148 38 177
95 53 172
84 36 139
143 32 167
117 -4 150
150 36 149
161 85 129
144 50 117
154 37 136
114 24 98
150 43 165
162 66 138
83 -4 120
183 76 148
349 31 115
337 8 194
382 10 169
358 46 197
407 86 144
412 11 185
367 51 162
383 64 178
380 50 191
420 81 100
361 25 182
369 87 184
398 12 106
414 65 190
415 90 99
363 71 179
405 68 188
405 82 131
329 13 139
366 32 149
403 27 134
338 71 160
355 13 190
396 98 102
411 38 112
412 65 195
345 94 198
351 80 198
345 31 177
425 86 195
334 50 170
344 24 139
425 54 146
342 81 108
396 81 183
408 35 141
351 59 141
427 17 169
405 90 170
370 63 166
455 71 152
434 138 221
390 93 150
410 132 150
470 60 158
444 120 150
458 121 162
478 126 170
432 53 142
421 39 167
402 125 155
421 130 156
487 116 126
469 113 180
487 57 198
410 95 162
413 97 213
441 78 152
452 108 138
429 74 179
462 123 183
406 86 134
435 51 183
464 39 160
440 115 199
421 96 190
472 122 166
405 139 205
396 109 176
413 113 195
451 104 133
425 135 155
407 114 196
438 114 188
485 63 142
394 136 214
481 105 203
471 88 220
405 90 174
403 93 127
315 67 329
375 86 311
395 124 320
349 107 270
389 95 274
313 85 262
388 78 324
302 86 350
351 148 259
354 142 296
385 124 294
317 70 341
369 96 258
301 70 343
348 72 291
372 111 262
314 123 265
387 127 288
323 77 262
368 94 308
339 51 272
395 58 340
304 63 255
380 93 336
356 116 288
376 78 279
348 99 267
386 48 343
373 58 322
350 121 335
354 110 337
373 57 308
302 83 336
377 79 273
296 85 269
383 68 296
337 77 278
383 53 319
303 145 350
381 48 259
340 342 408
381 416 385
370 431 385
302 341 413
307 382 330
386 362 336
351 341 342
357 390 398
356 337 336
347 375 360
346 401 415
314 372 354
302 360 418
330 417 380
310 370 380
384 410 420
367 386 322
390 378 384
369 341 422
372 389 328
349 405 387
350 368 409
336 384 380
343 379 412
349 373 398
342 363 352
367 411 404
345 388 325
328 382 394
314 375 409
310 353 378
331 335 420
382 383 389
315 417 393
305 432 382
321 397 363
341 431 395
358 403 409
332 351 350
392 341 420
81 182 230
94 164 219
41 244 235
54 210 233
54 183 210
34 228 161
76 250 204
89 224 159
119 159 227
29 173 171
90 215 227
80 184 226
74 207 246
78 242 180
39 190 231
78 226 177
116 196 227
126 184 178
97 243 254
100 183 167
67 184 246
112 176 225
30 158 182
109 157 181
125 170 212
70 208 213
37 171 244
88 199 232
117 178 241
47 213 175
80 175 255
44 160 226
114 227 194
118 213 225
88 192 204
90 205 247
81 224 257
53 214 252
109 209 206
33 251 188
265 472 325
285 392 262
264 411 281
316 423 339
325 421 295
283 474 351
314 444 316
275 441 317
339 442 288
259 396 347
280 487 252
284 490 309
308 480 296
279 481 327
259 402 332
295 466 291
333 414 278
329 488 328
287 476 309
348 440 329
305 406 297
288 461 307
289 431 269
269 461 267
274 402 269
310 453 271
259 482 288
268 434 287
351 488 348
312 441 292
312 423 313
262 394 314
352 452 285
293 452 295
288 397 314
341 409 299
266 468 340
312 456 282
342 399 331
306 473 296
380 117 94
400 181 33
377 158 24
404 128 19
360 129 68
403 126 92
413 102 101
396 119 17
390 131 31
413 166 40
343 94 14
370 143 33
329 119 28
355 178 66
356 140 88
346 134 80
329 129 85
343 177 89
363 126 25
410 179 89
382 167 56
337 172 25
331 153 15
328 113 9
382 91 28
410 111 106
336 144 31
398 140 31
417 175 26
402 88 39
418 143 34
403 120 79
346 173 35
341 117 24
356 154 86
410 97 102
376 171 77
419 170 88
406 154 20
345 88 69
412 -24 291
399 20 299
415 15 330
383 40 330
440 -10 249
368 58 295
366 -2 319
412 50 289
385 15 242
408 35 286
461 32 310
378 42 314
433 -9 264
386 51 278
461 -15 239
437 33 328
429 64 309
386 6 282
388 65 338
375 18 325
453 -16 310
400 21 243
444 15 321
443 -16 272
448 -20 324
381 62 270
418 -1 275
382 -7 292
405 60 324
388 -26 323
387 -18 303
418 71 325
421 67 283
415 43 267
400 8 290
433 30 304
427 27 334
421 48 291
434 9 320
453 23 333
342 362 227
253 373 251
304 351 232
257 354 320
331 436 298
284 411 293
331 424 245
275 356 267
299 445 311
276 432 308
302 448 281
269 364 306
246 374 227
344 379 261
278 405 321
339 418 235
288 432 282
330 371 298
334 366 250
329 448 261
286 417 271
304 436 265
297 402 310
297 416 295
338 354 270
257 388 285
315 373 252
318 446 248
289 429 305
308 413 275
301 422 265
346 352 308
316 374 233
324 428 285
252 363 318
250 420 260
288 425 230
323 362 281
316 448 297
341 373 277
444 241 172
480 246 212
446 273 229
434 280 204
458 303 152
459 309 152
457 291 218
432 285 232
424 264 186
466 316 154
488 232 196
445 231 231
422 314 221
480 299 168
423 228 157
486 305 199
490 273 169
497 327 186
479 313 230
455 314 140
504 282 203
453 257 189
438 297 164
437 244 133
456 298 230
462 309 210
476 274 168
511 292 201
433 257 214
518 295 174
450 241 146
504 317 136
470 233 165
467 231 179
459 253 159
439 249 178
504 301 188
518 242 202
487 229 190
430 290 185
161 -12 5
214 30 60
184 9 13
197 8 61
241 35 18
224 17 27
175 59 79
212 29 12
163 61 9
225 57 20
187 -10 88
186 -11 -3
257 31 -1
249 41 48
225 -1 7
180 3 11
193 34 36
208 57 37
245 27 -12
199 37 45
216 60 3
181 39 86
157 -19 0
175 -3 -4
181 35 6
191 19 73
216 29 1
240 19 7
200 8 -11
188 -37 -9
194 -29 79
166 -16 15
166 46 33
197 -30 62
219 37 49
203 43 52
204 2 36
238 17 39
183 0 65
251 -34 55
359 183 477
375 106 431
396 198 431
413 104 456
329 163 473
355 98 477
406 122 426
381 119 430
398 114 415
366 139 471
424 153 410
330 198 494
357 125 465
375 140 479
357 99 494
349 168 488
358 162 463
422 155 458
413 140 447
374 183 489
366 161 469
421 120 464
347 176 415
396 128 434
345 136 478
416 164 423
354 106 472
358 174 399
325 148 420
357 165 429
373 109 462
332 112 472
367 109 413
377 164 494
351 170 466
404 124 408
383 151 419
363 164 495
326 119 419
405 173 481
470 204 166
506 188 107
500 253 130
483 202 144
438 201 175
436 266 145
502 236 150
497 254 185
491 281 188
481 268 147
462 211 107
439 182 176
454 230 168
459 232 110
435 192 195
469 187 192
455 242 125
449 242 100
475 197 122
503 262 124
427 193 139
467 211 195
522 207 133
511 229 100
503 262 195
437 209 111
430 246 141
514 183 132
443 192 147
436 213 190
445 240 150
508 228 162
453 199 173
465 218 114
437 194 130
499 216 146
491 188 121
433 226 118
450 240 114
493 248 111
38 84 422
93 175 414
34 115 408
116 119 378
35 93 440
84 84 390
59 169 442
113 168 362
48 115 366
44 92 413
65 177 420
80 87 365
95 144 456
96 106 362
118 106 391
71 133 375
87 105 398
116 103 388
28 146 378
46 135 370
44 164 376
63 81 453
63 129 381
95 180 440
46 128 409
51 161 449
76 157 371
107 94 378
58 92 374
85 176 443
106 87 362
67 113 452
80 138 441
98 109 413
118 157 358
90 153 449
37 107 434
55 115 414
61 138 404
83 98 370
334 342 71
316 363 52
318 328 58
330 369 67
382 363 -15
348 359 10
350 395 53
333 390 65
311 395 -7
302 375 10
318 391 82
362 393 37
362 378 -9
381 382 27
343 414 -15
354 320 45
314 350 47
367 339 73
300 317 29
342 407 -15
359 393 -2
398 342 27
387 384 20
385 314 29
377 318 21
364 362 18
307 354 -17
352 369 57
367 402 -6
317 347 -12
357 322 20
340 380 75
305 354 28
304 404 82
375 362 -3
356 393 57
349 355 48
336 405 -8
341 372 57
385 360 79
392 415 27
367 392 56
397 425 -5
424 356 51
395 378 50
366 403 -20
358 393 67
337 401 9
426 447 -12
335 400 66
401 379 46
347 401 27
351 372 66
401 424 -4
334 397 57
353 423 -4
337 439 46
363 440 68
368 351 54
426 442 19
360 419 16
380 355 -31
376 381 59
420 376 27
394 430 45
366 369 56
339 432 15
386 400 -21
353 440 35
407 407 57
382 367 54
381 355 7
345 352 45
365 368 -21
370 392 26
373 443 47
421 384 -30
415 446 21
423 443 68
333 450 62
112 473 127
123 483 148
121 513 130
97 476 136
95 509 149
116 494 146
115 502 101
120 506 118
94 482 80
187 428 86
112 432 130
142 490 121
135 433 106
133 475 71
118 498 113
156 446 112
180 421 90
169 418 94
97 477 135
130 499 153
137 513 92
106 414 153
191 502 168
177 457 166
124 433 124
132 472 75
186 473 145
167 501 70
141 452 164
98 489 165
145 441 78
153 459 135
125 470 117
151 414 88
128 503 169
95 495 75
140 430 153
115 458 74
148 507 74
152 425 150
148 514 279
137 518 264
136 477 294
110 466 263
142 456 262
93 443 263
150 435 224
89 525 274
58 452 215
70 450 228
54 509 294
63 473 233
76 477 278
73 432 211
72 466 298
54 470 289
65 507 218
66 497 230
68 528 225
72 451 282
57 451 304
103 487 243
87 462 213
110 457 230
89 519 294
139 516 308
73 492 262
140 511 303
56 499 303
114 483 266
82 437 293
96 527 252
77 486 279
92 508 233
138 488 280
66 513 249
105 454 249
80 451 224
129 481 214
96 460 277
144 386 412
121 379 383
145 359 441
118 401 366
134 364 416
126 333 421
124 326 351
130 403 438
97 373 399
163 395 406
158 338 392
100 355 350
113 373 428
124 357 391
76 371 377
164 372 374
90 401 439
89 370 378
145 306 436
132 314 349
133 318 431
77 337 380
140 306 358
113 348 396
109 352 400
80 312 412
81 320 420
147 321 364
98 305 399
154 334 389
127 381 372
72 403 399
70 385 407
121 355 437
153 358 434
78 386 363
136 306 390
144 386 386
68 382 381
85 333 413
410 309 426
437 340 393
441 325 370
401 269 437
409 253 377
369 335 433
391 292 423
424 265 433
410 254 433
385 294 368
414 327 428
396 300 404
366 338 420
404 260 378
458 258 445
452 284 381
360 318 415
396 263 386
359 308 373
386 338 376
440 289 417
399 300 382
385 266 369
389 262 388
453 302 381
423 261 458
442 341 379
447 322 411
403 247 436
410 282 395
391 282 364
398 340 422
387 289 383
450 324 360
378 326 446
378 273 392
422 307 402
422 269 420
435 280 386
379 291 406
421 84 234
458 103 271
477 60 233
410 31 278
460 13 198
415 66 246
445 37 224
466 73 251
453 32 198
453 71 276
456 62 238
471 77 214
465 55 182
482 33 242
397 54 222
416 34 209
445 83 249
426 12 207
447 19 226
397 40 240
425 56 218
408 34 258
432 105 270
471 70 214
473 16 237
476 61 193
482 64 187
463 65 268
456 24 200
460 23 274
482 68 237
470 108 196
440 86 252
464 46 277
476 75 236
417 86 230
489 84 190
450 29 251
430 90 209
458 82 217
100 256 148
95 225 243
82 219 245
76 243 242
133 266 169
136 279 191
134 202 242
129 273 152
76 190 193
111 216 245
65 230 184
59 288 219
119 214 179
65 234 210
127 221 148
53 232 178
86 278 212
77 248 150
117 267 176
128 211 205
61 202 236
42 283 221
83 226 219
84 269 199
74 289 174
97 232 231
122 242 233
37 272 181
62 246 233
135 240 153
42 202 198
98 194 187
48 289 208
58 265 187
87 211 196
127 278 158
65 280 235
115 258 154
75 260 168
90 215 168
0 501 365
-24 471 404
-8 512 344
43 510 382
26 469 395
58 517 408
0 442 365
27 472 366
-33 435 381
-30 421 368
52 507 384
23 426 399
-3 438 398
-5 442 314
-36 482 402
-19 462 322
37 470 373
45 460 367
48 462 348
63 459 382
18 513 333
-8 429 349
50 465 407
-16 438 342
30 516 391
12 454 365
14 516 362
0 431 385
-17 439 401
7 443 355
58 488 328
50 477 322
-27 436 317
27 422 356
19 448 379
23 502 409
-28 499 356
-11 483 331
-6 449 324
19 435 312
199 71 146
188 129 164
217 139 205
162 68 199
187 126 123
220 139 144
174 77 191
220 79 125
209 85 140
152 116 185
183 60 179
172 112 115
171 111 209
202 148 173
214 74 192
161 147 171
162 73 212
201 157 187
185 89 212
159 63 145
212 152 132
169 94 207
227 75 159
164 117 151
160 151 167
237 99 161
244 150 181
173 97 120
179 139 161
202 100 201
166 122 161
225 129 198
155 116 126
189 99 146
247 104 209
162 74 155
219 68 192
197 84 150
168 110 127
248 61 158
466 383 248
468 352 157
417 294 199
426 365 176
425 325 170
375 350 195
379 320 226
382 369 247
470 326 164
386 365 215
391 303 198
386 352 249
373 362 222
458 310 168
376 359 222
414 375 170
382 378 197
385 358 248
435 313 240
412 370 202
399 393 201
462 359 236
446 298 212
426 347 228
460 331 169
413 307 254
443 334 180
438 375 171
450 297 170
400 346 182
427 379 203
402 335 183
406 388 255
462 305 227
396 341 235
465 321 239
427 307 251
381 315 222
428 357 172
435 309 186
13 344 277
44 341 340
-40 379 242
20 349 338
-14 312 259
36 305 261
15 366 314
31 356 313
-40 359 319
46 309 279
-34 370 298
50 294 261
45 305 331
-22 378 319
5 299 288
-46 364 262
-35 304 242
9 328 283
2 297 266
-27 313 298
-38 282 294
-26 322 286
-30 322 280
-32 302 269
1 326 308
-8 298 296
-31 331 270
-26 372 335
-7 365 284
14 370 246
-23 360 323
44 349 304
39 296 245
-27 381 271
30 375 319
-21 328 259
-32 361 249
10 294 273
21 292 289
-36 362 327
94 123 451
121 188 435
121 105 446
55 129 440
135 107 491
76 177 454
86 167 424
112 147 438
70 109 431
112 149 486
37 125 432
98 135 490
60 104 434
69 133 481
90 153 424
112 187 453
78 129 451
113 131 462
58 136 442
57 135 512
121 184 499
66 172 508
115 121 431
117 113 419
113 198 465
100 106 421
111 166 448
47 107 422
127 161 421
125 117 427
127 162 477
80 164 452
38 153 492
91 102 487
52 138 495
54 173 477
88 140 459
66 143 482
112 110 450
65 112 456
473 245 77
421 195 115
426 169 135
510 219 160
430 160 93
440 244 85
489 164 155
472 200 76
430 217 71
477 209 122
433 165 90
463 218 69
459 205 86
502 196 73
482 232 133
420 212 101
497 204 102
429 224 111
449 244 99
467 201 164
490 244 123
418 216 105
439 233 66
449 172 115
496 185 67
434 178 72
504 195 121
441 242 144
419 239 75
421 242 80
484 240 154
446 158 67
459 234 158
448 238 162
466 224 109
505 161 120
424 192 137
483 160 93
498 195 136
504 167 87
-9 9 424
12 47 361
43 20 419
27 8 364
75 88 419
41 70 392
52 96 357
61 80 393
83 32 403
79 62 365
60 85 346
45 71 380
76 51 390
-6 61 382
39 11 372
64 90 334
65 39 419
1 26 365
30 78 332
-11 7 413
75 39 404
37 35 330
30 92 417
40 76 384
19 60 416
51 82 345
52 68 344
-2 8 370
25 57 397
24 54 378
20 30 426
49 92 372
17 66 426
6 92 388
35 98 426
25 3 397
84 65 412
38 83 421
65 17 429
-13 72 408
261 458 34
349 411 -12
345 433 36
333 452 -23
275 404 18
356 379 -31
344 371 12
334 444 26
361 425 -30
293 378 34
271 381 -29
325 425 -13
272 471 52
273 464 10
317 380 -42
361 443 -40
278 401 29
301 393 15
289 399 37
306 448 -10
298 410 47
325 373 -10
271 432 -17
315 378 3
338 447 14
302 410 5
270 425 -42
325 465 -11
325 390 36
326 397 46
280 467 -25
357 404 -26
325 464 40
266 435 10
277 425 39
336 457 -3
308 440 -15
317 399 5
268 384 26
310 430 14
498 501 17
489 472 18
484 469 64
497 468 18
424 455 94
423 424 86
409 430 42
463 431 93
416 471 3
497 493 20
444 440 57
499 435 27
493 471 83
428 507 48
436 496 87
448 463 22
410 429 23
417 447 61
441 428 74
477 503 1
432 508 5
472 464 2
432 462 0
405 425 82
481 422 79
443 454 63
500 446 14
417 467 93
488 468 23
502 468 6
498 458 80
414 506 98
504 451 63
406 424 89
425 476 65
450 487 41
475 443 76
427 474 88
484 505 36
485 466 96
242 496 279
194 466 313
169 452 239
162 421 309
175 459 239
169 485 280
165 442 282
165 487 265
200 403 286
198 440 254
204 463 241
201 461 219
194 410 244
241 488 239
168 495 259
234 499 228
172 486 230
157 456 260
163 475 275
154 473 318
159 489 284
159 448 310
199 448 224
164 498 311
239 498 292
229 467 255
147 453 244
164 474 234
224 482 252
213 486 254
243 480 229
160 481 265
230 460 227
170 463 222
159 436 245
159 412 258
174 465 292
206 451 283
155 438 269
232 483 241
272 372 64
231 354 115
264 372 19
221 364 71
245 376 43
184 338 50
257 278 62
272 283 29
242 345 85
189 337 36
252 314 55
256 361 69
225 306 101
220 350 72
226 298 41
208 349 58
263 358 70
193 314 88
216 333 113
241 327 107
216 323 98
183 289 108
206 323 111
218 329 83
239 289 99
264 340 34
218 312 80
206 350 102
194 309 102
211 282 113
253 358 54
246 371 107
271 284 89
229 277 22
264 279 85
224 377 82
260 330 107
265 359 99
264 331 64
182 298 81
73 120 231
76 143 241
96 114 197
98 117 198
55 179 286
18 110 284
82 115 195
22 191 265
22 120 271
65 145 210
70 195 201
101 179 268
52 167 210
92 97 200
103 150 286
104 138 204
12 188 283
26 166 216
16 127 227
13 169 206
17 107 289
53 105 283
89 133 210
38 193 210
81 167 245
72 121 225
78 128 284
49 141 276
58 115 197
39 122 273
105 130 192
28 187 209
71 145 204
98 189 203
87 188 277
68 107 283
73 114 232
96 99 237
108 103 272
15 115 244
327 70 98
255 15 105
339 18 54
276 75 59
328 11 115
295 6 62
259 51 52
337 81 100
339 4 108
296 -2 23
262 47 73
302 76 60
310 2 44
342 66 43
277 77 28
252 52 92
314 4 105
268 -9 39
334 -6 89
252 60 28
288 30 49
324 27 45
256 22 47
247 46 94
298 14 32
285 -2 50
282 43 45
254 77 44
320 58 95
283 36 109
267 20 77
268 18 113
286 82 53
262 14 29
296 65 96
331 29 62
270 53 82
291 1 68
250 5 73
313 52 43
315 396 157
397 389 149
366 344 236
340 399 184
368 427 156
334 387 150
343 398 180
366 346 235
323 420 177
389 351 233
362 393 187
338 415 185
360 422 209
340 412 158
356 426 158
360 367 151
333 427 153
326 347 233
358 360 148
357 354 166
314 393 207
384 396 178
317 381 179
347 384 149
392 363 224
357 346 165
333 427 173
352 383 201
340 357 220
363 421 196
387 369 177
373 352 238
361 432 149
332 407 210
309 388 191
307 401 158
397 363 157
372 428 149
319 356 178
372 344 189
178 39 51
166 0 -13
197 40 -17
191 6 -28
197 5 32
158 62 -14
174 6 38
235 53 22
237 80 47
166 29 -19
197 75 -15
179 3 32
225 72 -31
185 11 67
159 13 60
221 44 54
169 25 44
204 52 -16
238 87 -33
231 49 -12
163 23 59
192 1 30
186 9 -13
178 5 -21
174 32 53
236 11 -10
238 80 46
250 57 2
154 53 4
212 16 -24
214 69 -4
247 -10 49
190 69 8
184 46 58
156 81 -23
243 39 27
178 24 15
152 70 -1
203 76 2
206 70 3
501 46 48
523 107 91
534 94 121
497 87 77
471 65 107
466 111 62
531 31 107
498 83 65
452 90 89
499 74 106
485 40 73
501 44 111
508 108 90
482 32 41
539 60 58
471 70 130
488 101 34
494 101 120
509 73 87
475 69 34
502 118 60
480 42 50
529 33 76
520 100 118
501 118 84
545 72 39
513 90 39
533 38 118
470 50 32
452 84 78
505 48 47
454 58 51
470 43 88
542 42 65
492 92 67
456 30 58
464 52 120
504 31 96
468 30 77
550 122 46
463 315 410
529 278 331
460 235 407
456 294 347
518 328 320
530 275 384
506 297 346
525 289 369
482 239 333
458 299 393
520 269 377
463 230 412
499 281 391
448 280 350
459 257 348
483 272 410
449 312 338
519 278 321
489 239 347
475 295 372
483 283 410
498 305 376
511 274 412
493 262 334
471 231 324
532 231 317
523 312 391
442 266 383
502 235 314
484 318 329
464 310 379
448 256 380
539 237 398
530 291 355
536 326 331
461 282 345
455 272 319
540 273 412
465 232 331
507 317 408
177 -30 90
216 4 180
179 10 186
192 48 127
152 -38 157
161 -28 156
198 41 143
140 -8 100
129 -31 152
218 -15 102
216 44 189
199 34 175
221 -23 173
123 -24 183
142 -37 164
223 59 168
173 -19 127
198 15 186
136 -28 139
176 -19 93
189 -34 142
218 8 164
145 -31 136
143 32 110
214 15 165
129 -29 121
141 21 160
144 -26 173
125 39 90
142 13 144
201 43 153
156 -8 190
183 33 161
202 -28 176
223 -31 127
174 -9 120
220 26 102
156 33 128
211 -28 129
218 -37 159
454 116 -40
503 27 -12
447 109 29
534 57 58
531 103 2
461 116 41
451 107 1
445 124 -14
535 113 15
443 77 -27
493 52 -15
474 30 -7
529 94 15
507 49 12
490 119 -1
523 62 36
448 34 -18
516 118 13
535 60 -21
448 84 -36
528 54 40
455 82 16
456 110 34
533 39 47
504 52 8
509 69 -36
457 115 30
515 81 -26
444 48 8
471 59 32
457 63 3
442 109 -26
493 94 40
506 67 -11
482 81 -19
459 103 -11
472 95 33
535 64 48
491 56 -22
447 56 -16
71 23 162
104 109 209
39 72 184
78 77 203
76 74 207
52 105 142
53 69 146
29 68 216
75 41 149
71 70 218
25 26 124
95 41 193
66 64 176
57 118 124
85 96 132
55 70 214
89 51 157
9 92 180
94 24 202
85 56 121
38 50 147
96 88 136
72 111 164
32 25 186
22 119 214
97 110 144
63 26 135
88 22 208
86 105 166
102 28 145
92 41 172
51 54 188
103 82 173
75 83 153
21 72 191
89 105 153
8 65 125
79 64 125
25 72 162
21 19 190
75 319 375
68 345 453
77 351 420
31 334 446
11 379 402
46 355 461
71 329 412
65 380 433
46 290 433
74 293 459
68 311 397
23 288 459
3 329 371
81 284 418
27 320 386
82 383 373
68 353 373
77 342 391
84 340 400
22 312 446
-5 356 376
-3 342 439
40 357 445
73 283 389
55 362 407
-6 334 385
47 299 438
84 372 367
22 376 449
51 377 449
77 357 442
70 310 383
49 293 431
6 352 448
6 303 399
65 383 378
63 318 390
69 380 455
80 293 426
-7 357 377
378 239 490
366 211 450
382 263 486
381 205 538
367 284 506
359 281 497
444 199 504
360 268 493
373 281 457
446 268 448
428 202 531
419 262 452
359 281 496
393 198 460
418 235 538
362 240 532
412 195 532
423 208 492
356 261 492
427 196 468
419 240 481
381 287 481
419 202 522
355 215 490
392 204 477
388 208 464
372 205 498
441 196 461
393 255 532
388 205 486
430 282 502
380 232 476
399 218 533
373 263 478
388 197 471
373 217 442
384 196 527
360 224 442
430 277 501
443 257 485
129 435 486
154 412 513
181 483 519
142 466 495
133 405 489
164 427 518
156 461 476
155 463 456
195 491 470
186 430 425
211 492 464
186 486 496
155 465 445
216 471 501
173 424 487
191 422 463
189 504 449
137 457 518
150 436 427
154 505 488
193 459 498
197 483 441
182 467 510
127 443 469
160 474 421
134 428 517
214 425 493
181 419 473
132 450 432
202 487 520
143 422 422
133 485 451
152 439 485
168 424 444
121 427 458
215 495 478
207 443 470
162 448 485
193 436 441
199 430 451
165 338 185
151 380 217
112 348 135
137 429 207
132 421 179
157 434 150
150 385 199
179 391 213
166 380 215
178 357 231
120 344 195
121 424 158
120 387 140
105 378 159
153 366 182
131 397 225
90 396 136
151 382 216
172 360 165
158 345 208
185 430 229
97 410 204
135 408 141
104 410 180
127 395 159
88 425 155
170 386 142
139 380 200
139 385 145
126 407 137
100 351 214
157 354 204
121 340 181
154 380 215
162 432 187
155 358 132
151 375 221
179 425 153
137 370 157
139 410 144
258 442 110
223 467 199
213 421 127
199 484 188
290 492 178
261 447 116
226 445 146
266 472 198
208 480 186
289 439 179
226 444 139
280 414 164
245 461 169
247 503 189
244 494 149
275 440 122
221 456 200
251 449 152
280 504 145
201 460 188
203 489 129
227 444 118
269 444 190
263 416 162
238 454 146
244 442 173
201 470 144
274 423 111
221 450 123
206 418 137
250 506 118
292 415 122
292 448 151
244 449 183
282 503 156
298 507 162
244 483 142
273 449 113
275 486 126
268 422 172
543 353 330
511 331 371
478 305 335
529 330 409
487 271 405
464 308 344
496 292 385
451 285 368
459 276 403
471 286 374
465 357 420
450 355 413
517 316 355
485 275 364
451 278 395
509 275 348
475 296 374
500 266 420
538 261 330
511 358 370
495 317 379
519 279 350
466 310 406
534 319 399
486 287 341
488 337 391
482 335 358
478 346 399
506 347 418
485 289 423
514 323 409
462 269 367
518 311 415
508 332 359
500 325 338
482 333 416
492 270 411
533 340 390
469 356 426
458 350 342
324 146 455
396 135 376
368 107 376
379 95 374
363 112 381
337 138 428
374 125 452
390 112 417
406 80 431
411 159 435
344 145 469
381 143 454
403 111 422
415 118 450
384 100 389
379 138 382
417 80 452
351 158 379
394 142 372
417 71 460
370 114 390
374 131 404
393 131 406
350 163 401
380 94 456
368 145 395
340 111 400
388 134 397
318 154 432
400 116 414
319 89 395
355 71 422
332 93 374
343 138 386
416 157 425
339 152 418
380 94 396
368 86 374
343 156 412
338 66 376
172 -11 16
179 0 104
171 14 92
133 44 83
136 12 37
150 -8 116
103 23 97
194 60 101
159 53 42
129 22 44
198 10 47
109 -9 88
167 39 105
151 56 78
138 13 67
154 15 83
120 19 74
128 68 112
176 30 17
122 70 20
163 -13 19
108 8 44
164 76 77
163 -12 19
134 27 57
140 21 66
120 78 74
183 1 38
123 79 98
153 11 49
191 -4 58
193 60 99
145 16 77
188 0 40
151 36 88
144 18 26
162 79 66
108 -12 62
150 72 106
156 52 99
188 203 418
152 243 386
128 213 417
122 235 380
150 244 411
127 271 349
121 260 417
174 228 337
204 286 415
180 282 366
124 236 383
169 278 348
208 197 394
168 218 344
126 264 369
156 220 360
193 229 375
139 223 412
112 279 365
179 223 414
111 253 347
133 217 423
110 253 356
180 208 356
164 239 411
150 246 374
165 199 334
135 269 344
174 244 357
126 293 336
189 242 344
201 211 389
152 203 396
196 242 338
192 217 410
140 231 380
119 259 326
171 224 342
116 295 339
155 226 360
159 172 156
146 190 212
132 251 235
164 258 203
125 173 180
170 196 231
153 167 231
88 238 156
86 158 207
153 173 140
148 229 180
105 167 193
121 160 229
161 252 138
110 181 182
78 232 168
84 243 165
136 211 163
171 239 154
128 228 149
107 170 138
105 243 236
129 231 169
160 192 228
101 158 223
176 207 171
147 168 138
137 248 236
94 215 165
107 184 227
79 232 210
133 185 237
135 179 164
139 158 178
90 201 148
108 193 169
83 196 185
98 245 156
98 254 172
154 183 229
402 468 292
399 544 315
374 510 389
378 525 337
373 493 350
402 537 351
372 484 331
330 532 379
410 504 309
339 507 379
392 540 382
351 452 350
368 473 374
385 468 304
314 458 322
328 496 355
323 518 330
329 511 290
365 465 361
368 490 387
311 476 377
340 508 337
408 455 324
331 457 293
356 477 344
328 487 328
372 508 302
364 496 375
378 493 295
376 518 307
367 500 293
404 549 368
391 512 316
348 468 360
340 521 349
388 526 331
335 451 311
381 470 316
340 484 332
360 539 353
89 326 56
50 305 12
96 366 60
115 354 10
56 366 31
32 338 31
120 320 78
28 334 64
66 281 93
69 332 25
29 368 67
62 276 103
33 354 45
53 282 42
96 343 15
117 311 77
63 322 98
65 274 48
63 303 88
87 361 104
101 319 81
113 338 6
111 291 39
65 283 59
67 367 27
78 333 91
70 357 33
40 348 45
40 370 17
77 358 78
56 284 75
48 286 69
44 340 85
77 335 24
76 349 9
93 272 65
37 342 71
33 307 100
37 370 54
28 347 89
272 104 425
286 114 435
247 149 487
271 172 421
286 96 464
244 171 511
253 98 424
213 88 430
227 145 444
277 162 467
282 119 495
205 164 466
199 141 501
189 118 421
244 159 467
211 135 497
255 102 458
267 105 489
277 147 421
285 140 441
202 117 438
231 85 482
236 100 503
269 86 420
205 130 444
229 102 434
269 128 505
256 104 440
250 101 511
241 120 463
224 102 477
242 84 463
266 145 452
262 170 427
247 134 428
232 97 497
195 156 506
258 134 419
277 92 459
239 152 449
363 96 366
417 62 315
385 109 332
444 50 349
429 71 312
431 26 302
397 101 368
408 83 319
409 43 375
434 100 303
381 72 308
394 98 318
389 55 314
432 52 357
387 49 383
460 39 347
424 108 326
411 64 295
417 74 347
430 36 326
426 101 377
445 94 362
403 56 351
394 47 366
447 103 372
440 102 381
446 40 334
371 70 321
386 35 367
430 21 300
364 83 356
400 35 382
446 88 311
435 99 386
365 32 296
406 21 333
457 32 305
400 66 303
452 22 361
456 63 328
357 252 367
340 221 336
312 200 368
341 283 377
268 232 310
361 222 362
342 266 344
363 262 357
301 286 316
327 206 314
352 247 340
282 283 377
275 225 379
355 278 317
283 253 334
324 239 306
327 282 316
335 233 368
352 280 294
295 193 370
333 200 337
336 227 364
363 207 370
298 272 314
302 192 364
354 275 344
318 261 371
319 283 385
277 197 309
362 193 376
269 238 373
295 263 378
290 288 313
300 193 365
332 280 309
350 275 364
353 259 373
326 288 319
354 232 353
284 281 297
169 389 164
258 376 112
190 453 91
213 420 90
186 381 127
256 370 134
205 425 179
213 405 106
225 380 99
174 460 142
165 365 125
232 433 139
161 440 100
200 399 86
220 431 134
183 454 89
241 394 97
200 427 102
260 398 184
233 446 113
221 398 118
256 407 93
255 445 156
166 428 166
204 416 156
220 426 145
259 427 185
218 423 142
172 392 177
165 410 116
236 453 157
220 453 173
199 457 156
227 441 159
250 459 98
249 455 125
175 379 92
261 392 89
219 440 137
222 450 172
141 323 176
68 351 258
149 309 252
140 298 183
62 313 251
68 265 210
90 320 241
139 329 202
76 336 256
96 340 217
61 267 197
118 298 165
149 334 189
73 318 218
136 325 238
106 269 183
154 285 187
93 312 213
101 283 209
72 264 185
155 277 234
100 321 173
78 337 233
66 270 244
112 356 173
148 346 197
141 341 211
113 322 243
121 292 186
85 286 229
117 283 239
66 298 189
58 360 245
142 270 259
104 362 251
63 266 186
96 333 229
85 271 212
70 299 207
144 331 263
383 306 165
470 309 141
459 271 108
411 323 124
437 320 178
411 242 97
383 320 152
442 274 95
409 234 145
471 254 174
420 265 112
447 235 117
441 279 151
434 271 134
444 325 150
436 264 101
441 264 159
387 263 169
453 246 145
391 238 137
457 276 136
431 289 171
384 264 88
455 310 140
448 279 121
388 320 89
387 326 110
377 316 163
467 266 112
462 291 145
399 255 168
378 275 144
374 254 99
434 307 133
409 250 110
468 266 135
394 247 175
400 323 111
456 298 96
456 234 89
57 98 71
80 115 40
47 122 97
117 82 99
73 96 78
126 141 61
69 132 85
116 82 131
100 79 64
102 85 37
68 144 45
117 83 37
134 85 94
47 107 109
47 117 61
121 76 87
64 68 91
128 100 57
113 83 71
38 127 116
114 154 112
78 59 59
96 79 90
113 124 125
110 78 51
76 136 40
75 109 123
126 64 133
134 61 87
57 103 73
88 99 96
115 56 111
66 98 121
37 94 89
118 130 85
100 62 132
64 115 62
112 148 46
78 147 52
77 106 54
481 382 474
445 418 414
466 365 421
479 418 463
410 388 442
455 352 479
427 406 496
445 395 429
423 334 436
411 406 411
459 370 446
432 366 437
416 410 455
447 396 432
468 347 497
494 384 487
428 352 425
429 424 459
464 414 439
463 352 484
474 402 493
487 381 467
422 330 499
408 415 467
444 412 485
458 416 414
459 386 464
433 366 434
429 415 423
461 361 484
461 393 417
408 336 467
406 380 480
485 370 505
467 392 423
412 349 460
414 381 431
443 329 418
403 345 493
409 341 475
123 117 325
140 98 289
173 98 267
139 178 347
160 104 286
145 155 269
141 161 259
150 149 297
159 170 256
94 112 302
168 112 257
142 153 298
160 135 260
136 155 256
102 192 271
168 132 295
127 146 285
172 130 266
117 142 340
146 148 272
138 121 287
142 154 283
177 107 340
164 167 315
111 132 254
192 184 334
119 118 305
147 175 268
188 130 317
111 111 247
127 126 266
192 134 299
163 167 303
161 167 278
165 123 317
143 122 320
135 176 332
101 176 282
169 140 267
161 111 315
203 521 304
134 512 265
179 468 350
160 442 288
205 432 345
193 491 264
134 519 275
137 463 294
223 481 271
135 475 310
214 464 271
191 452 293
151 513 342
149 425 308
206 465 334
165 512 349
176 503 329
150 428 283
128 475 286
152 520 255
149 507 328
179 477 290
203 449 298
138 434 265
214 472 265
227 467 324
179 455 300
185 478 348
183 444 272
206 518 291
136 460 271
185 489 310
205 445 292
160 443 310
213 478 304
183 437 295
153 430 283
210 447 277
181 443 322
193 503 350
317 284 408
312 319 374
235 335 373
230 342 322
320 269 392
242 273 408
235 333 310
221 281 335
313 311 393
228 351 367
246 350 326
223 291 321
299 292 372
241 257 390
226 333 308
271 300 405
235 320 355
317 327 391
293 350 381
238 311 351
306 274 358
222 354 361
286 338 317
277 336 313
240 304 362
301 323 316
244 262 408
234 334 407
267 291 321
306 298 369
245 328 351
241 351 401
236 293 337
287 302 327
277 349 322
320 322 377
247 257 345
304 352 375
240 327 373
255 336 312
369 502 170
420 465 169
407 410 207
373 433 213
408 421 254
433 459 226
349 457 240
416 458 232
382 452 224
383 454 241
436 414 164
445 486 207
383 448 207
386 428 164
390 413 170
424 475 222
380 481 248
374 420 212
390 460 158
441 504 214
411 494 178
391 452 177
379 482 223
381 476 210
385 452 190
379 441 223
405 489 219
430 489 204
362 431 210
440 454 201
443 437 182
428 442 233
397 446 229
381 450 166
426 476 237
441 429 230
351 503 164
409 475 196
368 432 190
428 455 214
54 151 325
3 185 323
92 190 326
67 192 364
7 173 280
69 182 319
48 167 332
42 216 327
81 195 324
52 211 295
-5 156 291
3 144 339
22 163 342
46 229 352
2 152 278
94 222 299
14 186 363
61 160 277
23 161 318
94 136 338
18 152 273
84 202 341
72 221 277
37 149 362
63 195 286
6 211 327
40 193 343
51 149 321
83 142 291
5 155 281
91 195 359
-1 192 333
62 211 350
86 155 317
33 197 274
85 162 352
9 187 370
58 188 295
1 233 302
2 210 334
-3 -3 472
25 48 437
-7 67 432
-6 12 455
64 26 427
-5 18 421
43 0 435
56 31 470
3 60 425
-32 21 407
-33 -5 411
19 -23 481
10 63 484
13 61 420
21 10 410
-11 56 437
54 52 415
-10 67 474
-13 19 443
31 49 478
-24 -5 480
63 46 399
41 64 486
23 66 488
15 49 417
-27 -18 398
6 7 456
54 72 467
3 -22 459
4 54 489
38 68 412
-22 6 430
50 28 424
-23 25 441
1 -4 417
62 65 394
42 26 467
-17 28 406
11 44 442
-4 5 468
229 101 364
315 114 351
235 60 377
241 39 324
284 81 360
238 111 363
308 117 367
307 48 370
293 49 334
265 101 406
244 95 401
303 74 377
312 56 354
303 83 339
224 107 351
274 40 385
292 34 419
298 49 335
267 48 410
322 84 412
244 114 331
223 100 369
260 75 356
252 77 367
257 111 372
254 104 386
305 122 371
316 104 330
271 46 373
238 65 321
318 61 407
252 56 323
283 73 336
223 72 410
289 88 388
307 109 396
304 127 346
311 76 382
233 95 369
254 95 379
337 390 404
410 369 452
321 372 400
341 351 389
340 354 442
415 343 423
329 298 404
363 381 428
375 383 413
343 360 410
388 386 432
354 375 405
405 358 425
351 299 478
413 331 474
340 330 419
344 336 444
388 370 443
349 308 387
359 375 473
382 345 430
329 344 415
397 358 476
386 387 421
406 324 424
327 357 385
397 380 470
358 338 437
385 383 436
352 311 397
416 302 400
320 294 415
415 381 448
384 354 416
356 324 389
361 327 474
374 359 384
321 314 392
332 370 474
368 332 419
69 181 298
52 251 337
82 234 358
25 211 285
26 214 330
100 167 366
41 214 360
18 253 283
34 199 354
41 186 378
62 185 358
39 228 305
74 174 296
78 171 327
44 188 285
89 208 320
57 166 320
104 227 286
63 259 286
106 213 335
52 247 297
21 218 320
22 244 360
56 164 330
116 175 335
100 191 334
37 252 319
77 241 352
95 164 362
54 242 377
58 260 293
48 240 373
108 205 296
84 185 331
114 211 375
41 234 376
59 259 336
111 188 320
113 210 295
34 230 280
159 226 474
163 183 440
216 217 426
157 233 471
165 207 492
139 153 479
182 218 460
149 146 460
156 179 469
144 186 493
185 163 457
171 201 428
165 156 478
223 221 399
202 149 419
213 142 422
137 167 411
210 199 415
146 239 422
159 148 409
178 232 488
230 193 427
188 155 461
215 224 468
234 157 439
177 198 399
219 231 445
216 206 450
236 214 416
180 241 426
206 241 494
220 160 449
166 220 430
230 188 472
201 192 402
212 162 482
211 219 472
227 231 431
162 208 471
164 186 422
373 175 169
328 256 154
335 256 194
380 187 134
332 261 191
380 195 142
380 174 163
384 221 147
323 183 156
376 262 160
386 220 123
315 217 217
393 169 217
384 220 180
333 189 184
339 248 139
389 216 163
312 182 210
393 206 179
330 265 215
409 252 149
379 226 153
312 176 147
323 224 211
345 239 210
343 169 200
365 246 143
406 233 218
359 213 143
352 166 171
382 249 152
311 218 130
346 235 210
311 195 166
374 182 195
391 223 146
401 199 148
344 241 144
339 219 157
404 167 186
376 48 36
383 83 62
389 56 5
320 81 41
321 112 2
322 31 4
366 26 3
339 45 74
328 47 78
350 98 48
326 61 14
303 94 24
328 58 38
313 90 29
386 73 51
384 48 56
362 96 65
312 99 80
329 88 54
384 107 48
395 53 70
365 103 -5
314 54 65
327 113 57
338 94 54
318 98 41
313 70 33
312 111 49
386 33 24
356 92 -6
353 75 -3
352 61 22
304 44 75
395 111 4
377 69 1
377 63 25
309 88 17
309 64 87
314 119 18
311 110 27
300 321 191
319 380 215
271 340 210
268 359 161
310 287 250
263 329 191
332 375 207
260 288 177
314 308 229
259 324 178
266 289 199
256 327 178
308 307 236
273 361 254
309 293 184
255 299 175
325 323 185
281 316 246
305 334 186
327 349 219
322 283 212
326 325 174
309 300 161
299 306 170
296 359 246
283 308 161
258 333 178
287 326 208
315 317 218
335 328 233
307 336 168
333 340 196
302 324 202
288 340 225
255 372 241
244 331 212
265 300 169
294 370 206
323 304 211
245 352 208
357 222 507
352 173 458
398 212 491
371 203 472
401 194 472
361 204 509
373 207 485
364 200 438
356 220 522
431 231 426
433 171 496
379 160 507
419 187 425
385 224 502
425 171 440
359 229 430
401 219 505
399 197 516
399 213 476
354 227 457
409 190 499
357 222 475
396 253 434
413 158 482
441 205 472
386 167 480
341 159 434
380 162 503
401 219 468
349 177 463
362 253 503
359 164 514
380 171 439
371 158 473
385 170 523
351 166 492
413 199 457
425 241 515
356 171 455
417 244 516
411 114 194
451 166 181
412 172 155
402 140 245
464 94 183
404 165 168
405 176 183
466 134 186
405 106 212
449 115 173
483 172 186
424 94 200
419 143 150
485 163 159
433 172 227
430 99 175
481 171 216
453 99 153
410 115 184
434 96 210
412 129 166
392 84 165
400 132 243
445 97 175
490 82 214
432 120 153
405 83 174
480 97 163
453 105 220
451 101 179
432 144 186
422 106 200
423 87 187
462 144 183
425 130 197
458 99 164
391 102 181
455 108 242
454 117 176
404 164 148
301 309 149
332 247 147
267 311 131
325 304 193
254 309 166
300 254 205
284 283 121
339 304 147
296 283 167
347 316 206
278 278 162
261 244 144
329 307 204
300 272 136
300 332 205
309 301 200
253 285 176
251 239 128
303 282 212
262 314 151
290 271 195
334 329 150
253 240 149
272 324 130
342 300 153
268 326 203
286 333 135
285 329 186
270 326 209
275 323 157
328 264 141
335 282 137
309 266 145
284 294 146
286 299 129
326 295 130
284 287 126
345 250 142
288 330 122
296 246 190
242 221 194
225 309 123
301 308 196
260 300 207
277 242 146
234 279 206
289 303 112
231 244 157
288 311 115
264 260 150
277 245 134
227 272 161
236 251 130
218 318 178
210 241 180
273 231 164
242 238 195
241 302 158
297 254 112
228 311 124
294 300 112
276 274 149
206 256 139
232 243 148
238 227 152
269 227 127
212 302 169
289 272 159
278 247 137
207 283 137
299 307 154
238 267 211
214 241 117
239 259 127
238 274 183
245 260 111
278 284 127
265 247 114
230 310 211
212 308 151
216 29 263
215 -12 238
162 76 310
172 51 293
237 20 306
229 -9 252
175 48 273
236 33 263
156 23 290
162 -10 238
230 3 280
243 56 258
204 26 251
169 -11 278
182 66 275
203 15 260
185 37 281
182 61 306
215 71 334
167 -12 246
168 12 326
187 32 313
156 49 247
187 55 247
210 -18 291
243 15 301
217 52 237
241 36 317
167 13 328
179 47 249
228 -15 283
216 47 300
232 -19 295
199 46 245
175 51 323
227 39 284
171 44 261
196 -20 248
213 16 235
227 54 323
44 -19 510
3 18 514
29 42 486
56 -30 428
47 -10 520
86 6 430
60 -9 426
-1 56 489
79 -29 495
52 23 441
26 23 505
6 36 486
33 -13 460
65 -32 473
54 47 458
79 -20 511
53 52 479
51 -27 514
83 14 505
66 -11 429
75 -29 512
70 44 506
52 41 432
81 -21 467
3 -3 446
67 6 474
78 11 439
-3 -22 504
3 51 441
-4 52 521
49 46 477
57 15 454
85 35 450
2 54 491
34 48 460
26 25 465
45 49 486
20 11 513
-9 -7 507
70 38 469
400 163 300
345 130 266
399 162 275
361 125 314
415 176 248
430 191 261
390 178 334
357 217 310
410 166 315
371 162 257
348 127 326
355 142 257
420 128 267
363 126 323
346 193 257
431 217 333
385 138 326
407 140 286
341 141 298
376 123 268
415 181 339
415 199 308
341 218 270
369 143 249
412 197 321
366 156 253
416 216 260
382 126 252
401 172 261
407 187 269
425 129 276
378 216 263
382 146 307
409 160 260
387 211 260
435 193 250
434 220 281
354 211 316
353 177 313
387 212 279
46 175 404
75 169 325
49 253 395
-17 238 395
74 211 385
64 250 371
-16 186 345
-21 189 349
25 244 350
72 167 357
34 196 404
61 176 360
46 232 343
30 245 348
0 250 338
-19 234 351
65 243 349
-13 194 364
22 236 356
-4 216 392
66 209 358
60 178 368
18 254 344
58 242 311
20 163 399
67 235 328
62 222 365
8 213 368
18 187 403
-7 221 354
26 246 318
-10 217 410
35 166 356
12 213 325
21 224 365
21 204 388
-3 215 313
-7 242 396
-14 244 350
41 235 394
436 225 35
480 198 82
481 172 71
433 224 75
502 205 19
445 228 113
488 226 81
424 170 27
446 181 18
439 200 77
426 212 70
463 175 96
426 152 39
489 223 38
411 229 62
498 169 59
454 207 85
441 183 46
476 177 45
406 160 41
439 180 43
424 167 39
438 172 88
441 169 56
410 194 98
492 172 18
444 213 62
486 161 87
433 178 80
449 158 66
461 155 61
503 202 99
441 150 54
498 202 85
467 239 49
494 199 25
422 218 65
428 223 77
411 195 44
421 214 86
63 296 447
0 271 444
35 208 376
53 222 410
5 239 392
-2 262 436
2 285 404
81 285 421
41 227 462
36 289 452
20 219 415
13 260 395
46 223 433
53 235 372
17 205 421
45 252 384
63 230 367
39 283 392
16 246 383
39 244 439
61 201 450
89 258 364
35 300 436
90 267 463
32 251 428
57 277 432
-1 207 447
35 219 464
56 221 427
75 235 389
10 263 438
30 290 459
47 253 422
69 224 439
47 201 399
56 295 372
6 205 403
77 237 414
40 281 428
69 260 396
372 197 179
371 155 229
445 196 219
450 147 194
370 209 157
380 167 192
396 209 173
396 217 249
365 168 169
358 150 231
410 187 252
433 158 177
387 188 221
366 192 239
365 205 199
370 170 203
448 219 156
439 195 208
389 202 174
421 202 170
370 187 237
414 173 179
406 148 210
366 212 238
371 137 173
430 153 242
430 203 164
443 188 211
408 198 154
427 208 235
411 152 182
410 151 195
407 214 175
453 183 237
419 210 226
383 219 230
454 201 176
414 232 158
419 224 202
360 181 172
83 204 264
77 275 345
81 268 323
103 259 279
61 287 341
90 285 268
44 270 268
38 278 332
125 234 344
82 277 252
51 275 315
109 248 282
74 278 264
48 268 252
96 243 297
62 278 306
64 224 303
121 223 277
82 268 327
39 202 319
122 223 259
98 237 329
78 295 252
46 247 303
119 259 308
32 224 269
103 219 282
63 220 260
98 246 306
113 213 281
35 292 307
76 249 297
27 201 247
39 285 247
111 231 294
114 245 295
65 228 266
127 208 318
117 293 248
48 202 248
