29 48 67
34 48 75
25 35 66
27 53 52
58 25 81
28 26 48
54 52 51
54 25 59
32 26 69
61 60 74
43 62 56
36 47 50
56 51 60
44 48 70
60 45 70
47 38 48
48 29 46
39 45 74
45 37 69
55 29 81
23 41 58
31 53 50
50 26 81
55 34 65
40 46 68
52 52 85
26 34 73
63 43 65
34 51 57
34 59 72
34 42 47
56 43 82
57 46 85
63 40 79
27 46 72
49 52 76
53 43 66
28 53 62
24 54 70
28 30 81
60 57 54
38 51 86
57 40 60
52 26 80
42 54 78
25 34 86
47 30 81
60 29 61
28 31 61
29 61 49
25 40 48
63 50 57
53 42 60
53 26 60
37 56 78
56 29 46
27 30 86
39 26 52
63 52 79
27 24 51
38 47 60
33 33 53
40 40 64
41 24 85
47 56 60
47 37 80
23 34 53
56 52 78
33 54 64
23 37 70
47 38 56
32 37 74
29 34 75
52 45 75
51 53 64
46 51 83
25 36 52
27 55 59
50 59 72
25 60 50
41 37 51
55 34 83
32 49 80
53 29 60
47 36 65
54 55 50
61 32 64
53 64 50
36 61 68
61 59 77
31 46 69
55 33 54
44 52 77
54 37 61
40 61 82
40 38 61
46 28 53
33 60 72
28 64 79
52 48 53
25 28 81
35 42 77
51 54 48
42 37 47
39 38 51
31 62 66
26 30 46
61 46 84
38 34 55
62 29 56
39 38 58
37 51 66
24 58 61
29 32 63
63 58 65
39 32 76
58 56 58
63 34 80
26 31 53
53 61 62
63 52 61
41 55 58
42 63 77
46 30 77
56 30 47
58 24 65
42 53 77
51 46 73
33 59 81
40 34 47
46 63 77
27 59 50
32 40 61
60 57 55
53 36 57
23 31 73
55 52 54
62 40 64
53 42 74
42 41 74
40 43 86
28 49 82
52 63 53
47 25 59
63 51 73
61 60 84
24 40 72
51 59 73
25 63 62
50 54 80
58 43 63
51 51 85
49 30 70
29 61 69
50 38 85
38 34 80
41 49 78
44 61 72
38 48 78
39 50 70
36 28 53
45 25 84
60 33 70
25 52 86
45 40 53
57 56 86
46 52 62
55 36 76
61 35 67
62 26 48
40 24 68
48 43 75
23 30 50
62 59 50
58 38 71
56 39 58
59 30 86
47 39 53
44 55 68
48 48 86
30 60 51
54 24 56
53 31 86
42 41 77
54 57 86
55 54 46
31 61 73
29 31 66
61 57 84
63 36 76
59 29 48
36 34 52
54 57 55
46 60 79
50 54 70
26 29 62
28 55 59
58 60 62
53 28 75
51 31 67
61 30 79
41 49 49
47 24 59
61 57 81
62 44 60
51 35 85
44 37 70
50 24 62
28 41 80
39 30 61
48 47 51
37 40 49
24 48 75
40 42 62
59 33 57
40 39 60
59 61 73
26 59 58
50 36 54
25 63 63
58 44 76
34 31 61
53 63 76
36 43 49
32 28 75
56 35 69
47 37 76
42 49 54
30 45 48
40 52 65
57 52 46
34 33 50
42 38 64
23 45 80
62 42 60
56 47 59
36 52 62
40 63 77
35 60 53
55 31 67
53 47 56
24 61 86
23 52 66
25 50 57
27 26 50
53 51 71
36 28 82
37 62 52
56 36 77
28 46 76
59 50 79
54 50 77
57 42 70
53 64 59
50 43 73
26 25 50
61 36 78
56 59 56
49 42 49
57 45 55
43 63 75
30 60 69
50 57 82
32 37 57
63 53 77
51 58 46
58 42 53
40 54 80
51 24 86
48 54 61
47 45 84
34 27 51
61 47 63
50 51 55
24 24 59
59 62 64
44 57 58
25 33 78
35 58 66
32 36 51
44 25 56
41 46 67
49 50 56
63 53 72
28 37 76
24 41 47
27 38 48
44 34 47
45 55 85
30 36 70
48 30 69
36 47 72
32 61 64
58 47 47
57 57 68
56 45 70
60 33 48
38 52 63
41 38 60
43 25 86
61 45 49
40 55 58
36 43 72
49 40 58
43 51 52
38 29 76
44 40 85
41 43 68
53 29 72
46 41 54
56 63 64
63 63 49
26 35 60
40 25 86
44 26 49
49 50 56
40 61 62
53 24 71
28 55 82
25 43 74
46 50 56
53 32 65
50 28 69
30 44 79
51 31 59
50 60 66
23 31 47
37 54 83
24 55 60
29 27 52
47 59 54
46 29 79
23 61 56
60 41 78
34 63 76
39 54 50
30 38 48
53 64 54
31 59 69
54 24 56
32 64 80
61 31 86
46 46 51
53 27 74
48 31 83
33 28 86
32 35 58
37 39 60
49 35 77
46 63 72
43 41 73
29 51 70
29 50 51
41 39 49
41 26 59
60 37 86
53 39 69
52 25 75
29 56 84
28 47 80
30 43 83
50 41 75
28 54 58
43 53 64
38 43 76
25 54 71
53 27 63
30 25 85
45 56 61
62 36 49
40 25 63
61 58 63
29 38 74
60 63 53
57 33 86
42 51 83
27 34 73
34 44 79
23 60 86
45 41 60
23 54 86
36 32 51
34 25 85
25 45 70
49 43 75
57 45 72
27 45 64
46 55 76
47 47 66
44 53 83
56 59 48
50 27 52
59 27 64
31 44 54
23 40 68
23 34 61
25 52 63
29 48 47
23 40 52
63 52 52
36 41 59
25 59 53
32 58 67
39 46 58
60 43 55
42 37 75
39 53 72
46 38 67
24 61 54
50 49 49
61 31 69
50 33 76
42 61 52
31 60 74
37 49 71
40 26 83
48 47 54
60 42 81
57 50 60
44 45 63
31 43 78
61 40 65
34 47 77
39 30 86
25 43 48
41 43 86
30 34 48
60 53 84
61 52 65
49 64 46
41 37 48
53 31 86
26 36 48
52 44 80
59 55 82
42 34 74
59 50 70
49 64 77
56 51 74
60 54 64
50 64 76
30 26 69
29 32 83
54 53 47
56 33 61
41 38 82
29 31 56
52 29 50
33 44 79
36 43 46
56 54 68
33 47 72
39 46 75
29 50 58
23 35 77
59 29 46
48 61 51
43 60 48
35 47 56
49 53 48
42 53 54
57 29 52
51 58 51
54 34 78
30 42 76
33 44 71
46 51 67
37 53 74
32 62 73
46 59 72
29 56 61
41 25 56
38 38 71
28 34 68
44 33 74
27 61 71
45 58 80
58 48 71
32 41 79
39 57 46
34 46 72
38 61 49
31 32 49
53 28 76
35 49 51
30 43 75
32 34 66
62 34 75
29 61 75
47 32 47
35 27 62
60 44 69
58 29 61
29 56 74
59 56 74
42 56 49
42 24 48
38 61 46
52 52 46
23 46 49
26 93 97
6 78 82
-7 78 90
-3 83 94
8 62 91
-13 58 104
4 72 112
-2 78 78
-12 81 102
-9 60 87
15 94 104
14 91 104
5 70 84
-1 75 111
3 81 99
26 79 88
16 63 88
17 88 78
24 92 98
24 75 112
21 75 80
6 72 92
24 70 94
6 91 86
12 97 73
22 89 77
6 97 79
10 71 87
0 74 73
26 91 97
11 65 98
4 57 112
19 84 81
-13 63 91
-11 58 88
7 81 95
27 71 94
21 70 110
7 73 76
-11 66 103
23 62 75
12 76 112
-11 81 81
-5 93 83
24 57 100
2 93 110
-2 73 87
-7 73 83
10 73 89
4 70 97
-7 80 84
22 83 100
9 82 94
20 86 80
5 94 100
-3 78 108
-4 83 93
-4 77 75
9 69 92
13 95 88
7 81 77
19 86 73
-5 60 81
19 76 72
-12 74 101
-8 57 104
7 92 85
-3 60 93
9 88 94
22 59 79
18 77 102
21 66 80
20 75 98
-2 84 84
20 91 76
-6 75 101
-13 93 109
-2 58 91
6 61 106
-6 88 97
25 69 90
0 91 109
11 75 88
12 82 87
-6 66 105
9 75 95
-1 82 110
16 87 109
-9 96 108
12 58 104
14 64 90
26 93 101
5 86 96
15 93 93
20 66 90
2 66 105
-11 61 77
21 59 75
-1 61 75
23 84 106
17 73 104
5 86 91
23 63 74
-2 65 95
26 59 99
25 88 105
14 71 103
7 69 101
11 83 103
20 72 94
-7 86 106
-2 66 77
16 81 102
-8 73 91
-9 94 105
11 58 104
-5 86 105
23 88 102
16 84 76
-6 82 82
21 71 103
21 97 73
3 84 90
14 68 85
-10 82 89
-10 70 106
3 69 103
-7 69 100
-13 97 101
19 57 93
3 91 82
5 70 73
14 97 80
22 92 86
26 57 72
-8 82 95
9 92 85
11 80 89
10 96 76
-13 67 110
3 94 108
6 59 85
18 71 92
11 87 100
17 66 104
9 83 105
25 74 84
-5 76 88
9 94 79
26 66 102
3 85 99
-11 93 74
0 88 85
14 63 103
10 72 91
1 63 104
-8 66 95
26 97 78
3 69 85
22 96 74
20 70 110
-13 91 111
8 97 80
3 72 76
0 73 107
11 67 92
21 94 99
-12 78 75
1 78 80
21 89 105
-8 72 112
24 58 95
-1 82 111
-6 87 90
-3 72 79
12 83 109
2 97 91
7 90 95
0 61 92
3 67 93
0 69 86
-4 71 96
9 59 93
-5 90 77
-8 79 102
11 94 110
16 89 72
6 82 90
2 88 85
12 58 85
1 62 108
13 86 106
9 96 79
14 63 104
1 75 95
26 69 111
0 77 95
-11 83 108
5 78 78
14 57 92
16 90 82
1 96 87
22 75 74
3 70 78
18 70 76
17 94 108
3 58 95
9 83 107
21 61 86
-1 67 93
-7 84 102
17 83 86
17 75 105
-2 58 92
5 71 81
25 61 73
4 58 84
27 76 80
27 75 103
14 93 86
25 77 95
-12 65 93
-8 96 102
6 89 94
-11 61 112
2 76 112
23 74 88
23 82 82
26 70 97
2 74 109
-10 68 98
-12 58 106
23 91 108
6 73 93
12 64 111
-9 61 110
22 87 103
-4 73 91
-5 59 90
-13 70 83
-9 92 93
-4 61 79
-3 66 93
3 73 90
22 83 104
-3 78 99
12 62 75
8 75 98
27 85 74
-4 96 104
5 61 90
15 70 108
13 94 82
-1 59 93
19 93 101
16 74 84
5 62 96
7 66 72
1 58 86
-13 68 109
24 86 94
5 70 88
11 94 101
25 75 76
17 97 89
27 57 81
25 75 112
20 64 96
-12 93 72
8 62 97
12 83 86
2 91 95
16 60 89
14 93 105
-2 76 88
7 61 80
13 57 93
-7 78 101
3 84 74
8 58 86
18 66 86
-13 88 112
-6 87 93
21 78 80
12 84 110
-2 88 112
-13 91 91
9 77 97
1 89 82
1 73 98
14 61 103
9 70 89
2 66 99
17 92 92
10 73 102
6 88 74
4 69 72
6 75 83
17 87 77
8 67 108
-3 57 73
27 97 85
-10 57 96
16 64 75
1 73 104
25 87 91
-7 70 95
-11 62 83
23 95 94
18 86 94
25 63 74
4 57 75
7 61 96
16 90 107
0 75 95
4 82 79
17 88 91
10 63 104
3 89 107
25 91 87
20 89 85
10 74 90
21 80 94
-6 81 82
15 60 78
-4 70 87
15 78 101
21 80 104
2 80 86
-6 89 84
20 86 92
-11 82 86
-6 73 99
9 86 100
-11 64 85
12 58 103
27 68 103
19 57 97
11 71 82
22 79 85
7 93 110
2 91 89
16 59 103
19 95 112
10 66 101
8 58 84
5 72 77
5 94 89
13 81 80
21 80 111
-3 91 101
13 93 94
23 63 75
7 68 90
-3 70 98
9 67 98
-6 96 100
12 87 89
-1 71 75
4 60 97
-1 77 90
18 72 85
-7 75 72
-13 77 109
16 72 93
0 61 78
6 74 106
-6 94 88
-13 60 84
18 64 80
14 84 99
21 59 99
5 87 109
-4 89 85
-4 73 80
19 92 91
13 92 84
22 92 105
2 97 72
1 69 77
9 80 81
-9 64 95
4 62 73
6 95 80
-1 69 99
12 87 74
-11 81 81
9 73 74
-11 72 75
6 64 110
-13 89 108
-13 80 72
17 67 83
23 60 85
25 94 92
-13 65 92
0 84 101
13 87 87
14 65 90
1 96 90
9 62 96
12 97 110
26 95 108
10 96 74
-3 59 93
5 89 111
7 82 72
-6 96 76
7 84 85
-3 94 74
-3 82 73
-13 59 89
-7 75 82
12 65 88
14 61 110
10 78 83
-3 79 72
-12 69 111
4 97 102
15 57 89
21 79 101
23 93 86
21 84 103
14 87 109
-3 92 84
11 70 96
-11 94 74
24 74 87
-4 94 108
-5 91 91
-13 63 83
26 58 98
-12 74 110
-2 78 93
27 93 95
-10 92 78
3 87 109
5 87 82
25 89 90
12 91 80
18 77 91
18 61 111
-2 85 102
-4 78 78
-5 64 102
11 81 76
-6 78 90
-3 84 88
10 61 110
-13 78 104
12 73 106
5 96 87
3 87 84
26 72 103
6 61 73
-1 86 73
-2 81 88
-13 67 86
25 60 97
18 88 111
20 76 87
20 73 89
27 76 99
17 73 83
-11 89 79
-12 66 111
20 97 78
-6 59 102
-6 79 105
9 94 106
16 60 89
8 95 86
5 80 95
-7 71 93
12 62 87
2 60 86
21 58 98
-9 59 96
24 89 96
7 70 111
11 75 80
1 58 101
-3 77 82
19 78 95
-5 68 80
26 91 90
23 72 74
17 78 102
11 57 79
-12 88 81
18 83 88
5 80 80
0 94 85
22 88 101
12 70 91
10 94 112
18 60 85
-13 84 83
-9 81 90
12 76 102
31 64 -3
42 72 1
9 80 6
27 73 12
8 57 8
2 86 -6
33 70 15
39 71 -4
13 87 20
14 52 25
20 62 5
17 66 29
20 51 25
41 85 0
32 64 -5
2 89 15
38 64 14
31 83 -3
29 63 25
26 86 -8
12 50 25
32 79 -4
3 51 -6
18 70 7
33 62 -11
31 71 20
16 53 2
36 49 8
41 71 12
11 72 16
33 83 2
27 81 -6
3 65 16
10 63 5
2 75 24
3 58 14
32 68 6
6 71 13
18 89 -4
4 80 4
37 82 14
24 88 0
7 83 17
34 78 16
16 71 -10
29 61 12
7 83 10
19 75 -5
22 70 12
18 66 -4
8 78 11
7 69 14
19 86 12
33 62 25
5 86 25
27 84 27
18 61 11
19 80 -6
13 50 -8
27 54 22
26 73 21
36 84 22
15 65 9
10 77 -5
36 57 -4
19 77 21
14 65 16
14 85 28
9 84 26
17 76 14
14 59 15
15 75 28
26 69 -2
18 50 -4
19 57 17
33 58 4
11 83 0
26 54 26
23 63 1
25 83 14
25 74 28
35 64 7
28 80 12
31 72 20
14 64 23
18 73 2
16 73 6
37 54 4
2 65 1
17 74 22
32 81 25
7 54 25
7 59 -10
20 86 -7
27 66 6
19 83 1
30 83 16
21 49 3
2 55 23
14 58 -6
33 49 -3
24 59 28
40 88 11
17 58 3
10 88 16
14 57 10
31 84 12
42 86 -1
30 49 15
20 54 -8
11 68 10
36 88 17
34 65 20
30 86 28
37 83 16
2 65 23
34 50 10
24 72 13
28 58 27
17 85 9
20 49 14
11 54 15
10 58 -6
23 61 4
42 74 -1
16 81 0
36 83 22
9 54 -3
2 86 3
27 70 15
27 61 15
2 65 -8
30 66 -11
8 76 1
32 51 14
3 66 13
33 63 16
24 78 2
5 69 23
42 69 -6
5 64 5
23 71 -7
36 81 29
7 54 6
30 61 -6
31 57 12
3 73 9
23 66 23
25 51 23
32 51 9
15 88 -2
40 75 4
29 86 18
17 74 -1
23 66 20
11 56 -3
17 67 24
9 78 9
24 88 26
20 66 13
8 77 18
33 53 20
11 75 24
23 79 6
23 76 -3
36 81 20
42 84 -7
3 74 9
5 61 25
28 59 -7
2 64 17
15 53 5
17 60 20
4 72 -5
15 54 20
4 87 -10
33 73 18
38 60 16
31 76 -9
22 61 19
25 80 10
17 53 28
31 76 0
21 78 -7
27 62 1
30 84 21
30 77 15
42 56 28
42 53 -7
4 71 -2
18 74 29
13 56 5
14 67 -10
37 79 4
34 72 26
10 86 21
41 50 17
38 54 -1
35 85 -6
32 58 7
29 60 19
42 58 8
19 72 9
17 85 3
19 67 11
7 75 19
39 55 28
29 53 24
19 78 24
27 51 -7
23 59 21
33 71 22
6 80 7
14 80 28
16 61 -7
7 89 9
9 54 0
13 63 0
16 67 10
25 59 28
14 86 5
34 58 29
12 60 27
35 72 29
34 55 15
37 63 26
30 57 -11
7 80 -5
15 66 21
11 67 -11
4 82 28
37 71 6
42 70 -9
28 84 26
2 62 -8
30 61 -2
42 65 12
4 59 27
9 62 15
41 68 -8
16 77 27
9 61 -3
37 84 29
3 63 -11
7 60 0
17 51 24
24 81 -1
10 79 8
10 79 2
21 77 28
19 59 26
23 77 0
40 79 20
8 65 12
23 53 14
28 76 22
26 88 9
15 58 20
20 79 10
20 71 -2
4 69 25
39 84 -8
33 77 12
2 69 0
10 51 12
26 61 23
15 66 26
26 76 25
39 79 4
11 69 21
41 60 14
19 69 28
22 57 -9
42 62 13
11 74 -3
39 81 9
2 88 22
5 69 15
25 54 18
13 49 29
41 80 5
39 69 -3
17 49 29
33 89 9
37 60 -2
21 75 15
22 60 2
4 88 -3
17 74 27
30 84 24
32 53 27
7 65 19
8 66 14
18 77 -11
19 62 14
31 81 -6
10 75 -7
24 75 -6
26 62 6
39 80 29
17 69 8
5 72 28
22 57 0
39 72 3
8 67 11
39 89 10
11 84 14
16 80 2
30 50 7
33 77 8
32 74 18
11 57 -11
18 76 8
38 81 -4
27 63 28
28 49 -3
34 52 -3
11 53 16
37 82 -8
34 54 -11
37 57 19
12 85 -11
18 58 1
17 79 14
38 52 5
40 68 -8
10 85 -2
35 50 -8
15 73 13
39 54 -4
29 68 25
15 70 0
40 50 25
24 89 27
31 63 29
14 64 6
30 63 -11
19 75 26
3 68 0
5 80 -6
19 77 -8
33 80 -2
11 78 27
40 82 9
27 51 13
3 59 -8
17 63 29
14 59 -4
33 79 -4
6 89 13
9 78 17
39 79 16
37 58 28
28 79 14
18 73 4
25 69 5
3 85 28
39 50 11
14 71 0
3 58 22
3 71 21
23 87 4
16 81 11
20 56 2
28 87 12
28 56 -7
20 62 24
4 58 -6
33 66 23
24 58 26
15 58 29
39 67 24
30 72 27
13 61 -7
30 61 3
36 84 15
41 89 12
38 81 26
3 56 25
41 67 29
29 71 29
30 79 -3
6 87 20
22 84 14
28 88 29
12 68 14
34 59 12
33 82 6
14 50 16
28 64 27
35 78 -8
24 68 17
41 76 -5
22 73 -7
19 85 9
6 68 15
29 72 20
17 53 7
26 69 -9
4 59 19
26 77 27
2 81 -1
18 56 -11
25 66 10
25 77 -7
40 87 18
16 65 -11
2 58 -5
9 78 12
25 52 -10
10 84 4
39 72 29
23 79 20
34 54 24
42 84 24
2 81 10
12 83 -6
32 78 1
5 83 -11
3 79 19
12 83 18
2 80 2
14 89 8
21 63 12
30 49 20
14 88 2
9 58 5
13 67 27
41 84 1
39 62 -5
41 64 20
16 58 29
28 79 11
8 77 16
38 68 -3
14 81 22
3 55 27
28 74 -2
42 59 16
32 73 -1
31 87 12
11 65 18
29 51 -4
18 51 -3
41 71 29
18 67 10
31 70 -9
31 88 19
5 66 6
20 79 8
5 88 -7
30 87 -8
4 70 19
2 74 -6
2 80 5
19 71 15
2 55 24
18 74 -3
2 64 -3
7 65 23
30 84 12
36 89 2
17 64 19
23 63 -7
11 76 12
33 68 29
40 88 -6
10 53 12
6 76 2
38 55 22
8 60 21
23 53 4
10 65 17
22 58 27
35 78 19
24 87 7
4 55 -11
23 67 -1
4 59 20
4 53 -5
24 73 17
12 76 -10
9 73 -3
4 74 25
41 50 22
7 71 0
20 83 9
34 60 14
33 81 11
27 73 22
9 66 -10
42 81 3
29 53 22
3 62 9
18 77 -10
27 82 -3
24 76 26
3 60 7
2 71 4
6 63 -6
44 71 52
49 78 17
58 77 37
41 69 42
47 70 52
55 86 15
73 78 47
53 79 37
34 93 37
43 81 33
46 88 45
66 68 42
61 61 50
49 68 41
73 75 29
49 85 22
38 66 53
37 91 32
45 96 38
69 76 41
47 97 33
41 78 45
37 90 28
38 78 23
57 59 22
34 89 43
47 63 30
55 96 33
68 69 23
70 97 47
72 84 17
69 91 40
54 91 29
68 61 28
63 84 18
39 95 42
60 68 31
70 97 52
37 74 17
71 62 53
36 66 22
68 61 31
43 94 17
57 62 30
50 61 36
67 85 18
42 74 38
46 61 13
50 80 45
66 83 49
71 77 28
73 79 48
63 59 48
62 64 31
71 96 29
38 97 33
66 74 29
47 64 15
45 77 15
50 90 21
64 95 23
69 64 48
70 88 29
34 74 25
52 60 14
41 71 18
67 67 47
48 81 14
63 80 17
54 58 46
72 89 21
38 94 30
59 75 22
43 80 21
39 87 45
41 69 40
69 90 42
64 70 52
41 64 26
61 96 29
42 71 25
40 59 36
60 83 40
43 78 32
64 85 27
46 58 20
63 82 21
38 61 40
63 84 22
39 63 53
53 58 42
41 73 17
50 68 47
62 67 36
53 66 39
59 57 30
52 65 50
71 78 19
53 92 38
53 68 31
33 94 26
48 61 37
42 63 50
70 83 49
62 60 43
66 66 49
60 63 29
70 82 33
58 75 21
66 77 36
56 86 23
53 97 52
59 62 27
55 76 16
55 61 33
64 97 36
69 62 20
65 68 51
69 94 52
35 72 51
47 65 36
47 92 41
40 88 52
50 80 37
45 95 50
46 73 14
56 62 26
62 88 31
63 93 23
47 74 20
52 69 36
73 59 18
55 84 46
33 85 35
50 77 33
42 85 51
40 69 19
49 74 19
49 90 49
41 86 28
57 69 53
52 57 39
73 97 17
37 59 36
39 92 26
33 66 26
43 74 43
33 94 30
51 83 32
43 87 15
40 71 13
55 67 33
52 59 42
61 70 35
73 69 13
65 76 30
48 66 33
66 90 41
64 84 37
64 60 21
36 64 30
57 79 45
39 64 22
67 93 37
38 93 34
53 74 13
50 93 22
61 84 43
44 88 19
61 78 26
38 83 41
50 60 39
40 69 15
59 80 32
51 58 28
38 78 18
45 73 46
39 91 49
59 78 34
43 76 21
48 85 33
47 78 36
36 61 42
71 66 17
55 72 48
58 85 33
73 78 45
59 77 24
46 63 46
52 58 16
42 86 51
71 70 13
57 94 24
64 59 33
62 79 25
47 75 26
47 66 46
46 89 51
65 90 49
35 65 19
42 97 52
39 62 44
58 78 43
73 69 42
57 84 25
51 89 29
36 59 43
40 80 47
38 63 40
60 89 28
71 91 13
33 90 46
39 81 22
52 69 39
44 60 38
57 60 45
46 64 35
40 87 47
44 77 36
67 89 38
58 58 15
34 72 30
57 71 28
49 59 34
44 60 15
43 81 32
52 72 22
33 63 37
47 97 46
72 72 41
68 62 44
56 78 47
40 80 35
63 92 45
64 92 52
46 61 33
53 83 41
71 85 30
37 84 27
45 89 43
44 83 33
44 60 31
60 65 36
42 61 30
46 74 24
59 80 27
35 89 31
63 66 22
39 74 27
59 92 13
57 59 16
39 83 35
50 59 47
73 89 39
48 87 29
61 75 24
58 81 27
71 91 29
40 57 39
63 60 28
43 65 41
36 71 41
52 83 21
52 67 53
58 90 38
71 75 37
42 63 31
66 64 15
37 82 36
64 67 27
40 58 19
61 69 18
69 70 52
51 94 24
33 74 44
57 59 21
69 89 14
60 91 53
63 87 46
66 67 21
53 76 14
48 74 47
57 87 37
59 84 21
64 88 48
72 69 46
40 73 49
44 67 13
50 72 33
62 85 53
61 77 30
46 60 46
44 91 26
71 73 37
47 57 37
61 89 16
72 93 22
38 90 15
51 89 48
60 60 24
58 70 34
47 65 40
44 57 52
40 85 50
46 80 53
66 69 34
65 76 13
57 76 43
48 77 14
53 81 27
69 70 21
37 87 53
52 75 45
67 97 16
67 62 50
47 90 41
52 80 39
68 60 36
68 74 19
65 62 23
55 91 26
45 88 25
68 92 14
59 95 24
38 72 18
41 76 51
40 66 51
73 73 43
53 87 31
58 82 14
44 91 53
49 75 53
63 88 50
59 95 27
45 64 24
72 75 34
54 70 26
54 80 15
72 63 19
63 83 53
55 90 34
55 72 15
37 59 22
44 61 43
62 74 13
41 77 29
33 68 35
61 85 17
44 87 23
65 80 53
73 80 23
50 69 15
57 92 31
50 84 38
66 78 16
51 64 45
36 94 35
34 74 43
54 66 46
45 93 45
70 82 22
56 73 41
35 72 49
66 60 52
36 63 14
66 75 37
65 86 28
37 96 22
63 80 39
37 76 19
63 67 20
72 63 24
45 78 37
67 73 36
43 74 44
66 76 25
71 83 36
50 64 44
58 96 22
33 97 29
45 77 51
59 90 40
51 96 52
72 60 29
45 85 28
64 81 29
39 80 15
63 90 28
58 72 21
40 71 34
71 65 35
59 81 23
59 87 20
62 74 16
60 91 29
73 79 49
53 65 37
47 62 43
53 85 50
45 79 35
39 85 24
54 89 28
66 85 29
46 76 25
38 72 52
33 88 19
73 96 29
62 83 24
59 93 41
43 73 50
69 72 17
65 62 23
60 76 28
52 88 52
54 59 46
67 86 47
55 97 25
33 81 21
38 96 52
34 58 13
46 83 46
73 63 36
36 80 29
48 74 21
60 84 52
67 81 24
37 65 26
37 59 30
56 93 22
42 60 27
61 95 28
73 73 46
64 92 25
62 95 30
38 69 36
49 95 41
69 84 50
69 65 35
68 59 31
56 72 51
71 90 22
69 57 48
53 67 46
47 57 53
39 90 44
70 73 46
69 93 45
53 85 24
60 86 44
66 86 14
59 86 26
52 57 51
53 71 51
69 92 13
37 92 14
41 62 41
54 57 49
60 75 39
69 80 34
55 67 16
43 79 47
61 88 45
34 58 27
63 93 28
51 69 45
57 76 22
52 62 33
39 92 52
42 65 44
67 68 17
49 80 47
39 59 26
50 94 15
48 58 17
48 67 46
40 59 34
39 66 39
66 92 27
36 67 35
64 96 22
47 65 17
37 67 41
70 87 29
53 75 36
38 73 19
43 79 45
72 59 40
69 88 26
57 88 52
42 69 33
36 89 13
68 66 17
43 81 50
70 60 29
40 95 44
37 71 26
33 68 51
62 57 13
60 72 19
55 96 24
99 55 -4
79 33 23
98 32 22
78 37 22
96 43 25
98 52 24
78 48 27
82 60 -3
74 60 8
78 30 28
84 55 13
97 30 19
109 58 12
93 58 25
85 32 19
94 24 -2
80 29 17
81 52 17
113 34 4
91 32 -5
87 31 4
74 46 21
104 56 16
103 38 6
107 47 16
112 44 -8
110 63 1
110 57 -12
108 33 -8
96 31 24
73 57 26
83 61 12
104 40 16
113 44 22
79 32 -9
103 32 11
105 26 22
105 23 -10
87 45 20
73 35 -1
84 42 8
101 62 25
74 30 18
89 48 12
98 37 -7
84 63 24
100 54 20
97 42 26
93 53 28
76 50 11
78 55 -4
78 56 5
84 30 -10
76 63 25
75 30 24
86 57 24
103 34 5
86 28 19
112 30 -8
112 26 -8
90 30 24
107 47 4
94 38 0
73 51 4
90 23 -1
99 46 0
85 51 7
100 35 4
100 31 -10
97 30 1
108 63 19
75 36 27
95 57 24
113 29 3
84 43 4
88 32 13
109 32 -2
97 41 -11
73 48 11
89 58 16
82 56 10
90 62 0
77 35 7
80 53 2
90 52 23
83 31 -2
109 39 16
99 23 -7
99 51 -8
74 39 6
97 26 -12
99 63 5
105 44 28
97 35 15
84 23 26
112 46 -11
92 26 13
73 62 1
84 45 3
77 35 -9
92 30 6
84 32 -5
105 63 4
92 40 13
91 28 8
87 38 -10
108 39 11
96 23 2
94 31 6
81 23 25
94 59 27
84 25 -7
90 41 18
86 56 14
106 37 12
74 52 17
80 61 -3
90 52 25
78 43 11
76 49 -10
99 26 28
112 50 4
110 33 21
87 37 -7
91 35 13
79 42 23
96 28 7
101 56 13
107 30 13
88 54 25
77 32 15
74 62 16
105 40 26
78 26 19
90 45 20
82 61 11
99 57 24
75 29 1
82 62 -11
92 59 15
79 47 19
104 52 16
83 39 16
87 48 20
112 48 -4
78 58 -3
86 31 12
100 47 6
106 60 -10
106 43 10
103 61 13
78 23 1
95 48 18
82 42 14
99 40 -1
86 50 16
111 47 20
102 38 27
112 55 23
82 56 4
98 29 24
113 58 5
98 30 19
96 37 -9
104 53 3
85 23 12
104 40 -2
95 33 11
99 47 13
90 33 9
86 63 -5
94 37 24
95 63 -7
96 24 -8
102 59 17
96 61 17
103 62 14
111 33 -5
84 40 -11
104 53 9
82 36 8
76 30 25
84 40 22
96 40 28
110 47 -7
98 46 4
105 38 25
101 37 -11
110 39 -11
82 62 -8
79 34 14
108 26 25
77 59 16
95 61 3
90 63 -12
105 33 6
74 54 -10
101 29 -3
104 45 -11
87 49 11
80 60 -1
102 24 4
107 23 -12
97 53 8
110 62 1
101 58 23
80 39 -3
91 62 -4
84 39 18
91 35 4
82 54 23
87 42 8
85 48 16
88 53 -11
87 48 13
103 58 11
73 63 6
79 34 -11
93 37 26
103 60 -6
102 39 13
105 49 8
103 38 27
78 36 7
95 25 9
104 53 -1
113 27 8
76 33 20
111 50 -5
111 53 3
94 34 -12
80 36 16
86 63 17
73 58 25
97 59 -8
104 32 -5
102 47 17
78 40 6
78 51 15
81 60 -4
78 51 16
81 27 11
103 33 7
80 59 23
109 28 8
97 31 10
81 51 8
88 61 -10
87 36 20
111 42 5
90 52 18
105 58 9
108 43 -11
94 35 -5
78 61 23
102 41 15
112 43 11
99 24 16
103 34 23
100 42 11
113 59 12
104 55 16
90 57 20
95 52 -12
108 50 1
94 39 -5
94 54 -8
78 36 19
82 23 0
95 59 16
95 58 22
106 51 -8
84 28 -1
111 62 13
89 23 5
112 45 6
75 35 19
91 27 -8
97 29 20
76 60 17
77 61 20
90 62 9
110 51 -12
112 38 -6
78 52 -3
94 54 11
78 25 14
74 35 16
79 60 6
113 61 19
83 24 -3
79 42 17
106 63 -3
81 34 -2
108 36 21
76 28 17
109 45 1
93 46 -4
88 33 -7
75 39 -9
98 47 10
74 24 -4
101 55 12
73 47 13
89 43 12
102 49 21
110 59 16
97 59 5
82 27 12
104 55 16
79 36 21
107 42 10
97 45 -1
105 52 -10
82 39 3
110 27 -1
74 30 3
86 25 -8
88 31 11
102 54 19
99 29 23
73 40 26
96 45 -12
89 24 13
80 58 13
88 45 8
75 55 20
94 53 21
74 45 7
75 36 6
96 26 -7
111 45 23
110 40 16
84 24 21
102 50 14
92 56 27
106 59 -4
88 52 -10
75 60 0
95 30 4
85 50 -10
103 40 -9
108 53 11
78 33 25
107 32 20
81 26 25
110 48 -8
110 45 16
100 26 -4
73 42 11
83 54 5
97 51 -4
77 56 11
73 27 8
81 46 -8
98 50 4
103 30 -6
105 56 -4
100 24 3
87 27 28
75 50 -9
104 47 -1
103 26 15
88 49 19
104 43 14
91 32 -9
111 52 13
73 57 10
78 24 5
101 31 5
85 51 22
110 40 25
91 48 -8
111 40 23
108 38 9
109 24 22
100 42 25
93 49 -8
85 45 28
98 57 5
81 25 12
77 33 17
88 24 28
84 25 14
88 59 3
113 53 16
98 42 9
97 49 -11
112 27 18
87 51 -7
99 55 4
80 63 -4
88 60 24
84 56 -9
95 41 -1
99 59 19
109 42 8
83 46 8
90 32 -4
81 40 9
85 38 1
98 61 20
83 37 25
73 53 1
83 23 4
104 39 15
97 33 24
86 59 -3
97 43 9
75 45 19
104 62 -10
77 31 2
77 50 19
79 58 28
84 55 21
113 39 27
90 25 3
109 60 6
103 35 21
75 30 13
113 49 25
106 48 18
79 56 11
94 60 10
98 37 24
93 36 21
90 63 7
93 60 20
85 40 1
89 39 -2
83 43 18
75 33 -11
73 26 2
84 61 -5
91 25 -11
107 55 3
80 62 -1
78 59 25
100 29 -1
82 31 -10
103 59 1
106 54 5
99 40 22
90 50 2
86 58 -7
108 59 17
84 63 25
83 54 -6
111 29 0
104 53 28
93 29 27
83 47 25
98 53 0
78 25 -9
100 61 8
73 26 17
99 32 -3
98 33 14
82 53 -3
96 56 23
109 34 25
95 41 4
103 23 6
89 27 -12
83 29 12
112 26 1
96 48 16
98 60 28
96 23 0
83 63 26
78 47 9
83 61 13
108 50 10
106 24 11
87 25 18
111 40 -8
104 23 12
76 48 5
88 49 9
107 62 13
105 31 -8
93 42 -9
77 51 2
100 39 7
108 45 -12
84 60 -6
91 61 25
95 36 26
111 30 12
106 31 9
93 37 27
76 26 8
106 33 2
84 23 3
109 23 7
110 54 -1
103 25 19
85 63 -9
100 60 13
95 62 21
34 6 63
35 13 76
23 19 82
37 6 67
56 30 58
23 32 82
43 36 71
23 25 65
32 30 43
40 30 56
23 16 63
22 -2 50
25 5 74
25 30 52
55 30 42
37 12 71
30 4 45
18 2 43
20 32 80
46 17 63
34 24 79
30 1 44
32 28 53
20 0 78
54 7 52
47 7 45
18 35 56
55 27 81
34 12 71
16 11 62
33 8 81
34 16 55
53 28 81
18 22 74
42 32 67
34 27 74
21 35 44
33 20 52
39 34 58
33 6 54
32 33 50
36 0 52
27 22 47
39 24 52
18 28 48
35 -1 45
51 29 65
22 19 61
20 34 61
25 -1 69
21 -2 79
27 15 79
31 1 62
23 18 79
34 34 74
26 30 57
35 26 73
50 4 77
18 14 80
18 18 58
45 2 48
50 21 47
48 21 43
38 17 76
53 17 50
19 5 81
31 10 78
55 6 82
37 20 77
53 7 71
44 24 56
23 25 59
50 21 77
19 12 63
16 3 71
16 2 69
23 7 59
18 -2 74
51 19 75
40 35 70
25 -1 76
32 1 52
32 35 44
20 6 77
56 3 62
26 22 43
20 3 45
50 -1 63
49 31 65
21 27 77
54 1 60
22 15 71
49 16 57
45 15 75
43 2 46
17 37 58
16 0 80
50 1 44
41 38 43
54 24 55
54 5 69
19 29 73
27 32 51
55 -2 69
56 6 63
33 17 62
25 -2 46
19 8 66
25 7 61
16 8 50
28 37 72
20 25 63
20 23 49
38 13 72
34 28 76
45 -2 66
25 18 47
46 36 71
47 22 78
54 29 74
55 38 75
25 8 59
31 28 59
49 35 67
38 0 79
37 32 66
22 37 72
19 25 69
37 25 70
16 11 71
19 0 55
27 31 58
16 38 70
28 10 48
20 18 52
36 24 79
44 37 77
52 5 74
38 38 65
52 4 73
21 3 58
46 15 69
49 0 72
50 35 75
39 37 44
31 16 63
28 21 71
17 25 72
52 19 57
56 5 60
34 30 74
50 2 66
17 17 72
29 33 54
21 17 70
43 14 49
28 29 72
23 13 77
50 5 62
39 34 72
41 31 49
40 21 48
47 7 72
16 6 74
49 12 56
48 1 67
38 26 45
40 3 80
46 11 81
51 25 60
28 24 78
26 17 45
36 1 69
44 30 65
49 13 57
26 27 47
29 30 61
45 16 54
34 38 48
48 24 49
54 38 61
42 7 80
34 27 63
42 1 45
34 14 43
47 28 80
33 1 46
32 -1 66
46 24 67
24 14 67
42 34 44
52 8 72
33 4 48
43 29 66
22 0 68
37 11 78
40 1 51
36 35 71
53 8 46
42 19 58
37 33 55
18 22 75
39 5 53
22 32 61
18 33 43
43 16 61
27 21 54
19 -2 77
32 3 51
49 8 77
26 16 61
41 14 54
40 38 43
24 8 80
48 29 45
28 16 53
34 12 53
28 6 47
53 16 43
28 -1 59
38 7 81
50 33 72
40 1 82
47 4 46
54 18 67
24 36 42
53 5 48
34 -1 68
52 8 47
18 24 54
26 20 81
36 7 43
18 9 61
54 21 49
52 27 43
47 20 70
36 3 56
44 30 62
43 24 75
44 19 54
56 6 59
19 31 69
34 6 67
17 29 79
51 31 47
38 16 63
32 9 46
32 10 66
16 14 75
51 6 51
48 11 42
50 38 65
45 11 54
23 1 48
30 2 46
45 22 59
24 20 45
41 6 53
21 17 64
19 8 49
34 32 82
37 15 50
49 11 58
17 22 63
34 1 65
54 23 53
36 34 47
49 -1 45
38 8 52
49 14 59
48 9 77
25 0 60
39 35 55
18 20 81
26 24 48
19 13 64
37 7 73
32 29 71
50 25 57
47 1 69
18 36 82
36 6 65
47 2 61
24 0 45
55 27 59
28 18 63
20 5 45
53 31 46
51 13 76
43 19 74
52 27 57
17 14 42
46 37 63
50 25 66
27 -2 61
49 26 75
54 28 63
39 5 70
40 8 75
27 26 71
18 28 42
53 15 74
20 -1 48
46 32 47
41 20 73
27 33 64
18 5 56
50 13 60
39 21 59
54 28 44
32 22 73
16 32 67
39 34 48
18 16 74
32 7 81
38 29 51
52 1 59
51 10 66
50 27 71
31 35 61
43 -1 69
24 10 70
34 -2 59
36 20 48
28 23 72
39 17 73
45 14 80
27 23 58
27 -2 67
29 9 81
54 29 72
52 22 60
26 19 74
34 18 55
36 16 82
36 22 59
22 10 45
53 6 73
33 38 47
32 26 46
29 11 45
29 35 59
38 -2 48
43 6 55
23 15 58
36 20 63
45 35 72
38 -1 69
49 15 73
50 17 47
19 30 68
46 38 71
38 12 81
19 22 72
45 13 70
38 -2 52
30 8 43
19 16 64
30 15 57
49 11 69
38 34 43
47 23 50
50 30 61
31 26 49
33 2 65
17 9 64
39 28 73
36 11 76
43 34 70
21 32 56
48 29 58
17 7 58
18 16 42
27 30 56
18 14 73
30 2 53
52 1 68
33 26 77
32 26 73
29 19 46
24 19 67
22 2 72
40 33 52
36 1 60
40 3 77
22 32 69
38 35 58
27 12 47
31 25 65
50 10 53
53 34 61
24 7 75
38 16 60
53 22 44
33 37 80
41 23 73
22 8 75
16 11 66
47 25 76
29 23 80
16 20 59
47 27 60
22 21 70
25 24 46
42 17 54
54 34 73
31 9 53
45 -1 72
28 20 55
31 16 43
17 8 70
44 23 44
38 13 64
33 -1 63
50 16 76
47 6 46
37 32 45
39 26 44
39 -1 65
50 32 67
36 16 53
52 -2 74
24 34 63
20 28 54
43 1 62
56 28 67
23 32 74
46 31 56
25 33 82
43 12 64
28 9 50
16 23 76
39 24 48
52 34 78
42 18 63
22 10 76
32 28 47
41 4 73
51 4 70
32 33 46
55 8 46
26 -1 42
23 18 52
25 10 72
28 36 61
39 9 69
53 20 50
56 29 73
49 20 79
16 9 72
37 0 72
34 38 51
24 35 68
44 23 82
29 13 43
46 4 47
52 26 80
45 17 63
31 2 65
20 26 50
50 7 63
39 -2 62
24 -2 70
35 7 44
53 24 67
42 17 74
37 9 58
16 4 78
37 3 61
48 20 73
18 36 53
24 32 57
51 1 80
32 2 46
41 26 77
27 16 42
37 24 57
33 18 82
40 -2 57
22 0 47
33 33 82
18 11 49
55 30 66
37 27 44
22 36 52
37 10 46
27 15 71
18 21 64
52 19 51
19 35 43
25 27 54
39 29 78
18 38 62
49 7 79
26 9 51
52 33 66
55 4 42
40 11 48
56 16 52
53 5 71
-8 12 28
-2 20 37
25 4 24
23 2 44
5 16 29
3 29 15
0 27 36
-3 11 19
10 16 46
-9 -4 23
-1 8 18
-6 9 27
20 18 41
0 33 8
1 4 18
21 2 23
-15 17 35
9 20 47
21 20 22
-7 9 10
23 -1 33
14 15 11
25 31 27
-8 16 33
14 0 30
18 3 38
-8 24 11
17 17 34
4 12 21
21 0 17
10 3 11
21 7 42
22 15 42
24 31 28
3 30 12
-15 10 40
-10 -6 36
-11 12 11
7 29 43
7 31 17
18 -5 23
-10 23 30
-4 11 16
13 -3 31
19 19 25
14 27 23
-2 6 43
21 21 41
-10 2 15
4 12 46
-11 23 30
-13 -1 44
19 22 10
-14 33 27
-5 4 18
14 22 31
16 13 23
8 33 22
14 28 29
2 27 20
11 21 33
8 7 16
23 -3 41
-14 32 29
-12 19 39
6 9 18
9 19 43
6 34 22
-8 27 10
1 12 26
-3 31 33
-8 28 15
-6 20 40
6 22 43
-1 3 34
-9 34 16
9 16 29
20 32 26
24 9 41
3 -4 35
10 25 40
-13 14 12
15 6 31
-2 25 32
7 6 37
-9 19 42
-4 -6 38
25 19 24
-9 8 12
-4 11 14
18 22 28
5 32 38
18 29 43
-5 -2 24
20 9 35
-3 11 32
21 12 17
19 34 30
-4 0 21
14 -3 36
1 11 21
21 11 46
-8 27 41
21 17 45
15 3 39
-5 17 19
-6 29 39
1 19 43
17 3 21
7 12 14
0 7 48
19 9 15
11 18 16
-1 17 36
-2 14 12
20 28 16
-11 32 16
-10 21 13
18 30 44
22 4 26
6 27 31
23 -5 18
7 25 10
23 7 41
25 25 21
-5 6 40
1 33 33
23 12 24
-10 -2 18
21 32 11
-3 20 47
-4 25 10
-7 24 27
-15 32 11
13 30 33
-5 17 20
21 34 18
24 15 26
-1 4 18
11 33 29
-1 27 28
-8 12 34
-4 12 44
-13 1 42
-4 10 34
12 31 19
-10 11 19
-6 26 36
4 8 37
20 12 32
20 20 38
19 8 10
7 22 39
13 10 46
18 -2 17
-12 10 16
-9 21 19
1 11 24
18 20 31
10 30 17
-3 18 47
2 16 27
22 19 40
2 22 23
7 1 19
-14 9 14
10 4 33
-12 28 22
1 30 32
8 4 28
-3 21 24
-6 33 12
-13 13 43
-14 12 22
-4 28 28
5 31 34
19 24 14
12 4 48
7 28 26
-4 -2 32
13 23 37
3 10 27
24 27 15
12 23 14
21 5 39
20 25 48
23 -3 10
-1 23 13
18 23 33
25 25 16
13 -2 32
-15 20 33
14 20 39
-1 -2 39
1 1 25
-2 -3 15
7 13 27
21 17 26
16 17 46
-10 11 18
2 4 26
24 6 47
-7 25 48
22 16 47
18 8 11
-15 -4 37
12 -3 42
21 27 35
15 6 16
-1 17 24
-9 30 22
11 0 26
22 23 26
11 0 9
15 31 19
4 18 19
9 18 37
5 34 8
-10 5 34
12 11 44
-5 20 30
-11 0 16
9 -6 9
15 -5 43
-14 17 28
15 4 38
16 15 16
-11 21 45
-15 31 8
8 34 14
10 31 46
-11 -5 23
5 6 41
3 1 44
-7 14 31
16 2 23
14 27 28
-3 2 19
-1 -3 25
-13 4 14
-8 12 19
15 4 46
-8 11 15
5 27 9
4 21 46
-5 -6 16
3 19 24
1 -3 47
-1 18 10
14 25 28
-2 7 47
-11 27 31
-5 14 36
1 11 24
23 20 22
7 5 22
-4 27 9
-13 11 33
0 29 38
16 -5 18
-4 27 28
15 22 24
24 34 42
-4 20 20
-12 20 28
22 11 27
-15 8 12
5 3 23
4 11 21
-6 21 24
4 24 14
11 16 34
8 14 35
16 8 8
-4 5 26
16 31 38
20 27 10
4 25 9
-6 0 30
25 7 42
-13 -1 25
16 -1 15
14 11 28
-8 20 18
10 9 48
23 14 21
-11 32 46
3 0 42
-14 -1 39
16 13 15
-10 0 47
-2 11 44
13 22 24
-8 34 39
-9 19 11
25 22 43
18 0 11
17 -5 18
-8 34 39
20 31 28
-6 3 10
-13 28 48
-2 1 12
13 10 42
3 -2 28
22 8 27
5 26 17
5 10 22
9 5 9
14 32 39
16 34 29
-11 -6 38
23 -6 16
21 31 14
15 13 18
-8 12 27
11 27 10
-7 12 34
0 -1 31
-1 -1 37
4 27 27
-7 21 10
-10 31 18
-6 10 21
0 -5 16
13 -2 46
9 14 25
-11 15 34
17 18 11
-4 -5 30
10 11 12
23 19 28
-1 20 18
6 33 27
9 27 24
5 10 13
13 14 9
17 13 29
6 6 13
-15 32 22
7 21 45
-15 1 25
-10 10 34
21 2 16
15 -4 22
19 0 21
19 27 45
-12 18 14
15 20 35
17 22 10
7 16 13
12 20 33
14 0 25
-4 24 29
3 28 21
15 11 41
-14 15 17
13 0 27
10 12 14
-1 30 33
24 19 47
14 32 22
-3 12 22
21 6 42
-9 18 37
-3 24 20
-11 13 23
-8 25 28
-1 34 26
-3 -3 28
14 19 43
9 -4 16
0 1 20
18 31 9
9 24 38
16 25 11
-2 29 16
15 34 39
23 5 44
2 29 43
2 15 12
-3 4 48
11 -2 27
-15 28 34
-15 15 48
-15 30 39
14 34 34
-11 1 35
6 -2 24
6 4 27
-11 4 46
17 -3 12
7 17 25
-3 4 13
-1 30 21
-7 17 14
-1 -4 30
7 5 21
19 8 12
7 18 17
5 22 40
-2 27 30
13 6 11
15 13 31
-7 -6 32
-4 13 9
24 14 11
7 23 42
14 18 34
-10 22 22
-14 -4 25
7 4 35
-9 19 39
20 26 37
-14 14 31
22 -5 10
15 -5 41
23 31 16
-2 0 18
-10 17 43
20 4 32
9 24 47
-8 7 40
23 32 45
21 9 9
0 19 36
14 27 41
-12 10 10
-2 10 33
5 16 31
-15 7 25
10 4 29
22 6 27
1 25 20
-6 34 45
24 -3 11
-15 1 31
-12 -5 41
-5 18 41
10 10 47
-9 22 23
-5 19 38
14 7 20
22 6 33
15 10 10
-9 12 14
15 34 17
12 2 21
1 23 25
5 34 24
7 31 9
10 31 18
3 10 11
17 -6 22
0 32 27
22 4 47
0 21 42
11 -3 46
-12 6 47
-15 8 30
11 10 42
18 9 23
21 32 41
19 29 30
-12 20 47
2 20 43
20 32 24
3 10 20
18 9 20
-13 4 21
15 22 10
-9 17 32
-4 13 13
13 -6 30
16 31 39
13 13 14
4 2 25
11 19 32
-6 26 34
6 -4 27
11 14 15
-14 30 28
9 30 40
-4 -5 43
-5 16 33
-10 29 26
8 19 42
5 13 27
14 -2 47
6 16 38
-12 20 19
5 30 36
-4 2 27
0 -4 9
-1 -6 45
-12 32 27
19 25 38
22 18 14
-11 34 26
11 -5 38
47 46 90
41 22 116
56 43 96
38 55 116
25 58 104
36 35 113
36 48 107
25 37 111
60 44 105
35 54 97
45 35 112
27 34 112
50 52 106
43 43 95
46 40 107
47 55 92
40 41 94
48 23 82
47 60 96
50 38 90
23 22 78
42 53 113
49 21 90
61 56 81
63 23 116
56 46 78
59 54 102
32 59 102
62 39 84
47 50 81
42 23 82
60 37 90
61 30 93
24 34 109
37 34 94
25 38 113
52 28 82
48 57 109
52 53 98
57 23 112
62 32 94
36 33 91
54 29 84
60 29 90
23 55 87
39 33 80
51 33 110
62 21 106
50 45 108
48 31 112
63 46 107
52 45 78
26 30 87
26 35 116
53 41 98
52 22 98
23 60 111
35 40 118
35 56 100
63 20 107
55 57 90
49 30 88
35 31 80
55 35 107
49 48 108
52 21 78
56 27 89
31 33 105
35 31 80
51 30 105
30 49 96
45 45 85
51 55 118
63 46 113
37 59 78
26 42 118
47 43 100
24 44 103
33 21 84
62 44 101
39 24 88
63 48 96
61 40 118
24 57 91
62 33 92
29 28 100
49 34 114
33 51 110
43 21 81
57 37 98
29 26 108
48 56 115
56 36 116
30 41 101
30 47 84
23 41 115
42 29 79
46 56 99
39 22 105
46 36 83
52 27 103
29 50 100
43 45 89
29 32 103
52 60 85
32 34 108
28 38 118
24 35 94
41 35 100
32 42 112
51 58 80
24 34 93
44 35 117
41 27 79
46 20 108
57 24 107
37 26 108
43 26 91
42 50 111
60 20 82
44 56 117
57 41 110
46 37 82
47 22 85
42 54 97
24 55 114
45 32 102
51 41 79
53 30 92
56 28 107
42 32 116
59 40 92
56 26 108
51 46 95
29 47 97
43 35 88
27 44 89
54 60 118
34 31 99
51 38 106
35 41 90
43 40 97
62 31 80
63 24 117
37 50 99
59 49 80
59 45 111
25 39 114
24 23 110
45 55 99
62 20 104
24 59 86
51 30 80
60 57 90
61 53 82
37 55 112
45 46 85
39 36 115
27 57 89
60 58 93
29 32 117
63 22 102
48 24 88
28 42 83
27 31 107
23 34 79
32 51 106
27 57 117
29 40 117
55 54 92
57 48 116
24 36 100
51 33 109
28 47 89
57 44 96
41 55 111
28 29 85
36 24 87
35 22 113
23 35 91
33 55 82
44 21 111
37 54 113
61 47 94
33 50 89
50 38 106
55 33 116
54 35 108
30 39 86
41 39 114
47 20 96
40 25 84
45 52 100
52 40 110
25 50 93
52 20 110
32 35 83
43 55 88
31 26 100
43 57 112
40 37 82
53 53 84
31 43 101
49 45 110
45 43 87
27 47 107
23 22 109
30 35 90
55 49 86
34 35 112
45 30 86
37 59 78
24 34 116
32 43 106
45 26 100
40 48 112
62 36 117
58 35 115
42 56 118
36 60 106
58 40 97
46 48 94
42 35 105
40 43 98
39 47 85
35 37 79
62 35 112
61 52 84
60 44 91
58 59 93
42 34 87
44 22 106
48 31 113
44 26 98
30 24 107
37 51 112
34 30 94
51 40 94
23 29 85
38 39 91
55 42 84
62 37 91
50 33 88
23 48 93
49 31 96
58 21 85
32 53 106
53 28 88
56 30 85
41 59 110
31 34 92
31 54 114
27 52 98
37 29 106
39 59 82
33 27 105
50 32 81
60 38 81
48 30 82
37 28 101
51 34 78
37 60 89
62 23 82
48 29 91
42 38 116
42 39 81
46 31 105
33 41 105
39 45 110
43 47 118
63 48 89
63 38 118
57 42 118
46 23 110
48 32 101
37 54 97
58 54 112
51 56 83
45 21 93
36 54 99
40 20 96
42 31 88
48 59 101
36 47 100
63 40 105
45 22 94
53 20 90
63 38 92
58 59 106
46 47 96
34 48 102
46 20 81
59 32 100
46 29 89
36 60 79
57 34 78
32 47 108
57 40 116
34 45 115
52 55 81
42 56 96
44 23 103
29 27 102
54 25 85
63 36 84
33 40 113
42 42 97
29 59 86
48 42 95
23 30 105
23 56 109
26 41 81
52 49 86
42 53 101
55 31 92
57 57 101
42 49 112
51 58 91
37 31 116
36 32 108
46 50 96
58 46 78
58 45 102
39 24 104
28 31 118
59 22 78
52 26 108
25 58 104
54 31 108
28 21 108
26 36 84
31 51 95
45 52 103
26 42 82
37 38 103
51 22 85
58 43 85
29 53 109
58 39 80
31 20 93
51 57 104
34 36 82
46 42 115
52 35 117
45 47 89
62 30 118
59 21 97
27 21 81
26 35 99
35 50 96
62 26 102
37 54 100
28 40 83
49 43 93
29 29 78
35 53 93
39 32 82
56 24 86
26 46 105
46 31 92
38 53 81
56 23 95
32 27 83
62 42 85
55 28 113
45 20 118
39 57 84
63 48 101
35 58 98
50 29 83
52 24 88
43 58 89
53 31 110
62 37 92
63 42 84
31 28 94
58 30 83
34 52 108
37 28 117
47 53 81
36 34 91
50 22 80
38 27 89
32 21 88
44 26 87
35 50 83
41 21 93
61 37 114
53 54 87
40 53 78
43 45 80
54 38 98
62 45 84
63 22 101
32 55 96
44 38 79
35 23 91
32 39 85
40 36 105
35 54 113
63 29 99
39 60 94
46 25 114
25 45 94
57 40 116
51 27 81
31 53 86
63 50 82
49 27 112
48 57 78
57 48 87
48 27 107
31 23 78
44 42 118
52 48 87
58 42 116
33 46 89
44 33 103
60 37 97
45 39 99
37 44 93
58 39 85
28 56 91
35 45 91
44 33 112
45 53 100
53 39 81
41 21 80
39 28 94
27 26 82
33 56 115
59 47 88
61 39 98
51 21 118
62 50 90
39 21 90
29 52 113
47 34 106
37 34 109
53 53 91
29 23 109
38 20 103
29 51 83
57 44 81
63 47 104
60 51 108
48 40 104
58 54 117
61 55 96
58 53 102
46 34 84
41 34 115
23 48 92
45 36 117
27 22 111
25 33 114
59 59 80
56 32 95
51 57 104
26 26 93
57 52 83
42 44 113
53 50 104
55 26 97
51 40 82
60 55 86
34 29 100
62 28 92
26 21 103
56 38 92
60 49 89
35 53 111
48 54 82
31 58 92
43 37 88
49 28 84
41 56 117
60 41 80
45 26 116
49 20 114
46 21 94
55 53 95
52 34 87
52 28 99
38 35 104
31 41 117
55 50 92
46 33 107
54 28 104
48 24 80
45 31 98
59 32 101
28 26 103
37 30 83
48 53 104
28 39 84
36 46 105
51 39 96
60 57 104
43 54 96
42 11 17
58 15 20
33 45 6
58 20 12
32 44 27
34 41 8
49 44 22
32 17 5
38 43 19
66 40 -1
68 29 23
38 15 20
70 35 26
65 25 16
34 42 10
66 44 -9
51 30 2
71 47 -9
45 8 2
68 33 -6
63 32 3
44 38 12
41 35 0
64 36 17
34 34 3
54 31 27
46 46 17
64 47 21
58 14 5
47 38 14
35 37 14
46 8 25
39 9 -1
62 10 8
47 44 -1
48 15 -2
56 23 5
35 27 6
33 46 -3
43 43 -12
45 17 5
60 41 2
66 44 2
60 7 17
45 44 0
46 23 -6
52 35 -1
31 33 19
37 44 10
51 41 21
39 26 7
65 13 12
53 20 -9
38 41 8
58 28 -1
64 10 -9
53 39 9
47 13 5
38 37 -6
64 13 5
58 29 7
46 34 -9
57 15 26
49 45 18
51 45 6
50 20 20
51 27 -11
53 12 18
71 18 -6
55 23 7
48 8 11
54 22 -12
60 30 26
56 35 -6
69 11 8
41 11 6
33 35 20
67 47 22
49 38 27
51 39 -9
59 42 17
51 21 17
55 40 23
58 33 8
65 18 0
55 24 -4
42 14 16
67 43 -6
64 31 6
51 43 4
41 13 5
71 12 14
43 25 10
38 45 15
42 14 -9
45 37 3
53 15 18
64 34 17
59 21 25
49 44 15
47 28 13
45 37 18
67 29 1
37 43 -3
32 39 4
51 46 3
38 36 26
62 11 24
33 46 12
62 16 12
39 13 16
37 35 16
67 18 17
32 39 28
65 10 16
54 34 25
52 7 20
54 42 -7
59 12 8
69 7 14
36 25 28
49 42 18
43 47 19
34 40 14
65 41 0
50 10 -1
38 13 20
50 11 -11
43 11 22
39 21 1
55 35 24
69 33 -8
71 45 18
50 33 10
68 24 -9
57 24 -10
50 34 20
34 15 -11
55 27 -7
36 20 -9
48 10 19
63 45 18
34 38 18
48 20 19
70 45 19
65 16 14
69 47 -11
37 39 24
54 22 19
41 18 9
58 32 16
46 7 15
63 7 20
45 42 13
41 30 -9
66 37 24
55 14 16
31 41 1
50 15 24
71 43 -4
44 27 -7
42 39 -8
35 12 24
37 12 0
57 16 13
42 46 11
47 39 18
62 27 -6
62 38 -2
45 19 4
55 29 -7
46 47 18
71 26 -4
56 47 21
70 31 3
50 14 0
54 23 9
48 14 21
47 38 28
62 7 5
71 27 -7
43 23 26
31 17 7
33 27 25
52 8 20
46 36 25
65 18 -12
62 25 6
67 11 -4
43 27 16
51 24 4
57 32 24
50 11 -2
35 39 19
47 24 -3
44 16 18
41 27 1
62 35 11
50 13 -4
34 27 10
43 23 22
70 32 -4
42 16 1
43 40 1
53 30 28
41 36 -9
46 14 10
56 43 7
52 44 6
49 9 9
60 24 26
35 15 4
52 10 8
54 21 -11
48 46 21
58 23 -5
67 31 20
66 29 -11
59 21 2
54 41 27
55 17 2
31 43 17
60 37 17
35 16 -5
67 11 6
70 36 24
62 44 22
60 27 20
42 35 12
59 37 -8
39 39 8
33 42 -9
60 13 -6
67 45 -8
34 11 23
66 16 4
61 25 -4
66 45 11
59 40 -1
33 16 9
44 33 -11
65 37 28
58 33 5
53 38 6
40 17 16
70 29 11
64 7 -5
34 15 19
50 22 24
50 22 4
39 17 -5
54 36 17
55 24 -6
60 8 3
38 24 10
65 22 14
34 16 -9
40 16 -10
62 17 1
53 7 14
69 7 -9
45 28 -10
58 18 26
63 11 17
39 21 -2
44 9 -9
45 12 15
53 32 7
53 16 5
70 35 2
60 9 0
51 38 -1
61 35 -4
69 13 13
44 44 1
64 27 4
65 24 -3
33 39 12
63 34 6
43 43 14
67 30 -9
33 26 -7
56 45 19
69 34 15
60 44 12
50 39 2
69 37 -11
64 45 22
70 19 7
44 43 26
33 38 -8
36 16 17
38 23 6
37 25 4
45 26 -1
38 32 -11
60 45 11
32 46 28
52 45 18
59 19 3
54 19 10
32 42 26
47 13 18
44 7 7
60 36 0
36 17 23
36 33 1
61 35 -2
41 41 28
63 22 8
70 47 21
42 18 2
63 42 26
60 18 3
42 46 8
65 44 -9
33 8 4
43 33 -6
35 28 21
61 21 -4
41 20 19
64 34 7
37 36 18
62 33 7
71 9 3
43 30 19
43 42 12
49 32 13
46 34 27
44 34 -1
44 9 27
56 24 -6
55 28 -11
50 8 3
71 11 14
55 18 -5
60 12 -7
46 21 2
33 16 6
67 32 -2
58 36 24
43 18 5
43 16 -10
42 27 5
40 37 -5
39 20 16
35 12 -8
70 7 5
50 43 0
67 39 -3
62 27 0
50 16 0
40 21 -7
49 10 13
32 35 -9
59 33 23
44 9 26
46 30 26
40 46 9
40 8 21
48 37 7
52 15 -8
44 9 17
68 45 13
45 8 0
46 43 0
52 15 11
47 41 -1
64 28 9
57 14 8
68 30 4
58 9 27
42 12 16
63 23 -4
49 25 15
45 31 0
66 29 22
41 34 7
49 23 -2
37 22 9
66 10 -6
34 45 -4
70 47 21
41 9 27
42 45 28
54 35 22
71 34 2
34 35 -7
68 15 26
50 24 -5
54 34 17
68 33 17
69 7 -11
67 8 25
44 17 16
31 21 -11
62 15 -11
61 37 -2
50 34 26
51 44 -11
39 33 1
61 39 9
70 27 10
34 33 3
36 46 12
51 9 3
47 8 -8
47 26 22
43 43 17
53 34 12
60 40 8
64 19 19
69 38 20
45 35 0
56 24 -6
36 34 20
67 13 27
38 30 -10
57 36 -2
42 7 -10
57 10 1
52 12 8
38 27 6
33 29 20
43 32 17
54 28 6
64 38 -5
62 29 -4
45 38 22
70 29 -2
69 29 -4
56 41 -1
36 15 -4
34 36 2
53 39 -4
52 27 3
62 37 1
55 23 -10
51 41 26
60 37 17
35 8 -1
47 8 26
55 27 13
46 46 22
63 29 15
71 30 10
33 15 2
50 25 16
41 33 11
46 47 12
40 10 17
32 46 5
67 22 13
67 7 -5
61 27 -10
47 27 -5
56 31 8
37 46 28
71 11 21
69 7 6
34 30 19
69 47 -3
59 34 -9
50 29 -9
34 26 3
62 14 5
33 31 -3
36 13 20
64 10 15
48 36 7
65 22 -9
39 46 16
60 17 22
54 8 -10
50 11 2
36 18 8
50 14 -7
33 41 14
67 41 17
55 19 5
44 26 24
47 30 20
43 40 -8
53 33 21
44 31 9
36 11 1
37 29 21
64 34 6
58 30 10
35 42 24
48 35 17
46 39 -10
43 31 7
67 12 25
44 16 4
50 8 24
40 19 -5
63 26 24
34 22 -7
58 31 7
41 28 77
12 27 82
37 9 56
20 31 52
14 13 55
20 5 54
33 6 80
23 12 58
36 17 74
21 20 81
15 19 73
40 1 56
45 33 71
25 11 62
18 19 56
37 27 71
19 14 47
31 1 52
11 31 75
23 -4 60
20 -2 83
13 -2 61
47 20 68
28 9 49
45 16 84
13 -6 52
46 7 59
40 32 74
14 4 64
44 15 67
46 17 64
37 5 84
28 -1 80
24 34 56
22 -5 76
36 31 48
32 23 59
28 1 60
34 33 56
30 22 47
31 32 79
45 8 78
12 -6 64
47 18 45
47 24 76
47 5 76
17 21 69
31 23 73
10 -1 80
26 2 69
49 12 71
17 9 65
39 21 68
34 12 49
32 1 72
48 30 62
13 -4 76
29 26 70
44 -5 64
33 4 50
13 -3 49
13 2 60
19 -5 49
20 16 74
39 17 54
49 -5 51
36 7 45
34 0 83
36 0 57
15 30 51
31 20 77
20 7 82
15 29 45
50 18 74
39 31 67
18 16 61
11 1 59
12 -3 74
25 22 54
26 0 76
35 32 62
19 22 55
46 18 78
10 5 79
44 10 54
20 0 53
27 5 59
47 22 72
41 5 57
26 5 52
28 10 65
33 13 46
24 22 49
32 9 50
26 14 67
47 3 68
27 4 55
44 19 52
13 10 62
35 26 80
38 0 56
42 11 75
32 17 56
35 7 50
37 24 73
14 3 46
48 -4 83
49 31 82
15 6 60
50 18 50
22 30 54
18 10 73
32 24 77
27 27 57
38 25 59
27 -1 83
36 31 51
43 8 67
42 20 46
21 6 68
50 14 51
18 20 55
28 -4 68
14 15 55
33 13 72
21 18 75
48 29 72
15 3 61
11 7 57
25 31 51
40 13 48
34 21 54
50 2 49
48 31 76
31 21 45
30 0 80
14 31 68
11 29 62
45 21 51
28 33 63
15 14 53
48 24 72
49 26 77
44 1 64
45 34 67
26 9 81
29 10 48
31 0 64
17 20 80
21 8 57
24 23 67
50 0 55
48 15 70
12 26 72
31 18 71
26 29 80
32 11 52
30 34 83
24 25 52
30 23 61
31 12 69
18 17 82
24 16 73
16 4 64
31 21 76
25 -1 51
37 18 63
46 17 72
18 4 75
33 -4 60
14 12 55
11 -4 83
11 13 44
12 2 66
42 29 65
33 28 47
30 12 48
42 -6 66
47 27 81
17 25 77
24 10 67
46 26 64
21 -6 68
25 13 50
27 -5 62
34 26 44
33 -6 66
20 9 83
22 7 59
48 28 66
15 16 54
31 -5 56
16 21 74
47 -2 79
40 6 61
37 12 66
18 16 47
32 -1 60
24 30 67
29 23 47
17 28 70
30 -3 49
30 18 70
19 5 60
35 10 67
35 17 84
11 -1 52
42 11 79
47 4 70
48 17 83
17 31 65
14 18 76
47 23 74
24 4 77
36 31 44
50 1 59
50 -3 79
27 7 54
20 16 50
11 7 69
36 4 77
43 2 47
17 18 57
44 23 64
11 27 47
50 -1 45
18 0 59
45 16 77
24 13 74
17 28 47
36 24 72
36 32 46
45 -6 56
13 19 59
17 27 64
34 -5 44
26 22 61
22 8 64
24 -4 65
27 17 83
13 13 50
34 8 65
10 14 57
44 19 69
34 9 55
27 27 59
28 -2 67
25 -5 49
21 11 72
25 11 66
18 5 67
16 33 44
19 4 59
35 -4 60
33 25 71
28 17 54
44 8 46
21 23 55
18 3 77
25 32 64
23 27 61
22 -5 47
20 1 76
46 -3 53
45 29 46
48 7 50
19 10 49
38 30 48
41 15 61
39 -1 76
20 15 60
37 25 51
16 24 44
29 33 62
26 25 52
34 -4 59
13 10 78
16 16 74
50 25 67
27 29 55
31 12 62
18 13 55
19 1 79
42 22 47
32 -6 47
24 15 77
48 6 51
38 30 51
38 28 70
24 5 71
30 28 80
24 16 51
45 30 68
19 5 47
31 4 63
11 -3 44
33 2 52
19 25 82
20 16 63
34 23 60
43 19 77
27 18 45
37 12 74
37 10 44
32 17 73
50 16 65
39 7 53
37 2 71
49 2 61
25 16 80
14 4 75
48 18 71
16 21 69
41 3 55
19 11 81
50 25 66
41 2 75
18 15 83
13 27 44
41 8 46
43 4 71
39 10 64
15 33 64
31 27 53
37 15 54
25 19 71
24 19 46
32 18 45
40 12 61
14 33 50
40 21 78
46 3 58
25 -6 59
11 26 50
22 31 54
35 7 66
29 31 75
21 14 44
38 25 73
21 -3 45
41 -1 81
42 30 63
43 33 73
18 23 66
27 28 69
49 15 75
40 22 74
50 21 73
19 32 82
17 -5 63
15 17 51
20 -2 62
37 0 52
25 22 78
33 2 66
10 24 68
28 28 44
50 6 53
22 16 54
45 4 77
26 18 82
26 23 83
17 26 67
20 -6 53
17 15 78
47 21 56
38 -2 62
48 33 50
38 11 71
39 11 46
29 8 49
30 26 82
26 22 84
11 32 56
16 32 49
45 31 78
46 18 70
28 27 56
47 15 67
28 21 52
42 -2 53
35 -6 54
31 15 81
33 21 63
24 28 58
47 31 48
23 21 48
19 3 48
50 10 66
32 19 66
48 -5 75
22 19 47
30 28 64
34 13 65
11 -5 81
35 27 47
50 2 64
30 20 62
17 -3 49
34 6 49
43 -6 84
40 33 83
38 0 84
31 21 74
26 17 65
19 19 84
31 7 64
12 4 70
43 20 65
45 -4 81
39 32 79
40 30 66
21 28 76
21 -6 54
35 20 80
41 32 75
50 14 64
40 -5 55
13 26 61
28 -1 56
27 6 74
25 14 56
40 2 44
25 6 76
42 7 62
49 15 73
19 1 52
19 -1 46
30 28 83
38 23 52
20 23 56
10 -5 66
20 12 64
42 17 46
40 24 50
18 25 72
10 20 60
47 -3 75
29 -6 44
18 29 44
14 8 66
26 -2 49
46 33 73
40 1 81
32 -4 78
31 33 72
43 19 69
14 25 52
13 0 52
11 13 53
27 13 53
16 24 63
27 34 84
27 25 70
34 10 75
38 2 77
41 13 58
25 29 52
33 33 52
24 -2 47
36 23 45
11 28 54
34 7 75
49 27 72
37 5 56
35 5 49
10 28 49
50 11 50
48 32 51
36 -3 81
22 25 56
49 15 75
10 23 60
15 9 51
13 15 84
39 6 56
41 11 56
50 29 83
24 -3 55
29 25 75
19 24 77
34 0 47
47 -2 62
41 -5 80
17 14 68
47 3 45
10 7 70
15 18 57
25 -1 45
37 1 65
49 20 47
26 13 84
25 -1 82
19 29 44
25 6 77
33 12 56
27 17 45
19 33 82
37 34 75
13 10 50
42 58 12
53 23 26
51 39 10
53 49 20
51 21 32
63 46 3
45 44 35
57 36 36
51 32 12
57 43 10
50 60 11
44 29 25
44 32 -3
72 53 33
65 33 16
55 35 -2
44 42 13
57 48 22
76 23 16
51 37 16
38 44 20
43 54 13
39 34 20
57 22 20
53 59 26
71 37 -3
55 53 25
37 41 32
56 43 19
58 61 -1
64 56 21
76 22 13
67 33 -1
55 51 7
49 31 -4
71 23 16
75 51 -4
38 58 -2
69 61 16
66 37 35
50 57 12
69 26 27
64 25 36
52 55 29
66 24 34
56 51 19
56 51 36
43 30 16
55 35 -1
59 43 5
69 24 2
46 52 0
55 30 8
66 34 18
67 36 8
62 52 25
46 59 19
70 57 22
62 50 7
75 37 11
50 22 26
50 30 10
69 46 8
68 38 24
50 33 30
40 26 -3
37 53 13
60 49 14
53 45 32
75 52 12
73 55 29
73 30 22
42 47 23
60 24 0
46 53 22
38 33 31
61 54 8
68 32 0
42 44 8
53 28 1
71 22 21
55 48 7
38 32 29
75 34 10
55 58 11
45 50 3
50 52 16
60 50 31
69 37 -1
72 51 -2
76 37 -4
49 21 28
41 61 34
47 48 -1
77 57 17
65 35 31
65 32 -1
63 35 27
75 35 -1
67 52 36
56 58 -4
40 24 19
73 59 25
69 41 18
67 35 -3
54 22 10
70 21 25
53 30 19
47 21 26
69 22 35
73 49 11
51 36 5
55 39 17
68 27 5
73 38 19
54 36 19
60 60 35
66 25 32
45 55 1
77 49 28
68 32 6
74 60 2
50 45 11
39 22 31
60 30 28
71 39 35
66 41 -4
77 55 24
66 31 4
42 56 -3
56 25 25
65 51 14
73 50 22
54 40 27
38 53 -4
73 26 28
69 22 32
64 34 21
71 40 11
55 33 10
41 47 24
43 44 7
75 59 27
38 58 25
49 52 36
52 46 0
50 32 0
37 26 3
45 21 27
42 54 -2
69 47 -4
53 42 9
60 30 4
53 22 33
70 61 2
42 51 5
76 26 20
72 23 24
54 58 22
59 38 18
62 31 34
64 46 27
37 42 13
39 59 -2
50 39 24
76 45 7
73 57 16
67 41 32
53 27 4
76 60 16
66 53 30
62 27 28
62 44 34
67 21 4
59 61 -1
75 37 27
74 50 22
43 28 26
75 58 10
65 57 3
76 38 0
74 26 18
60 26 19
62 26 -4
42 52 7
53 32 26
45 22 21
45 26 1
72 45 12
76 37 24
65 58 20
74 42 20
52 28 8
70 24 -4
47 55 2
38 44 8
44 34 0
41 50 29
71 38 13
62 53 25
53 39 25
65 47 18
50 49 27
50 48 9
42 60 1
52 53 3
56 49 11
75 50 14
53 60 15
70 38 10
75 61 36
50 37 11
75 34 14
66 47 8
67 28 -4
43 48 24
59 28 36
39 47 4
76 48 5
73 32 35
46 49 0
45 58 29
59 37 15
59 43 10
58 43 14
43 34 26
53 57 16
50 31 3
43 25 -2
44 59 7
70 35 -1
47 23 17
59 46 31
64 48 14
40 31 14
60 39 12
41 37 7
38 30 13
73 45 -4
45 50 36
69 39 21
51 29 24
65 54 29
61 58 7
38 27 28
65 56 18
58 39 35
64 21 14
55 51 13
38 57 22
72 49 34
58 43 27
68 51 18
69 37 18
63 43 4
39 54 33
63 34 0
57 52 27
44 40 14
37 40 -3
69 58 17
64 58 3
76 53 19
77 49 32
44 60 19
64 60 17
52 61 13
58 52 35
67 28 21
52 56 24
70 56 2
70 44 12
70 56 34
51 36 5
70 26 5
55 26 -3
53 37 15
63 57 13
68 41 9
64 38 0
76 30 25
47 27 26
50 51 22
54 38 17
41 55 36
58 38 12
76 53 15
55 31 -3
57 22 -1
52 39 20
77 49 8
55 31 0
53 51 -1
38 54 29
38 49 -3
69 36 4
37 24 2
38 46 -4
57 51 -3
75 23 34
73 50 0
47 26 27
42 55 30
66 52 26
77 44 10
45 30 7
68 61 24
56 48 32
40 23 35
55 32 15
62 60 28
61 43 18
44 28 7
48 48 16
71 44 5
59 47 25
47 45 19
58 45 2
51 32 4
69 32 31
62 22 19
49 41 29
72 61 10
59 40 10
56 41 3
57 25 22
49 42 23
69 27 8
64 40 7
62 31 0
50 28 13
39 39 5
69 34 -3
37 29 8
59 34 7
75 47 36
77 40 5
46 34 19
65 60 9
65 57 30
76 28 18
49 60 -2
75 29 35
66 59 5
37 44 -2
62 42 3
63 28 7
42 34 -4
62 51 23
47 33 22
73 51 2
70 44 4
57 45 7
39 24 11
76 35 11
57 26 13
74 36 34
75 59 34
61 41 -4
68 31 8
45 45 14
65 27 4
37 45 30
74 27 13
60 32 2
44 26 10
43 35 23
55 32 6
68 49 10
37 30 10
59 57 27
53 25 4
70 23 27
68 27 17
43 39 -1
41 42 12
60 24 2
65 28 2
51 51 36
55 49 3
37 28 4
61 23 0
54 27 22
75 49 23
77 35 1
77 25 4
65 27 -3
39 31 0
75 22 21
48 60 31
68 47 3
70 28 17
45 56 1
41 39 22
62 60 3
56 37 5
73 38 15
37 48 27
67 56 21
43 32 29
69 55 26
69 23 12
42 59 14
57 21 10
40 40 20
58 54 14
55 21 9
51 34 12
74 34 34
52 29 1
40 51 8
77 47 31
60 22 28
56 61 7
63 29 24
57 36 12
50 41 28
72 47 21
54 22 25
77 36 18
40 27 29
47 28 30
42 40 16
64 32 10
37 22 32
62 56 12
65 47 30
38 60 5
50 49 14
59 58 21
65 57 18
46 30 15
53 28 2
67 26 -3
45 44 3
56 46 10
56 30 26
67 58 2
45 41 7
48 22 8
49 54 10
69 45 22
52 41 2
56 45 23
70 54 31
42 54 5
62 47 -1
49 31 -1
54 26 5
45 30 26
69 41 -2
43 24 2
76 44 17
64 23 11
52 56 12
38 41 4
60 28 5
55 43 -4
43 60 19
48 61 15
59 25 22
43 45 24
42 60 -3
52 55 8
44 41 26
62 58 19
42 55 32
50 24 5
47 30 30
62 44 13
41 50 11
55 36 16
63 30 31
43 25 -2
55 33 30
68 30 9
58 51 13
40 22 15
56 30 7
71 49 23
62 43 23
41 32 34
47 33 -4
41 44 21
61 58 15
51 27 3
54 49 30
42 28 21
71 41 0
56 40 13
76 58 27
62 33 15
50 47 -1
58 37 12
76 49 6
40 45 29
62 31 34
37 35 15
59 43 8
75 40 6
57 86 17
62 89 16
56 92 16
85 68 15
49 71 8
55 79 28
66 101 13
70 105 29
76 95 37
85 71 30
71 77 42
74 96 12
60 69 21
55 70 10
72 65 33
68 74 35
77 91 38
72 82 4
85 71 17
56 66 26
74 68 39
84 99 5
50 67 29
58 97 23
63 85 4
79 103 22
66 91 14
80 88 40
62 85 12
69 93 31
54 84 31
56 92 33
74 75 16
59 87 7
55 91 16
53 85 37
75 101 10
71 91 19
86 93 10
81 79 29
55 104 22
56 86 13
82 78 12
61 74 40
78 81 17
74 80 17
52 80 33
66 93 38
64 66 41
57 80 11
89 99 2
73 75 40
83 77 28
57 72 22
85 75 18
81 100 14
61 91 16
66 90 28
66 67 19
49 90 3
50 77 25
67 98 28
68 84 7
73 89 16
73 100 27
75 66 41
80 102 21
80 81 32
53 79 5
55 83 19
69 81 11
49 75 37
85 79 26
82 104 42
81 70 16
70 71 14
82 82 7
83 80 2
82 90 29
71 69 30
83 102 24
54 73 39
66 74 29
80 104 35
78 79 29
55 84 36
68 102 3
64 89 16
76 66 17
86 92 7
52 76 27
89 85 21
69 77 19
59 71 13
75 71 11
81 105 3
54 97 30
80 78 32
84 93 9
49 73 40
64 72 13
76 82 6
77 68 9
67 79 34
49 74 29
62 67 29
86 67 34
83 90 28
84 98 32
83 94 21
64 72 29
65 88 29
78 67 12
59 88 33
69 105 13
71 81 41
64 83 7
61 103 21
85 72 26
50 86 37
82 88 6
74 84 14
50 68 39
88 88 28
62 88 2
87 91 23
62 88 9
88 78 40
60 70 41
52 93 5
60 97 36
78 75 39
52 92 19
73 65 13
89 74 2
69 68 35
67 94 20
73 101 30
80 83 34
82 74 6
61 88 10
67 94 31
71 87 20
65 93 41
88 95 31
82 84 23
81 66 7
65 88 25
67 86 30
53 86 18
60 93 33
62 76 35
79 102 20
67 65 28
52 65 12
74 103 15
73 99 12
52 75 6
54 103 23
69 94 6
59 91 34
86 103 21
55 89 27
69 82 38
66 79 28
49 91 22
56 74 37
70 88 6
76 73 14
77 68 6
60 70 18
54 104 25
68 66 19
79 95 23
82 84 3
61 70 33
71 90 42
55 68 29
60 74 26
72 97 5
72 89 27
72 74 42
63 91 42
76 97 39
80 94 33
49 79 40
58 94 28
76 74 18
56 85 15
82 90 20
68 93 4
56 79 20
49 66 10
72 73 38
84 102 3
82 68 33
75 92 26
51 67 38
57 76 39
59 70 32
67 103 27
75 90 28
86 78 22
53 98 20
72 85 15
57 83 3
55 99 19
58 66 24
65 69 29
60 103 11
75 92 30
75 98 41
74 102 35
68 89 5
50 97 31
68 103 19
77 88 36
52 81 18
62 98 9
61 89 5
58 97 18
81 79 15
76 84 16
79 100 4
82 87 42
76 69 16
73 83 23
70 92 27
84 91 37
78 66 4
55 97 42
77 96 20
53 81 25
53 79 41
65 73 12
73 97 27
50 91 34
51 94 13
86 98 27
89 86 19
61 99 10
51 80 14
89 80 18
71 72 15
75 74 5
64 99 30
64 89 34
56 78 13
57 93 25
89 74 36
78 68 6
74 83 2
51 65 37
77 85 2
84 79 19
60 74 29
65 65 21
51 103 17
50 92 34
75 97 32
61 75 38
49 78 30
53 76 12
60 70 8
87 70 35
49 66 35
85 73 35
61 78 15
60 74 41
54 85 15
86 98 34
53 83 7
49 81 36
53 79 30
89 85 4
89 77 10
88 67 5
73 71 5
71 77 6
65 86 6
84 73 28
74 67 19
55 98 4
56 70 23
65 79 33
71 99 20
69 79 10
64 65 15
63 101 5
82 104 14
68 65 27
58 91 38
83 73 22
67 104 18
52 84 21
52 95 39
60 70 10
76 102 29
89 70 19
60 105 19
70 100 35
68 78 22
79 69 29
58 86 2
64 104 14
72 84 38
52 88 35
71 81 8
60 103 39
78 73 38
75 93 25
71 81 8
56 74 23
71 98 36
80 90 34
59 84 34
79 92 29
71 78 39
74 95 13
54 98 25
51 92 38
70 84 36
82 68 42
54 77 38
84 87 31
51 99 8
75 78 13
64 75 16
85 97 34
57 83 7
72 99 25
53 90 36
49 72 11
88 98 34
86 101 39
68 93 20
68 92 32
58 103 30
84 67 21
80 65 19
56 104 2
84 84 12
55 87 13
89 102 9
75 104 10
63 90 20
50 104 23
68 78 40
68 75 19
59 91 27
87 70 25
50 72 36
70 69 5
71 100 14
57 104 6
89 83 26
89 90 35
74 94 13
59 96 13
87 76 6
61 80 20
56 97 21
50 89 24
74 94 2
55 104 36
74 87 37
80 72 5
70 98 11
70 67 33
75 89 31
75 71 7
67 94 27
71 82 38
86 72 38
71 95 31
62 81 28
52 96 18
70 86 37
52 78 40
74 97 27
77 90 21
73 97 34
52 88 16
77 81 25
85 75 5
65 86 9
75 86 30
68 94 23
78 75 16
57 72 3
50 92 39
51 78 17
76 101 27
62 71 25
78 96 34
87 90 40
66 80 31
58 85 20
72 89 2
59 103 26
84 73 38
66 89 31
73 84 34
52 92 3
85 79 5
70 75 8
71 74 41
86 89 38
62 97 42
86 75 18
58 77 17
55 72 9
77 97 29
83 84 5
73 98 19
79 88 16
85 98 29
52 74 13
77 105 33
65 88 30
71 92 2
62 98 25
56 65 6
82 69 35
64 65 3
58 96 23
80 73 35
75 81 42
88 77 2
88 80 27
84 100 6
75 101 20
84 84 14
52 93 17
75 105 31
80 101 23
85 92 29
51 87 13
78 78 13
85 98 14
69 93 18
66 99 4
73 81 16
79 86 29
75 70 22
53 81 38
54 80 7
73 105 18
61 86 30
63 76 6
81 97 17
74 80 34
54 97 32
62 98 27
49 66 23
56 88 27
53 96 23
56 97 8
49 85 7
72 67 15
68 90 34
73 79 9
71 77 40
52 68 25
78 78 34
61 89 26
80 85 19
72 65 31
53 91 23
78 68 31
79 94 18
76 105 37
63 80 29
82 71 9
80 81 22
49 69 40
49 90 4
64 87 35
54 72 23
61 74 34
66 68 36
59 86 32
61 103 30
87 79 11
51 104 8
51 81 23
80 72 39
64 100 33
64 104 38
73 97 42
58 96 27
73 96 17
51 84 9
62 99 4
61 71 34
68 93 27
88 66 12
68 66 23
66 68 14
72 76 28
33 59 108
30 71 80
33 57 115
11 55 100
22 56 92
40 70 100
7 90 105
36 80 86
46 93 94
11 65 84
14 54 98
44 89 88
31 92 90
17 54 112
39 66 90
34 72 109
46 78 95
47 78 83
12 88 83
46 74 108
39 77 108
7 93 93
26 80 85
26 57 82
7 76 114
19 74 118
14 87 105
41 87 92
35 65 98
41 77 96
18 86 88
44 57 86
31 70 103
40 76 87
39 67 80
41 93 104
37 55 80
25 72 94
43 93 88
37 56 80
31 55 98
17 57 93
13 63 96
46 70 81
29 79 116
40 62 79
22 54 114
46 62 97
12 70 90
25 88 112
20 68 114
29 77 86
31 63 94
42 58 93
40 81 101
28 77 87
12 64 88
25 56 116
16 75 92
31 59 106
47 88 96
29 69 88
27 74 91
14 77 85
46 75 78
43 62 101
16 71 80
37 90 78
19 91 106
26 59 96
10 54 95
43 57 86
26 85 80
46 62 91
10 74 84
9 56 107
11 56 90
27 73 100
23 58 103
15 61 88
26 83 92
33 66 118
10 88 114
42 85 104
33 91 96
7 64 116
15 88 95
45 74 107
8 84 116
24 72 97
40 89 91
19 79 104
35 60 80
23 75 108
26 79 82
23 91 95
24 53 106
16 68 96
26 89 84
26 90 117
39 81 118
30 65 108
43 84 102
19 63 103
42 64 97
42 56 95
14 72 94
47 75 89
23 61 84
26 84 105
17 78 88
7 74 85
8 70 116
31 86 105
19 79 102
46 84 87
31 76 113
12 63 99
18 66 92
47 88 97
20 76 87
19 90 83
45 75 98
43 86 91
21 58 106
24 69 96
12 67 96
37 69 98
36 76 103
45 83 90
35 54 111
33 85 104
30 90 100
21 61 88
14 69 103
16 87 114
32 73 81
27 85 80
36 66 107
46 72 108
16 62 115
35 60 85
43 83 82
29 53 82
17 85 113
31 85 109
19 76 78
17 60 102
18 87 111
16 74 100
30 63 88
36 77 97
46 91 96
46 59 113
23 55 107
18 87 100
8 62 104
36 83 113
45 57 94
45 60 116
7 86 100
47 62 102
38 66 97
32 79 81
23 65 88
15 91 97
16 90 106
13 90 98
43 77 88
33 93 87
16 89 87
29 77 107
21 66 107
9 56 79
45 84 109
31 70 82
8 77 106
23 87 99
16 65 87
18 79 106
46 83 100
12 68 82
46 87 111
8 75 96
33 56 115
32 86 118
14 89 106
37 86 96
12 74 85
12 73 99
40 64 100
12 83 110
45 62 84
10 63 114
10 70 104
33 66 112
9 81 111
7 92 115
38 70 84
47 93 108
42 68 90
33 74 114
45 93 116
42 58 86
22 57 82
34 82 95
27 86 96
39 76 118
19 68 114
38 65 112
20 53 96
29 71 87
31 90 109
42 89 100
44 57 101
35 79 103
43 79 82
18 89 86
7 62 118
25 75 110
16 61 89
25 65 116
31 89 95
18 65 117
29 89 85
38 54 106
35 68 112
41 59 100
25 90 108
43 83 86
27 67 83
13 60 88
22 63 99
30 57 83
7 78 93
25 66 103
36 70 103
38 89 82
29 90 108
42 66 113
42 62 106
11 80 97
43 60 105
23 85 106
44 70 87
20 91 117
37 83 108
39 75 86
46 60 113
25 66 94
35 63 95
31 61 95
25 81 92
32 91 111
31 63 82
26 85 118
28 89 117
36 62 80
16 60 81
44 53 102
37 89 101
22 73 99
33 71 87
31 66 109
29 58 86
37 79 78
33 67 111
19 60 93
44 84 105
21 72 85
14 66 108
33 78 96
13 81 86
34 77 86
8 81 95
10 76 109
35 80 97
25 77 82
12 68 84
42 77 78
31 86 97
17 60 82
46 70 117
38 90 81
25 58 94
29 87 91
43 79 82
27 82 117
37 58 112
30 67 105
30 58 80
8 71 81
24 70 110
35 63 79
15 83 80
17 90 118
7 57 102
19 74 84
44 90 96
42 85 112
21 67 85
31 69 81
38 78 114
15 71 115
13 82 88
15 65 84
11 80 82
26 66 81
31 84 100
12 75 101
47 71 83
22 72 100
35 90 79
34 91 79
17 53 92
26 54 81
47 93 108
26 74 82
29 61 81
15 65 82
26 62 93
32 78 80
7 78 91
26 60 84
26 86 78
11 77 79
47 67 95
31 53 111
21 79 105
32 68 113
10 81 105
29 61 97
37 80 101
18 61 80
24 67 92
41 79 102
42 59 101
44 62 79
14 90 78
22 63 110
9 68 115
18 76 81
11 71 100
44 79 78
24 87 89
26 53 117
17 57 113
10 59 101
25 70 111
14 88 81
45 90 113
25 58 98
24 55 95
42 66 101
26 55 114
36 65 99
34 91 99
21 70 93
45 69 94
22 76 103
16 81 83
43 78 97
41 64 94
24 78 108
18 70 99
36 77 118
15 93 111
18 88 93
29 81 92
46 57 99
18 62 105
36 77 116
13 68 101
16 55 106
8 54 112
25 80 103
29 88 100
11 71 97
27 73 85
15 75 83
22 67 94
12 85 108
23 90 90
8 75 111
15 66 82
45 82 98
14 67 100
37 62 117
12 64 89
40 84 80
19 56 115
18 74 100
19 77 82
38 85 114
31 89 91
8 86 80
44 66 118
42 76 90
21 53 113
14 71 82
21 61 96
8 68 105
47 60 86
18 83 95
13 73 109
7 72 88
15 84 96
20 79 78
13 89 109
35 75 84
20 88 110
16 90 114
13 91 78
20 70 112
34 82 97
35 57 84
9 74 102
41 92 94
18 79 82
37 71 115
33 88 106
35 86 108
30 63 93
39 66 88
13 78 105
20 86 88
10 69 91
14 62 117
19 67 100
27 56 104
13 67 110
47 56 79
7 81 87
39 70 106
45 91 113
32 90 85
28 61 83
8 56 99
43 71 118
14 68 99
26 74 113
46 65 104
10 63 103
47 86 78
19 88 84
44 75 95
26 72 91
30 86 80
29 78 79
47 76 99
29 82 92
27 66 85
46 88 88
11 70 91
33 61 114
9 72 114
37 60 106
30 83 97
37 93 81
12 61 81
43 75 94
11 85 107
16 73 94
14 80 105
13 69 83
10 82 96
28 66 114
11 68 104
28 91 94
7 56 83
41 81 100
13 64 91
15 56 107
39 55 106
34 90 112
31 75 116
7 63 116
22 90 102
28 85 90
32 73 83
10 57 101
41 59 95
31 85 103
33 53 104
31 91 104
38 67 89
21 54 103
34 62 118
29 55 82
44 62 89
43 90 87
42 62 104
38 59 81
29 88 105
24 64 82
10 61 96
33 54 87
16 72 101
39 57 78
28 90 105
55 20 53
50 16 35
68 30 67
65 41 55
42 46 55
73 20 61
44 24 42
43 41 38
57 38 37
57 46 56
64 14 46
75 29 57
74 21 68
67 18 65
55 39 35
70 21 34
62 31 72
71 51 72
53 38 67
81 34 60
43 51 33
60 42 47
60 32 32
42 54 33
44 40 35
68 47 72
44 44 65
73 18 61
75 49 63
66 17 54
75 34 47
50 27 44
79 30 57
67 36 41
70 50 38
63 40 58
79 16 46
64 15 61
53 48 61
47 26 53
53 14 41
73 50 50
78 49 71
55 37 36
70 54 51
53 48 47
75 29 53
63 30 39
78 49 61
55 19 60
53 17 41
69 24 43
59 29 61
44 33 43
77 32 55
61 27 51
67 33 58
72 38 32
53 44 69
75 33 71
49 14 44
64 16 68
60 48 60
73 24 49
59 26 64
82 24 62
61 39 40
72 18 49
66 14 52
69 27 56
66 36 41
51 24 71
82 49 43
66 21 51
66 40 43
73 46 69
68 18 33
51 34 34
71 53 60
78 29 34
74 51 55
70 41 45
62 22 46
74 29 51
62 26 50
63 37 36
66 22 44
71 37 53
64 53 64
63 53 60
66 47 56
54 54 44
67 48 60
62 50 68
66 41 48
74 19 44
60 42 56
45 38 63
68 18 48
68 26 46
50 48 53
64 18 67
78 40 66
63 18 67
77 29 53
62 17 45
60 43 59
77 27 51
65 34 47
77 29 72
43 25 64
46 52 68
62 30 38
45 33 63
51 38 43
55 37 40
73 38 57
77 51 51
69 46 64
69 16 66
76 17 46
68 23 48
44 35 54
79 18 55
82 49 40
45 34 53
75 22 53
72 18 62
49 47 56
45 28 53
79 14 64
61 46 61
69 18 70
49 22 50
49 38 34
60 38 35
64 49 53
57 34 55
69 29 48
69 41 42
58 39 66
70 54 69
57 22 65
58 20 64
71 50 41
49 39 41
57 17 69
46 53 35
61 27 69
82 36 55
50 40 49
67 25 48
65 45 69
54 49 51
42 51 43
42 35 34
48 39 53
60 32 69
45 34 70
48 45 69
43 26 51
42 19 71
49 24 65
56 35 35
65 23 54
50 20 58
65 37 48
64 47 56
43 29 61
63 41 64
79 22 38
64 40 60
67 48 65
46 54 56
67 15 56
59 42 42
50 26 57
44 50 54
65 18 51
51 50 62
48 46 43
64 50 48
53 34 63
49 42 33
80 38 64
60 45 39
61 44 56
78 48 67
79 44 67
53 50 69
75 14 32
68 25 57
63 26 36
57 52 41
72 20 60
69 44 50
81 33 44
79 26 50
57 26 42
79 42 34
57 17 47
58 16 68
71 31 59
69 18 53
43 38 48
53 51 64
67 38 47
81 39 60
51 33 61
60 44 47
48 22 38
58 31 44
53 14 61
44 19 61
47 22 40
47 19 40
75 49 63
71 42 64
54 20 54
45 46 43
61 27 48
67 40 40
71 19 54
75 16 34
70 49 69
42 37 37
75 32 52
72 47 67
69 30 67
65 48 40
64 43 61
69 25 49
76 44 70
45 51 55
73 47 62
72 42 68
80 42 49
55 39 60
61 31 49
79 54 41
70 47 32
46 19 50
43 34 68
75 28 32
52 40 63
48 33 66
54 45 65
43 18 34
44 18 36
81 33 51
74 46 54
81 37 42
51 48 36
59 35 70
76 34 67
48 42 71
46 52 66
52 26 46
81 42 50
58 34 62
42 47 36
80 51 33
65 52 53
46 32 44
69 49 43
56 24 53
46 25 64
64 30 65
72 45 51
53 28 49
77 48 42
76 28 32
56 47 50
52 26 44
44 54 61
51 31 71
61 38 41
53 45 54
55 39 66
60 46 41
71 51 51
82 21 34
47 30 39
48 18 67
51 46 66
64 16 60
79 43 55
82 48 40
65 26 47
53 24 42
75 40 59
54 40 56
77 48 60
66 45 52
44 29 45
57 53 45
59 51 45
76 42 36
65 14 52
66 36 47
68 38 55
67 45 54
49 52 55
74 42 41
44 32 59
49 27 61
75 21 36
58 23 46
46 14 41
70 33 62
46 47 36
72 14 56
66 42 48
58 17 50
62 51 56
59 54 48
43 31 64
61 41 70
51 15 46
62 38 37
56 39 44
64 42 54
59 24 66
46 30 51
70 25 32
44 25 36
47 45 41
46 48 65
48 17 46
49 19 70
78 23 62
75 15 72
73 34 66
53 33 56
62 19 70
56 38 50
56 19 43
80 44 54
47 22 61
79 29 56
66 22 59
77 38 41
62 54 44
52 29 38
70 42 50
81 53 40
80 51 34
51 34 69
75 21 44
60 38 66
44 54 46
53 45 71
54 47 50
81 48 63
61 32 58
51 46 56
60 47 61
63 52 59
43 42 52
47 54 41
53 26 63
60 20 56
62 33 67
76 52 66
54 30 51
64 27 41
69 37 53
78 18 53
53 22 65
78 17 39
48 48 70
76 25 46
72 44 61
72 49 38
71 26 49
79 48 65
55 15 58
72 35 62
71 33 49
75 21 72
77 15 37
64 24 47
54 26 35
57 54 54
74 30 32
47 46 71
43 42 46
74 28 46
61 47 52
69 26 63
82 28 40
65 33 70
70 31 67
59 20 40
76 40 36
53 26 32
54 26 72
75 19 69
72 42 64
64 44 47
68 52 41
55 30 36
77 27 67
81 25 56
74 30 67
79 54 42
51 15 35
43 31 34
65 15 71
81 50 51
62 27 61
80 37 42
48 40 49
75 42 55
47 50 69
71 49 67
48 50 36
48 32 48
77 50 37
42 53 45
77 51 42
48 22 70
46 39 49
55 35 68
66 42 37
58 21 52
46 34 48
74 34 66
78 35 59
49 20 65
76 25 58
59 21 32
55 41 33
69 35 56
70 22 40
71 54 72
53 48 35
46 38 58
74 26 47
49 48 41
53 39 34
73 50 56
50 36 36
78 37 51
63 21 55
71 44 69
54 54 69
63 22 43
75 24 50
46 17 56
42 32 47
79 29 52
78 36 57
65 44 55
52 30 40
49 49 32
62 29 71
74 38 35
56 18 61
47 44 67
58 18 40
72 25 54
71 43 38
45 38 43
72 34 51
46 36 72
50 26 46
43 27 32
70 37 59
75 48 55
70 49 39
68 27 33
80 31 56
51 20 44
62 16 70
45 48 53
71 23 36
48 45 72
73 49 57
48 29 58
47 31 69
78 24 33
63 49 40
70 29 51
71 27 36
48 18 41
54 21 72
82 38 32
42 15 56
74 14 56
55 50 34
49 35 63
56 46 53
54 27 39
78 46 61
72 23 71
77 23 35
62 29 51
60 34 60
55 19 60
71 47 38
41 51 57
46 50 22
44 24 45
68 45 33
64 33 38
49 53 24
53 43 53
73 25 22
37 56 22
46 57 39
47 55 39
72 19 21
39 47 44
61 56 48
54 32 47
52 21 32
62 33 27
51 23 26
48 18 27
51 38 34
59 54 25
46 45 30
45 53 47
35 40 52
51 46 50
38 56 33
58 44 40
54 43 48
45 26 30
34 28 21
62 45 31
61 29 53
52 37 51
61 50 41
46 52 31
66 28 30
42 42 57
52 38 22
64 24 36
69 53 52
55 20 44
74 52 30
48 48 30
53 45 44
53 55 31
61 42 27
55 47 57
38 24 60
56 20 40
53 26 38
38 31 41
51 26 24
65 43 60
39 49 24
74 29 60
69 20 46
71 37 28
38 19 28
60 36 61
66 30 25
69 56 53
36 53 33
46 45 40
68 48 32
74 46 60
40 53 51
63 35 25
37 42 26
50 31 50
43 39 34
62 57 52
45 38 56
53 46 38
46 18 50
55 27 55
52 50 44
45 24 39
44 30 27
54 21 29
64 33 59
73 57 34
57 28 32
48 42 30
37 43 46
38 40 45
45 50 55
43 45 32
53 22 55
59 53 46
45 36 27
66 36 51
52 38 51
63 23 26
38 34 49
73 33 41
37 26 32
45 39 50
60 44 46
42 17 35
56 18 49
56 47 35
43 49 55
58 39 56
47 24 24
35 28 24
63 41 22
63 55 44
58 47 55
54 46 33
65 33 32
46 38 22
44 49 43
43 27 42
50 53 59
51 22 46
58 35 58
41 28 34
53 37 32
53 27 47
44 52 54
74 35 36
64 36 47
74 22 56
48 52 25
68 53 48
56 49 29
65 28 41
40 24 52
70 27 61
72 18 35
53 42 55
56 39 53
51 33 30
73 31 24
52 51 61
43 54 21
42 49 55
43 34 35
39 17 47
63 17 37
74 38 24
66 45 31
67 41 22
63 40 57
42 27 49
38 46 41
37 32 21
74 57 56
45 23 36
72 35 47
36 57 45
67 23 50
37 43 38
56 42 36
58 29 23
42 55 48
47 18 56
73 33 33
57 32 59
68 19 48
43 18 49
39 51 51
50 40 61
55 56 57
72 50 35
72 19 47
72 27 43
42 53 39
64 26 43
43 17 39
59 50 53
38 31 51
38 56 37
66 18 41
47 28 31
38 18 35
36 52 50
41 56 36
59 21 41
38 25 27
53 28 58
63 29 44
53 23 45
69 45 45
59 24 51
42 34 28
43 20 60
70 40 48
52 34 38
65 56 58
50 43 33
49 39 42
53 30 33
45 22 33
41 47 45
47 44 43
42 17 32
36 54 44
62 28 59
34 52 33
67 18 55
67 24 46
50 37 42
55 50 22
48 18 25
49 36 24
70 42 22
72 47 48
68 23 40
71 54 28
67 31 22
34 57 44
54 27 48
36 23 26
42 44 44
43 28 22
71 46 47
58 30 41
52 23 21
57 20 24
43 38 45
41 50 46
55 50 37
61 20 32
74 53 35
56 51 57
52 40 53
67 37 37
39 38 21
68 17 54
74 34 48
40 54 32
52 41 21
34 28 57
70 44 37
41 21 59
42 51 42
37 22 46
67 24 22
55 31 61
49 18 40
51 31 58
39 47 47
73 51 42
64 20 30
51 32 46
49 45 56
74 50 27
39 30 59
60 56 43
57 22 36
65 31 37
67 35 59
54 56 51
65 29 43
50 21 52
40 33 54
52 32 37
70 49 50
43 19 43
44 37 57
50 51 43
52 40 45
47 25 32
60 21 21
68 28 23
62 17 56
61 39 53
46 50 54
72 35 29
44 50 27
42 44 53
37 51 45
66 18 45
59 24 51
49 50 61
42 34 52
60 43 21
69 33 48
68 18 55
42 43 24
64 24 30
41 46 60
73 40 50
57 22 21
54 46 34
73 27 56
51 41 53
54 43 27
35 36 22
71 19 51
62 51 50
44 41 58
50 36 50
66 46 57
65 21 44
44 56 25
50 25 25
44 18 30
53 40 29
36 27 35
34 43 25
51 50 57
40 32 52
40 24 59
71 19 33
64 42 45
48 42 56
71 57 59
68 38 55
43 41 51
43 19 23
55 57 50
41 23 26
56 34 58
40 25 26
58 21 46
66 49 26
47 57 31
63 55 45
39 57 46
59 46 55
46 47 43
62 43 24
59 25 34
55 22 56
39 45 40
53 21 59
54 47 52
52 55 35
68 48 41
65 46 22
57 47 50
49 44 60
58 31 57
52 20 40
73 22 22
67 31 57
57 25 61
58 22 27
62 43 28
70 40 60
59 39 27
69 21 40
72 56 42
62 20 51
48 32 38
66 29 34
52 40 21
49 37 46
44 57 23
42 40 52
39 49 25
66 32 30
67 45 41
48 55 27
40 23 33
43 53 49
41 18 54
35 33 48
53 49 22
71 38 40
46 51 48
72 33 34
45 28 28
50 38 33
64 34 34
52 56 42
36 36 22
45 53 47
48 43 44
53 19 45
69 43 34
34 44 27
52 55 35
45 53 49
69 47 31
43 54 61
59 32 46
66 56 23
41 41 30
59 54 31
67 48 56
58 51 42
65 36 23
63 42 48
37 33 33
44 49 27
55 35 42
40 24 26
45 43 24
66 20 35
37 46 23
45 26 39
60 23 42
69 46 46
67 47 30
40 51 47
66 22 51
51 28 47
52 19 57
51 18 47
54 48 49
56 35 33
73 51 21
65 17 51
62 26 39
48 28 23
42 49 25
62 19 35
57 48 60
42 32 23
38 49 45
52 57 24
67 46 53
73 22 30
63 37 61
37 47 33
43 17 26
73 45 48
55 46 34
60 35 31
41 23 24
73 55 44
35 27 54
44 20 43
42 29 48
61 21 41
60 31 40
53 45 27
37 23 60
54 45 44
49 33 28
51 26 60
41 19 29
47 32 59
61 40 28
38 47 38
38 38 45
52 54 57
48 32 38
51 33 22
60 50 43
56 29 29
42 42 41
45 41 39
38 51 37
51 30 49
70 31 54
66 33 32
59 26 43
74 30 53
44 31 37
69 20 35
64 29 30
60 44 54
57 37 52
44 17 41
34 27 44
48 56 33
68 37 44
35 56 53
72 26 30
56 24 21
34 55 47
74 42 38
36 34 57
68 50 31
47 43 29
49 20 50
44 28 41
44 21 23
42 46 50
58 56 31
36 44 30
57 54 57
62 31 50
40 57 34
54 46 22
40 25 55
69 34 31
44 52 52
48 28 49
48 19 46
72 31 30
38 56 28
72 25 29
73 49 37
44 28 38
59 56 22
59 46 55
37 52 23
62 24 35
37 36 57
63 22 40
46 26 42
64 40 43
58 25 46
34 39 42
81 20 -7
86 18 21
66 -2 8
70 7 -6
80 23 -8
84 23 22
92 -8 -5
83 5 14
58 -12 26
66 -5 11
59 8 18
84 -11 -3
75 12 3
58 1 14
72 11 10
85 25 27
87 27 6
86 0 2
73 7 1
60 -1 -10
86 26 17
81 3 0
75 -10 1
94 6 -10
95 28 -7
76 25 8
56 0 27
86 17 -2
76 15 13
64 10 -6
56 12 -7
60 -1 4
81 25 9
58 11 18
58 28 -11
88 11 21
95 -4 -9
92 -12 9
81 15 22
77 7 21
73 18 -1
75 9 4
95 3 -2
95 28 1
77 -8 -12
87 7 23
87 21 -3
88 20 17
83 15 24
63 27 -10
61 -7 23
62 -1 -10
69 28 25
81 24 -7
58 28 8
95 18 9
86 -4 26
81 15 -13
76 6 -1
95 20 -1
58 13 0
64 -4 -3
90 -2 -2
61 -10 -9
92 -6 11
78 4 -12
93 2 20
85 -12 -4
58 5 -5
78 2 -4
65 18 -8
94 13 -11
73 14 26
91 15 1
87 -6 24
66 -10 7
76 23 16
67 -10 -7
85 14 -13
82 25 3
72 -1 27
89 18 24
56 4 -9
75 22 -12
91 10 -11
90 13 26
59 7 6
64 28 21
56 26 14
91 10 17
77 -4 13
61 -5 13
93 -11 21
56 -11 12
87 -7 14
73 10 -6
67 4 13
59 20 -4
59 1 4
94 -1 4
76 5 24
76 -10 -11
83 7 -5
80 19 14
62 -1 3
64 -3 15
59 -2 12
95 10 10
86 2 -2
90 -8 -6
82 -6 4
63 4 27
90 3 -2
76 16 -10
92 3 -4
69 0 15
74 -7 -4
68 -11 17
69 -2 -5
81 13 21
66 8 -6
93 24 9
85 5 7
78 25 7
85 -1 13
72 28 -6
85 26 9
93 0 15
58 19 -1
87 23 21
69 -9 8
69 -1 -10
86 -9 -1
85 0 -11
66 -4 -10
69 -4 5
76 4 9
91 -10 19
92 13 15
82 25 -2
93 22 9
72 26 -11
62 26 25
56 12 -7
86 14 14
75 16 6
81 15 14
91 -12 21
69 18 26
62 6 -3
91 24 1
64 2 19
75 -7 20
73 22 8
81 2 9
81 16 9
75 -10 -5
59 6 25
63 -8 -10
68 -1 15
80 -3 0
92 25 9
95 -8 26
62 -1 27
75 5 25
59 -12 17
80 9 15
57 1 1
58 26 27
83 5 7
59 -1 4
67 16 6
93 23 -2
81 14 -4
67 2 22
70 -3 23
95 14 -13
73 20 -4
79 22 26
55 22 -3
63 18 10
92 23 6
94 3 7
63 -7 1
55 20 6
79 6 -13
75 15 12
82 -5 15
88 -10 6
85 2 0
80 -12 23
60 -2 -4
61 15 18
56 3 21
70 19 -8
66 4 12
86 23 20
55 20 10
67 16 -7
86 21 10
59 -9 -10
67 -9 3
92 -7 7
86 10 -3
57 19 -11
92 8 21
84 2 8
91 4 8
95 23 3
63 4 -13
64 7 2
76 22 -9
78 19 11
82 2 4
73 28 -3
59 11 3
82 11 -11
87 -6 23
72 12 19
69 4 25
73 5 -13
94 17 3
95 7 5
76 24 -12
58 24 -8
72 15 16
86 26 5
57 -1 1
67 -9 13
94 0 -5
76 6 10
74 -10 -9
89 0 20
88 26 12
68 26 -2
59 -6 27
84 28 -12
91 11 -5
66 3 -11
87 -4 15
81 -12 13
82 -11 13
69 9 -9
73 -4 6
94 -10 -3
80 8 -7
64 1 -9
68 8 6
79 4 -6
75 23 6
73 21 -3
73 22 6
89 -2 11
65 -9 -12
75 -1 -8
61 -1 -7
77 -5 16
56 6 7
66 6 -8
59 3 24
79 23 6
58 -10 18
57 11 -3
63 -12 -5
72 -7 -12
82 -11 4
77 -10 25
60 -9 2
63 26 -8
88 -6 6
86 17 20
65 -1 -10
55 -9 26
76 11 19
89 22 22
68 -4 7
63 11 27
75 13 24
57 -11 24
76 0 1
66 -11 8
69 4 6
63 8 8
71 12 10
90 18 19
68 27 24
95 -7 1
57 9 6
85 19 -1
59 14 6
67 17 24
84 16 3
80 12 23
77 -7 27
77 -1 19
84 13 -6
61 -6 21
67 27 -6
89 16 11
78 18 21
85 5 0
90 -2 27
65 17 21
80 4 18
90 12 7
65 -10 13
84 1 8
55 -3 24
75 -8 25
66 0 7
65 10 -10
76 3 -13
87 10 3
84 24 22
63 5 16
75 11 24
77 -6 10
58 22 27
94 -2 27
61 -12 8
70 8 1
61 11 13
66 13 8
67 -12 21
58 -11 -3
90 25 17
82 27 6
71 17 -9
88 -5 -9
65 10 20
71 10 20
66 14 6
93 -8 -13
68 27 0
73 4 22
84 -6 21
77 8 2
77 -4 13
80 5 -11
59 16 7
87 26 -5
78 -12 -4
59 -9 -5
56 2 14
84 28 12
93 4 9
64 25 -12
57 1 -5
82 8 15
84 8 -10
93 24 20
67 28 -7
65 12 10
63 13 -8
67 2 20
90 28 21
58 1 -7
67 19 4
92 15 -7
83 -5 13
78 8 -8
72 23 3
83 7 6
86 21 -10
72 5 -9
85 20 -13
60 24 -7
67 21 1
78 23 -6
72 17 22
58 0 27
94 21 6
91 24 11
95 -6 0
85 12 19
63 22 -13
95 -9 11
73 -11 23
80 8 14
74 3 26
89 22 12
94 8 15
74 6 6
74 -5 17
77 6 2
56 7 -2
87 24 0
73 2 10
94 5 -4
81 14 0
92 6 4
64 -8 24
65 12 11
79 14 17
82 19 13
81 -2 -12
92 -4 -1
76 7 22
56 26 1
60 -9 10
57 3 18
67 25 4
63 10 21
92 19 -9
93 17 11
95 -11 12
73 10 4
80 2 1
85 16 24
57 -1 17
57 -12 12
88 -4 -9
92 -1 27
58 4 -11
59 14 14
95 -10 6
89 -9 8
59 -5 7
73 7 21
86 14 19
84 19 21
61 11 -5
76 4 0
84 22 24
55 5 18
74 2 22
91 2 23
65 -2 16
66 9 6
67 12 -5
69 22 9
92 28 5
57 -10 23
58 -10 13
66 -10 20
95 14 1
91 1 19
67 28 22
93 26 -3
63 -4 -5
94 13 2
66 21 17
60 -12 -10
66 -8 20
65 -5 14
67 13 -11
58 8 4
87 2 13
63 14 15
84 7 -11
64 26 8
75 16 26
66 19 26
87 -10 12
91 -4 9
62 12 12
74 6 10
77 16 -3
82 25 11
66 20 -6
91 -11 9
62 11 -3
92 -9 0
57 -7 -3
87 1 17
82 0 -7
56 2 19
90 -8 -4
61 -3 10
88 17 27
85 7 -11
55 -2 -11
67 25 15
55 12 24
75 -7 6
75 -1 15
83 -2 -7
95 4 15
93 -12 4
61 21 13
94 9 -11
87 18 -10
89 11 3
69 6 11
65 -2 7
60 18 -7
80 -7 1
66 0 23
75 -8 11
93 3 3
85 -3 6
94 -4 -1
80 -6 -4
87 28 17
59 9 21
91 9 1
74 13 22
84 22 0
73 -2 24
77 -8 24
6 76 67
24 54 63
-5 52 48
12 77 36
0 74 49
30 61 67
31 49 72
3 63 61
-2 81 57
-2 82 47
24 56 33
13 82 54
-3 58 63
22 45 43
-1 63 67
16 82 67
30 75 36
2 55 44
2 69 72
19 63 48
32 61 48
21 78 60
10 55 39
32 73 70
-3 45 73
35 54 56
7 47 34
26 85 57
-2 68 58
23 50 40
24 64 42
2 59 58
11 64 66
6 53 71
19 45 50
12 72 47
35 57 35
8 48 59
34 46 73
5 57 57
33 53 45
19 47 43
6 72 63
33 83 57
-3 61 73
11 60 71
27 68 73
35 67 65
6 55 57
12 62 40
6 76 49
-5 58 37
20 53 49
0 75 39
-2 77 58
27 53 65
29 65 44
10 79 58
3 45 41
2 73 54
2 48 43
25 61 68
16 68 73
29 74 37
7 57 63
-3 75 54
7 59 42
28 64 52
-5 49 73
34 53 70
-4 54 34
8 83 49
-5 55 62
0 82 53
33 69 42
14 71 62
23 68 47
-2 65 34
30 75 69
4 69 70
25 73 58
34 83 62
7 55 52
0 60 50
33 58 40
22 76 46
21 85 47
23 53 70
35 53 64
21 80 65
7 76 52
-4 54 56
8 64 41
1 69 47
20 64 39
34 59 35
27 81 71
12 49 71
29 76 36
31 74 35
22 60 51
34 55 66
16 49 50
26 54 68
-5 54 68
35 57 33
11 66 68
30 75 63
30 56 53
22 71 61
23 76 43
19 84 49
10 71 36
13 46 63
30 50 49
9 74 48
15 66 36
18 64 55
16 65 71
26 54 34
10 79 46
0 65 44
13 51 44
31 74 49
-4 48 49
34 58 64
6 73 59
10 76 59
23 46 33
0 45 58
-4 65 58
-5 80 41
23 48 73
17 47 39
-2 57 59
28 70 64
7 79 43
11 66 43
23 52 52
20 64 68
17 46 59
21 82 66
32 58 45
8 78 67
-1 50 36
25 47 48
32 70 33
3 46 60
7 61 57
-4 57 43
1 52 54
-1 59 57
4 82 53
33 48 66
1 64 54
35 50 34
11 59 51
14 77 39
8 61 43
10 50 70
18 69 47
16 70 52
1 75 70
16 45 41
22 55 50
34 49 45
-5 48 42
-4 78 64
3 57 65
-2 51 63
24 69 56
6 62 40
32 63 53
15 63 62
14 81 51
20 73 38
34 51 63
23 54 47
29 54 41
18 67 72
18 49 70
0 64 73
28 45 62
24 59 70
33 79 39
16 67 43
34 54 68
7 76 71
-4 71 47
33 50 47
31 49 40
12 45 36
34 80 58
1 49 44
16 54 47
34 52 42
28 58 56
3 50 35
12 74 57
22 82 39
20 49 61
27 74 73
32 55 71
28 74 43
29 46 68
28 52 56
33 45 46
1 63 51
3 56 59
28 85 37
-5 55 37
-1 52 55
23 78 34
4 62 70
18 69 70
-3 74 49
29 85 50
32 82 70
35 77 65
15 70 39
24 59 38
23 46 71
20 84 63
16 64 69
30 46 60
25 54 46
23 72 55
6 66 68
9 68 48
11 80 41
23 74 66
1 70 59
0 61 63
14 79 63
32 76 51
18 82 67
14 49 45
16 65 48
34 82 41
-3 58 60
33 85 61
-2 65 46
-3 73 43
9 52 72
25 66 41
2 79 70
35 74 69
6 79 64
10 45 38
13 67 38
1 67 51
12 84 68
28 48 61
31 80 55
23 81 35
13 61 65
23 60 65
25 71 43
31 51 56
29 66 56
12 63 61
35 45 34
30 56 61
20 79 71
4 61 54
16 81 73
-3 72 69
-2 60 59
27 85 64
13 56 51
8 57 60
12 62 46
29 54 58
12 65 58
27 46 37
2 55 59
34 58 39
29 57 61
21 52 51
23 72 58
16 55 34
23 61 45
18 69 34
10 76 63
24 56 70
24 73 56
25 78 66
28 51 62
5 67 61
9 81 66
21 49 63
33 57 61
9 78 38
27 78 34
20 78 61
33 53 73
0 46 63
26 70 71
18 52 71
13 72 61
-4 53 73
5 85 58
31 57 41
19 79 54
11 81 50
16 53 50
10 71 54
30 64 62
1 75 60
-1 76 68
21 74 47
28 66 66
20 64 43
0 66 52
17 82 61
24 46 61
29 82 71
-2 61 72
25 73 73
5 49 51
14 74 57
-4 52 66
2 66 55
31 52 49
5 61 58
8 71 51
5 53 46
7 61 60
34 64 41
24 79 65
28 77 59
35 76 70
21 68 60
9 84 40
32 63 55
35 47 66
35 60 51
1 69 71
1 85 67
22 77 47
6 47 46
18 62 61
9 58 47
-2 66 46
27 59 33
20 60 67
19 70 45
31 80 47
33 69 38
35 66 54
13 82 38
10 85 70
35 53 53
4 55 38
7 47 70
33 74 63
9 61 61
17 65 53
16 78 58
25 59 55
7 48 72
-2 76 72
7 79 63
29 71 36
30 73 35
0 80 55
20 80 65
4 66 44
1 51 39
23 83 54
25 52 70
-2 52 33
-4 54 48
26 84 72
23 79 50
3 77 57
-1 57 40
-1 54 36
23 67 44
33 67 61
17 52 68
34 53 33
7 80 55
6 68 46
14 45 63
13 70 54
19 74 46
3 66 45
34 47 49
-1 80 49
13 50 41
20 75 68
34 67 43
-5 69 43
23 85 60
-1 52 50
33 57 73
-4 69 41
-1 81 40
21 46 35
27 45 47
6 46 54
24 51 72
3 46 59
26 45 53
32 68 62
10 84 50
24 62 69
0 69 60
-4 60 59
28 83 65
12 59 39
35 70 54
30 74 64
33 45 39
15 52 50
-3 70 49
28 64 51
25 70 61
27 58 35
20 58 73
-2 72 48
31 56 33
11 75 71
13 58 68
15 71 55
2 75 57
32 62 50
-5 49 36
1 68 53
10 76 43
28 52 63
19 53 41
14 48 40
22 48 36
30 49 34
12 45 56
30 57 35
3 55 68
12 53 45
15 65 39
29 63 68
28 54 55
10 75 54
-5 66 52
-2 56 46
-5 49 47
33 45 45
23 53 47
4 78 55
28 73 57
16 70 48
-4 47 59
6 73 39
2 60 45
35 63 70
18 65 55
14 61 52
32 49 42
-5 59 63
33 53 43
27 48 58
2 51 73
23 82 66
16 55 59
30 58 38
4 67 71
-3 61 70
25 57 36
3 59 55
3 50 51
11 48 58
8 70 55
3 60 54
31 73 38
-1 79 62
26 53 33
34 78 50
-4 81 46
3 50 51
0 63 60
29 66 55
6 81 46
-1 72 43
19 57 49
6 75 34
-2 82 59
0 82 50
14 59 52
-2 59 54
16 61 42
12 73 34
15 77 54
28 85 33
7 48 34
12 72 43
33 83 45
25 73 69
3 45 52
3 70 66
36 69 88
29 81 70
1 65 97
20 65 86
36 53 62
23 78 96
29 74 77
24 78 66
14 58 58
13 70 71
8 79 94
22 60 97
-4 83 63
-1 52 65
25 53 89
9 76 78
23 69 62
0 78 77
36 50 67
9 57 81
0 68 84
9 73 89
35 60 83
29 56 75
18 56 69
21 67 89
6 86 85
27 82 85
34 57 82
1 58 67
35 86 73
7 80 74
31 66 73
24 62 80
5 60 95
29 55 83
26 72 75
31 61 64
33 60 86
21 70 65
33 75 66
0 70 73
30 53 62
20 59 93
26 87 83
4 55 69
28 50 92
34 86 93
16 49 78
23 69 73
-2 51 90
33 69 83
4 87 67
-4 51 78
21 82 76
27 49 98
7 81 62
30 75 87
28 54 69
14 57 60
23 64 60
0 62 94
13 50 73
34 61 72
2 65 63
15 50 69
-3 79 77
7 68 71
27 85 81
21 86 86
2 80 78
30 56 75
7 55 74
20 56 66
-4 71 88
36 77 92
35 60 58
13 87 86
23 77 93
1 60 83
1 56 61
2 70 61
7 54 97
9 78 75
-4 86 85
18 47 94
8 85 89
16 53 90
4 69 65
31 51 80
17 84 76
15 60 74
24 73 89
0 64 96
2 56 64
0 77 92
-1 75 62
35 84 75
25 47 70
-2 48 62
12 66 96
-4 50 72
13 78 59
9 77 82
2 52 74
11 74 79
-4 49 84
34 74 61
35 64 75
2 54 74
31 75 59
20 56 66
24 65 83
33 65 63
-4 87 60
0 67 87
11 66 98
-3 64 92
11 57 58
13 85 60
7 63 61
15 63 80
2 51 85
36 77 85
15 86 97
19 76 64
12 54 61
6 49 85
30 55 90
6 61 75
18 49 72
-4 54 61
30 79 82
11 54 92
0 76 98
12 54 74
22 77 87
27 86 87
33 48 58
36 72 64
3 59 80
32 54 79
28 79 80
9 59 75
7 77 59
2 69 97
29 49 88
26 51 75
33 70 59
24 86 64
24 64 89
-3 72 97
0 80 86
-1 53 66
1 75 93
9 80 65
35 58 84
17 67 88
12 60 86
-1 74 88
10 49 85
22 55 92
19 81 90
2 56 72
18 72 66
18 69 68
11 75 58
26 81 85
3 72 62
35 72 87
9 56 91
30 86 84
25 87 58
33 53 72
26 60 72
35 62 84
-1 63 69
26 52 78
14 71 73
24 47 94
6 70 95
25 69 68
-3 82 66
0 60 91
24 72 75
27 80 68
26 49 71
-4 50 83
22 69 71
1 66 83
23 63 76
15 55 85
9 58 90
-1 70 61
8 78 64
32 69 82
16 49 94
20 48 76
22 57 94
10 80 82
1 79 72
33 47 70
15 50 61
28 83 79
5 87 91
29 85 62
28 74 65
8 76 82
11 65 98
13 67 89
16 58 77
6 69 58
18 68 65
4 60 81
11 67 59
33 50 91
2 66 67
18 49 59
18 47 59
14 49 87
6 55 58
4 48 78
25 58 84
25 63 59
10 47 91
3 73 69
23 57 67
16 85 63
33 81 66
2 55 91
30 65 91
-4 76 96
-3 57 92
13 67 81
33 77 68
11 49 91
10 82 58
3 48 70
12 56 72
33 62 72
2 66 60
5 76 70
-1 53 84
21 85 94
30 66 83
13 74 70
7 64 84
-2 63 87
-3 58 78
13 49 71
2 67 69
6 74 81
8 75 86
13 84 70
4 63 62
26 52 74
29 63 97
1 87 81
26 60 90
24 67 84
27 80 77
28 70 88
21 51 93
22 51 66
29 58 88
12 48 84
23 70 71
6 69 60
18 79 78
36 56 81
18 85 91
-2 48 58
17 72 59
7 69 92
35 47 88
36 70 83
23 81 92
24 85 91
25 58 94
33 50 88
20 48 78
9 56 68
19 74 72
23 59 88
17 60 97
13 51 60
10 68 89
7 62 62
12 64 84
1 76 59
-4 53 86
32 79 77
16 50 67
27 54 67
17 52 89
24 77 93
35 87 87
4 67 67
5 53 84
6 86 98
17 51 87
1 59 97
26 70 93
10 58 79
24 69 61
11 67 94
21 55 79
7 66 94
35 64 63
4 65 78
20 60 76
33 51 86
4 87 96
0 80 78
12 57 90
13 55 63
5 68 83
22 72 90
22 69 60
1 47 89
23 57 82
1 79 65
22 48 92
20 50 80
4 55 88
2 57 79
27 52 63
3 62 81
9 83 85
35 78 68
15 62 97
21 66 65
2 59 68
32 50 79
-2 48 96
16 60 71
4 80 64
15 56 66
28 55 88
27 62 75
36 70 62
34 57 81
29 75 60
9 75 64
0 48 62
6 57 80
14 68 84
25 67 86
4 64 79
19 82 62
-1 78 82
-2 52 98
14 49 71
34 72 64
25 48 72
11 80 83
34 52 69
-2 66 98
28 85 70
19 66 96
34 49 93
12 67 88
-4 58 71
0 52 58
19 73 72
1 74 83
30 76 67
11 80 92
29 76 92
-4 84 80
1 59 85
3 82 82
1 83 76
-2 61 62
3 84 71
19 80 67
1 71 93
11 73 90
19 75 85
22 64 63
15 82 85
29 65 85
30 85 59
-1 78 79
7 79 89
23 78 92
11 55 67
7 54 87
-3 75 89
18 65 70
19 70 71
6 55 79
31 86 69
14 54 92
30 87 94
35 54 80
7 56 88
29 68 64
21 49 98
19 74 65
35 60 81
8 83 68
6 49 83
6 66 92
-4 72 78
8 60 89
32 57 73
17 82 94
17 87 67
26 70 58
5 67 92
24 56 65
9 87 93
2 58 68
15 56 66
27 59 65
32 81 76
31 52 63
4 82 98
14 50 77
-4 62 77
21 75 88
27 67 95
4 51 90
-4 83 88
0 63 84
5 71 63
16 79 90
14 84 81
24 56 95
36 81 81
1 66 59
24 55 73
21 83 65
19 52 60
16 79 87
5 79 68
23 69 97
32 66 90
20 82 67
6 56 98
22 54 82
2 52 67
1 73 84
0 74 73
10 51 62
20 77 62
9 47 80
-1 49 97
7 83 83
20 49 81
35 64 75
3 56 63
3 72 92
10 85 68
34 78 80
25 84 70
19 81 73
19 75 83
14 61 80
17 76 96
25 49 95
32 74 89
11 62 63
0 55 87
27 76 91
25 49 79
11 48 65
5 50 73
23 61 86
34 73 78
13 52 67
34 70 84
-3 64 74
35 69 84
-2 75 65
24 83 64
17 84 74
17 53 93
19 57 64
21 62 75
-3 66 83
35 73 79
5 75 93
3 73 94
-3 50 77
9 63 80
8 69 80
20 75 91
29 57 77
35 53 83
36 73 93
34 61 84
13 82 63
34 79 90
34 59 79
30 61 76
35 84 79
23 69 95
19 78 82
64 45 50
51 37 52
70 24 27
44 45 51
70 60 28
51 53 17
73 45 20
61 25 51
51 60 22
47 32 34
66 31 42
48 21 36
66 36 20
48 21 50
77 42 48
78 54 26
74 57 48
73 33 30
45 54 41
76 39 48
51 34 23
56 54 21
77 49 44
49 21 36
71 53 25
55 27 30
46 23 45
82 45 21
50 49 14
55 26 29
58 49 28
78 23 49
46 40 51
57 32 53
44 57 34
63 36 42
75 27 41
83 46 27
45 49 25
64 42 38
76 50 22
57 34 26
45 28 27
54 28 42
82 21 33
73 47 25
67 42 23
80 22 28
44 41 15
82 51 38
73 31 32
49 51 35
49 57 26
59 25 16
78 55 53
68 36 54
66 31 52
50 31 42
63 55 31
82 27 47
77 57 16
44 36 43
61 26 17
64 43 29
50 55 48
66 45 30
61 55 23
61 41 45
44 31 38
52 32 27
76 27 27
77 44 16
82 56 40
55 38 42
78 33 53
71 46 46
73 22 39
70 56 31
82 54 38
71 27 25
59 22 53
79 31 31
57 34 25
78 52 45
51 29 42
51 50 42
46 34 24
52 28 44
77 32 33
48 60 49
70 30 25
82 57 39
80 22 31
54 27 18
53 50 38
54 48 51
49 26 34
62 26 54
44 27 31
73 51 38
60 27 52
72 25 48
81 22 26
82 33 31
49 42 22
83 35 21
84 56 35
55 21 51
72 40 26
54 22 19
56 37 18
68 36 39
64 28 28
68 28 27
50 55 45
50 36 18
70 30 49
44 30 27
57 42 51
78 46 48
52 21 47
47 59 32
72 45 53
50 51 53
64 48 36
54 44 50
56 56 20
61 35 38
63 25 14
74 48 54
55 54 19
57 35 46
77 48 35
78 52 26
47 55 43
51 45 23
50 29 53
46 43 15
45 60 39
44 36 14
58 28 35
46 54 49
58 59 46
71 40 23
71 54 33
69 44 23
52 23 34
54 35 15
56 59 33
54 57 26
54 36 42
75 26 22
62 55 28
53 44 54
69 22 35
57 49 38
84 28 41
73 26 54
64 42 35
78 51 37
74 46 14
49 47 35
44 57 18
61 45 30
79 55 49
44 33 43
64 45 34
77 32 53
53 24 41
65 24 16
46 41 44
83 55 20
51 27 15
45 21 45
64 45 50
77 46 22
52 58 23
49 43 36
76 58 40
84 46 16
72 31 35
58 51 31
75 53 32
78 48 14
55 26 25
52 40 50
82 52 43
78 41 15
83 21 30
57 44 17
67 48 45
74 52 18
62 33 37
46 49 24
63 28 53
70 24 37
84 22 49
64 54 18
82 41 14
62 38 32
82 56 40
68 25 20
69 27 51
79 37 43
48 36 30
74 46 40
55 52 16
75 56 41
46 27 44
66 25 24
56 52 41
47 30 53
65 31 53
77 29 42
73 34 34
75 31 48
72 49 27
60 41 39
78 31 34
83 22 21
51 55 34
75 29 27
48 44 26
75 55 42
58 53 50
83 37 30
65 47 45
62 46 18
77 27 20
77 48 36
65 51 24
56 26 21
57 31 35
61 35 20
68 47 49
75 48 53
56 43 53
51 48 21
82 20 37
82 21 40
76 47 35
50 47 42
69 39 46
72 48 33
44 48 25
54 45 48
78 58 40
74 39 15
46 25 21
58 51 25
52 23 28
52 31 16
48 42 44
63 42 16
71 42 47
50 51 34
54 23 19
64 35 31
51 50 50
84 26 19
74 58 20
46 20 32
47 21 32
80 20 29
78 28 45
68 35 31
71 59 30
53 37 21
73 38 45
67 47 36
73 34 33
70 55 51
55 60 19
56 29 38
74 50 30
74 24 28
78 31 38
55 26 27
67 30 24
55 33 45
46 48 32
47 21 42
44 54 44
77 54 28
59 36 41
53 34 45
64 28 53
45 21 18
71 43 16
73 31 44
77 35 48
82 27 53
47 28 29
53 59 48
62 20 53
53 42 25
62 43 49
56 32 19
73 29 35
58 33 24
58 24 23
68 33 38
72 44 34
60 27 37
84 28 17
46 28 31
67 28 18
57 37 29
56 21 47
77 25 25
59 30 14
77 24 19
68 37 28
53 39 17
76 21 49
45 24 21
52 30 42
68 51 25
48 38 44
60 43 41
73 25 54
53 43 17
60 60 45
53 49 48
55 33 42
48 44 25
69 56 26
82 43 47
75 36 23
60 40 36
73 51 37
55 56 33
68 21 44
62 24 15
44 54 21
80 53 43
45 31 21
84 40 46
82 58 28
64 41 16
80 25 50
84 20 47
47 26 29
72 30 24
78 47 48
65 32 25
83 54 46
75 59 24
51 28 36
60 59 15
47 34 41
63 53 29
49 20 53
52 59 30
73 36 44
65 35 54
46 58 17
84 51 50
44 60 38
59 42 48
60 50 37
59 52 19
45 50 52
47 39 52
82 55 24
46 57 53
50 54 42
44 33 27
54 36 42
76 47 35
59 43 32
61 45 25
70 57 16
46 47 30
75 40 17
56 54 52
44 60 31
57 35 31
59 60 25
61 21 46
70 27 51
67 27 27
68 53 42
76 36 50
48 47 34
45 51 43
55 32 33
58 47 19
58 55 28
54 56 50
52 52 19
77 53 31
63 35 37
53 35 43
61 51 29
60 50 28
52 22 18
50 31 31
55 26 42
66 60 54
78 36 28
67 50 31
72 50 38
70 33 48
75 26 43
67 36 32
67 52 51
69 29 51
67 52 19
47 50 41
49 57 39
80 32 14
47 40 47
77 23 48
70 39 44
50 25 46
78 46 25
72 35 35
70 52 23
58 59 30
62 52 45
71 56 39
73 50 17
71 20 45
65 57 38
47 26 48
50 26 44
82 58 17
73 36 48
72 29 50
83 49 31
62 53 47
45 32 50
45 56 18
54 59 38
83 46 48
54 60 26
81 47 14
56 41 21
53 20 38
47 38 49
84 22 21
76 52 21
66 60 37
44 32 48
52 46 16
63 24 35
70 32 32
83 55 25
50 27 34
63 24 41
76 44 54
58 52 42
77 42 27
57 33 14
79 41 28
63 54 23
84 53 51
52 30 18
46 46 33
58 56 38
58 38 44
70 32 23
71 60 22
82 31 48
80 21 21
44 43 54
55 23 41
65 56 34
71 34 29
59 36 41
56 41 30
54 25 21
79 52 28
62 38 15
74 40 29
62 29 15
64 37 33
62 24 50
83 60 30
59 49 45
62 49 26
69 46 50
78 60 38
61 21 29
75 23 22
68 32 43
69 22 19
80 42 51
71 51 24
73 38 32
76 52 28
81 22 19
63 59 24
60 49 39
72 22 43
75 48 18
49 39 52
84 34 43
71 33 35
3 34 17
7 56 7
-11 27 27
11 55 8
10 32 -3
-8 31 26
-6 59 30
19 34 24
22 65 6
23 40 25
20 33 5
18 44 27
23 63 31
-4 50 6
16 59 -8
0 41 -6
-15 52 7
20 46 9
14 60 4
7 57 21
15 43 -2
-1 54 -2
-4 39 32
10 58 18
-1 64 4
18 61 5
21 50 6
-5 60 1
-15 29 -5
-15 62 26
2 28 -6
10 45 7
-14 51 -7
12 42 16
17 66 -6
2 42 19
13 54 10
-15 28 30
-11 64 4
23 58 2
13 58 31
24 31 25
-15 46 25
-1 30 4
-2 37 -4
-4 34 3
3 41 32
20 43 25
1 33 24
13 36 24
8 58 6
-12 43 -5
8 63 10
-16 44 -5
21 46 -5
22 49 4
24 62 28
-8 34 28
-4 42 29
-11 27 15
6 34 -2
-14 51 0
4 49 6
-11 64 32
12 48 22
8 47 18
11 57 2
18 26 0
5 31 6
-11 56 19
-15 45 19
-5 50 20
14 49 -5
10 33 12
-7 66 -6
-13 27 6
10 49 -7
-4 62 26
14 65 31
7 48 -8
6 53 8
21 30 6
5 55 -1
-9 55 1
13 48 4
9 55 9
24 54 5
13 37 -4
4 47 -8
20 58 -7
-11 45 14
5 33 31
4 50 9
1 51 31
12 35 30
-16 35 0
-3 29 16
-4 36 -4
17 57 24
13 61 18
10 50 8
-5 31 3
7 59 19
-4 38 24
-1 52 -7
19 54 1
-1 44 -8
14 58 -2
-16 47 -8
-14 59 -7
-15 50 9
3 43 2
5 41 21
1 26 26
5 65 1
20 42 6
-6 42 -7
-13 64 12
-6 53 -6
19 32 20
-3 56 12
-4 60 27
8 46 14
-6 32 11
-2 26 5
1 61 21
-7 54 12
-4 57 29
18 37 25
21 38 6
6 36 7
17 45 1
6 41 -3
4 29 23
3 36 0
-1 54 23
17 52 -8
17 35 -2
2 43 -2
4 55 23
-8 66 -4
11 55 19
2 40 -3
6 43 3
7 64 3
-2 64 9
14 35 7
8 49 -2
6 65 -3
6 38 11
10 63 7
-13 37 1
13 32 24
-11 66 -7
12 63 9
-1 43 16
2 45 -5
-3 29 -1
11 48 30
8 33 20
-9 48 24
-3 37 26
4 62 29
-2 66 17
14 43 -7
-5 50 -5
2 36 23
15 41 9
7 50 12
6 65 31
2 39 29
17 65 32
12 59 30
-5 56 32
11 35 7
14 57 1
24 26 -1
23 45 26
21 60 17
-6 65 -4
-10 56 -5
15 65 29
15 59 -5
-7 46 24
8 48 19
16 41 8
11 65 11
-4 32 14
2 59 24
18 58 13
-2 53 15
2 60 16
17 62 17
-10 51 -7
24 62 25
14 38 26
-12 45 -6
9 39 2
1 49 15
-13 31 27
-7 30 20
-2 31 7
-15 53 10
4 55 7
23 40 21
5 38 11
2 58 6
12 52 10
-12 48 -1
3 45 5
8 40 8
-4 36 11
-8 56 14
-12 43 25
15 41 9
2 38 5
20 48 27
11 51 2
6 66 11
-11 36 -4
-14 27 24
-9 51 16
-13 44 -7
-10 38 8
18 60 -2
24 44 -6
3 27 14
16 41 22
16 33 19
19 64 -2
2 33 25
11 50 6
-6 59 28
-13 46 6
5 58 20
18 43 11
-2 50 19
-4 46 31
-4 60 18
-4 35 32
0 57 -2
-8 27 14
-15 43 24
-8 45 3
14 57 11
-7 55 28
-14 26 -7
2 38 7
18 43 25
24 44 -4
-9 30 5
-8 53 30
10 39 10
17 48 21
9 45 -4
-2 52 30
16 34 8
15 48 4
13 27 22
24 52 8
7 27 9
13 48 4
-8 36 16
-16 44 31
10 26 3
20 61 6
24 37 -2
16 47 0
-2 45 1
-15 59 25
1 34 17
-7 53 8
18 40 14
24 41 20
-13 34 32
-1 62 15
4 40 -1
17 45 22
-15 65 15
-2 42 3
16 64 -2
0 63 17
19 57 -4
11 43 5
12 30 24
-11 51 3
17 42 -7
6 52 15
-14 51 -7
-2 50 -3
3 45 31
21 41 28
11 38 -3
-1 65 0
8 34 30
22 51 -2
22 41 22
15 41 14
-3 52 -5
0 63 12
-12 56 31
-11 46 6
-15 40 26
22 60 32
14 62 -8
22 58 5
23 52 15
11 42 19
21 56 29
13 44 6
-2 28 -8
-12 62 14
20 54 -6
6 32 8
-15 63 -7
-7 62 23
-6 52 -2
-2 32 23
16 62 2
-4 56 0
12 39 16
-3 54 4
10 55 27
-6 44 24
-14 53 7
21 54 2
10 27 4
16 31 -2
-12 62 25
14 35 4
7 50 -1
22 54 15
13 62 12
3 52 10
14 47 1
-13 66 26
-9 54 20
2 40 24
-11 52 25
-12 36 3
-11 38 27
16 43 -1
3 34 19
5 61 3
23 60 13
6 29 13
4 32 14
1 33 -6
-4 38 29
14 51 9
18 60 13
10 54 15
22 36 24
-16 62 -2
-15 31 11
18 26 31
8 27 29
7 59 9
9 66 24
7 54 27
1 50 0
-4 41 0
15 52 23
19 62 7
6 62 24
-9 28 7
9 38 15
22 43 27
-7 32 4
15 58 11
-2 41 10
21 36 5
3 35 19
16 43 -3
-7 32 28
-5 58 -1
-3 36 14
-2 54 2
-5 54 21
8 37 32
1 32 9
-13 41 31
12 29 5
-14 62 31
-16 55 26
23 39 -3
-4 59 14
-2 45 11
3 57 0
20 35 11
3 38 21
4 50 24
24 52 30
9 50 17
-7 28 31
14 38 19
2 36 28
3 39 3
-8 42 22
23 65 13
5 64 7
1 52 19
6 33 -5
14 64 -1
0 50 22
-3 43 -4
0 31 1
8 38 17
7 26 18
0 28 -7
-12 60 -8
7 26 -5
7 46 20
2 38 1
12 48 7
1 28 24
23 46 20
6 37 2
19 34 4
0 52 26
5 41 15
-11 35 21
-9 46 32
12 56 22
-2 36 14
24 34 -8
-15 55 16
9 48 0
-3 41 20
-7 42 12
2 35 9
-14 41 22
19 56 0
-1 36 -3
-4 63 15
-15 59 -3
10 44 -1
23 53 11
15 37 20
13 63 1
0 29 3
7 51 6
1 54 32
-4 47 -2
-10 30 18
6 44 1
12 28 24
17 28 26
21 39 21
4 49 29
-4 62 24
6 51 10
10 51 -5
19 50 3
14 50 11
15 34 8
-2 31 0
18 64 9
7 51 32
18 36 27
21 46 6
-9 61 4
4 42 0
4 32 -5
6 66 6
-1 57 10
0 63 14
10 35 12
13 39 -1
8 58 9
12 29 1
-15 38 0
23 35 3
20 34 11
-13 54 22
-6 28 27
13 63 19
12 37 -3
-8 62 19
-4 60 2
-13 31 -5
-5 46 18
11 47 -7
19 52 8
13 54 16
-13 57 17
-12 45 19
-5 51 -1
10 49 24
12 31 -6
4 29 4
5 60 25
1 34 27
22 33 9
-7 57 -4
14 32 23
5 52 -2
20 43 28
-4 36 -4
15 49 27
