10 24 82
47 9 65
32 21 95
11 -11 74
12 6 85
18 23 70
27 13 88
44 -3 85
44 16 75
39 5 102
17 6 97
18 23 90
25 -9 101
48 2 73
24 -6 89
43 -12 92
13 9 78
17 21 92
28 -6 75
12 -6 104
11 -12 73
14 -13 80
31 3 72
35 -10 83
9 -3 87
15 7 95
32 16 95
43 -14 65
34 7 95
30 -8 88
19 3 88
40 4 79
44 5 95
47 -5 79
26 1 82
14 -10 67
13 -11 81
25 21 105
33 -11 95
12 24 81
23 -8 67
16 6 71
40 -13 92
42 -6 91
45 -4 71
23 3 80
40 2 100
20 -14 75
38 1 81
46 -11 104
-6 9 -7
24 29 -12
1 8 -1
9 20 -10
-3 14 20
7 10 24
14 15 6
27 17 23
15 25 -15
27 9 -1
3 29 11
7 24 1
24 32 -5
-6 33 15
9 27 18
-10 33 9
13 11 24
5 25 18
22 30 24
16 31 19
3 22 5
22 13 -3
-3 9 -7
25 31 12
10 16 -13
10 24 0
6 39 -11
-2 15 4
20 19 -2
5 16 -4
-11 14 17
-2 45 -6
-8 42 -2
2 7 9
-11 17 3
0 11 10
10 28 16
10 33 15
19 30 18
-9 36 -9
-3 25 -12
-2 36 9
2 25 11
-11 7 7
-7 28 -13
-11 43 -2
1 10 7
3 30 -7
8 37 23
-6 38 -15
40 44 51
23 54 20
49 17 16
37 16 44
22 19 54
33 42 16
42 33 41
45 43 30
32 33 21
36 38 38
48 19 23
59 56 39
48 45 24
53 45 29
23 36 21
24 28 17
40 56 31
42 52 55
39 27 31
36 30 17
56 25 46
57 51 36
60 55 56
44 19 27
50 49 56
52 29 29
57 31 34
49 52 35
55 43 32
47 33 29
48 29 53
58 17 29
21 28 18
32 43 32
48 25 46
28 55 29
58 38 37
32 39 21
59 26 56
23 31 18
35 46 50
59 53 56
21 52 22
31 53 55
42 21 17
38 28 42
54 48 24
33 43 34
61 49 50
49 54 31
73 18 80
72 34 78
83 43 67
75 25 78
81 30 52
59 41 83
77 18 49
91 16 48
63 34 67
92 29 59
71 36 84
87 10 56
80 26 63
68 31 68
78 15 51
97 14 50
73 10 60
82 42 66
62 28 80
79 14 68
74 18 78
86 23 71
80 26 74
79 41 78
61 27 47
61 47 61
65 16 60
90 18 73
57 48 72
70 26 82
86 27 68
85 20 69
96 22 70
88 27 60
97 46 44
79 38 60
96 42 44
84 35 60
66 42 48
68 15 50
72 46 75
86 40 46
83 36 57
60 24 63
63 19 50
70 17 58
93 23 72
65 24 70
93 11 58
95 31 81
35 1 78
16 -10 83
8 2 87
1 -18 115
28 -9 98
4 -4 114
37 13 103
13 10 96
32 9 114
1 4 107
18 -5 82
11 -12 105
8 -16 115
16 -16 86
9 -8 94
22 22 118
3 -3 82
16 13 97
26 -8 80
23 20 92
14 20 110
19 16 91
26 -5 102
1 15 101
17 1 86
14 8 102
21 -15 87
8 -5 103
3 -3 116
25 12 112
32 9 79
23 11 93
37 -8 80
8 3 88
34 -10 108
26 -9 110
32 16 109
8 4 88
36 13 90
38 11 85
11 7 116
6 -5 109
29 3 83
38 -9 111
10 12 98
34 3 85
34 18 85
19 7 82
6 6 112
41 7 109
68 35 94
90 39 60
68 44 80
92 23 71
80 14 86
88 47 99
100 15 83
92 45 80
98 10 78
89 47 98
90 21 99
73 22 92
75 38 82
83 43 97
96 44 91
86 35 85
105 44 88
105 23 60
76 46 65
89 47 71
92 41 96
89 24 60
94 33 82
78 22 92
78 41 73
80 22 80
101 9 62
102 34 92
80 20 98
71 44 93
108 34 72
72 22 76
81 33 63
96 29 66
87 26 77
103 17 69
78 28 100
107 32 87
90 19 78
87 16 94
102 41 92
99 29 68
80 42 62
82 24 94
99 27 90
100 29 99
69 25 64
86 38 83
88 24 70
99 25 88
41 111 100
26 112 94
16 88 99
25 101 84
35 97 82
17 111 91
30 90 95
34 80 90
18 85 98
41 102 83
21 100 76
23 83 68
29 81 65
31 97 75
19 111 100
40 102 95
12 91 90
42 110 61
13 86 82
22 80 87
22 85 95
22 104 79
48 108 64
30 79 77
16 117 90
16 118 68
49 92 99
35 118 60
14 86 65
37 91 78
36 86 74
14 111 92
13 83 79
16 102 79
34 79 86
43 111 84
32 108 74
49 98 87
9 109 98
24 90 97
32 90 97
16 84 63
13 117 76
32 85 89
46 82 81
24 87 89
29 91 77
48 104 98
43 119 99
24 118 69
22 34 7
-9 -3 -14
-10 23 -9
-8 34 25
14 27 16
6 -1 12
12 5 24
27 16 13
-9 19 14
11 25 17
2 32 0
7 -2 8
-7 0 15
-13 35 26
-1 6 -2
-13 27 19
27 18 8
-6 31 23
7 4 25
1 2 -6
21 4 22
24 22 23
11 14 -13
-13 33 7
-13 11 -10
23 28 0
5 17 14
-2 30 2
22 25 6
0 3 7
-5 6 14
14 32 0
23 1 -13
9 21 -3
26 -2 14
4 18 -10
0 -2 -11
16 9 14
-10 9 14
-3 1 14
16 19 -6
15 20 18
23 17 5
-5 6 -6
26 11 20
-4 15 1
4 31 16
19 13 13
-10 2 22
1 34 11
19 50 20
3 41 8
-1 60 11
6 57 -4
-1 55 17
13 75 -15
-5 45 -7
-12 43 25
0 65 21
-17 61 21
0 52 12
19 49 -1
10 55 -10
-1 59 19
-20 41 9
16 48 -10
-19 42 23
-20 72 5
8 58 1
6 69 7
-13 73 8
1 50 5
-9 69 21
-15 51 -5
15 53 7
14 43 -12
8 65 -1
16 73 -14
10 41 -4
-4 65 19
5 74 6
1 64 9
-19 72 21
-16 61 -3
-17 61 15
-10 43 3
-19 69 -3
13 46 -4
3 57 23
-6 69 -12
-2 45 21
11 64 18
15 55 15
8 71 24
16 79 15
5 74 0
-16 57 -5
-2 62 -6
13 65 -8
-9 65 -12
31 52 32
58 48 17
64 65 4
33 55 13
62 67 19
51 64 11
40 58 9
34 42 13
70 61 0
34 55 23
62 61 8
55 46 10
64 71 6
56 54 15
60 72 -4
50 65 31
64 42 -1
69 67 24
66 54 30
42 68 29
55 45 5
34 72 15
45 44 22
57 60 4
47 44 23
36 52 26
62 67 24
50 47 1
48 63 34
52 60 30
53 39 4
46 61 31
39 59 2
48 70 23
70 57 3
32 39 21
56 56 -5
58 62 15
62 71 4
40 70 15
55 37 2
40 51 28
31 65 -2
67 48 33
34 57 1
48 33 -1
55 57 21
68 55 4
58 51 11
62 45 18
-10 88 45
-15 104 48
13 104 27
-5 90 24
15 96 41
12 77 48
6 95 43
-15 109 27
10 77 64
-3 76 43
-16 105 49
16 89 51
18 109 34
4 79 48
-4 114 33
-6 95 34
20 110 34
7 93 61
13 83 43
-7 94 47
19 84 52
0 95 62
-6 76 53
19 87 50
7 82 59
-8 95 53
0 88 63
-5 83 43
4 98 26
-2 78 24
-11 89 30
-15 108 60
-3 94 45
8 80 37
-7 101 48
2 82 30
-15 116 48
0 92 38
-20 109 57
6 114 59
-8 81 60
16 99 47
-10 97 64
-10 116 40
12 80 56
16 101 47
12 104 37
-8 102 58
-15 107 63
-16 114 33
67 36 86
66 32 51
86 21 61
83 19 74
82 37 71
88 39 58
70 25 67
80 53 91
80 54 89
80 48 85
60 28 53
82 23 62
70 30 87
88 24 67
67 27 62
68 47 73
53 37 84
59 41 61
79 45 58
88 53 58
81 21 57
52 51 54
58 28 65
56 34 64
75 21 76
78 28 67
61 28 81
81 16 55
63 42 85
61 39 90
88 39 85
84 50 55
67 26 58
57 47 81
90 15 78
54 49 54
57 15 70
88 53 51
74 19 61
53 55 59
83 53 83
66 38 61
92 39 60
85 21 90
69 34 78
54 22 64
91 19 65
68 48 90
75 21 65
83 54 81
67 21 98
82 31 75
74 25 93
99 40 110
81 38 95
83 23 88
90 39 109
61 33 108
71 16 113
80 29 89
70 20 84
88 13 115
79 7 106
78 22 97
63 30 97
99 6 82
88 32 97
99 21 107
63 4 114
74 19 83
96 9 108
67 23 76
72 30 75
85 21 85
98 9 84
75 37 78
81 44 111
93 36 86
68 25 86
82 34 108
99 44 93
78 11 107
92 38 100
81 37 81
96 12 76
91 15 92
83 36 113
63 40 88
100 36 106
98 36 82
65 6 89
83 17 101
91 9 90
68 30 91
66 12 87
80 24 94
84 16 106
91 43 89
77 14 84
68 8 83
34 16 98
39 18 79
34 -2 98
16 0 73
29 28 99
12 12 104
35 10 98
36 9 98
40 25 103
51 35 79
21 30 91
41 24 97
45 17 104
13 18 98
21 5 106
21 27 82
43 24 81
35 26 100
39 -3 97
28 30 89
44 4 102
51 24 101
22 34 109
33 14 98
21 4 104
21 27 81
17 26 99
19 18 102
46 24 91
25 -2 81
37 9 81
13 36 72
51 29 100
41 34 78
21 10 80
18 31 109
48 18 102
43 19 107
23 28 82
19 0 89
48 9 90
14 16 107
43 33 71
24 21 109
46 -1 88
17 23 79
29 9 75
27 27 92
36 29 106
31 31 107
9 54 22
17 78 12
24 83 12
28 72 -1
16 67 14
30 69 19
24 69 4
34 75 -8
26 57 3
42 66 1
23 87 -1
20 74 0
12 86 10
16 56 2
43 55 7
35 68 3
27 62 3
35 85 5
18 71 23
11 57 18
47 60 -5
13 54 -8
18 53 -9
20 74 4
11 75 -4
34 58 24
24 74 27
13 63 0
33 72 11
35 70 -9
21 91 8
43 68 -8
46 59 -2
44 80 -9
12 85 11
29 74 22
26 75 16
46 58 20
28 55 16
43 67 6
36 79 -4
19 79 1
18 82 -1
45 88 17
15 84 1
33 90 28
16 62 9
10 63 21
14 82 -5
21 72 9
78 15 85
76 30 71
86 33 55
79 2 69
74 13 78
80 35 69
99 20 66
69 4 56
100 29 61
77 26 76
75 -1 63
98 37 72
69 6 79
85 38 87
92 27 52
85 3 55
71 23 82
98 28 87
98 27 73
88 11 55
76 10 82
90 16 48
73 12 84
89 18 73
87 27 71
100 4 65
89 22 53
75 17 64
75 11 64
108 25 71
107 11 54
107 35 70
104 18 76
103 8 57
95 33 55
84 19 50
100 11 61
78 39 71
101 1 49
71 2 75
97 37 69
72 23 86
78 37 47
71 37 50
103 26 67
100 7 69
87 16 65
86 2 73
108 33 81
92 28 71
10 -2 29
-2 -3 28
10 -6 54
9 20 48
3 -19 35
-3 -10 51
-7 -17 23
-11 17 34
7 -10 32
17 -8 43
-8 21 60
-12 -12 52
19 -8 25
5 5 36
5 -17 45
11 2 53
14 10 35
-2 5 48
7 18 37
10 17 49
14 20 48
5 -9 48
1 15 40
-11 8 40
-16 0 20
-5 2 21
-9 15 28
15 3 34
10 -2 25
16 -4 30
9 -12 44
-14 -1 57
19 7 53
17 6 23
19 -1 26
3 -15 21
9 -17 44
-3 -4 26
-13 -2 39
-18 19 38
14 -10 26
21 -3 43
-9 20 23
-1 -7 20
2 -10 51
3 -1 57
10 -15 42
18 -8 40
-8 -4 46
7 -16 42
82 92 81
76 99 94
63 89 100
79 85 105
65 76 110
78 84 89
89 63 105
94 68 82
70 94 98
76 65 109
62 87 110
83 64 83
98 94 114
100 83 87
89 76 88
75 70 96
68 82 93
67 84 100
86 97 92
72 85 98
69 70 101
66 87 96
67 73 92
83 91 118
96 66 98
92 78 90
62 86 93
68 74 103
62 89 108
76 90 91
82 96 118
72 68 99
68 85 81
79 74 85
91 65 88
71 95 101
77 73 101
85 75 116
70 81 101
73 68 100
98 92 105
94 94 118
97 65 96
79 83 106
68 87 85
81 69 97
69 81 113
86 78 116
70 99 104
70 73 107
93 46 41
79 17 64
60 31 69
67 12 38
68 13 51
67 28 62
65 25 41
84 40 33
66 12 41
64 45 46
81 13 71
76 32 45
57 42 71
88 30 46
60 30 69
60 14 46
64 47 57
60 46 35
73 15 33
89 39 67
57 31 51
91 39 68
90 43 56
93 25 50
62 42 57
76 19 51
94 18 35
73 14 56
63 30 58
89 29 52
91 10 45
64 19 54
60 18 40
91 39 59
94 42 55
91 42 44
79 14 55
62 12 49
75 17 62
84 8 54
73 21 59
72 38 48
83 32 62
80 14 49
76 15 52
71 14 66
92 20 52
76 27 44
67 9 67
68 17 51
10 91 81
0 89 103
17 87 99
12 91 74
-2 85 83
23 91 110
-2 65 90
-9 66 101
18 68 93
-6 79 96
6 94 95
-7 88 100
7 84 108
6 61 81
-13 68 111
-7 82 73
17 95 73
15 83 79
-10 93 94
-8 57 76
7 71 110
-1 67 77
4 70 100
7 72 108
-4 93 104
1 88 77
10 67 94
20 58 110
22 85 71
12 86 96
20 60 96
-9 85 85
23 90 95
-16 61 106
-7 79 93
10 63 101
3 58 98
5 73 85
-16 85 111
2 72 83
19 65 85
22 88 98
-16 70 111
14 60 104
4 67 89
-14 88 111
24 78 111
8 95 81
-15 72 78
24 56 105
