110 9 25
97 9 30
85 -10 55
100 16 20
92 1 50
92 -2 41
105 10 51
72 10 53
97 -1 44
103 -5 43
80 7 49
82 9 38
102 24 29
78 21 24
106 19 58
111 -8 57
93 -13 49
81 -5 45
76 5 50
85 -6 37
84 20 51
98 7 29
72 22 22
96 -10 21
88 -10 29
77 9 42
101 5 38
73 -11 47
99 6 46
82 -11 38
88 26 25
93 23 59
79 -8 44
108 -8 38
103 11 36
106 -4 55
89 -13 22
89 -11 44
85 -3 38
93 23 53
82 -14 52
97 12 58
111 15 50
84 -4 59
106 -2 30
82 16 30
79 -10 24
88 19 39
79 6 35
100 8 34
87 -1 40
107 1 47
97 20 19
111 21 39
90 -12 29
77 -9 30
101 -11 51
84 2 34
75 0 42
89 13 42
74 -13 42
87 19 34
81 -12 37
108 6 48
108 18 35
83 16 46
102 8 27
77 -13 45
96 18 31
75 -5 57
107 19 57
75 0 44
106 -11 25
91 22 56
72 25 26
81 1 59
80 -7 26
95 5 20
110 25 39
101 -13 23
96 -6 49
85 -14 53
87 -5 50
99 -13 54
88 1 41
90 -9 59
106 13 43
99 -1 31
95 4 31
94 21 55
74 4 30
100 10 31
77 -3 26
86 22 29
111 21 53
82 18 35
84 12 27
93 7 44
94 2 35
91 16 39
54 24 83
49 46 102
64 51 107
57 28 99
51 34 77
58 38 106
51 41 89
43 26 77
65 57 104
56 54 75
79 37 89
83 46 87
74 38 112
80 31 82
51 22 79
57 27 81
65 53 79
66 26 95
61 33 83
72 24 88
44 36 110
80 54 112
83 56 87
51 26 93
44 43 80
53 19 84
67 26 76
77 28 89
64 55 99
51 52 84
62 58 82
52 27 85
62 26 112
53 38 88
78 30 88
83 38 90
59 27 105
49 46 95
62 29 99
79 20 104
43 58 93
47 58 85
66 58 103
43 19 104
68 23 84
58 39 90
69 38 107
74 48 79
46 47 86
49 56 112
65 23 97
66 55 76
70 21 76
75 25 83
62 25 107
71 56 110
73 52 101
51 48 98
58 32 87
44 54 87
72 52 90
48 35 108
62 41 80
77 43 102
50 31 113
48 18 76
47 55 82
46 23 86
51 19 77
52 57 110
51 24 93
59 45 104
65 26 80
73 34 87
71 22 88
63 19 102
64 22 93
58 31 93
55 58 88
78 45 84
50 33 104
74 28 83
66 42 76
72 20 81
49 49 76
49 28 92
80 56 97
44 39 93
52 21 100
66 23 92
43 43 92
47 44 99
83 56 95
66 24 77
69 34 106
73 45 98
73 33 111
63 27 95
49 45 104
49 57 76
108 68 87
89 66 47
102 80 62
94 95 70
97 61 74
77 65 48
107 62 51
93 84 78
87 78 83
114 91 70
77 67 53
109 70 56
76 78 63
75 68 59
114 65 67
98 96 66
111 64 82
89 82 58
108 68 61
90 90 67
87 100 84
88 89 51
115 66 76
88 76 80
105 95 57
91 75 51
113 93 70
89 79 53
105 68 65
86 77 82
90 60 48
84 63 77
104 98 79
98 82 48
84 81 71
89 81 71
81 92 86
114 98 81
97 67 67
104 95 68
112 62 72
80 74 65
111 95 60
80 82 61
76 65 78
95 67 73
97 78 81
110 76 53
104 64 83
104 98 87
80 81 56
86 73 81
80 64 77
77 77 80
81 92 60
96 94 69
103 63 58
105 88 71
76 78 65
75 70 59
101 83 63
106 93 47
85 86 74
80 83 50
87 81 83
90 87 66
84 91 58
91 91 61
109 84 81
113 67 79
81 65 86
83 99 86
99 85 75
103 94 83
88 71 83
79 64 50
80 94 79
103 91 76
110 60 57
99 85 48
83 100 84
115 92 59
97 84 64
93 91 80
114 96 80
78 64 51
83 76 75
79 71 83
111 80 52
96 72 65
77 81 79
93 61 53
78 95 81
111 89 81
84 70 60
114 75 83
104 63 54
111 73 73
84 77 71
95 64 67
11 97 46
-7 110 25
-4 78 38
-12 77 61
11 83 60
-14 103 30
14 98 56
6 83 39
-13 96 56
9 98 40
10 99 61
-18 75 25
6 87 45
-10 82 44
-15 82 48
9 95 60
15 104 41
10 75 26
17 99 48
9 102 48
9 78 23
-9 110 35
-5 84 43
1 78 31
-11 95 21
-7 92 31
7 91 28
9 73 24
-15 105 22
-5 104 48
-2 91 61
-2 88 35
9 94 22
-8 75 57
1 73 35
-7 102 52
15 90 23
-12 77 60
15 73 51
-15 112 45
-10 106 42
0 96 44
-11 92 37
-15 90 22
12 73 32
7 82 22
-3 76 45
10 101 48
-13 93 39
-6 112 27
2 102 26
9 112 40
2 75 30
-16 108 52
16 96 45
-11 73 37
18 75 26
-13 78 56
-15 79 58
-13 93 25
6 95 21
-1 89 34
-12 82 56
12 87 22
-4 92 58
-3 83 47
3 82 49
18 104 55
-9 84 23
20 95 42
6 75 48
13 85 38
-15 84 28
-3 88 59
7 79 36
-12 99 27
-2 83 45
-8 80 29
1 81 47
1 102 37
-15 103 54
13 94 57
21 79 25
-18 77 24
3 90 33
12 99 22
20 98 21
-12 104 44
-10 99 42
-10 79 60
-1 112 35
13 97 28
-3 91 22
16 73 42
4 108 42
18 111 53
-8 94 35
-17 73 41
-18 82 31
5 79 46
59 84 45
32 101 81
45 111 52
41 82 79
68 116 44
60 107 59
50 99 63
56 110 56
48 83 53
30 117 50
50 105 62
36 85 50
38 115 79
48 79 41
49 84 69
39 95 60
51 105 75
48 119 52
47 100 81
40 89 59
35 119 62
45 79 53
34 110 76
45 98 75
44 82 74
32 99 51
36 93 68
32 91 66
39 108 48
31 98 47
62 114 67
42 104 55
68 107 74
35 115 57
32 82 55
66 109 69
68 104 73
58 116 77
52 119 70
66 93 43
31 95 73
36 95 72
58 84 63
34 102 50
65 111 77
35 83 65
56 109 74
46 110 44
53 114 47
43 104 74
53 94 60
34 108 43
64 102 44
39 79 42
49 94 41
40 113 75
36 110 57
35 81 45
44 81 62
44 116 67
40 104 62
32 119 58
38 90 45
31 80 66
57 101 45
63 89 53
62 102 66
60 99 46
58 116 70
67 83 65
50 108 58
60 113 72
59 98 41
65 114 63
49 83 77
57 94 50
44 80 66
68 95 65
47 118 51
55 108 76
68 109 71
57 104 45
49 117 41
69 100 79
59 113 42
68 100 50
39 104 53
60 116 68
65 118 55
52 86 80
55 90 70
44 102 71
51 79 50
57 104 80
54 90 72
63 112 47
59 92 63
48 101 79
35 112 48
42 98 45
82 59 79
62 53 84
77 55 87
62 56 93
64 54 95
65 69 87
96 54 104
68 46 72
74 62 105
101 64 98
89 49 79
98 56 103
84 62 85
99 64 82
68 81 92
91 50 93
83 43 78
86 63 79
70 66 86
70 79 81
80 54 98
66 77 88
64 56 95
67 60 81
73 65 99
73 44 76
99 44 93
78 46 108
101 76 102
96 64 93
63 73 85
80 68 73
98 42 103
97 65 96
82 68 86
91 47 87
87 75 87
80 74 104
75 79 101
75 57 79
95 53 79
80 48 82
64 80 99
71 54 93
76 51 104
78 81 78
94 52 86
90 76 78
86 69 92
62 70 106
98 57 73
89 65 104
84 68 87
96 70 69
98 65 95
71 71 98
88 51 103
85 62 106
71 61 79
100 77 78
67 55 98
83 42 92
76 81 108
69 58 106
64 82 85
87 79 100
88 71 96
100 73 85
77 72 80
67 44 100
77 64 104
79 76 84
84 52 93
98 63 69
87 47 84
61 50 105
91 65 93
92 58 77
80 78 101
87 53 85
66 50 74
71 51 104
68 49 70
63 49 91
78 43 90
64 45 68
78 77 74
97 70 91
75 80 96
88 54 90
86 73 89
83 53 96
70 65 74
87 63 86
98 52 103
81 53 89
68 67 83
70 66 84
100 52 92
63 71 79
68 63 105
48 37 114
63 52 101
54 39 90
45 59 104
61 34 119
53 55 119
51 71 82
59 58 97
77 47 102
54 54 91
67 69 98
51 39 81
70 53 103
70 40 90
69 40 108
41 39 111
44 51 88
52 37 98
56 39 102
68 65 99
77 72 99
67 60 91
51 58 117
47 74 88
41 63 105
58 59 81
66 52 102
52 36 99
68 42 94
46 50 120
57 53 104
56 38 94
66 46 84
68 39 86
56 57 115
53 58 120
80 49 82
51 68 106
51 61 106
69 47 102
77 47 88
66 37 91
61 61 91
56 45 120
60 71 114
55 59 96
71 60 117
51 52 82
68 73 105
77 43 90
63 46 107
81 41 85
41 61 116
53 59 118
57 56 81
58 36 110
72 42 85
74 60 81
48 39 96
49 58 87
42 71 82
72 61 96
44 52 85
75 37 86
53 56 120
45 44 108
46 37 95
47 47 95
64 65 88
52 37 101
61 71 81
80 55 118
79 40 84
81 57 97
78 67 100
62 51 92
50 38 113
60 66 101
64 66 111
62 47 85
66 44 112
70 49 106
53 48 96
42 42 101
73 59 84
65 55 118
59 34 107
64 48 120
67 74 85
56 40 116
69 40 83
80 70 115
74 42 104
56 36 88
55 60 90
43 58 94
58 48 92
41 56 80
52 62 94
42 106 43
34 79 38
28 105 54
49 85 45
31 91 34
39 72 42
40 101 56
30 92 37
60 73 30
33 95 46
36 108 63
55 101 54
51 85 47
26 74 48
20 83 63
28 108 32
44 83 34
41 76 60
53 84 45
33 94 51
50 77 59
44 95 42
51 108 60
51 110 48
53 81 27
52 95 63
51 80 56
32 96 26
47 102 50
38 95 43
60 103 43
52 82 32
35 97 32
49 106 27
60 94 51
30 74 54
28 91 41
53 79 54
38 93 43
60 99 47
26 74 44
50 102 64
52 107 35
45 105 38
23 100 36
32 79 57
21 72 25
57 79 32
58 90 56
53 93 33
31 93 48
24 107 32
28 74 40
23 80 25
45 84 35
23 78 56
26 93 49
57 86 55
53 110 57
50 105 46
30 96 48
34 86 30
41 74 31
54 102 50
42 82 51
36 87 26
50 107 46
56 106 59
30 111 37
29 93 49
54 101 64
45 111 46
29 100 44
59 83 25
58 90 35
40 100 29
57 80 34
31 103 59
29 89 53
54 77 52
40 105 37
56 92 57
53 85 24
49 77 48
30 82 41
20 76 51
47 91 48
43 107 41
46 93 31
34 76 43
50 82 47
36 92 58
55 101 40
53 106 63
29 108 26
21 101 47
38 87 35
20 111 44
42 112 36
47 85 25
79 52 34
102 15 38
115 41 38
104 54 16
86 20 16
94 42 33
97 22 51
83 43 13
85 55 14
89 24 20
111 29 40
93 39 49
80 28 37
79 41 18
99 21 18
118 34 40
101 26 13
104 17 30
95 29 38
107 54 25
84 40 18
117 52 38
87 52 35
107 30 43
94 51 41
107 32 52
113 36 21
100 17 21
94 21 30
113 49 51
85 24 48
111 23 34
102 32 23
105 46 50
114 20 17
91 20 23
97 18 32
94 49 50
105 54 12
89 53 52
81 45 27
108 53 34
118 15 35
99 50 40
109 55 26
96 43 41
97 27 35
91 36 32
85 22 23
87 46 27
89 50 22
87 24 26
88 27 43
79 54 16
89 28 45
83 41 25
96 51 50
95 45 15
93 52 36
98 37 46
105 33 27
101 23 46
109 22 13
116 33 38
109 50 26
83 20 51
104 18 20
81 30 29
90 31 16
110 35 18
92 45 25
117 51 38
102 55 29
102 47 25
92 26 37
119 15 15
110 24 33
91 35 15
86 48 34
109 39 17
88 24 51
112 24 43
105 52 28
101 36 35
119 26 17
80 22 37
95 40 43
96 55 36
85 52 21
101 23 35
91 38 43
109 15 46
113 35 17
80 48 31
89 51 29
117 50 48
95 16 15
117 19 52
113 49 47
87 19 51
34 45 53
44 49 45
40 63 61
65 42 62
45 71 54
31 73 40
64 50 59
34 56 49
42 69 27
32 45 56
65 69 36
55 74 55
30 56 57
63 71 52
55 71 34
66 51 61
35 45 36
56 59 46
49 67 62
48 65 29
61 69 45
65 52 38
51 70 31
57 41 48
40 56 58
59 43 35
61 41 28
59 51 39
43 49 22
44 67 42
44 46 30
44 64 40
61 60 25
43 43 38
63 72 48
61 57 62
45 66 43
59 44 22
31 69 29
58 59 27
44 44 54
63 51 61
31 51 56
43 57 37
63 44 44
62 38 45
50 65 22
35 71 53
62 53 44
37 73 42
47 40 22
32 74 51
41 69 55
65 70 30
67 59 34
44 40 45
41 45 39
58 45 37
50 43 49
36 34 47
55 61 29
44 48 25
42 66 38
50 43 62
54 55 38
40 47 34
36 71 41
55 56 44
42 53 43
40 39 55
65 55 31
44 73 54
63 44 33
56 59 50
67 51 54
55 39 59
32 65 59
33 40 22
66 41 33
50 62 26
66 50 33
32 68 31
44 46 50
40 41 40
33 66 36
63 55 53
45 42 54
67 48 23
52 43 24
68 72 56
58 37 26
57 37 33
50 54 48
40 60 62
45 38 41
46 43 58
69 66 45
69 47 58
60 67 62
37 57 49
-18 35 55
-15 40 45
-7 46 69
17 36 56
-2 36 53
18 46 67
-9 34 57
15 18 69
-15 35 81
15 41 57
18 18 69
9 41 79
-2 31 84
-1 29 83
10 46 58
1 35 85
2 38 48
19 17 50
-4 25 66
-10 26 45
-18 29 67
-12 47 59
19 48 48
14 48 68
-18 24 76
1 28 59
-7 31 76
18 49 73
-2 30 46
5 54 63
15 47 78
5 37 55
-9 25 69
-17 27 85
-12 31 53
-9 54 72
17 45 50
-10 45 77
-17 36 56
5 43 59
15 23 51
20 27 82
7 24 64
-20 43 81
-18 44 61
1 25 67
4 36 45
18 40 84
-20 52 58
6 24 73
-10 30 48
-6 28 60
6 37 55
-12 28 80
-20 40 69
10 34 83
20 40 81
-5 54 53
-12 48 76
-2 32 79
-6 51 54
-8 53 59
-19 29 65
-6 37 55
0 26 70
5 54 66
20 44 67
11 23 64
5 18 67
19 22 47
6 21 56
-18 31 54
-3 37 58
-8 33 64
13 30 50
5 26 55
-17 50 55
5 27 72
14 56 57
19 47 53
-19 21 69
-2 40 73
-7 41 85
-20 18 56
-8 21 47
17 29 63
-7 44 79
17 48 58
-12 26 71
-11 22 62
-10 40 46
-14 52 48
14 36 75
-18 22 72
12 55 54
-16 57 76
9 52 83
-20 57 79
-14 41 75
7 35 61
8 100 3
10 97 27
-4 104 17
0 85 10
33 81 21
20 104 30
21 75 36
4 89 13
-7 90 -2
33 87 31
14 104 11
9 95 7
19 65 19
8 101 18
-2 83 33
6 74 -2
13 99 7
27 85 9
-3 69 3
2 83 -4
18 81 5
3 92 18
31 67 5
-7 87 25
30 79 30
5 103 18
-5 84 27
27 77 4
12 72 -2
24 96 21
5 94 29
-5 88 16
13 99 17
6 78 33
-5 89 8
20 82 -4
-3 87 19
1 93 33
27 81 14
33 78 25
17 81 31
-2 64 1
2 96 27
29 92 3
33 74 32
15 82 12
26 103 20
28 103 20
18 86 7
11 78 15
-6 89 1
10 76 25
27 75 28
11 81 34
30 85 34
30 99 14
31 80 2
5 64 -2
13 75 -4
-5 102 27
22 96 35
23 97 9
0 94 -3
-4 70 11
6 67 6
25 101 1
16 103 28
0 70 25
31 94 5
0 97 35
-2 93 31
21 93 25
14 83 1
25 70 15
-2 89 8
2 69 27
15 82 16
15 73 4
-1 73 35
0 80 9
-1 89 -1
26 97 18
30 95 20
19 91 2
11 79 -2
-1 98 21
5 99 27
22 89 22
33 88 -1
33 83 36
-3 97 -3
0 83 32
31 69 27
3 102 35
12 75 0
31 84 15
26 89 26
16 93 -2
19 96 13
-2 82 15
72 64 51
61 67 69
85 75 81
89 88 82
81 57 72
58 91 85
79 61 70
88 85 74
80 77 69
68 57 53
72 81 57
73 57 52
84 90 82
57 78 74
92 62 85
87 54 53
77 60 72
86 56 78
92 54 52
92 55 65
53 83 55
75 84 75
74 55 55
67 79 73
62 89 47
82 67 64
86 74 76
53 87 83
72 83 72
64 67 80
58 80 66
78 71 64
77 91 69
90 61 45
60 77 58
60 76 78
55 51 60
89 80 68
85 72 78
58 70 77
71 83 82
69 52 81
58 54 72
61 85 49
92 67 67
63 73 80
58 82 69
70 76 78
63 52 57
85 60 75
79 91 63
72 57 64
67 84 45
92 67 58
82 62 74
71 87 49
64 84 63
70 74 47
74 61 49
71 88 81
84 73 57
54 77 80
69 53 73
73 83 76
90 78 51
82 77 78
62 88 59
73 58 78
89 60 74
75 57 59
90 78 77
72 57 80
75 72 58
74 79 51
56 71 58
59 60 77
56 62 47
89 64 71
87 85 52
66 79 76
87 69 70
91 91 47
56 65 74
79 62 80
61 65 62
72 88 79
62 60 48
82 70 46
82 78 63
89 80 76
89 90 66
83 73 80
52 90 51
61 87 62
58 84 65
69 82 74
72 56 67
75 65 76
55 86 84
60 58 65
24 59 33
26 57 37
11 71 45
22 79 41
22 68 30
-2 68 44
-11 74 42
15 78 47
2 68 63
1 76 51
3 64 46
0 58 44
13 66 31
-7 82 53
4 64 45
-12 76 52
27 73 51
6 74 46
1 85 63
9 79 51
8 60 61
2 79 37
9 52 40
8 88 34
-6 75 48
12 75 48
-7 74 67
19 89 53
-6 76 37
-8 80 63
-2 67 52
-7 53 50
-10 80 49
25 56 52
25 75 54
25 81 67
24 88 62
10 79 54
-12 86 31
14 84 38
-11 75 48
23 76 57
0 73 64
21 57 67
21 83 64
0 57 54
-6 62 44
10 87 67
24 51 67
24 73 67
-7 59 34
-10 57 38
23 83 57
19 54 51
-5 50 57
-6 70 53
3 74 58
6 66 31
15 79 66
10 71 68
4 55 48
5 54 67
6 70 56
-5 75 35
-11 62 55
-13 52 32
4 61 35
-9 75 34
18 87 39
17 58 61
-6 77 40
-4 88 50
5 63 38
21 49 65
-3 51 32
10 80 58
25 86 37
10 83 30
10 59 61
6 71 29
-9 68 29
10 61 34
-7 72 34
-9 63 56
0 62 56
22 75 39
14 62 42
9 70 65
17 67 60
22 89 46
19 88 68
-7 68 51
-10 62 32
12 86 38
12 56 55
-8 77 66
-9 58 53
-13 56 56
12 50 64
2 53 47
97 9 71
92 16 67
74 -2 100
100 34 84
100 21 101
89 32 78
105 16 95
101 29 76
68 0 78
96 14 73
100 28 72
86 12 74
70 26 67
70 3 67
85 -1 87
92 6 87
81 25 68
68 14 101
79 10 67
103 0 89
108 15 65
78 -2 94
94 -1 99
101 16 93
75 31 72
68 9 97
78 29 66
82 12 62
80 14 86
74 0 66
86 -1 72
94 26 84
97 33 86
97 11 97
103 16 86
69 28 86
84 21 90
91 3 98
91 6 72
68 36 81
75 4 81
108 -1 74
70 37 100
72 9 94
69 4 69
79 38 71
79 21 90
83 22 87
103 30 86
86 38 95
77 6 74
101 2 99
87 36 92
75 33 94
100 29 99
86 10 96
78 14 95
77 13 85
84 -2 89
78 6 101
80 13 80
69 14 80
74 11 100
70 17 77
104 18 80
100 33 88
107 24 71
69 16 86
80 31 63
80 5 63
72 31 83
69 -2 81
84 12 67
102 12 99
103 25 74
80 18 95
71 32 90
103 2 62
103 14 61
98 20 73
83 8 89
88 7 77
85 11 75
93 13 92
89 30 83
71 25 61
74 32 92
88 36 83
78 1 84
100 1 77
86 6 73
100 32 92
86 21 97
72 22 82
82 -2 74
73 17 76
94 11 64
78 36 92
81 33 73
89 10 72
85 79 68
69 81 79
81 82 92
78 79 93
86 84 63
63 103 58
63 116 65
92 81 63
90 109 76
77 87 60
91 103 62
82 89 64
73 105 75
57 110 59
82 85 64
66 85 75
96 112 76
94 97 73
71 114 73
78 108 85
88 76 56
60 93 71
59 87 70
56 86 56
57 85 82
82 110 58
67 97 70
81 101 60
71 91 91
58 101 81
56 105 74
86 81 67
63 81 77
66 79 96
81 99 85
81 92 82
80 79 81
96 80 63
88 112 58
60 101 67
85 93 76
57 96 90
93 95 57
88 105 79
94 91 81
94 98 84
57 110 91
69 103 84
70 87 67
67 78 56
69 107 74
71 103 59
95 90 76
62 92 57
87 111 69
72 79 76
94 110 72
92 89 77
79 104 82
59 90 63
59 92 74
60 102 59
73 110 67
63 108 72
67 78 64
84 89 94
92 87 63
67 80 59
82 90 60
78 92 76
70 90 90
86 91 56
61 100 75
58 106 92
85 115 59
96 85 76
84 81 79
70 76 81
81 97 86
64 111 72
64 96 92
93 103 93
61 113 59
72 109 79
76 81 64
66 116 91
71 112 62
61 89 67
82 84 79
82 97 65
63 102 57
66 87 89
76 107 81
84 98 78
69 79 84
95 77 85
57 95 84
83 86 69
72 79 75
82 84 69
30 66 65
66 51 83
56 67 75
65 62 63
57 52 55
55 42 92
41 43 84
30 39 89
40 62 91
33 47 59
54 67 62
59 68 77
60 67 86
56 45 67
64 74 54
53 76 59
52 40 78
67 38 78
37 72 78
49 72 74
34 47 62
34 47 91
53 65 82
49 61 86
29 63 73
30 53 93
52 75 55
62 40 76
61 46 57
57 73 93
34 72 82
33 56 55
31 45 65
55 36 82
59 47 83
49 49 66
35 62 71
51 44 60
40 63 60
44 66 58
65 50 93
47 53 83
66 68 66
64 39 55
42 64 90
38 39 75
51 69 65
59 40 81
66 44 94
40 52 90
48 40 71
42 53 59
52 44 82
53 49 61
36 61 82
61 38 77
46 75 92
60 47 69
45 60 87
36 70 88
48 69 92
67 68 58
63 60 61
52 39 92
40 65 73
40 38 69
42 51 68
27 42 55
49 61 71
57 65 73
66 47 68
35 59 67
27 76 60
39 66 79
47 76 62
44 61 87
62 42 56
33 54 87
48 50 82
48 74 92
51 46 66
30 46 83
55 39 80
59 71 78
64 46 69
42 47 93
62 45 91
66 41 56
55 38 64
43 45 68
61 61 74
27 43 77
50 40 57
41 54 92
50 43 83
42 44 89
51 75 89
43 73 81
34 47 73
52 50 67
41 35 81
17 35 97
15 46 64
40 34 82
28 29 84
36 37 59
21 14 84
10 32 59
21 41 73
35 20 76
19 29 73
34 14 64
21 9 76
33 27 67
12 28 66
36 12 72
31 36 69
26 46 65
38 26 74
11 22 86
15 9 74
34 44 63
7 42 59
36 40 62
28 32 73
7 27 82
25 16 90
3 41 67
3 34 94
20 29 79
2 19 91
28 32 63
37 32 65
12 9 77
23 33 79
23 27 76
10 46 99
36 35 60
5 30 93
27 17 75
2 26 61
23 8 93
10 6 85
11 26 95
22 43 75
2 13 98
26 33 99
10 38 64
9 29 85
10 45 83
39 38 71
16 36 85
7 32 84
25 28 65
26 37 87
41 33 93
3 40 75
22 13 92
40 28 62
30 44 94
7 44 94
29 21 63
29 7 81
6 46 96
31 11 95
35 21 93
12 41 61
33 9 81
1 27 68
17 7 77
31 30 66
41 34 95
38 15 71
18 23 67
25 35 91
19 7 71
21 30 96
12 25 91
20 8 89
6 26 59
3 27 86
40 32 60
5 45 66
28 46 77
32 20 88
35 32 76
37 10 83
19 10 59
10 28 72
20 39 98
22 34 94
6 36 94
20 16 99
30 32 99
34 33 75
10 11 77
31 16 99
32 29 85
23 32 60
20 43 85
33 49 14
32 77 -5
40 83 -3
33 56 13
20 82 0
40 73 -2
30 64 -14
35 52 17
11 46 17
9 58 5
23 74 4
28 47 9
11 86 11
39 57 2
9 54 -9
21 77 18
34 67 -9
17 49 9
29 69 17
43 66 -8
34 81 7
23 56 5
43 66 11
9 83 6
40 83 -20
8 80 1
35 75 15
21 70 12
38 72 -11
42 66 -8
14 48 19
39 85 -2
4 76 3
5 72 18
4 52 7
36 67 12
38 55 4
25 70 -4
7 56 7
20 73 13
31 58 17
32 73 -1
35 74 17
19 79 -2
33 86 17
37 47 -4
3 66 -13
16 79 -1
40 54 7
23 84 15
36 77 -20
5 84 20
40 66 -6
33 58 11
5 83 -15
4 52 -6
16 70 2
34 82 -20
35 72 9
9 57 -7
14 52 1
26 79 -1
29 54 -12
21 77 -5
33 80 -9
43 51 -7
35 69 -12
14 49 1
31 84 1
41 48 4
41 67 -2
25 61 10
33 70 -5
17 69 -4
38 48 -20
7 47 -16
25 81 -9
16 61 -16
21 61 -10
23 53 -7
25 78 18
11 47 -9
34 66 -7
30 82 -10
21 64 9
10 74 -19
13 55 4
12 46 2
34 66 -14
43 71 -20
21 48 18
15 58 -5
32 73 19
7 46 -11
5 70 12
6 81 -4
39 62 11
39 84 2
38 76 19
4 65 18
52 48 79
52 30 101
34 52 87
47 45 83
54 34 83
44 54 96
43 65 86
67 40 110
34 44 76
58 57 75
46 32 107
45 52 90
60 61 107
67 65 86
42 39 78
55 56 97
64 38 84
54 55 104
68 40 102
35 42 84
62 56 86
64 31 88
61 34 105
60 30 76
36 56 109
55 25 100
46 38 95
67 44 111
51 62 102
43 64 85
57 40 105
28 45 98
40 43 79
56 32 91
37 35 82
31 58 90
62 33 80
55 45 101
33 61 87
34 27 102
39 35 74
44 29 80
54 29 93
32 55 82
46 55 77
61 59 76
41 59 101
65 52 80
28 59 85
63 38 97
37 35 105
67 55 83
32 34 104
37 65 108
40 31 74
35 29 75
53 33 89
48 41 103
42 48 106
28 47 113
44 35 75
33 58 85
53 34 108
59 45 91
68 38 82
68 54 112
44 49 93
63 32 110
46 53 100
32 36 93
53 41 102
29 44 95
52 38 93
58 51 88
56 56 76
58 31 110
66 37 103
43 62 83
52 41 97
65 55 87
52 43 100
67 29 105
33 62 74
60 65 74
56 58 101
62 32 87
51 56 86
47 30 79
34 54 113
32 31 91
67 58 97
54 55 85
53 52 76
62 60 95
35 33 95
47 26 90
48 37 103
66 52 108
47 30 94
49 46 77
