52 69 75
37 82 65
47 53 59
50 46 61
28 69 71
56 73 88
30 82 87
53 61 73
25 80 78
54 68 89
34 80 67
46 51 66
40 63 75
23 75 53
42 69 72
47 68 81
49 42 75
58 71 84
51 45 81
35 68 70
41 45 59
19 48 59
29 69 60
19 49 58
55 78 83
28 77 49
53 81 71
29 59 75
26 54 86
31 66 73
42 52 63
24 44 69
40 72 80
44 74 89
27 44 85
29 42 61
27 66 76
51 53 58
36 52 69
28 59 55
19 50 50
29 60 84
38 70 54
51 42 61
23 44 54
22 58 51
19 67 68
23 72 49
41 51 65
33 72 75
54 48 75
28 42 81
21 63 81
56 66 61
35 71 67
52 59 50
31 70 80
50 52 74
58 57 74
32 60 59
24 45 68
29 59 74
46 66 85
22 56 86
56 71 75
51 54 57
29 63 62
39 81 88
21 49 79
25 76 67
57 44 77
24 45 55
49 79 84
43 51 74
31 53 81
30 42 89
56 78 73
36 63 82
36 45 66
40 47 68
29 42 64
22 42 71
32 52 72
49 64 54
24 62 59
43 79 89
55 67 55
58 81 80
41 51 87
19 78 88
28 80 74
32 60 83
40 60 58
47 55 80
29 77 60
40 56 88
53 66 84
56 76 84
52 81 52
36 57 85
53 73 64
23 53 56
20 55 66
55 62 79
24 48 69
32 81 66
35 60 81
23 51 76
29 72 60
59 64 69
19 81 57
27 79 79
32 75 89
26 69 52
41 60 66
54 64 82
52 48 63
56 54 50
51 52 51
44 76 87
32 61 57
31 76 88
59 62 59
21 46 58
50 45 51
56 72 61
45 43 66
22 56 89
29 51 87
55 71 52
20 58 62
30 56 65
58 82 74
28 80 62
26 79 67
42 53 58
21 57 70
49 72 79
22 55 61
37 68 77
51 79 72
46 58 83
59 65 62
57 55 89
41 65 66
30 79 70
28 55 76
25 48 83
27 56 64
56 63 56
40 85 95
49 72 101
27 83 96
36 82 93
21 77 82
57 88 93
57 77 89
20 70 99
57 97 93
37 77 110
39 101 100
22 92 83
41 72 114
24 67 115
39 105 98
40 77 90
25 83 115
37 85 90
41 104 102
31 69 88
34 79 109
32 100 101
56 99 107
34 73 85
32 91 85
57 97 85
40 70 76
51 67 110
39 78 113
51 82 75
55 71 83
36 102 95
50 94 96
53 90 109
50 84 90
40 73 81
35 90 99
19 94 100
40 99 97
59 100 94
49 90 78
23 68 99
56 67 80
37 86 87
56 93 89
23 100 103
21 71 114
22 99 97
41 78 98
39 87 108
23 71 75
50 93 102
50 85 100
47 88 86
23 97 82
32 90 89
44 95 88
43 84 83
39 81 84
39 85 78
30 77 87
45 85 100
32 102 101
24 88 93
51 105 86
58 84 104
45 91 83
25 87 111
56 72 101
26 98 94
21 101 95
51 96 114
19 89 80
35 78 114
54 72 76
25 100 81
35 73 76
34 78 80
26 105 87
55 70 93
50 105 113
39 84 109
40 99 81
23 93 109
55 95 77
42 101 86
33 83 79
50 85 104
52 83 96
48 73 113
43 105 83
19 96 110
55 88 84
40 100 77
51 96 86
32 67 79
51 71 111
47 96 95
30 77 112
29 79 93
28 68 109
59 92 115
38 69 91
25 98 106
22 99 96
20 90 97
32 79 88
36 97 97
44 88 79
47 70 79
42 88 98
43 76 89
40 102 90
57 101 95
55 82 115
55 74 80
49 91 82
41 96 110
29 88 81
49 94 99
50 98 94
47 96 80
27 90 78
57 107 92
33 79 75
30 102 112
43 104 111
37 105 110
41 71 107
24 90 92
54 104 112
42 102 79
40 84 80
45 73 80
41 77 89
56 73 115
55 106 101
39 75 113
59 79 83
49 83 93
37 103 83
59 87 85
21 104 107
25 104 76
59 82 108
43 100 88
30 85 101
21 100 83
57 98 93
52 103 108
69 1 83
58 4 71
62 21 67
52 3 52
57 17 75
69 0 58
36 7 60
54 17 51
42 -8 67
57 -9 52
43 -5 71
48 4 85
46 23 56
64 15 62
43 15 54
33 17 76
47 26 79
41 -3 72
61 11 57
69 -5 69
37 17 78
59 0 54
37 7 61
39 8 90
54 -9 81
52 28 74
36 9 71
60 -4 64
36 11 55
32 21 61
37 -8 66
59 4 83
41 -5 76
66 -8 86
63 -2 52
53 14 89
38 27 86
55 6 53
35 8 87
63 13 66
57 10 66
56 -4 65
62 12 71
48 1 54
32 12 90
46 4 69
33 6 82
59 4 56
60 17 77
66 16 82
45 4 64
68 31 66
65 16 60
54 -2 80
64 -9 58
57 14 61
60 -5 59
48 13 79
29 -2 67
57 20 91
33 -7 52
58 9 75
53 19 63
37 25 84
41 31 63
62 -5 57
65 14 87
31 -2 69
34 28 64
61 28 59
49 20 76
46 1 84
68 25 58
63 20 59
48 19 70
58 -3 90
34 15 73
63 5 83
44 26 77
46 22 67
54 -7 76
68 1 85
60 13 80
61 28 64
49 -5 62
69 16 55
52 28 77
65 29 63
58 -2 68
48 -6 64
44 20 79
65 30 55
56 29 72
45 15 58
45 30 76
46 19 91
37 10 79
50 20 56
49 10 56
61 -4 66
54 -2 82
39 27 60
37 31 80
65 -1 68
48 18 75
69 29 61
37 28 82
59 10 74
46 7 62
50 20 58
52 1 81
35 -9 91
61 18 55
47 -6 73
44 14 65
58 3 74
66 14 57
32 -2 78
64 4 51
64 18 75
59 -9 64
59 20 77
34 14 57
44 -9 62
39 14 78
61 11 75
46 12 84
56 20 70
53 -3 51
68 28 69
47 16 90
30 1 64
38 16 52
65 18 71
55 0 84
31 -5 78
36 1 52
40 28 53
57 8 62
65 9 70
64 -8 66
50 28 51
39 -9 90
50 21 79
29 14 76
64 -3 78
33 30 58
47 2 73
63 -9 83
37 23 55
59 44 61
74 28 61
64 32 81
52 45 49
77 30 77
53 33 66
71 37 48
61 42 65
51 43 59
52 28 76
82 39 60
73 44 83
56 37 75
73 64 59
62 28 56
68 55 52
75 62 82
65 44 72
61 62 60
67 37 60
61 59 88
83 54 68
57 62 48
58 63 81
81 36 81
77 58 54
62 59 80
67 51 87
64 52 60
75 48 73
61 28 67
52 29 79
51 48 66
54 42 70
74 56 76
53 59 69
90 51 63
64 45 58
84 33 70
69 43 51
67 43 55
66 58 70
64 57 49
67 37 67
80 51 71
67 45 67
82 66 65
80 44 55
65 51 62
56 49 68
77 31 84
85 45 85
75 50 88
51 28 56
80 47 70
69 34 56
78 37 71
83 37 72
77 60 59
85 30 53
81 58 81
79 42 53
76 62 82
68 41 52
71 58 88
72 36 75
60 60 67
65 32 53
58 59 80
52 64 49
91 28 65
54 57 75
83 53 70
71 67 67
85 60 77
66 49 77
90 68 56
84 55 64
57 31 62
61 39 60
81 44 69
78 59 55
54 37 73
51 67 81
57 42 61
53 37 53
90 50 85
83 43 58
74 50 83
72 47 54
68 30 53
85 62 78
78 52 56
81 44 51
63 42 53
63 43 66
66 53 80
85 30 84
78 54 56
62 37 48
64 38 82
76 56 51
88 65 57
51 48 48
87 41 78
66 38 85
59 31 79
67 63 52
80 47 56
63 30 80
60 55 75
60 47 55
66 61 67
73 51 71
76 32 83
59 62 86
73 47 84
90 40 52
86 40 49
88 68 72
65 42 86
60 35 72
60 62 58
62 44 62
86 43 64
75 50 86
89 32 51
62 68 66
64 41 79
59 45 82
66 32 77
73 38 62
67 62 48
82 43 83
75 41 64
70 31 67
81 66 76
61 46 56
54 59 73
75 53 75
60 50 81
84 46 70
67 42 85
65 58 73
56 29 83
71 59 87
88 55 54
86 55 64
71 68 60
73 64 50
41 98 69
54 87 65
59 88 76
58 81 50
54 85 63
70 106 79
59 76 74
72 78 72
74 79 68
66 88 61
53 74 65
42 70 66
59 75 53
71 85 65
61 78 84
53 107 85
62 73 55
76 76 71
72 78 49
78 84 79
54 103 67
57 97 46
79 96 71
73 105 82
45 88 74
53 90 60
43 87 68
42 102 75
52 77 61
55 75 74
41 74 65
52 79 50
45 74 62
79 86 59
77 88 75
43 107 76
44 95 55
56 80 61
64 101 74
65 108 77
46 94 57
50 96 47
46 96 67
59 84 54
45 76 55
68 104 65
69 100 82
50 109 78
77 106 61
73 76 68
63 85 57
67 75 48
67 109 55
60 99 55
80 81 51
73 104 47
72 78 72
40 80 80
43 101 80
78 69 78
70 85 80
60 84 58
56 82 56
58 78 74
75 90 74
61 100 62
53 109 84
62 71 57
66 107 48
40 77 84
48 73 53
78 86 60
43 93 57
44 85 70
50 77 86
58 108 49
62 106 74
40 108 82
76 87 81
53 69 64
68 77 78
61 77 68
46 107 52
70 71 59
64 85 49
76 107 79
78 106 85
68 85 69
41 76 64
70 86 64
75 103 62
66 99 47
43 94 48
60 97 83
63 91 72
70 75 66
69 98 48
62 94 55
44 105 65
46 87 78
60 102 57
63 86 79
66 80 84
42 95 71
67 84 51
55 87 47
64 76 86
77 101 81
75 97 55
54 80 60
70 100 47
42 81 72
76 74 84
60 109 82
78 71 74
76 86 57
52 86 52
51 105 56
50 103 86
69 97 56
58 102 79
69 106 53
62 108 62
64 75 71
69 91 84
80 87 82
73 98 63
64 74 55
77 109 59
68 105 63
79 97 65
77 89 58
71 79 72
73 107 67
73 98 77
61 101 49
56 97 77
63 84 58
78 71 62
76 88 61
53 86 52
41 99 86
50 72 70
68 77 65
63 86 64
54 108 68
64 80 85
65 87 71
71 70 74
64 79 67
-4 86 -7
-17 109 7
2 91 1
-7 85 -16
7 108 19
-9 80 20
-7 100 -16
6 101 5
10 96 -17
-15 113 10
21 105 1
10 107 17
15 80 12
-8 98 0
-16 104 -8
-7 82 1
21 112 -8
1 91 -8
-17 111 14
11 96 11
10 104 7
-12 104 14
16 96 2
15 101 20
-12 84 -2
3 114 6
3 116 19
19 102 -1
7 86 17
-12 86 -17
3 91 11
1 96 13
-12 90 12
12 102 -4
-8 112 17
18 78 -4
-9 102 -3
-18 77 10
6 114 15
12 81 -2
17 103 14
0 102 -14
-7 106 7
17 92 -18
-19 103 1
14 102 -19
-11 101 13
19 112 -12
0 86 9
9 103 -3
14 94 -17
5 102 12
1 91 2
-17 94 6
-10 93 -17
-17 79 21
-19 79 8
-8 97 18
6 116 18
3 78 -11
-11 89 15
7 115 21
3 109 13
7 83 -11
-15 114 13
17 96 6
-8 81 10
20 80 -14
-12 113 -19
-6 76 0
7 88 -2
18 83 -12
21 108 3
7 114 8
7 101 17
-11 112 -14
-3 102 16
18 85 -7
-18 82 -12
12 109 6
6 86 10
-1 100 -12
-10 96 -17
8 97 18
4 99 9
-15 112 8
3 116 6
15 82 -3
9 114 2
-8 86 -1
21 78 13
14 89 -12
13 88 13
13 98 -18
15 90 13
9 106 0
11 105 -13
-12 108 13
-1 115 -13
12 115 17
-17 90 -19
13 112 -19
11 104 -12
-17 78 -8
9 110 -17
0 110 14
-5 113 9
9 115 5
15 93 -2
11 87 -5
20 104 -6
4 102 1
20 93 -6
4 78 -13
-6 109 -7
-5 103 -10
21 88 7
-8 80 -15
-9 76 8
0 114 -3
11 76 -11
2 104 1
-17 96 -8
-4 85 -7
-2 81 -9
17 77 4
-15 93 0
18 108 -12
-17 91 15
0 101 -18
20 101 13
-14 91 -17
-4 95 8
-7 105 -5
-7 92 -5
9 88 8
18 86 10
-16 115 -19
14 80 -6
-6 77 1
13 83 13
-16 106 8
-14 76 12
-1 86 12
-2 77 -18
20 108 -8
4 101 19
14 102 15
0 101 1
-12 80 -8
59 36 52
59 40 82
42 56 52
50 53 53
64 23 62
32 48 69
66 18 48
29 35 73
51 38 84
49 28 75
43 33 70
56 35 68
40 19 71
58 47 73
57 16 79
59 50 77
43 28 82
31 30 48
57 43 82
62 42 69
31 54 79
64 39 47
28 40 76
64 31 79
56 16 71
56 53 63
29 20 67
52 38 60
42 17 45
63 55 46
34 44 68
62 36 83
61 33 46
49 44 63
66 16 67
34 55 80
30 36 59
29 40 75
48 31 52
31 28 68
45 23 52
30 20 50
37 41 79
66 35 64
59 49 67
38 31 83
54 47 82
51 43 80
45 41 58
47 26 49
50 38 66
65 36 85
50 36 51
54 20 51
58 52 76
60 28 69
54 53 56
42 41 82
46 45 74
34 44 74
31 25 62
28 28 83
50 29 77
36 53 53
36 26 58
48 55 71
59 36 74
62 34 56
47 48 55
38 43 56
61 55 83
61 32 63
56 37 63
64 16 79
52 18 56
45 27 69
50 43 66
68 56 78
59 22 64
47 45 71
40 45 49
61 51 49
61 52 68
49 26 70
52 21 52
32 21 85
34 21 69
45 22 67
68 30 69
31 50 53
44 22 75
65 35 51
61 19 58
67 53 68
29 36 46
42 46 85
51 52 48
38 43 66
37 45 79
54 36 70
37 23 73
58 26 46
52 42 59
64 48 60
46 47 70
32 21 68
39 35 45
59 53 81
46 21 52
65 28 51
50 43 46
68 49 79
32 46 65
60 46 56
58 35 85
48 32 47
56 53 66
59 56 83
37 22 58
30 37 64
68 47 83
41 37 70
64 54 60
52 48 78
49 54 46
68 34 48
28 33 73
49 55 79
45 19 78
57 52 69
68 51 65
66 41 58
65 36 56
49 55 75
65 35 80
62 53 72
58 54 57
59 26 85
50 45 64
44 49 81
52 19 85
38 26 83
40 44 80
35 28 78
38 48 53
55 54 65
64 16 54
67 24 62
37 51 47
33 18 80
74 37 58
74 53 41
60 56 45
95 64 36
74 66 53
87 67 59
64 62 34
87 51 52
84 38 52
68 47 44
93 51 48
67 49 48
62 71 37
92 52 23
98 39 60
80 50 27
60 35 23
73 45 60
73 62 40
98 46 25
76 49 54
77 66 56
97 72 50
67 51 48
90 67 23
97 53 37
98 43 57
73 35 32
77 50 44
98 40 27
92 61 33
73 66 57
81 56 33
78 51 37
79 61 45
88 39 30
84 66 46
92 33 44
83 43 29
98 56 24
83 43 35
96 44 60
70 59 24
80 46 46
61 40 47
81 64 48
97 53 45
62 63 40
73 55 57
95 62 32
81 52 55
91 71 24
73 68 61
89 71 32
86 49 27
81 67 61
84 63 29
88 68 26
68 68 51
76 53 22
84 55 30
71 36 26
81 64 23
81 69 40
97 41 42
78 49 22
94 67 22
67 33 37
71 49 58
96 72 47
72 53 59
79 42 57
77 52 27
89 36 23
90 36 57
66 69 57
71 64 32
69 60 46
71 33 35
67 46 57
67 62 60
87 41 42
61 41 39
85 67 46
86 50 28
95 45 53
80 43 48
77 39 28
85 40 61
81 34 51
98 35 58
89 42 22
94 41 56
70 60 23
97 45 52
100 48 41
74 70 37
96 59 59
92 53 28
97 62 34
93 47 54
98 56 47
84 36 59
93 67 38
72 50 58
74 53 49
77 56 28
66 62 45
69 67 38
68 65 56
90 40 28
82 55 41
65 32 27
86 37 54
72 39 22
71 42 44
94 35 25
81 51 28
100 34 25
72 45 41
60 55 35
62 43 43
66 64 40
73 32 60
97 71 39
79 51 49
83 32 31
83 51 44
71 60 22
85 65 30
91 56 39
68 45 27
94 47 36
65 68 37
67 46 60
87 56 40
64 59 61
85 51 27
87 44 42
100 69 45
71 36 50
74 49 60
69 39 55
82 72 48
67 41 41
72 56 53
60 41 38
96 60 38
67 60 22
91 69 40
32 83 62
7 74 83
35 69 68
5 88 46
21 83 76
20 66 44
8 80 66
16 67 48
-1 71 77
10 69 61
33 77 63
16 71 78
0 68 81
2 79 60
12 75 55
17 58 68
8 75 51
36 67 84
33 77 57
12 60 62
33 73 51
15 76 57
19 83 68
5 62 79
32 59 65
2 85 71
28 61 82
9 72 71
37 57 47
25 89 78
1 65 54
-3 84 45
-2 71 78
1 70 76
-3 81 47
14 74 53
29 81 68
11 58 84
27 75 70
3 92 59
2 76 82
25 75 57
19 65 47
2 75 68
11 53 68
-3 69 68
36 88 48
18 78 54
23 64 46
-2 78 51
6 84 46
1 55 80
7 90 84
6 63 72
7 78 62
-1 90 53
14 86 75
1 68 45
32 57 51
25 64 65
18 85 46
16 63 63
25 63 75
11 74 82
30 81 66
37 63 73
19 83 83
18 75 79
0 59 44
27 75 67
21 77 82
-3 52 64
25 54 59
-2 67 80
19 70 71
25 60 60
22 76 56
7 70 48
26 88 52
27 87 79
2 54 48
1 66 69
-3 81 54
8 87 81
18 54 83
3 75 58
5 77 74
0 87 81
37 65 77
11 77 46
20 64 49
-1 55 49
15 84 56
8 79 62
32 91 66
30 60 73
36 89 71
34 87 55
24 87 63
37 73 76
11 52 71
29 64 72
31 69 46
7 59 46
33 66 48
26 85 69
30 57 71
5 60 65
17 63 53
15 53 44
35 64 66
22 62 54
29 89 53
-3 84 53
33 58 66
17 70 56
27 55 51
35 92 52
20 72 52
20 57 83
32 64 65
13 54 49
8 69 65
-2 60 53
15 83 77
24 73 44
26 64 69
8 79 47
21 52 69
28 91 51
25 74 50
7 73 74
23 83 55
20 72 68
20 71 71
22 68 47
10 76 61
4 53 70
32 88 78
25 58 75
8 76 61
3 56 60
3 84 51
19 54 66
25 67 77
26 54 58
18 80 81
27 62 68
21 62 68
2 54 73
37 35 78
43 30 62
36 22 65
43 56 55
32 56 60
38 30 85
40 60 58
8 27 84
10 29 68
38 60 50
31 54 75
28 43 49
5 21 52
4 51 78
29 47 63
19 37 46
6 44 69
42 59 85
21 39 77
26 53 57
30 46 72
18 28 66
40 37 56
20 21 66
12 35 45
13 56 69
41 46 52
7 37 66
7 27 62
17 43 75
16 20 79
16 29 54
8 47 52
44 59 59
14 26 61
17 23 52
8 28 62
32 58 48
14 38 85
13 23 68
19 25 76
36 23 80
14 41 57
6 45 55
25 32 58
24 34 58
11 42 78
25 59 62
42 52 57
30 59 59
30 33 55
37 26 72
29 58 79
26 30 68
30 39 47
21 27 67
44 40 51
14 53 73
11 20 47
28 47 57
21 22 49
38 20 65
7 20 51
10 57 80
9 49 59
35 31 57
20 60 58
38 57 50
38 55 63
29 32 50
25 37 50
41 54 79
14 57 80
19 28 83
32 33 68
19 20 81
35 60 61
18 29 62
22 55 70
36 43 81
10 41 68
30 20 69
41 42 55
34 52 82
17 26 49
32 48 80
21 30 81
41 24 74
34 56 81
5 41 77
31 45 76
17 54 83
44 26 83
38 39 49
41 48 63
23 31 84
34 53 72
17 52 53
6 42 48
15 25 73
29 48 70
39 59 54
4 37 68
17 54 66
31 57 58
6 43 83
25 43 47
44 57 62
14 38 76
25 41 45
37 45 46
6 52 45
11 33 75
28 36 79
43 21 45
12 41 68
39 21 62
37 43 66
39 40 80
40 42 71
37 27 57
35 53 78
21 29 57
34 21 70
38 47 72
38 23 74
31 21 55
9 60 60
44 30 75
30 51 85
38 60 47
7 36 74
6 57 54
5 56 69
42 43 52
27 20 47
21 22 82
11 22 69
32 57 58
34 23 60
18 25 70
17 32 53
28 50 72
10 54 66
35 38 63
24 50 58
42 26 77
31 52 55
35 49 45
26 28 65
37 71 96
39 73 87
7 76 80
38 61 70
26 92 97
0 66 63
29 93 88
8 73 90
35 71 84
19 56 86
11 91 83
35 92 97
35 89 62
19 56 84
26 69 94
6 67 75
22 88 73
18 59 102
38 91 71
10 87 92
21 73 80
9 76 75
38 86 83
12 62 89
10 74 70
10 62 89
21 70 100
38 95 90
36 71 80
11 57 65
5 70 65
8 55 79
1 77 74
36 89 62
0 83 77
10 84 92
20 78 62
7 69 63
32 60 83
34 61 78
20 70 74
25 80 68
4 61 69
34 81 95
39 67 98
7 72 101
31 83 98
12 77 79
4 67 63
15 75 84
26 83 100
22 78 62
19 83 68
3 94 76
10 90 71
32 65 93
28 89 91
5 68 68
33 60 96
16 77 94
4 72 81
33 82 71
6 83 73
-1 71 73
1 55 93
3 74 79
19 59 93
8 90 70
23 63 85
37 67 81
33 64 97
4 80 78
7 81 62
36 69 67
9 94 77
23 77 68
2 76 83
9 69 85
5 73 93
24 68 69
1 74 102
39 78 76
0 59 77
16 59 75
0 75 76
6 86 68
1 59 96
29 67 99
9 62 75
32 91 76
12 61 82
27 63 77
21 79 84
5 77 76
20 88 77
10 95 69
13 92 72
28 68 101
30 90 92
24 64 82
32 93 66
0 59 71
25 73 82
30 71 88
10 59 82
9 93 82
38 69 95
32 90 77
3 82 94
9 79 102
9 86 62
21 71 76
28 70 77
16 83 72
35 58 95
25 89 73
10 93 99
1 57 79
38 58 100
4 80 80
19 78 66
23 85 92
13 68 100
24 91 85
2 84 86
14 94 68
7 91 87
22 92 81
5 77 78
30 61 96
30 60 100
28 57 77
15 87 69
29 77 71
21 77 81
20 60 88
33 85 70
14 68 90
16 55 77
36 67 74
6 68 65
29 91 65
16 68 71
34 81 88
7 89 101
1 58 80
13 58 83
32 95 67
11 74 79
17 73 74
41 25 47
68 18 63
67 32 39
41 34 51
32 31 44
62 13 50
71 6 50
54 29 71
36 13 51
34 16 65
37 8 69
72 18 39
65 29 66
62 37 39
60 26 62
40 6 46
43 31 51
63 32 37
37 17 62
59 29 53
48 20 38
43 1 57
39 13 59
45 26 45
66 -2 51
67 19 36
46 23 56
49 -3 43
42 31 47
57 32 51
69 35 41
50 28 62
68 2 33
44 29 66
38 4 36
41 19 63
55 29 50
32 23 59
59 22 60
64 26 34
42 4 38
41 24 37
44 -2 62
46 14 41
46 14 41
64 10 64
45 22 35
58 29 54
38 6 54
57 9 66
47 -1 32
55 37 36
43 18 69
33 24 65
42 16 70
37 13 59
32 15 56
50 6 32
45 26 34
58 12 42
33 28 44
48 6 55
64 30 57
71 36 60
45 21 43
45 21 62
59 4 34
42 10 38
56 0 35
72 0 62
52 28 49
70 13 57
35 27 51
53 8 50
66 20 31
49 7 42
60 32 50
65 14 32
54 14 52
64 18 48
40 33 53
49 23 43
72 21 57
42 18 67
60 16 37
47 35 48
59 11 40
66 0 49
61 22 45
51 22 36
41 37 57
64 8 53
52 31 31
48 19 44
71 5 61
69 14 52
64 6 68
66 -3 59
65 1 69
67 35 40
61 -2 46
57 9 49
72 13 48
32 37 36
52 6 39
45 37 33
46 18 44
53 20 49
39 15 51
52 24 66
39 8 59
46 22 37
42 18 41
48 30 59
38 17 43
32 24 44
43 9 69
34 3 41
58 19 33
49 31 49
33 15 48
51 30 42
60 21 45
36 32 36
53 21 34
38 -3 61
40 32 46
72 33 66
46 33 49
51 33 63
65 7 64
71 14 59
40 34 32
65 13 48
49 31 58
71 11 39
61 25 37
48 29 49
33 5 56
62 26 43
37 32 62
41 12 37
72 -3 38
39 -1 34
42 6 63
47 22 53
65 0 45
37 34 48
67 23 59
50 8 65
49 86 75
60 90 74
48 98 82
59 90 92
83 73 77
72 91 99
82 65 73
51 73 75
74 72 75
50 97 61
66 63 95
58 94 85
44 86 88
51 93 98
53 71 72
48 74 95
51 82 66
61 67 77
53 76 89
74 66 82
44 71 81
83 70 65
79 91 80
81 74 95
51 93 68
60 69 77
78 96 65
54 80 72
49 67 74
75 91 70
58 83 94
45 72 88
81 81 75
82 95 78
49 71 99
54 79 90
48 61 75
77 82 68
83 78 97
84 75 88
83 96 80
62 70 78
73 80 95
53 80 67
78 60 98
79 66 87
45 82 80
51 93 96
56 82 81
71 95 98
71 69 77
81 88 98
52 63 95
82 84 61
72 89 79
45 95 90
81 79 82
69 77 90
72 95 68
50 61 87
76 72 89
44 82 93
81 88 67
84 93 100
54 62 99
71 75 69
84 78 90
60 72 60
61 94 81
58 69 84
55 93 96
62 79 75
74 66 81
75 91 86
61 81 90
52 81 75
52 98 66
83 100 75
71 67 80
82 75 71
80 66 74
60 66 79
63 83 94
53 82 72
83 99 65
60 89 72
64 79 90
45 97 84
80 79 79
64 75 89
58 76 67
59 64 73
52 98 62
73 91 98
46 79 94
44 79 81
69 79 79
47 98 86
51 80 70
70 67 96
76 61 83
82 65 97
54 73 69
73 71 96
57 79 79
50 65 99
68 60 61
78 68 85
65 90 88
70 96 62
57 79 77
69 67 81
79 78 88
70 74 88
54 66 82
59 69 61
71 72 90
56 61 91
71 81 60
76 68 71
78 67 70
55 84 64
46 60 65
63 70 62
72 86 70
68 65 78
55 74 68
61 72 67
77 92 73
59 72 88
53 88 87
78 87 81
57 85 90
66 75 99
73 82 96
54 63 94
75 100 86
52 69 85
60 85 78
77 95 84
63 65 78
67 91 69
66 81 86
80 64 83
47 96 62
64 65 74
65 60 94
68 82 75
69 80 86
54 62 97
97 45 88
91 54 108
85 47 87
86 41 102
81 31 97
110 32 100
112 33 101
91 26 102
90 58 94
90 35 80
87 48 94
113 33 96
89 56 112
80 61 96
90 24 79
75 34 80
82 49 95
93 34 108
99 38 116
84 39 114
79 59 116
102 29 115
85 46 76
106 36 89
110 47 102
90 57 93
93 38 95
96 58 87
104 41 105
114 43 92
91 24 100
88 60 107
114 39 100
107 43 100
83 45 112
111 34 112
82 58 105
110 62 106
108 55 83
80 47 108
77 48 94
104 32 91
106 23 97
108 27 109
83 35 78
83 38 103
114 47 109
94 43 89
113 26 112
111 26 82
89 31 96
113 43 90
79 43 113
84 53 81
102 36 107
74 60 108
107 24 112
77 24 103
99 25 90
110 50 104
107 49 86
82 39 76
105 57 114
109 51 95
110 35 99
114 32 106
76 28 106
86 33 105
92 27 93
99 45 115
90 59 83
106 22 84
102 47 116
86 52 111
96 43 97
76 55 77
97 56 112
81 48 89
107 47 101
92 39 107
80 62 91
95 62 107
80 30 101
113 39 97
82 50 103
92 28 92
97 42 99
74 51 113
81 62 111
87 59 110
75 54 80
112 58 89
112 35 99
84 44 99
105 62 93
82 22 108
99 48 86
109 32 96
96 26 97
82 44 96
103 22 108
76 55 93
79 46 82
86 61 95
89 22 115
112 37 104
94 34 97
99 22 100
107 59 110
113 42 111
97 48 110
76 23 79
109 26 93
98 31 83
81 47 108
79 49 112
94 43 114
112 53 90
103 52 114
92 48 113
95 36 87
108 26 101
93 45 97
77 50 93
88 48 87
92 35 106
75 58 77
102 59 93
91 42 79
110 40 78
91 43 95
88 62 76
112 47 94
75 56 95
96 35 114
87 42 97
108 49 76
95 37 115
76 51 85
90 61 93
79 51 110
107 43 93
75 60 78
104 33 99
99 40 105
74 26 105
75 29 95
82 22 88
111 30 109
84 57 94
76 50 51
90 50 49
63 27 43
65 28 37
81 28 54
85 46 50
72 42 46
72 31 44
86 47 26
86 56 55
59 54 38
83 41 53
56 42 28
79 48 47
66 54 30
74 48 51
80 41 54
84 26 22
57 41 26
75 43 17
79 36 27
53 32 22
80 48 37
75 23 44
70 48 19
54 39 42
67 59 24
66 58 27
81 31 22
50 43 20
52 44 29
78 40 35
71 50 55
51 38 29
64 58 35
79 21 31
68 20 18
73 47 40
77 35 23
54 47 38
79 42 49
72 52 48
89 21 48
82 59 37
77 46 54
83 44 27
82 52 22
67 27 27
76 40 51
71 33 19
86 26 39
67 35 47
67 58 28
50 32 51
56 28 45
81 59 24
90 23 28
65 50 35
83 40 38
90 25 49
54 44 33
90 59 55
61 30 24
56 26 52
79 22 18
58 50 20
69 22 45
62 53 40
60 30 38
50 59 26
56 36 23
58 19 53
77 42 31
85 19 29
65 31 43
73 46 54
55 38 41
83 59 53
83 25 25
85 20 47
51 41 33
84 33 41
89 37 47
52 45 40
53 56 38
75 23 52
73 24 32
56 45 53
75 51 26
75 59 53
68 46 45
54 37 17
72 48 44
65 19 17
86 52 31
64 31 46
59 34 51
83 58 42
73 19 57
52 34 24
74 46 35
74 29 38
82 44 41
56 21 42
86 59 28
87 48 50
73 19 49
67 47 43
60 33 52
54 20 36
76 54 49
90 41 44
73 32 46
59 30 57
67 24 27
53 45 19
51 53 47
81 40 28
87 24 19
68 43 23
50 25 19
90 37 33
59 48 30
73 19 23
61 55 31
63 41 39
59 44 55
65 53 31
55 29 18
77 37 32
71 38 21
65 44 26
50 39 26
56 22 32
70 39 28
82 31 53
75 32 46
73 38 48
58 51 41
54 22 37
72 43 31
56 29 53
81 30 50
51 48 19
58 19 24
89 57 35
87 21 22
51 35 31
78 58 53
81 23 49
81 33 41
83 8 24
113 19 38
83 36 41
82 34 40
105 41 37
99 22 43
80 4 16
96 15 26
86 33 10
101 39 15
115 26 41
79 27 43
81 2 35
118 9 17
84 17 30
92 2 31
115 31 39
92 3 39
87 18 28
113 7 47
101 17 47
83 36 7
117 33 31
97 39 37
105 39 8
96 21 30
115 5 13
110 25 12
102 16 39
97 10 12
95 26 10
86 34 23
83 22 18
106 8 14
100 33 38
86 36 7
116 33 24
117 38 38
84 13 22
90 25 45
93 17 34
98 24 30
97 33 16
82 14 25
83 42 37
115 33 46
84 14 20
96 30 16
109 33 33
112 29 38
101 20 30
105 32 12
105 16 21
119 40 17
85 41 27
119 4 25
115 39 30
86 19 37
116 10 32
111 26 17
106 24 30
92 15 17
116 14 40
92 12 38
107 28 10
93 6 34
103 14 42
84 3 33
101 30 36
119 9 34
102 32 26
94 37 14
79 13 46
111 36 44
89 38 26
98 11 16
93 12 41
104 14 36
87 8 23
115 4 9
105 12 31
79 36 38
79 6 12
85 18 13
118 20 29
112 39 44
82 38 30
92 7 42
115 26 19
91 36 25
102 38 37
87 17 27
116 10 37
81 18 43
107 33 12
106 17 19
107 32 12
110 42 46
104 6 43
119 17 9
93 39 7
97 21 13
104 38 8
103 23 31
89 29 41
96 18 27
93 38 10
112 22 26
98 11 24
103 8 35
102 41 33
88 2 10
107 30 39
115 21 28
111 18 42
110 40 38
109 26 40
100 37 36
104 12 29
107 14 12
113 27 30
85 34 8
111 4 20
92 35 14
82 32 36
88 2 40
79 12 28
114 41 45
115 20 16
102 28 22
82 16 40
82 3 45
85 31 45
97 5 9
98 26 41
90 21 36
102 37 29
95 12 23
83 30 16
84 28 29
88 26 16
80 23 32
115 10 40
79 2 26
95 39 12
115 10 23
87 4 18
96 3 11
94 20 38
72 31 4
58 34 16
74 19 4
90 30 25
82 9 21
74 0 11
78 4 4
78 9 22
84 16 16
74 10 26
58 0 20
81 15 33
56 12 -5
78 31 5
84 25 3
64 16 14
67 20 5
55 16 0
56 22 28
60 22 26
80 14 34
83 19 17
68 37 13
67 3 14
86 34 0
90 15 -4
52 26 -1
70 13 10
86 10 26
60 27 -2
60 19 -6
89 23 19
54 26 24
86 33 31
66 17 32
50 34 0
72 2 10
61 15 2
83 3 17
63 0 -3
63 15 24
87 19 -2
51 36 6
53 2 -5
73 6 25
66 5 7
68 2 13
62 28 9
84 0 29
69 2 3
69 6 3
81 34 33
54 11 26
82 19 18
61 35 11
58 9 26
80 29 32
50 16 -1
86 20 -5
74 12 33
55 -3 -6
61 23 9
60 8 10
75 37 22
65 33 9
80 10 23
50 5 -4
71 18 -6
64 28 5
77 22 -6
54 9 25
52 12 -3
78 9 30
69 13 27
68 11 3
67 1 0
86 1 21
79 31 25
76 12 29
83 27 -4
58 35 34
89 7 -5
82 29 27
68 30 23
88 23 6
82 35 2
90 31 10
62 -1 6
57 28 20
72 3 15
64 34 12
82 5 33
63 1 29
53 6 -6
76 33 12
89 3 3
64 29 31
59 -1 15
57 37 4
55 28 23
81 21 19
61 16 4
68 36 16
86 34 25
73 16 4
86 2 1
68 18 4
84 15 9
59 23 23
62 18 0
90 18 22
55 5 -1
73 17 23
56 34 0
66 7 29
72 14 34
56 10 14
69 19 10
52 16 17
83 9 4
68 26 33
56 23 10
83 17 21
86 35 -2
56 18 28
90 22 -3
90 17 32
89 28 32
85 29 15
71 34 0
74 3 33
74 22 15
70 35 33
79 32 32
82 14 -4
55 22 33
59 8 12
63 19 -1
71 9 12
80 20 34
85 3 33
69 35 15
63 10 31
67 8 18
89 10 2
57 14 31
76 14 10
73 31 5
70 21 -2
71 32 27
38 30 14
21 61 -1
52 36 22
40 47 1
56 33 9
26 59 37
41 32 30
57 61 3
43 60 28
53 26 38
26 45 0
38 43 0
42 25 9
47 54 31
55 60 38
50 39 11
49 25 22
52 63 38
60 29 29
55 43 18
24 42 36
25 56 23
42 59 39
49 38 6
32 54 9
59 23 18
49 25 37
29 43 13
55 32 10
46 56 0
38 53 33
45 26 15
57 40 20
57 62 22
25 61 11
35 44 29
37 53 5
29 50 34
33 57 20
24 42 8
37 24 36
31 39 12
23 55 30
22 58 6
55 36 3
21 42 37
32 63 0
49 48 4
46 60 19
57 49 27
25 63 34
38 59 28
43 53 23
47 53 17
46 28 16
33 60 5
41 28 32
49 32 2
41 37 24
24 36 38
49 31 31
29 60 35
51 28 39
51 29 25
49 34 7
46 43 9
47 35 16
28 33 21
25 50 28
26 54 19
30 47 27
21 58 14
26 45 -1
50 46 27
39 47 12
37 56 20
60 50 21
21 52 18
42 43 27
57 32 38
21 25 30
24 33 13
30 55 28
24 52 17
50 23 3
54 58 16
34 55 4
49 37 18
48 48 20
21 32 7
37 30 39
43 27 0
42 60 8
50 57 7
36 58 20
24 61 34
21 51 -1
54 37 0
21 55 36
58 54 21
52 47 32
35 35 36
59 36 17
21 49 21
38 52 13
25 34 4
53 61 23
39 38 5
38 40 19
24 63 36
22 56 3
34 46 25
43 62 35
54 41 30
24 41 37
31 40 27
32 24 18
26 57 4
46 60 3
29 43 22
55 23 12
33 48 5
43 23 3
60 61 2
26 53 15
38 40 19
46 54 29
23 33 14
31 62 3
31 26 24
30 23 2
25 40 39
29 49 19
44 28 38
32 50 1
28 54 6
55 57 6
51 39 20
53 43 -1
36 35 5
32 59 31
53 51 7
24 52 30
30 49 19
46 37 -1
53 43 14
50 28 -1
37 26 33
46 29 33
28 32 30
43 52 41
29 44 66
48 56 52
55 58 66
31 65 45
44 68 50
63 68 63
54 45 70
40 72 78
59 64 76
41 50 76
60 53 41
35 72 51
43 56 50
40 62 63
55 60 40
27 65 60
66 62 59
64 46 64
62 69 56
56 48 64
53 34 70
48 55 44
55 53 56
51 66 68
65 58 40
55 45 75
38 61 78
50 64 44
54 71 48
51 61 46
45 71 60
40 34 44
43 54 61
27 38 43
47 60 78
30 58 48
61 44 50
55 70 70
27 37 38
29 36 77
27 67 67
34 67 62
37 67 47
29 56 47
58 35 63
61 38 74
27 36 42
54 66 62
64 43 51
38 33 50
64 63 59
49 70 38
57 66 73
38 39 40
39 35 49
66 36 42
58 45 63
52 37 69
47 34 47
28 44 61
53 39 70
64 47 69
35 36 45
34 72 47
63 72 65
56 44 77
53 52 43
29 39 78
54 37 51
57 37 39
64 38 77
34 44 40
59 44 41
45 53 75
44 55 49
43 64 72
51 67 70
45 64 43
48 35 61
47 48 78
53 64 39
39 46 68
51 54 76
27 73 44
58 70 46
55 56 53
63 73 41
56 60 57
30 54 73
42 53 71
37 62 71
49 72 59
58 55 78
55 36 72
36 42 45
30 69 77
28 57 48
28 63 59
40 63 78
47 43 57
60 53 53
53 42 61
55 58 78
43 48 52
51 49 69
49 47 60
27 67 47
33 53 67
29 41 67
35 58 65
64 38 69
34 60 38
61 41 44
46 65 39
53 66 62
31 66 50
56 63 69
52 36 52
29 54 55
50 67 68
61 62 46
33 59 59
35 44 60
32 42 39
34 44 72
63 49 58
43 48 73
59 46 41
50 62 50
35 40 60
67 39 63
40 73 39
66 66 61
65 73 64
41 55 51
36 66 56
30 49 61
47 52 48
38 58 67
47 57 74
54 67 61
63 64 70
33 40 62
55 57 48
61 43 64
53 35 43
62 62 60
39 72 49
55 42 41
21 44 45
-3 43 51
19 55 44
-9 45 19
13 30 26
5 70 43
21 58 45
1 32 30
-1 49 27
18 35 54
18 66 46
-13 70 36
5 53 46
-6 63 40
-5 38 45
1 62 38
-16 69 57
21 67 21
-6 53 49
6 48 26
12 59 44
-6 52 33
-17 36 40
16 50 49
-5 38 22
19 55 57
-6 34 32
-13 50 26
-7 47 36
14 69 24
-1 53 48
14 38 35
-12 57 35
-7 33 26
-13 46 55
21 68 35
4 51 29
-1 59 45
-2 36 42
0 30 36
-13 66 33
-11 38 34
-3 41 48
1 31 30
8 60 49
16 43 31
-10 36 57
5 42 58
13 44 18
-16 48 45
4 50 37
-13 39 32
17 45 46
-5 39 37
-3 57 35
10 66 42
20 69 43
12 30 50
-16 58 23
13 37 22
-2 62 36
-18 61 54
-4 31 22
3 58 50
-5 43 52
11 55 50
-15 52 49
17 49 58
9 68 36
10 51 31
-19 66 54
6 58 22
19 65 53
14 44 28
-14 30 54
-4 42 43
1 38 54
11 47 45
18 32 51
10 48 47
4 40 39
9 31 38
17 61 58
3 61 45
3 63 50
14 52 29
-2 58 51
19 65 44
19 32 52
-3 38 41
7 64 28
-19 57 50
-11 66 22
6 44 24
7 54 29
6 33 24
2 41 43
9 34 46
0 65 22
3 32 29
-12 50 19
-11 48 23
-17 63 52
-7 33 36
2 58 37
20 63 18
-8 35 29
-14 30 22
13 46 49
-10 48 53
8 48 30
5 64 37
4 61 27
14 50 36
-14 66 26
-14 52 44
-16 59 22
21 50 47
6 40 45
2 60 36
-7 68 51
13 70 46
4 35 42
-7 32 21
-15 50 45
14 38 28
9 42 52
13 62 57
11 69 34
8 35 40
9 32 31
-10 64 58
-18 44 21
-8 39 51
19 51 43
4 49 23
-4 68 53
-13 36 48
18 33 38
16 54 45
9 64 28
-9 31 46
15 38 21
14 48 37
21 67 24
19 62 38
4 48 50
12 39 47
-4 38 55
1 70 20
