39 51 5
36 24 23
68 25 38
71 45 39
41 43 30
49 24 25
60 25 40
64 43 0
45 36 17
74 32 7
72 43 23
42 55 5
52 42 4
47 39 0
47 30 12
60 52 16
36 27 31
66 44 5
59 35 26
37 58 25
37 23 22
73 43 11
50 41 0
42 32 8
36 29 26
38 41 31
46 43 20
59 56 10
60 49 27
41 46 2
38 53 20
50 28 27
52 26 5
48 50 7
40 52 31
50 54 37
49 32 12
60 42 30
44 39 7
37 23 10
35 31 8
45 49 1
57 33 28
35 40 37
69 42 0
75 50 16
63 42 28
36 59 37
55 54 3
48 34 10
70 60 30
58 27 11
60 36 3
44 34 12
43 22 7
66 42 36
44 48 30
36 57 27
42 38 34
68 25 37
36 59 23
61 45 29
37 34 35
41 20 8
72 58 18
61 32 35
44 35 17
67 57 19
37 43 7
57 33 27
57 44 36
68 24 37
38 34 27
37 53 24
36 38 25
51 33 34
75 30 5
48 26 15
46 30 17
47 34 36
71 31 34
36 30 3
57 41 39
61 45 19
54 29 15
64 37 14
55 37 18
41 25 38
71 54 13
60 31 33
53 36 22
66 39 19
72 45 28
35 42 5
71 29 18
36 30 10
44 43 24
61 32 20
67 42 5
44 53 6
38 26 11
52 31 5
48 35 4
63 58 28
56 38 38
39 43 19
65 27 26
67 30 6
75 28 19
46 33 21
65 49 4
68 50 28
64 57 14
45 50 28
65 39 5
60 54 4
57 53 3
50 45 2
68 24 11
68 37 10
63 56 22
53 26 6
67 38 19
55 51 7
75 23 29
44 60 40
38 49 34
50 36 39
55 31 5
43 48 29
37 48 35
36 27 22
40 34 29
43 30 24
47 46 29
42 50 36
65 51 2
71 48 37
51 37 6
74 59 10
36 48 1
53 31 25
74 34 40
67 20 33
71 23 9
51 34 6
37 36 6
52 49 23
37 31 9
72 26 11
73 22 22
45 57 38
66 22 19
51 51 6
61 35 31
66 55 24
65 40 26
67 41 19
36 52 39
48 41 4
49 45 19
69 58 0
37 35 8
70 34 7
56 52 17
55 41 36
49 39 6
49 30 5
51 47 34
40 40 37
69 51 38
37 46 22
48 52 22
41 54 22
63 50 34
67 34 39
62 52 13
46 46 3
59 42 25
70 49 15
74 52 8
58 51 24
41 46 28
49 52 5
56 55 36
42 28 0
48 35 35
35 37 21
65 39 37
73 22 6
67 24 15
75 57 15
42 45 15
38 40 23
52 59 16
69 33 0
72 28 38
35 23 36
61 36 39
35 26 16
87 58 34
52 51 -1
55 64 14
48 32 25
84 29 34
55 50 6
73 51 15
83 36 8
59 44 4
58 59 16
66 50 20
75 30 7
77 56 17
68 47 17
61 51 8
52 36 4
76 42 24
72 63 10
74 47 36
67 62 32
63 33 33
85 63 28
84 48 17
82 47 35
57 29 20
62 38 10
74 39 8
67 49 10
50 51 17
72 45 0
71 43 37
52 29 3
56 40 7
50 28 2
58 60 10
68 27 2
88 40 37
58 55 -2
78 30 7
71 67 5
85 58 14
65 53 6
84 35 16
87 43 32
50 49 9
82 48 12
58 62 6
59 46 21
76 53 14
69 35 15
84 63 33
52 43 7
57 45 9
60 53 -1
61 64 -3
85 65 19
49 50 18
82 32 28
49 53 8
85 27 26
51 59 0
57 52 25
85 61 6
52 32 17
74 50 16
83 63 12
74 58 31
84 33 4
72 50 10
86 61 -1
63 31 11
83 54 37
60 34 15
71 39 24
59 50 12
88 31 37
50 40 16
56 55 5
71 31 25
87 27 31
54 65 4
55 44 35
49 47 -3
48 34 25
64 35 20
50 56 27
55 37 33
48 45 37
59 47 10
59 48 14
84 29 -1
83 39 19
72 27 12
76 32 17
50 67 12
72 32 26
69 57 37
84 27 24
77 29 12
70 52 30
50 60 27
52 34 11
71 38 25
73 58 16
73 42 16
60 54 11
88 41 21
85 48 11
77 46 -3
65 63 4
62 44 -2
69 51 7
86 35 32
51 35 17
79 27 6
78 62 27
61 52 9
53 46 -1
86 31 19
72 66 6
70 30 1
54 44 13
54 57 13
84 36 6
76 47 11
68 42 -3
50 29 1
87 42 3
85 41 35
88 47 11
88 46 20
52 31 34
63 27 9
62 39 33
82 37 37
55 29 4
75 43 37
81 50 13
65 39 -3
65 48 16
73 47 0
69 47 3
50 49 1
74 62 2
48 58 34
81 39 7
66 45 31
77 59 27
51 38 28
52 34 22
60 65 -2
57 35 2
52 50 17
62 29 19
55 60 13
57 36 20
59 49 34
81 62 12
63 62 5
74 41 -1
78 38 34
76 29 28
61 45 24
58 56 13
49 60 35
67 43 -1
85 37 15
71 63 -2
86 39 15
71 60 13
85 33 22
51 50 2
83 37 37
85 35 2
50 28 10
86 59 10
83 46 33
70 30 25
65 48 17
59 33 37
72 52 5
54 65 -2
50 33 34
56 43 1
85 34 6
48 42 22
54 66 37
86 45 28
59 31 22
66 56 4
55 62 6
83 49 31
86 42 10
81 50 33
54 40 14
55 35 19
70 54 13
85 54 19
65 53 35
64 66 25
98 4 65
79 2 90
97 -2 68
82 22 57
63 12 65
91 -3 78
79 19 77
93 21 92
65 -10 87
72 20 84
96 0 76
91 -7 90
90 -17 71
80 -15 56
79 -2 87
76 -5 67
67 -13 74
65 17 56
79 -2 63
70 -12 76
98 10 83
64 14 57
102 -13 81
64 -14 88
78 21 85
86 -4 74
98 18 77
82 16 84
65 -15 78
74 -2 62
80 9 84
85 -13 75
82 -5 66
85 -12 84
69 -14 82
80 10 58
97 3 59
77 -9 91
77 -7 84
73 -12 57
69 14 61
73 4 83
75 17 89
69 -5 87
70 13 69
80 -3 67
63 9 78
84 -3 58
74 0 86
92 -10 74
87 -14 55
86 -18 58
80 -1 69
80 18 69
75 12 74
102 -8 57
93 3 65
82 16 67
101 -1 83
91 -10 55
91 -4 74
63 18 69
77 0 88
100 21 66
78 15 88
65 -6 63
83 10 90
100 -18 77
103 -5 59
75 -17 61
68 -2 69
88 17 58
73 22 82
74 3 60
78 0 81
63 -11 86
77 -17 84
76 9 78
79 -6 74
79 17 80
99 -4 56
63 16 67
83 14 66
78 13 89
87 3 68
97 12 70
68 -7 91
100 11 58
92 -10 74
80 -7 61
64 -7 85
100 -13 67
83 17 72
82 -15 68
93 -9 66
89 -7 74
67 -2 69
69 1 59
84 13 64
73 4 60
82 -14 66
100 -7 66
72 -14 90
65 14 70
95 -5 83
79 4 80
90 1 69
74 17 77
72 6 86
96 3 80
75 16 90
102 -7 63
79 7 77
68 22 79
77 -13 73
76 22 81
74 19 57
80 -5 87
71 -18 60
93 6 54
103 -3 70
79 10 54
65 -17 74
74 -18 69
102 10 75
94 17 65
76 21 86
67 1 70
77 16 83
103 4 83
64 20 91
96 20 64
75 -9 68
94 4 53
74 6 70
91 -6 88
88 -2 63
77 17 56
102 5 68
100 20 59
102 14 71
87 -15 86
92 -12 54
87 20 57
88 15 80
98 7 57
101 -7 80
96 -17 71
89 9 88
96 -11 81
101 -4 87
91 -15 59
103 0 59
91 -7 78
87 -7 57
103 7 63
64 -18 72
66 22 65
70 0 92
90 -6 64
71 -3 89
63 -13 64
88 -12 80
79 -1 82
80 11 60
90 20 81
100 19 70
85 0 79
72 -6 88
68 4 64
86 16 75
73 16 67
86 -10 61
86 -14 91
72 11 72
86 -10 77
91 21 88
77 7 87
79 -11 87
83 16 89
77 -8 84
67 10 62
91 15 74
80 7 79
102 -13 80
100 -6 81
78 -7 90
72 -16 75
65 9 55
88 -10 76
82 -7 75
103 -10 78
93 3 56
72 -17 63
103 9 72
85 -17 63
90 -11 61
93 16 54
84 -14 73
99 18 83
82 15 87
104 12 94
80 -18 88
93 22 112
101 -16 98
94 -16 108
89 -11 82
82 -9 92
68 -11 103
75 -15 101
67 12 101
79 -12 111
74 22 110
88 12 79
98 12 106
74 10 94
78 15 113
94 -16 110
77 6 81
70 -17 106
78 1 100
79 -10 83
98 2 76
99 0 112
72 -2 92
103 -2 110
81 11 92
90 -13 84
77 -1 92
88 6 95
73 -18 85
92 16 102
97 5 83
107 7 98
98 6 92
81 -15 77
99 -12 87
79 9 85
91 -15 106
98 2 80
102 -2 98
85 14 108
67 4 102
102 17 97
84 21 83
94 -4 81
95 3 101
101 -16 77
94 4 94
85 4 102
95 0 77
85 13 98
77 0 82
73 2 88
83 -13 81
106 -9 80
79 -1 75
78 -15 103
68 12 82
80 21 75
86 12 81
85 0 90
76 14 79
77 -10 104
97 -16 81
103 -13 95
87 11 76
95 -7 96
105 7 99
102 10 109
75 -10 112
77 20 100
82 -5 85
78 7 112
77 -9 84
84 -3 97
85 6 75
68 16 93
86 6 75
85 17 86
78 -18 78
96 -12 93
106 15 86
74 20 87
104 8 98
80 17 92
94 -5 110
84 16 113
103 17 96
75 19 91
78 12 93
100 17 106
107 -7 76
96 -4 94
94 -17 80
104 3 91
85 16 110
102 16 91
82 7 92
106 -15 77
80 -6 94
91 15 101
71 -14 88
100 5 87
91 15 77
92 -14 109
105 -5 112
75 -6 78
98 6 79
107 10 74
80 -5 90
70 3 79
90 15 82
71 -18 89
82 17 74
80 16 95
99 11 105
107 22 76
89 -16 94
73 11 77
79 5 82
94 17 85
90 5 82
103 1 104
90 -16 105
75 -10 106
86 -10 94
90 13 91
81 14 110
69 -6 74
83 14 92
105 -9 90
97 -17 114
100 13 77
74 -18 80
103 19 101
97 16 84
95 -9 107
84 4 75
99 8 96
73 1 111
79 16 113
105 -10 88
102 1 103
69 -14 80
68 2 111
68 9 110
90 16 95
98 -11 85
94 14 102
98 12 83
95 16 113
103 -6 106
102 17 92
84 3 113
90 -17 90
98 13 79
81 -17 90
69 0 80
93 -7 94
92 20 79
75 0 85
75 -1 104
88 -11 97
67 -10 88
82 -4 101
95 -14 77
107 -13 94
71 2 114
96 18 89
79 -12 78
97 4 104
78 -9 100
74 5 84
106 1 87
80 21 96
68 -2 90
86 11 111
91 -13 114
79 -11 85
100 1 108
76 14 88
77 -12 87
107 22 76
91 14 94
77 -12 101
77 -5 83
92 -6 98
82 9 101
74 0 74
89 12 98
105 18 91
102 22 114
80 3 97
82 3 113
77 -13 81
72 16 102
95 -4 113
86 -1 83
86 -5 95
-13 7 69
2 19 95
-11 34 77
9 2 92
4 0 91
-9 31 84
10 1 68
1 -2 70
20 35 87
17 0 69
-4 21 60
-2 21 63
0 23 70
7 11 80
10 9 85
-11 -1 89
20 21 61
-19 33 96
-1 0 63
-2 -4 72
6 20 73
19 10 89
14 5 66
-7 2 71
-16 -1 61
-13 35 84
7 32 100
-13 8 90
9 -3 70
13 15 92
-10 14 62
-9 35 68
8 30 91
4 28 86
16 -4 87
-17 33 64
9 -3 81
-2 1 71
-9 12 66
-8 12 87
-12 36 69
-13 11 84
-10 -3 64
18 4 63
-16 0 76
8 13 93
19 -4 74
-10 -1 87
-6 -4 96
-10 5 73
-4 16 61
-11 32 63
6 36 87
-2 35 62
-19 27 99
-4 10 93
-17 33 97
15 13 83
9 3 82
11 5 89
16 35 80
16 -4 81
-6 8 68
14 36 68
-1 33 93
14 30 73
0 20 95
-14 1 78
3 18 63
-10 17 69
8 6 88
-19 31 97
13 7 61
-2 20 61
5 25 87
-12 13 73
13 22 90
19 16 100
16 7 92
-16 21 67
-10 14 80
12 14 95
3 23 72
13 8 67
2 31 69
4 5 75
5 34 93
-5 0 75
-13 25 96
4 4 72
-10 13 66
-1 32 78
-4 25 89
-7 -1 66
5 -1 62
1 5 64
17 31 93
4 36 70
-16 1 86
7 3 83
0 7 80
-6 2 78
-17 25 94
-11 25 63
14 16 96
-9 15 98
15 7 82
-19 33 100
14 32 72
3 21 96
16 1 77
-20 4 77
-12 1 92
-11 -1 95
-6 18 84
-19 10 99
9 30 79
-13 20 96
12 24 61
11 12 71
6 17 67
5 3 91
16 13 66
16 31 80
10 12 70
-15 22 95
-16 0 68
10 7 60
-12 10 84
17 19 87
7 24 70
-9 6 77
10 21 98
1 10 91
-14 34 98
-14 11 95
1 13 71
-19 29 96
0 35 79
-14 18 88
7 32 100
-9 34 62
2 21 63
0 7 71
-18 23 95
-17 3 87
16 4 85
7 19 67
-6 7 61
15 23 83
10 12 74
8 36 95
-10 0 94
11 33 78
-15 18 85
18 9 68
2 10 61
14 33 80
18 27 99
-18 5 92
-17 35 64
20 13 63
1 -2 73
-14 4 91
11 28 96
20 18 67
-1 26 69
18 33 78
15 -3 84
-3 28 79
0 -4 60
-8 1 88
-19 18 76
-18 24 61
-16 34 62
0 11 67
13 22 69
-19 7 88
14 7 93
-16 28 79
-6 16 60
2 -3 83
-13 18 79
19 13 100
12 22 63
-9 25 93
13 0 74
8 9 70
-10 26 85
-3 32 68
6 3 97
-3 10 76
-14 3 74
-19 4 78
6 6 91
18 16 62
1 20 90
14 23 64
-8 36 80
15 28 66
88 20 67
77 15 95
109 26 90
81 16 81
104 30 96
95 26 77
97 43 87
80 12 76
78 26 78
85 27 97
81 16 87
82 36 79
96 31 84
81 32 79
91 27 70
77 40 78
86 24 73
87 26 85
97 36 82
78 30 72
102 15 93
82 45 100
85 42 75
103 27 78
99 37 72
85 10 104
90 18 93
74 47 94
98 33 73
102 23 70
90 24 101
81 34 89
95 40 78
110 41 103
93 22 99
78 11 92
85 46 104
112 31 85
74 27 79
110 24 72
103 40 98
100 45 91
109 31 84
84 14 103
106 9 75
93 22 90
102 31 84
102 20 102
102 20 95
111 27 86
81 47 80
79 40 94
85 13 71
80 23 65
83 25 100
99 44 82
83 14 74
92 17 68
80 10 100
99 43 101
98 29 79
77 23 85
86 34 86
97 26 99
85 20 89
90 37 86
88 24 93
112 14 97
74 43 85
107 27 71
112 20 74
89 14 77
85 41 98
82 34 94
104 18 90
83 16 68
102 31 66
91 47 104
113 26 74
88 25 67
109 18 78
97 21 102
96 40 69
87 33 95
99 16 96
106 31 104
102 21 80
114 10 105
106 41 96
102 42 97
97 45 103
89 29 91
106 29 79
96 8 88
97 17 84
85 31 92
78 11 94
100 14 82
109 32 88
109 39 80
92 9 99
88 39 78
111 20 93
111 39 66
74 47 86
75 32 72
98 47 79
82 35 70
75 44 71
101 45 88
74 46 70
80 16 72
96 40 80
97 21 88
114 14 97
74 39 97
106 20 98
106 10 88
111 29 91
102 11 94
88 14 90
111 20 96
77 18 92
87 44 89
105 18 95
83 41 88
90 38 104
78 23 65
110 27 101
94 25 83
92 14 89
81 35 83
94 40 78
94 35 102
89 15 102
95 46 83
88 47 80
101 42 75
82 35 76
94 21 78
114 42 88
94 25 81
90 10 105
113 41 68
110 23 81
77 8 100
101 11 95
75 30 102
85 13 76
81 39 74
110 36 73
76 36 99
94 45 65
78 10 95
107 19 103
86 37 105
113 42 74
101 12 67
93 13 85
81 26 71
107 47 88
76 18 99
80 26 95
105 25 67
87 39 98
84 47 105
80 13 104
83 43 78
94 27 76
76 39 83
76 14 83
101 34 104
86 37 68
92 30 92
114 45 78
89 10 80
112 47 103
82 9 92
89 24 67
79 37 103
85 28 74
100 20 90
112 7 89
109 17 73
103 19 86
78 7 90
91 30 87
105 38 98
114 14 82
84 12 78
113 20 95
99 47 93
108 42 86
88 14 104
109 38 68
113 34 77
111 45 94
86 44 95
91 23 98
86 21 100
84 52 68
71 47 52
82 63 48
82 71 38
97 77 61
72 68 72
100 76 47
85 60 46
66 73 67
75 57 53
72 53 45
80 79 70
85 53 40
85 64 63
87 77 36
91 85 53
85 71 59
81 56 48
64 73 59
100 74 62
75 82 66
94 71 57
82 69 37
96 71 39
90 81 34
63 49 49
89 71 37
97 49 71
90 45 39
73 69 67
83 73 68
81 55 63
95 82 54
78 48 34
88 68 55
67 71 39
72 80 32
97 73 62
72 55 50
102 59 49
74 79 51
77 84 58
66 80 67
74 57 57
77 77 43
70 85 38
83 45 43
103 76 70
63 49 55
81 49 44
84 53 66
64 71 43
65 72 71
63 75 45
99 81 72
85 69 44
85 69 56
85 76 56
100 52 66
71 79 36
100 61 39
88 65 32
91 57 32
79 63 53
96 48 37
87 51 56
84 61 52
97 68 56
100 73 42
83 49 33
64 81 51
65 57 39
73 54 56
86 83 51
71 48 60
72 52 64
94 71 59
96 82 71
98 46 72
97 63 55
77 64 64
103 70 57
96 57 44
63 80 62
100 80 62
91 53 62
83 68 66
79 50 56
67 66 51
86 59 71
86 57 44
88 60 42
96 58 33
101 68 51
64 48 40
70 60 64
83 81 59
78 62 58
83 70 43
97 70 72
75 59 62
87 49 52
77 66 46
72 66 58
98 57 49
89 45 45
75 60 60
77 48 58
77 62 44
98 66 59
89 61 34
76 69 61
83 73 55
79 58 68
86 73 43
70 54 32
79 54 69
68 65 60
98 56 36
87 62 52
81 84 52
65 71 36
67 81 69
64 56 40
91 70 62
67 81 61
74 51 36
74 54 58
79 60 56
95 55 55
72 71 56
81 80 55
102 79 63
77 70 50
101 80 38
96 78 40
81 52 65
97 81 57
73 53 58
64 50 35
80 47 40
102 67 71
89 75 65
81 75 37
82 45 35
100 56 50
103 85 45
70 61 50
63 51 59
76 61 65
73 55 51
74 65 41
68 56 38
84 77 53
91 67 57
65 83 37
64 81 33
91 62 65
80 50 72
77 49 69
103 63 47
99 58 68
94 85 51
103 54 57
101 69 63
89 67 40
100 63 46
102 58 34
101 53 57
92 69 65
72 78 45
98 69 42
101 56 48
86 60 57
74 59 39
96 76 54
96 63 66
78 69 64
65 45 53
93 81 67
67 54 35
72 64 62
76 60 60
68 53 40
81 48 36
73 47 59
63 66 66
75 76 39
84 73 72
76 82 66
75 73 46
65 50 67
76 48 37
65 55 70
68 45 46
84 73 70
90 66 69
81 59 36
91 78 47
64 72 34
100 80 38
80 77 53
102 79 50
98 98 37
96 83 52
102 96 42
102 75 29
98 91 48
94 96 52
85 88 43
117 86 48
117 94 41
88 71 18
118 89 51
97 89 56
116 73 25
102 102 53
94 86 29
98 100 20
90 100 19
111 86 26
87 75 48
109 87 43
89 70 34
100 68 24
106 100 56
84 88 53
94 88 28
94 70 49
101 94 51
91 107 31
92 98 23
110 78 50
96 101 55
101 106 36
107 85 29
80 70 50
101 82 31
114 94 56
89 67 54
94 76 27
105 81 30
82 92 48
105 81 40
110 89 22
115 107 23
98 74 43
112 100 50
118 95 48
98 107 31
118 70 56
111 72 56
91 97 52
83 83 51
83 103 38
87 77 49
113 77 48
85 100 43
91 71 44
97 87 24
103 95 41
114 73 32
111 67 25
119 82 44
109 74 19
105 93 29
80 81 54
108 67 28
92 94 42
98 83 21
116 76 27
109 98 33
96 96 34
107 85 32
91 90 54
81 69 17
92 77 37
111 69 38
113 71 43
86 106 48
89 76 42
92 92 53
115 80 28
82 78 26
81 103 24
102 74 27
84 71 19
117 100 52
91 89 18
118 90 25
88 86 54
106 103 30
94 88 50
81 92 28
108 98 31
97 106 34
103 94 37
114 102 26
112 92 34
103 69 39
87 91 22
95 100 30
113 76 42
91 91 41
118 99 49
88 95 48
113 68 45
120 99 43
102 76 48
88 87 31
113 105 49
80 86 24
107 75 22
104 70 38
110 89 22
81 89 34
84 79 18
111 107 50
99 72 38
97 71 43
105 67 54
91 90 30
96 105 32
97 87 52
117 102 39
81 86 41
114 85 50
103 67 54
108 83 55
119 78 55
99 75 22
91 71 28
88 76 42
119 99 17
101 93 34
94 71 18
100 93 50
108 106 37
115 85 56
107 100 35
114 99 54
117 87 16
116 88 31
92 80 34
114 89 48
99 72 42
94 105 19
98 71 48
85 100 35
118 71 16
118 100 36
117 85 43
118 89 25
119 78 34
102 75 46
80 93 20
80 100 26
100 79 16
88 101 29
86 92 17
83 74 39
82 106 52
113 87 42
105 76 30
104 106 31
100 70 41
91 83 33
120 77 30
87 70 48
104 90 33
105 92 19
89 74 27
118 86 38
82 85 54
118 78 40
80 99 56
93 91 33
110 88 20
105 99 42
103 93 16
111 105 51
111 70 43
82 86 39
99 98 52
89 96 30
94 84 33
86 84 54
119 73 47
103 91 50
113 76 46
97 85 53
102 94 27
84 74 35
99 67 45
106 105 29
109 78 26
100 92 53
104 83 30
83 75 26
92 77 24
111 72 46
77 78 57
100 74 67
107 60 39
107 69 69
79 73 53
100 77 72
103 52 49
112 87 72
93 47 33
106 63 64
84 67 52
91 70 51
76 57 66
76 66 34
115 72 70
103 55 44
82 87 64
91 66 38
98 69 68
101 52 69
100 64 60
110 57 64
84 73 66
80 54 66
87 52 45
103 78 40
81 55 66
101 58 62
107 58 40
97 82 50
95 72 49
86 65 38
87 54 51
90 86 53
85 60 33
104 87 40
97 61 66
113 59 43
80 69 57
76 57 32
83 82 48
84 78 50
100 51 54
81 87 59
116 65 47
94 87 61
112 59 60
102 78 33
97 76 63
111 48 65
94 85 43
95 83 53
82 61 58
98 77 71
104 74 71
110 59 41
99 66 70
111 74 38
89 65 66
110 63 58
115 65 71
78 64 42
97 57 35
103 81 64
80 47 44
77 71 67
110 82 65
113 74 52
95 71 32
80 53 41
94 68 65
111 86 64
100 77 48
80 67 32
113 67 71
112 54 36
116 68 50
83 61 57
78 67 55
87 54 50
87 55 35
107 81 46
88 58 42
95 78 38
113 47 47
106 76 36
107 74 55
101 47 70
100 66 47
104 54 63
113 48 61
96 47 34
114 63 44
110 84 70
95 61 48
106 64 32
90 76 49
86 56 43
107 71 63
76 72 52
80 75 33
96 86 35
99 52 49
89 65 55
102 53 52
88 71 66
113 50 51
108 79 64
78 47 62
112 58 52
114 76 53
87 53 63
105 59 68
112 62 59
86 83 34
104 62 47
81 87 54
84 72 34
91 54 53
84 67 50
102 47 43
94 80 56
96 52 33
79 86 56
92 75 65
99 50 32
92 63 38
79 80 54
95 83 49
104 83 51
113 77 51
94 83 52
95 59 52
92 64 33
77 52 65
81 57 70
77 62 33
99 49 51
100 79 54
104 68 48
77 74 49
78 53 67
88 58 32
95 57 68
112 62 64
101 61 68
86 50 49
92 64 69
89 76 70
115 76 52
103 52 56
76 81 51
95 83 69
100 70 64
91 53 62
82 72 52
106 86 32
101 86 57
102 62 45
100 61 71
86 58 33
76 67 45
87 51 52
90 65 66
79 87 61
111 81 32
99 49 69
102 68 70
111 82 49
98 75 57
116 70 34
96 72 69
78 82 69
80 82 49
79 71 56
100 69 50
104 55 53
86 52 54
85 50 48
99 84 52
93 47 69
105 52 57
95 64 59
97 87 40
93 64 63
82 76 60
99 75 48
80 68 39
79 77 35
90 66 46
116 75 38
95 53 34
112 67 34
85 73 48
113 48 61
76 59 47
89 47 53
91 74 49
108 84 63
35 48 37
27 41 23
17 42 31
38 45 38
8 61 5
26 43 12
34 40 40
27 23 19
37 30 22
16 30 15
17 45 11
37 33 33
23 52 1
38 23 3
37 32 21
14 52 4
23 58 29
15 56 2
9 63 33
13 61 33
10 26 3
34 36 9
26 27 2
43 33 38
29 48 17
47 63 35
26 55 11
40 48 4
29 29 36
16 38 23
21 58 33
41 60 14
13 35 23
25 25 34
29 42 6
12 30 37
17 24 11
43 43 9
32 35 20
14 32 17
11 53 20
43 63 21
45 47 26
47 38 12
25 34 0
44 59 28
16 38 1
31 47 7
42 39 21
32 32 25
43 33 13
47 49 8
15 31 27
43 60 1
24 33 24
18 27 21
7 33 38
20 49 18
42 44 21
29 32 13
26 41 29
7 38 3
23 40 36
20 31 29
26 34 36
13 42 21
40 60 31
14 60 21
20 50 11
17 24 14
29 25 37
41 24 16
30 54 14
23 23 8
25 34 31
18 43 25
41 40 7
15 30 15
47 45 34
24 23 30
46 60 29
37 30 38
8 27 22
44 51 17
16 37 2
36 37 37
33 47 29
38 58 28
39 34 20
20 45 19
12 43 2
38 57 33
7 51 34
43 59 39
28 56 8
41 62 34
15 60 39
28 23 7
11 27 23
24 35 7
20 55 11
9 55 40
45 25 27
13 36 16
9 40 21
28 32 29
7 37 12
12 26 39
9 34 35
10 27 39
31 37 16
25 52 25
42 49 6
7 34 0
24 49 3
30 56 4
38 37 8
26 23 21
44 25 20
10 47 26
18 23 10
15 61 14
13 34 29
38 44 40
15 40 38
18 47 30
7 42 14
31 25 10
23 46 10
37 28 1
34 24 20
29 55 16
44 29 17
41 40 40
14 27 29
36 53 2
31 46 29
9 24 12
28 50 14
22 58 21
46 60 28
43 36 37
29 48 24
17 35 16
32 58 35
43 47 21
18 48 15
20 37 16
33 30 29
24 54 15
39 50 35
12 46 28
32 24 30
37 32 15
12 26 27
35 23 20
35 61 37
39 58 18
35 47 3
28 39 40
33 49 7
17 41 37
37 34 12
8 44 27
26 27 34
38 62 35
18 45 34
24 47 22
31 53 12
45 52 1
17 36 4
36 57 36
12 63 20
23 25 22
11 31 11
20 41 28
15 63 22
20 36 29
41 46 13
47 27 4
8 46 8
31 58 37
32 34 9
15 30 10
8 23 14
13 49 37
21 23 11
42 48 34
14 54 27
9 54 29
9 51 16
34 47 18
10 44 5
29 26 8
43 59 9
46 51 34
42 53 27
8 54 29
15 49 29
7 37 3
38 62 55
75 75 52
65 69 62
43 63 50
56 65 48
42 74 62
49 76 72
53 70 42
75 70 63
53 63 72
43 50 61
59 51 39
51 47 73
67 61 37
55 55 61
49 50 42
70 51 66
46 67 66
48 71 69
35 80 55
43 64 43
41 68 39
35 61 70
39 64 41
42 52 60
60 43 36
72 62 46
53 78 73
48 75 59
49 70 59
52 50 70
40 59 46
40 74 62
74 66 63
55 79 37
48 63 48
65 74 40
72 65 53
56 73 68
70 51 67
75 66 67
62 64 50
74 43 71
56 61 61
66 77 57
40 58 60
59 80 60
60 45 69
46 49 70
58 71 63
63 53 56
36 70 53
54 49 55
68 50 71
40 62 57
51 42 52
55 46 57
56 55 40
58 52 55
66 73 64
55 44 75
69 67 65
54 42 39
65 76 40
36 73 42
43 55 67
67 63 50
66 79 52
63 68 74
42 44 57
61 78 71
65 46 57
70 71 62
43 56 39
59 68 59
61 61 50
61 72 48
52 40 38
64 75 67
70 58 38
68 46 73
39 40 48
44 48 66
35 41 59
64 61 65
39 53 59
58 78 69
37 46 66
74 73 58
64 46 41
56 75 58
37 66 68
64 78 61
44 77 72
71 72 36
36 72 75
61 74 76
68 63 55
48 60 71
52 66 43
39 56 55
53 70 43
37 58 64
42 64 57
60 50 65
43 45 64
41 67 55
54 46 68
58 54 42
38 68 38
55 48 72
61 80 52
71 59 46
64 56 48
56 62 53
59 79 45
60 73 42
49 64 59
47 40 50
67 66 72
53 70 51
55 62 45
36 68 56
38 79 45
71 45 74
42 46 47
41 48 49
42 73 70
39 58 40
46 48 42
66 76 58
60 77 67
52 46 42
71 47 59
54 56 73
45 78 69
55 66 73
59 55 48
49 52 71
60 43 58
72 42 36
67 41 50
68 80 59
58 57 69
49 63 60
60 80 61
51 60 75
68 44 58
57 77 69
64 74 46
59 43 36
70 47 72
65 42 65
45 67 50
37 72 63
53 69 65
43 40 63
46 52 66
70 66 55
59 44 64
75 41 75
52 57 65
44 48 49
47 74 76
43 77 67
69 74 44
66 41 72
69 71 55
39 55 64
39 75 69
36 47 63
56 59 62
56 57 65
60 60 43
46 68 68
65 66 40
58 50 48
68 51 66
53 44 73
66 70 55
60 47 53
35 67 66
64 59 67
47 47 49
53 71 45
59 43 56
40 70 74
74 60 40
56 43 63
56 67 59
73 57 38
41 44 49
69 48 71
62 66 66
40 46 40
49 60 62
35 45 63
66 80 70
45 76 74
36 45 36
50 39 99
24 43 103
44 55 78
27 65 87
48 42 102
25 65 113
26 53 103
39 31 92
24 50 97
28 38 76
62 69 92
29 49 113
56 65 105
24 36 114
52 57 85
26 35 91
53 68 76
24 53 102
46 49 84
49 56 97
30 39 95
63 61 112
29 53 77
39 69 75
48 68 92
42 32 76
29 37 92
23 49 108
56 67 84
48 47 99
44 60 87
25 49 96
53 65 107
32 66 82
57 63 96
30 39 82
56 64 79
54 44 88
27 31 92
63 64 92
35 46 81
61 33 110
30 65 91
58 59 99
24 59 82
49 32 91
60 59 87
59 49 88
55 40 80
45 33 85
33 40 82
43 63 93
30 47 111
45 37 83
53 42 108
52 70 111
62 33 93
56 47 97
51 50 106
45 71 94
47 59 81
28 55 108
28 57 99
32 63 101
49 50 110
31 60 77
27 65 105
56 62 103
57 67 88
36 41 91
26 38 93
35 38 93
38 49 78
47 44 89
41 39 114
23 31 110
45 49 85
29 63 100
62 56 103
63 61 110
46 43 110
61 48 84
24 32 97
51 41 106
54 68 92
61 37 91
55 34 110
32 54 92
55 69 101
29 42 93
29 68 76
43 66 79
25 53 96
58 66 85
48 38 83
51 47 89
55 42 83
58 65 95
27 52 84
52 58 76
50 69 115
54 52 91
42 52 79
41 43 107
53 47 101
55 70 98
45 49 109
59 48 105
29 70 104
26 31 102
52 32 106
28 54 89
32 48 100
53 36 101
54 46 100
49 42 80
50 62 93
25 31 94
31 53 96
26 57 109
56 52 78
49 55 87
25 70 98
52 51 109
28 64 75
49 68 96
35 48 100
63 37 111
47 49 86
48 38 96
26 56 114
26 52 91
42 66 103
32 32 93
23 38 100
28 70 112
48 68 97
58 58 101
46 35 105
32 31 88
33 42 114
60 70 102
60 39 108
38 68 115
59 68 98
53 55 79
46 40 82
23 46 98
37 63 93
24 66 86
38 37 107
45 54 94
26 48 103
59 55 91
58 40 85
47 47 80
37 32 102
52 69 115
36 42 76
30 36 94
60 44 95
35 40 107
28 57 109
30 48 93
63 63 77
58 65 75
58 47 100
36 45 100
54 46 115
23 68 114
32 60 100
30 62 115
56 54 94
45 53 86
27 53 100
51 50 79
63 69 93
34 41 101
54 45 111
38 46 113
55 59 87
44 68 110
33 51 100
47 35 115
50 64 85
51 37 94
47 56 111
35 64 86
30 71 115
49 42 100
28 62 94
51 64 102
28 55 77
40 48 91
53 59 91
36 35 113
30 35 87
34 61 108
61 43 75
30 47 101
2 69 4
13 81 28
8 70 17
19 64 21
3 51 9
-2 59 20
28 64 -3
13 68 28
7 78 18
14 76 13
27 56 21
3 64 6
7 67 -2
10 46 14
14 51 13
12 80 31
-8 60 22
9 52 22
0 76 0
11 81 36
2 84 19
1 67 25
-3 58 2
10 85 32
4 48 12
-10 51 13
0 47 36
10 47 28
25 83 31
26 57 9
-4 81 2
11 67 34
-2 51 3
-5 76 35
25 47 6
-6 52 2
13 55 15
20 67 21
29 67 -3
27 62 15
11 66 7
16 69 4
8 55 24
-8 81 35
-4 79 19
26 86 17
0 73 29
12 47 5
-3 55 13
14 59 6
27 52 24
-6 64 36
-2 84 0
21 46 32
27 51 -2
30 53 18
26 55 2
26 65 -3
-8 63 11
-4 56 12
2 54 -2
-7 68 10
19 71 17
-3 65 11
10 83 21
28 76 16
16 62 7
9 64 2
10 69 31
21 52 6
18 71 21
24 65 12
10 66 33
-9 82 1
18 46 -2
12 64 31
12 64 11
-1 58 28
-3 74 19
-2 62 33
-6 74 13
11 58 32
-7 46 4
5 55 11
23 65 32
13 48 3
-9 81 9
5 48 9
17 84 19
10 63 2
12 72 28
20 71 10
14 55 11
14 49 21
28 51 35
-10 86 -3
6 86 28
27 65 7
18 70 -1
-1 48 -1
2 58 34
13 71 32
2 77 32
22 76 -3
23 51 26
10 56 30
4 84 11
19 46 5
20 52 13
30 79 36
26 75 5
23 58 29
29 59 13
18 53 18
11 47 35
-1 80 20
19 78 5
4 52 24
5 56 27
-2 55 26
29 62 7
3 53 0
12 75 16
1 71 13
-4 48 -1
14 46 10
19 51 28
20 83 13
-4 47 18
6 47 19
13 66 9
10 82 31
11 55 3
24 50 35
-3 80 18
10 79 7
-4 85 10
3 52 33
0 48 24
11 67 -1
11 46 -4
13 54 12
26 52 25
-5 75 10
27 69 26
16 47 35
27 74 23
12 53 32
5 74 -2
-7 52 17
3 57 4
20 61 32
23 76 11
-4 78 2
-1 69 15
1 80 9
8 49 14
7 65 28
26 80 19
20 59 -1
0 47 17
21 85 15
-3 54 36
12 86 35
24 65 7
-7 73 7
6 75 5
-3 52 26
21 66 8
15 46 10
10 46 21
6 64 15
3 56 15
5 84 9
26 67 13
22 46 14
30 86 23
20 59 18
21 58 8
3 81 29
-8 61 17
26 51 18
-9 48 25
18 85 -4
2 51 33
-9 57 10
2 56 17
-7 68 20
-1 54 17
22 55 25
25 47 25
25 75 34
4 76 23
29 66 32
0 47 13
5 75 18
24 47 16
10 55 6
0 83 28
22 82 14
42 15 27
47 17 23
38 -11 31
59 -3 11
56 10 -2
67 -12 28
76 2 29
42 12 10
65 7 10
77 16 13
47 -4 8
37 18 -7
57 21 -2
62 19 27
56 -6 -6
48 17 29
71 9 -3
71 -4 28
44 -2 1
69 7 31
37 -1 15
66 -7 4
69 8 22
64 19 18
60 7 13
56 14 -1
44 21 -5
70 17 31
65 -7 -5
46 -15 25
54 1 12
47 -17 9
41 7 28
47 3 1
50 -4 5
59 -12 19
70 -17 31
37 -14 3
55 13 33
49 23 32
77 -4 9
49 -7 4
39 -12 6
52 19 -5
43 17 15
68 -17 7
67 -1 33
48 -10 17
38 8 16
53 12 6
38 -8 -3
69 15 -5
63 -17 29
67 5 5
65 10 -1
56 8 -7
72 -11 10
70 18 11
68 -3 11
51 -12 14
76 -11 29
76 13 16
65 -10 26
47 16 14
49 14 26
68 1 9
40 8 28
57 -9 10
71 15 -2
65 18 10
52 11 33
54 14 -4
60 -6 7
69 19 6
51 1 11
40 17 31
43 -9 4
60 -10 23
42 1 30
64 3 1
53 16 -4
57 18 18
51 -9 3
54 -9 30
72 -6 4
47 8 -2
56 6 12
48 9 5
57 -13 -2
38 19 1
44 6 -5
74 -8 32
74 -1 10
39 3 24
44 23 3
63 -14 11
50 -11 22
45 -12 32
69 -10 8
46 16 0
48 9 5
62 -2 18
41 11 12
70 -12 18
67 23 21
62 7 -6
50 15 23
49 12 32
56 4 -7
70 18 24
47 -2 7
48 -5 24
61 3 -6
38 19 -6
49 20 11
42 0 29
43 -14 12
64 -10 10
74 23 26
57 2 9
45 -9 33
52 6 -3
46 2 24
58 -11 31
75 -5 11
51 4 16
61 -1 21
51 -11 -2
47 10 -5
46 -15 24
73 -2 -4
48 -11 -7
59 13 22
45 13 10
48 6 3
61 16 24
56 5 30
76 4 16
63 15 7
46 0 26
74 19 25
45 11 18
41 15 15
77 23 10
52 -8 0
45 -2 -2
59 19 26
69 1 13
66 -11 1
57 -17 15
73 -12 -1
60 19 -2
62 23 5
57 8 5
64 19 8
37 11 -5
39 21 19
61 -13 13
75 -11 -3
71 2 23
40 17 10
63 20 29
72 -17 27
42 -14 11
77 -2 22
70 -1 0
43 -10 5
66 0 11
44 7 22
68 2 27
75 4 33
66 -14 33
52 11 33
46 21 18
38 -16 4
67 -10 29
64 17 30
59 -1 12
63 -11 15
66 -17 25
62 9 16
54 -8 23
71 -8 3
39 -7 14
49 20 28
67 12 10
56 -9 4
47 -1 20
71 -7 19
44 -1 31
51 8 20
44 -7 18
47 18 7
63 -12 27
41 0 3
75 -11 10
65 -7 25
45 -5 30
65 3 3
53 0 26
-4 92 82
15 79 82
-2 102 81
20 101 91
13 91 81
20 98 96
21 87 60
21 89 61
8 86 71
11 83 60
12 72 56
17 96 93
27 82 95
19 98 92
22 94 94
-6 85 74
7 86 86
29 81 87
-11 98 82
-4 100 70
14 107 75
29 87 62
9 90 67
19 98 93
7 79 94
-7 80 87
24 109 78
7 105 81
26 96 85
28 73 59
25 97 77
10 80 83
14 97 85
14 102 80
7 83 69
-8 99 68
23 80 58
20 98 95
9 102 92
10 93 56
-7 102 79
-9 109 85
0 77 89
-6 72 65
-8 93 69
7 75 77
-10 74 70
11 70 62
11 75 80
23 74 90
6 105 71
-11 95 60
27 77 56
15 89 92
25 76 76
25 102 90
14 86 88
-2 79 73
-6 94 95
10 78 83
6 74 76
-11 77 86
24 97 92
27 94 89
-1 93 94
7 103 64
6 96 58
-7 69 79
-4 95 92
-2 96 91
-10 97 73
11 75 86
6 79 86
10 93 75
-8 69 66
13 94 87
5 99 84
-8 79 65
-5 104 84
13 80 95
2 103 61
-8 85 89
15 99 86
10 108 68
13 93 66
27 79 67
14 69 61
11 94 82
13 108 67
24 72 84
27 84 76
14 103 96
-7 77 83
13 82 81
-3 90 57
-2 91 86
22 89 78
-9 86 88
-11 93 79
-6 105 67
29 76 78
-1 71 61
18 96 90
20 102 73
9 104 56
15 99 84
11 72 88
5 75 91
14 72 68
-7 89 81
-10 109 90
23 91 66
8 83 80
17 109 80
10 104 89
26 101 66
14 96 66
18 102 74
-6 78 87
26 82 68
21 69 95
-8 80 59
14 71 95
-6 103 96
3 80 67
26 78 81
3 102 79
-11 75 90
26 89 57
-1 80 75
-7 105 87
19 98 82
-1 91 77
9 86 70
23 71 93
20 72 65
3 100 64
15 90 96
9 69 81
-1 84 77
6 107 84
8 99 72
25 95 84
-5 89 83
13 79 59
-5 84 61
-10 90 78
2 75 61
29 76 66
-6 109 74
-1 84 73
28 85 77
18 90 96
0 98 85
17 85 65
25 87 91
-5 92 68
16 109 72
7 103 81
19 92 61
-5 89 89
22 99 80
1 75 82
2 98 62
19 96 81
26 69 57
27 71 61
29 104 75
27 89 64
28 91 89
-9 102 78
-1 71 60
-3 86 67
21 101 63
21 99 94
-8 97 74
11 80 59
-10 93 77
-4 102 56
12 84 71
5 97 71
10 81 82
-3 88 65
-7 102 63
27 107 94
17 87 85
-5 102 62
-5 73 60
13 86 59
15 89 66
-9 88 61
12 80 94
1 71 58
20 74 60
22 82 85
7 105 69
-2 99 64
19 85 88
14 96 69
25 75 68
49 74 48
23 41 67
43 62 82
58 42 71
49 57 51
59 58 66
55 52 79
61 37 66
61 54 68
43 37 83
50 70 55
30 70 80
38 69 55
59 46 80
54 41 82
23 55 52
23 59 49
59 42 76
23 65 67
37 40 57
39 61 67
33 61 84
43 68 62
26 56 65
40 48 53
31 76 61
55 74 61
28 52 80
52 75 68
46 57 55
29 68 59
53 43 79
60 38 72
41 47 61
33 53 55
41 42 87
25 54 57
45 41 53
40 72 74
25 47 67
36 57 68
52 39 80
52 57 70
56 41 57
24 37 83
23 52 64
42 54 50
49 74 53
45 58 67
33 46 64
59 48 52
60 74 55
61 57 52
53 48 69
46 76 73
61 67 82
51 72 68
30 53 51
50 68 69
41 39 58
42 49 67
60 72 83
42 52 69
51 50 60
27 65 66
35 45 48
28 57 56
38 44 52
43 70 85
25 52 55
52 71 47
47 76 86
23 41 58
46 53 78
52 63 54
26 73 85
30 43 79
60 41 55
42 45 56
36 53 50
43 59 50
43 67 75
41 76 56
33 65 69
60 75 61
60 45 59
56 44 50
41 74 62
49 40 87
52 65 54
58 47 61
34 40 83
38 37 80
57 62 80
35 71 54
37 53 64
47 73 84
27 50 50
39 70 49
28 47 87
54 62 74
34 76 56
57 45 50
55 74 49
54 40 71
54 52 75
53 55 83
53 54 74
39 68 79
24 42 66
59 75 73
47 56 64
50 44 48
43 43 73
60 41 50
24 67 78
58 45 64
52 63 61
52 73 72
35 48 55
23 76 52
36 43 51
53 50 76
35 59 78
43 41 79
61 52 50
44 74 52
37 41 58
23 53 55
26 77 62
42 72 54
32 65 63
38 70 62
26 56 76
50 71 59
24 73 70
41 59 71
50 42 83
26 40 57
63 63 69
32 65 48
56 71 83
55 38 79
45 62 60
62 67 77
59 66 68
60 59 52
43 45 75
57 75 69
60 66 68
36 57 66
51 68 60
36 68 66
26 61 66
50 43 77
33 57 71
54 61 71
56 39 76
48 55 67
50 71 61
24 57 79
55 51 74
42 56 67
40 46 66
36 45 54
50 46 48
56 64 80
55 46 55
38 69 52
41 68 59
53 61 62
41 52 81
51 62 54
52 39 61
63 48 56
43 57 81
52 56 81
50 62 85
27 53 72
27 43 80
37 43 86
61 75 66
48 37 60
47 73 66
44 54 87
33 47 66
47 61 57
52 73 82
29 69 63
52 38 57
35 48 62
61 68 58
41 55 65
23 76 61
34 54 54
29 55 78
60 38 79
55 46 64
36 52 56
53 45 69
21 59 98
33 51 91
14 42 83
43 46 109
24 43 90
36 45 93
27 40 109
19 43 117
29 40 79
17 72 118
39 51 110
30 61 118
16 40 96
31 58 101
18 64 112
23 59 111
43 55 84
27 65 81
5 56 79
31 44 84
29 61 92
35 46 86
40 49 111
25 52 114
7 47 116
33 43 94
36 47 106
26 70 89
3 63 110
32 49 94
18 72 98
13 62 84
37 69 114
24 49 100
19 47 109
3 56 104
14 61 80
40 63 93
38 45 89
41 67 83
11 76 86
13 74 95
26 50 96
23 70 101
33 64 113
24 71 86
20 74 88
14 58 96
35 41 113
29 68 116
4 62 81
31 60 115
27 70 95
35 45 87
17 42 105
26 66 116
38 68 108
38 64 85
8 67 83
35 73 86
37 54 88
23 53 97
41 43 107
10 43 108
42 64 110
4 53 93
42 65 101
43 38 103
26 74 87
14 66 118
3 58 108
13 57 108
16 48 102
36 57 91
7 47 111
20 55 80
4 74 90
10 71 88
38 64 96
39 77 88
24 69 103
30 54 83
8 60 114
41 71 86
19 41 107
27 40 101
3 60 104
34 55 113
19 48 86
9 43 99
32 52 106
28 41 107
10 58 114
26 39 103
12 38 106
35 66 80
22 70 98
8 71 99
5 44 114
41 72 107
31 57 86
30 49 92
18 68 88
12 58 102
38 49 82
42 45 91
4 62 116
43 75 117
26 63 82
33 62 87
14 39 89
6 60 80
25 44 113
38 55 95
27 76 115
13 54 110
11 62 104
23 52 87
34 49 79
9 44 115
40 39 112
39 50 98
10 70 93
7 38 83
16 50 113
16 56 95
37 55 83
26 39 95
22 59 115
24 41 98
32 67 88
12 40 91
43 60 88
4 72 88
24 49 100
6 61 87
23 49 84
9 61 108
11 68 84
8 45 86
3 56 118
4 76 92
19 37 115
31 63 98
38 47 90
31 76 95
28 41 102
36 65 90
38 56 110
24 42 96
6 67 113
23 64 94
10 48 109
33 63 92
39 72 85
12 68 90
22 58 107
27 72 112
25 40 110
31 76 101
26 48 78
17 59 83
24 70 87
12 40 90
10 70 107
40 39 108
39 47 100
26 50 114
16 62 111
38 71 95
29 63 92
14 58 87
36 52 114
28 46 80
43 48 106
26 71 78
42 52 96
38 44 107
14 72 107
18 49 94
41 77 79
7 64 117
33 64 116
18 70 80
12 58 113
40 58 118
28 75 80
9 66 100
13 74 104
43 43 90
32 62 80
40 41 95
18 64 107
34 60 95
7 68 84
26 66 104
34 50 106
17 38 79
19 69 102
20 52 96
32 35 65
5 31 49
6 62 49
33 42 73
-3 32 63
14 57 57
4 49 68
0 36 48
17 66 69
24 56 78
36 41 53
20 30 86
18 40 47
25 33 75
24 33 78
28 67 49
35 29 68
16 60 83
24 31 51
24 49 80
0 40 67
15 31 50
1 63 60
20 34 66
15 28 64
-2 52 75
3 46 63
14 54 70
11 49 64
24 33 74
35 41 55
15 46 83
31 64 78
32 27 68
6 65 78
-2 42 87
7 41 65
32 63 58
7 35 51
35 56 76
37 32 83
10 38 47
6 53 62
2 28 54
2 46 56
30 59 57
12 51 67
20 55 50
-1 60 79
7 42 47
17 40 68
6 66 52
5 41 70
34 49 53
11 28 66
16 28 65
0 36 58
13 62 74
29 27 55
-1 57 81
34 66 58
29 45 71
20 44 65
-1 36 71
36 58 77
25 35 77
19 58 76
31 65 60
29 60 48
9 36 85
-3 49 68
11 60 51
6 56 75
0 64 51
22 34 52
12 49 84
7 36 60
-1 36 54
-1 48 84
24 52 63
6 27 47
16 27 74
36 42 69
30 30 55
24 64 75
24 38 69
30 46 70
20 59 48
19 36 79
19 52 47
0 63 80
34 65 84
-2 57 81
0 40 87
26 66 85
33 40 75
28 49 81
26 37 79
12 67 68
33 27 48
15 62 56
1 37 57
-2 67 71
4 45 77
5 52 61
3 52 72
8 33 54
-2 49 81
-2 62 49
23 33 70
29 64 81
-2 46 72
35 27 55
2 31 50
11 35 55
25 49 82
26 49 68
6 28 66
31 65 85
30 63 72
34 41 56
17 33 82
35 35 51
21 46 87
28 38 61
0 51 86
30 64 49
33 39 78
0 32 62
25 54 51
2 54 64
35 35 85
-2 40 73
2 50 55
28 35 71
23 45 74
28 49 85
7 45 84
21 46 57
19 67 59
32 62 72
8 27 52
37 47 72
28 56 55
27 53 58
3 63 67
3 58 81
6 66 61
20 37 65
25 59 69
22 47 82
8 36 77
15 39 80
35 33 55
35 63 75
31 40 79
2 39 84
2 66 48
0 62 57
11 43 83
15 31 87
34 39 68
35 65 81
-2 49 59
20 31 62
34 46 58
10 41 83
2 52 73
17 62 62
11 40 84
19 31 71
15 61 81
26 51 87
16 60 71
27 46 67
19 45 54
-3 67 79
31 66 83
17 59 48
23 44 74
26 64 70
5 61 55
5 56 63
0 36 49
11 46 55
2 37 68
12 49 62
20 62 58
15 31 67
31 27 80
9 38 87
2 59 62
23 60 56
12 37 65
26 46 55
37 30 76
19 43 64
36 40 78
33 65 75
28 65 75
89 60 77
62 53 51
96 33 78
64 32 59
62 37 89
63 31 53
73 56 59
94 25 60
64 33 80
96 25 67
65 28 73
83 57 53
83 54 70
86 49 55
96 38 75
100 46 89
101 28 51
86 40 80
101 57 89
88 62 57
78 62 52
79 54 68
84 51 59
74 46 70
90 26 67
87 40 84
79 58 60
71 39 80
87 39 63
67 48 82
78 45 57
87 59 66
78 56 83
76 59 77
85 48 85
75 62 61
81 25 75
89 58 58
97 53 68
78 62 67
77 50 88
74 25 88
91 26 79
76 37 54
96 30 58
64 30 90
71 60 60
69 24 69
74 22 88
77 62 75
91 39 78
95 58 79
92 51 63
77 62 60
64 30 54
95 30 90
86 48 85
85 51 64
63 52 58
62 45 59
79 36 66
90 51 83
74 46 56
94 45 57
70 54 57
69 45 80
101 47 60
83 44 83
100 23 59
94 23 86
67 54 89
76 39 59
88 53 75
67 31 64
85 50 71
85 27 51
68 57 57
96 47 82
67 49 74
71 39 63
74 58 86
79 52 53
70 37 59
82 61 91
83 31 57
99 41 62
73 43 56
79 25 70
89 23 72
77 38 59
87 47 89
63 32 90
92 46 90
64 33 67
100 34 57
95 38 68
66 57 79
61 60 69
93 31 86
84 35 57
97 56 74
95 61 72
63 22 87
63 27 65
90 58 89
95 26 53
87 26 90
89 60 64
70 58 54
73 27 82
96 44 84
72 58 74
69 60 63
83 44 70
86 42 70
63 40 64
94 47 68
79 43 62
64 25 66
69 57 67
78 44 74
98 37 74
100 30 77
65 39 86
61 43 73
68 56 54
61 42 77
98 40 85
78 43 64
88 37 76
94 29 83
77 39 71
75 42 67
80 39 80
95 28 65
82 38 52
88 22 89
75 38 66
74 57 73
79 44 81
86 25 69
69 34 74
92 50 62
90 34 79
72 31 66
101 54 70
92 24 67
80 47 91
99 45 82
74 29 78
96 28 85
87 36 89
90 48 90
63 27 72
65 45 63
82 49 53
75 22 51
65 61 74
95 36 69
80 32 55
72 60 51
91 54 60
78 32 80
80 44 56
98 33 61
69 31 67
94 39 71
74 51 58
80 30 63
89 62 51
78 51 75
72 29 80
79 49 52
65 40 84
85 38 80
89 35 61
81 56 89
73 34 76
84 30 60
95 49 57
80 40 65
94 50 77
92 46 60
65 48 86
78 45 74
62 29 81
72 43 56
97 42 67
63 36 66
82 46 65
86 44 69
67 53 65
84 23 71
75 36 52
89 58 52
74 57 86
70 40 61
79 59 67
80 34 62
74 25 67
50 97 41
15 59 42
24 85 49
45 85 40
45 97 39
50 64 55
22 97 29
45 58 36
49 57 26
35 57 36
21 69 29
17 80 26
16 89 28
33 65 21
22 91 19
17 61 40
21 67 48
38 69 36
22 85 43
50 90 46
23 87 40
32 84 20
26 97 29
16 80 54
19 74 56
29 87 53
47 72 37
26 71 16
21 85 20
33 84 50
16 79 22
17 86 39
25 89 38
49 95 30
50 63 22
14 67 48
43 63 22
17 87 47
12 70 35
28 63 47
28 72 20
50 76 36
45 67 38
46 80 51
17 57 35
42 92 21
31 79 16
52 91 42
49 91 17
36 96 54
35 60 29
19 79 16
26 58 27
23 74 33
37 84 47
42 77 42
41 79 45
31 89 44
38 69 20
32 70 22
18 93 37
26 68 46
25 86 17
39 95 26
36 88 26
20 63 25
21 60 48
40 68 53
30 83 30
15 93 17
34 83 50
40 80 23
13 94 21
28 59 30
13 88 50
19 88 45
38 81 49
28 75 44
17 97 34
43 85 22
32 81 24
47 75 46
17 85 54
45 80 56
16 58 22
26 60 27
19 66 50
23 62 49
49 69 47
21 76 38
43 81 24
33 86 32
45 58 36
33 89 28
48 94 16
32 66 21
16 59 39
18 96 45
14 87 30
40 71 38
51 94 55
40 59 40
24 57 35
40 95 19
17 80 26
44 92 24
26 69 33
18 80 25
32 83 41
39 59 27
43 71 29
15 88 26
48 71 20
15 69 28
40 93 39
44 60 32
16 75 56
35 81 43
39 66 46
29 57 18
50 71 25
44 76 47
29 75 30
51 64 18
15 84 53
48 75 32
48 67 52
32 57 56
35 83 29
25 87 43
42 85 50
46 84 42
26 94 46
50 77 21
40 58 25
40 97 38
26 57 43
49 95 31
31 61 54
31 80 39
34 95 33
31 73 29
12 87 25
51 59 29
49 76 24
21 97 40
52 75 39
23 86 48
22 74 41
36 84 37
13 96 54
22 70 42
22 90 49
25 79 29
49 75 23
48 83 48
26 87 40
48 87 42
48 63 21
21 89 56
18 96 30
12 68 19
38 94 43
43 59 47
32 85 40
17 75 50
18 57 22
36 89 44
40 94 19
34 95 38
49 93 37
28 57 26
13 71 22
40 80 17
26 96 24
51 86 55
37 65 23
14 91 36
39 60 56
20 85 29
46 88 45
49 78 22
38 64 34
28 71 50
29 65 42
12 73 48
42 70 22
14 74 52
37 79 34
24 63 22
41 57 52
51 93 24
16 65 44
31 65 33
30 69 50
14 80 42
28 77 48
52 92 49
28 65 22
44 75 24
