34 32 35
50 27 36
49 11 64
39 25 51
53 12 66
36 6 45
49 39 57
32 1 46
35 17 34
24 0 41
26 4 48
26 16 53
34 26 54
29 25 38
47 28 44
26 17 39
36 1 66
53 22 50
38 29 33
16 16 61
31 34 70
48 17 56
19 30 64
41 6 42
26 22 54
23 32 70
31 39 40
54 14 52
37 19 59
30 27 51
16 31 68
50 30 63
24 4 33
39 14 38
18 35 32
16 9 37
40 16 51
40 15 41
16 15 72
33 29 48
35 13 36
38 21 61
33 15 65
51 34 53
39 -1 52
42 15 55
33 26 69
41 5 38
33 35 65
39 36 41
18 5 70
53 19 46
55 26 43
40 25 40
31 5 70
53 19 63
49 26 37
55 5 36
30 37 37
28 22 70
19 37 49
43 34 41
18 31 50
20 16 40
34 7 50
46 39 33
52 13 33
48 26 64
38 4 32
23 9 50
35 4 42
35 23 51
44 39 44
50 0 61
35 8 72
29 1 70
25 12 37
41 6 32
47 12 61
51 7 51
32 39 42
32 28 61
48 4 35
33 38 41
38 12 66
49 38 53
25 18 33
27 26 35
37 33 71
28 39 61
50 26 45
32 37 44
34 4 53
42 4 72
30 22 39
52 35 49
47 18 39
39 18 46
18 18 49
26 33 62
45 29 58
27 5 59
41 19 48
35 39 53
49 37 43
15 2 69
25 9 37
47 38 69
50 10 42
26 17 69
19 0 42
28 29 53
15 10 40
50 12 62
15 17 48
34 25 58
34 6 34
39 12 45
52 21 65
17 24 40
43 0 57
16 17 37
35 25 64
40 30 67
40 6 52
35 26 49
30 22 57
53 4 50
27 13 40
22 37 57
36 27 68
35 23 33
52 19 38
52 -1 38
52 12 37
46 28 46
52 22 69
22 2 40
32 3 66
38 17 46
26 7 39
52 1 45
25 39 37
20 -1 62
43 22 36
24 11 50
48 32 32
23 24 34
47 5 66
36 5 44
36 29 69
34 10 69
47 19 61
43 39 51
22 30 35
43 28 39
46 20 62
51 18 60
26 12 64
45 26 64
22 3 58
26 38 45
24 29 69
45 35 63
33 15 46
42 34 64
41 5 38
28 19 43
53 37 60
18 38 43
29 -1 56
43 8 42
31 29 60
15 23 67
54 25 49
44 5 45
36 1 53
33 15 43
15 35 45
43 36 44
44 -1 41
50 12 63
48 23 52
51 1 33
30 0 34
39 14 57
32 29 65
28 15 32
28 21 47
32 28 64
34 25 34
38 39 37
24 35 34
29 25 54
24 29 50
16 32 50
33 28 62
55 18 66
24 3 52
31 2 49
55 38 41
45 23 50
50 24 53
33 36 53
24 24 68
27 35 71
18 30 71
49 14 66
48 9 71
30 7 67
17 16 62
20 13 38
54 2 47
19 1 62
29 38 40
54 23 41
46 36 56
29 5 44
15 7 35
52 36 46
19 20 49
15 31 70
26 27 32
43 17 62
31 27 60
47 10 57
54 37 45
15 25 58
30 34 60
34 25 58
43 29 33
28 27 68
52 34 53
20 32 58
53 28 71
25 24 58
19 5 71
55 23 70
35 33 64
30 20 47
28 13 68
34 7 58
22 6 44
20 14 48
54 17 58
55 -1 61
51 2 33
54 26 46
52 17 46
33 7 67
5 76 17
21 77 35
-4 62 36
-9 94 25
-10 84 14
28 93 24
25 87 25
28 83 27
0 79 16
-8 84 1
19 63 21
-11 97 38
11 68 19
-11 65 23
11 95 2
-1 77 11
0 61 26
-2 86 9
28 78 40
-2 59 8
25 76 22
-10 66 14
-5 73 37
9 88 40
-5 78 15
22 79 33
17 71 29
8 63 12
15 73 34
10 63 19
14 62 11
12 98 8
14 61 8
-8 72 1
22 76 17
1 75 14
11 87 11
3 90 11
25 88 40
10 64 22
-5 86 7
12 68 37
24 80 12
18 63 2
-6 75 12
6 68 29
8 58 5
16 87 37
25 94 23
14 79 1
14 62 24
12 76 5
-11 93 28
2 73 37
16 76 4
16 68 4
15 65 27
25 83 11
-1 96 31
15 68 30
-8 85 40
2 94 26
-7 94 28
10 93 5
16 91 11
-11 87 31
-11 96 9
-4 75 35
22 93 23
4 88 39
0 60 34
12 96 3
16 74 33
2 82 33
-2 80 11
-10 90 14
5 74 7
-6 92 39
20 65 38
2 71 17
16 91 8
17 67 31
25 71 41
-8 73 8
-4 84 33
26 81 41
-4 83 37
13 91 30
11 77 37
16 87 3
11 61 6
26 60 11
-3 64 21
17 79 1
19 59 27
26 98 35
-4 72 41
-2 60 36
24 59 19
-2 77 35
25 67 13
19 88 8
-3 68 10
-10 64 27
6 88 16
-11 96 41
9 93 30
0 85 19
-10 68 37
3 61 23
3 94 7
-10 95 40
-1 65 31
26 67 34
18 83 8
-2 62 15
-4 87 16
11 81 2
5 83 14
-9 85 25
23 78 2
26 66 3
13 60 33
5 96 21
9 58 18
27 96 11
0 74 28
11 86 23
0 59 12
27 76 19
21 77 10
26 87 18
3 92 7
22 62 11
4 80 18
22 71 26
8 82 37
20 75 40
1 66 23
17 84 36
25 76 25
24 84 15
25 81 39
12 89 5
17 80 18
-1 82 12
-3 88 5
4 86 21
28 73 11
-3 80 32
14 91 19
9 95 4
24 60 16
-3 76 33
-4 80 2
3 83 38
13 78 19
-6 65 2
18 81 28
22 98 5
10 65 22
-12 68 8
3 70 34
-12 91 41
3 61 32
28 66 37
5 64 15
5 78 34
-7 58 23
-5 94 21
5 96 8
-2 77 28
10 78 33
10 90 6
-1 84 11
-10 85 28
7 59 24
26 90 35
18 97 19
-8 94 19
-6 87 33
19 94 29
-5 67 5
-1 58 13
-7 71 32
22 59 18
7 59 8
-10 87 33
-11 65 36
12 90 36
-6 77 26
28 77 19
26 73 7
-8 79 27
-5 62 9
12 65 9
-10 62 23
24 73 8
6 88 11
10 58 24
2 85 26
23 80 16
13 67 8
-3 94 28
-10 79 13
-11 84 23
-11 60 41
-12 85 32
8 60 19
25 70 33
0 75 40
11 93 21
3 62 29
-7 71 15
-6 71 35
7 97 39
4 64 37
18 82 37
16 85 12
1 67 5
-10 95 27
-4 68 10
-4 79 33
13 83 18
28 58 29
10 89 28
-6 86 13
23 88 34
-4 58 24
10 64 9
15 81 19
21 95 16
19 87 39
27 82 29
23 60 12
-6 88 9
-1 61 13
28 98 39
17 88 27
5 94 32
1 83 22
-3 70 7
-11 87 33
12 58 39
0 82 6
25 76 15
12 72 16
10 91 21
1 60 8
-12 98 12
26 52 -1
29 58 -14
-1 60 -16
12 47 19
30 68 5
3 49 13
31 41 22
3 56 -5
31 63 -9
24 65 5
29 64 7
4 62 15
22 67 2
4 70 -8
36 49 17
36 68 0
22 67 11
-1 40 17
1 36 13
10 50 -9
37 58 6
11 34 -13
-3 54 2
35 70 -6
9 52 18
-1 57 -14
21 51 4
9 50 -4
-2 55 14
33 62 -12
10 53 -10
7 43 11
22 62 14
34 40 -3
0 62 -16
15 33 10
-2 52 -9
35 63 -3
37 71 2
4 37 -12
3 67 -9
-2 33 -3
9 62 24
24 64 -3
27 58 19
30 71 10
5 36 3
16 56 16
25 33 2
24 49 -13
27 65 0
34 42 -3
1 34 10
26 68 10
13 67 -9
8 42 21
-3 48 14
29 41 23
10 48 16
36 36 19
11 68 -6
1 44 14
13 55 3
32 70 19
27 61 1
9 71 21
20 51 8
27 51 -14
11 66 1
-2 34 1
0 69 0
3 49 18
1 33 19
22 54 -8
7 43 -4
23 67 -14
29 38 -2
23 51 -7
9 50 -4
30 33 -10
28 47 3
25 67 1
-2 41 4
-3 66 23
28 66 0
33 42 2
12 70 -8
9 63 -10
33 42 22
15 43 -6
28 45 -10
12 67 -3
9 40 0
3 69 0
35 41 -16
27 69 -3
24 35 -9
19 50 -12
13 54 -14
28 58 16
-1 32 24
32 62 24
20 48 -3
30 45 -9
29 46 -11
12 43 -15
7 33 12
5 64 18
17 44 15
2 35 20
13 38 3
4 50 -13
12 65 20
31 41 -10
8 51 -7
13 60 2
19 55 5
16 70 23
22 66 13
21 37 14
22 46 -12
25 66 17
36 32 -4
10 64 18
19 45 1
9 41 -5
10 35 21
10 69 -16
29 51 0
24 34 -12
12 41 -2
37 53 1
1 54 12
16 43 23
20 58 -8
20 58 -16
4 61 8
10 49 20
22 70 6
17 71 -2
28 69 -15
7 51 -4
8 70 -15
37 52 1
24 39 0
16 71 -12
24 43 -8
14 69 16
2 63 11
25 44 -8
1 70 -11
33 71 -7
24 60 13
1 66 -14
33 48 11
12 44 -2
1 33 12
3 52 19
31 45 -9
14 34 24
22 31 8
15 59 1
23 49 11
3 70 -11
36 36 -15
5 47 -10
11 38 12
-2 57 2
36 41 13
29 40 9
7 47 -11
22 32 6
19 58 1
26 46 23
31 32 -15
13 68 15
25 37 -12
17 43 -2
34 57 -16
25 50 20
23 62 7
37 31 3
11 51 17
26 36 -16
17 47 17
32 44 11
3 67 6
10 68 -10
0 37 -12
27 61 21
25 38 -3
5 40 9
21 46 9
8 33 12
8 35 -2
24 61 2
0 37 -4
29 37 -14
-1 54 -11
15 34 -16
17 62 -10
10 60 -15
0 57 15
6 31 -15
2 58 0
22 55 6
1 53 -6
31 67 -6
6 69 -1
37 48 -16
20 47 23
22 36 -10
10 51 -16
10 33 -14
12 44 -3
22 71 13
-3 62 7
32 69 -10
19 64 -15
34 54 5
4 56 14
-2 68 11
1 65 19
19 48 5
26 52 -2
7 67 -3
31 61 1
27 35 19
2 71 14
37 62 -11
36 57 23
29 59 0
36 50 -14
30 47 -10
27 55 -8
20 44 3
1 63 20
35 63 8
1 66 -15
8 32 -5
27 49 -8
36 70 9
17 61 -13
12 70 13
6 45 13
22 48 21
21 48 -12
34 52 -11
13 44 -14
11 45 0
36 -8 96
47 22 78
66 24 74
61 4 101
67 21 66
44 27 74
42 25 79
69 24 95
63 12 62
58 8 63
60 -10 76
62 21 70
41 7 72
59 4 70
58 -1 94
47 -11 78
49 -12 91
53 3 78
54 26 75
57 16 94
61 20 79
57 3 80
49 18 64
48 -10 82
43 -11 79
67 13 91
40 10 67
69 -2 87
30 6 98
46 5 85
38 21 99
55 2 92
64 -1 101
54 25 85
41 18 94
61 25 86
46 2 90
32 -12 70
35 11 68
65 23 90
37 18 83
55 17 99
61 6 99
50 27 100
56 -4 71
37 11 79
68 15 78
57 15 97
67 -8 72
31 22 72
35 5 74
38 2 73
57 25 99
41 15 100
37 -5 97
35 1 68
61 -11 95
41 18 67
46 8 63
48 -2 88
31 20 82
65 2 62
40 8 86
32 1 89
68 17 75
39 -4 72
52 16 81
35 -2 77
54 6 76
48 -9 76
45 24 80
41 1 82
59 11 76
31 7 64
34 21 91
62 -13 63
33 -11 72
53 25 71
43 -8 83
50 3 81
62 5 85
51 4 63
65 14 74
46 -3 96
48 21 83
45 24 67
64 -11 91
36 3 88
42 11 93
41 16 86
51 -4 82
43 10 81
30 20 98
49 -3 80
50 6 65
58 -12 64
36 10 77
60 -1 72
64 4 80
56 6 67
68 -11 90
51 -1 80
59 3 95
32 -2 85
29 -13 97
37 14 83
48 -7 69
68 -1 98
57 25 93
44 -4 74
65 4 95
38 24 91
64 24 100
66 17 68
45 21 79
44 2 72
34 24 66
51 17 75
69 -13 73
54 16 91
60 20 92
60 -8 95
67 10 71
68 1 88
47 -6 70
58 24 81
38 5 85
51 -12 69
36 -4 87
49 17 71
46 6 75
36 10 73
59 -4 84
30 21 88
63 16 101
49 4 62
47 24 62
53 -7 95
40 7 89
56 25 85
56 13 68
39 23 89
39 0 70
59 -5 98
55 17 101
48 14 84
34 3 90
32 9 92
68 23 65
31 1 91
63 26 86
38 12 85
54 -7 98
46 8 81
38 -11 86
49 16 101
32 7 80
31 19 78
60 12 73
43 10 71
36 16 87
32 2 87
39 -13 100
46 -6 70
52 10 62
45 -3 75
56 2 84
60 -7 63
69 11 86
30 7 102
44 27 93
37 8 88
51 25 64
55 -7 94
63 27 75
49 -13 100
63 23 86
29 17 66
65 6 91
60 -6 83
58 20 100
67 22 76
54 -9 80
69 27 76
46 2 64
40 18 62
48 24 86
33 24 74
35 -2 71
62 -5 68
40 24 77
51 7 79
50 22 80
67 22 87
31 -4 92
55 -1 67
53 13 97
62 -6 80
29 -3 68
49 27 99
47 1 65
59 16 97
53 22 90
33 -8 72
41 2 100
42 -9 93
67 5 94
51 11 80
54 7 101
60 10 99
58 0 97
47 11 87
60 -7 95
55 0 68
50 2 81
45 7 73
35 -4 98
32 13 84
55 -12 62
50 2 96
64 20 87
55 -7 64
54 -4 74
64 6 69
41 2 78
39 17 73
37 5 67
45 -12 89
58 -1 100
62 -13 94
36 -2 67
61 1 101
31 -13 72
58 4 78
41 20 89
44 -12 102
42 3 70
38 -12 67
37 17 84
64 21 98
52 10 88
60 -11 64
48 -5 75
68 -10 80
49 -6 62
41 1 71
59 9 83
40 -1 86
59 9 84
41 -12 97
42 93 103
70 96 95
47 91 114
41 99 112
58 77 99
63 87 116
43 90 85
51 68 97
71 108 91
49 70 83
70 89 113
42 92 109
72 76 103
62 74 94
37 108 80
37 88 111
58 96 114
52 82 116
37 84 84
66 102 109
33 78 95
51 101 106
43 107 109
55 74 97
72 103 86
44 96 100
72 74 111
40 74 87
60 92 114
40 74 107
64 82 81
38 68 113
43 84 117
69 69 80
57 90 109
54 88 94
64 86 94
47 108 105
62 97 109
47 105 105
51 69 92
59 74 91
66 107 103
49 90 104
61 71 83
37 99 91
68 71 87
53 76 90
51 100 101
59 85 102
57 102 84
46 96 120
46 101 94
54 70 92
36 86 95
58 79 116
34 105 97
63 107 108
63 105 111
56 75 92
64 99 93
38 106 114
52 73 111
35 70 105
57 106 97
62 90 98
61 89 118
41 83 106
73 80 98
54 90 117
61 71 108
73 86 82
38 71 85
62 96 120
33 84 106
73 83 99
54 71 89
37 94 105
65 95 116
69 83 94
49 68 87
53 108 111
39 104 97
60 93 98
53 89 104
33 103 86
49 84 112
42 79 93
54 98 113
39 87 104
70 75 103
71 94 114
72 71 108
35 102 118
65 85 82
56 107 87
60 79 112
64 104 110
43 78 118
68 75 82
36 95 104
63 105 86
45 89 81
36 89 101
61 84 113
53 81 98
37 85 92
45 105 114
59 81 111
48 78 101
43 68 85
72 97 103
71 68 115
59 101 107
64 104 91
59 82 94
40 71 99
58 101 86
60 90 94
53 86 104
37 91 103
64 68 88
56 89 90
35 84 118
73 102 84
48 83 93
43 68 84
67 92 98
62 72 90
60 89 97
56 72 83
54 80 117
50 74 101
55 107 83
46 108 86
55 75 114
64 83 87
44 81 102
67 85 104
42 81 97
53 87 113
57 83 90
67 81 110
68 96 98
49 88 82
59 99 102
66 80 85
70 90 117
34 75 95
60 71 89
72 92 101
33 105 97
63 106 97
35 70 91
73 77 118
42 88 101
36 100 93
39 99 113
36 93 83
69 78 109
54 107 80
43 89 97
52 87 114
40 84 100
73 74 112
42 70 100
38 93 88
60 102 117
61 95 110
55 104 93
60 73 101
71 82 120
55 107 105
34 84 92
52 92 120
68 102 110
61 105 84
38 76 105
45 70 106
38 93 103
63 105 108
40 79 107
34 69 84
66 76 92
42 88 105
40 86 110
47 90 98
59 107 85
49 78 119
73 75 85
70 94 88
41 93 112
39 104 83
71 107 109
50 94 114
36 94 88
50 94 87
36 74 96
36 81 106
47 86 81
63 96 93
38 85 118
57 101 80
55 70 102
37 98 117
65 92 98
38 93 85
56 97 111
45 84 119
67 73 100
33 88 116
57 103 101
42 88 84
66 103 85
71 77 104
56 98 93
45 89 82
41 83 119
69 75 100
33 107 116
62 104 90
40 80 85
49 103 100
47 82 105
65 104 115
50 89 85
62 71 117
53 94 88
46 73 81
63 72 90
39 97 80
53 105 119
47 70 104
42 102 108
37 97 115
69 72 96
54 92 88
63 105 108
51 91 84
58 76 99
67 99 101
55 79 112
33 100 104
60 94 110
69 81 114
68 82 110
33 107 93
55 73 99
69 70 97
67 78 118
72 38 27
56 31 39
63 7 15
61 15 16
58 10 26
72 15 33
79 0 39
59 26 12
61 9 36
62 27 18
78 12 41
64 37 25
86 1 24
64 5 32
82 8 49
91 12 18
85 37 39
79 40 48
61 6 33
90 3 44
56 35 43
91 35 25
56 22 25
85 3 43
74 21 17
78 10 15
67 3 34
56 9 49
69 38 36
53 2 25
71 40 47
73 19 35
77 35 17
62 5 45
58 30 12
84 16 30
73 37 25
57 0 39
53 35 40
54 34 46
70 3 34
92 2 23
56 22 40
74 17 17
53 2 50
71 9 15
58 13 36
67 37 29
87 5 11
69 24 45
86 35 37
86 2 26
76 23 16
58 32 41
81 21 31
85 31 38
58 8 16
64 14 35
64 22 17
90 4 45
71 17 49
68 29 12
53 40 24
60 26 16
68 19 35
58 29 33
60 12 35
66 11 30
73 11 13
78 38 33
88 6 48
92 38 28
68 40 30
54 18 24
87 2 15
82 35 49
90 6 13
92 12 34
87 26 48
64 17 15
60 25 41
60 29 32
53 18 50
64 16 10
68 23 17
59 19 42
61 40 45
61 24 41
78 39 45
91 30 47
87 8 13
84 37 21
80 19 16
56 10 33
87 1 40
85 29 33
56 11 37
64 33 46
89 23 17
70 33 13
78 19 25
69 30 41
61 15 35
63 30 15
72 26 28
61 33 42
76 23 14
83 4 46
53 8 44
61 26 42
92 26 43
65 16 29
90 8 21
55 0 50
75 0 26
53 26 31
76 5 23
82 26 14
57 26 49
68 21 30
78 20 43
88 29 33
82 32 15
55 18 20
59 22 40
56 21 23
77 21 15
80 0 27
68 26 29
62 8 49
61 22 25
64 10 50
75 5 18
67 37 27
56 8 18
83 5 47
70 38 30
78 19 29
52 20 16
88 28 41
86 8 13
92 13 23
80 0 39
86 12 26
61 15 20
89 36 13
71 10 30
88 3 24
61 13 12
80 34 50
84 18 27
83 15 14
57 26 20
84 34 16
80 34 24
79 14 33
71 0 50
58 38 26
76 16 24
76 22 28
91 15 35
74 0 34
77 36 20
70 6 31
66 4 12
90 39 50
56 17 26
91 35 15
68 13 33
60 31 28
80 26 10
78 8 38
86 12 35
67 21 47
84 6 27
54 13 44
52 40 24
92 4 22
68 40 27
86 36 45
90 0 19
54 0 44
57 15 36
77 9 27
67 37 23
61 7 30
87 15 47
71 17 18
91 8 19
85 16 26
71 22 34
83 11 13
86 24 23
70 32 35
86 9 17
78 13 36
72 38 50
90 38 29
65 17 14
91 40 39
64 34 33
73 5 22
69 4 35
70 36 41
60 31 10
71 5 19
84 0 34
70 25 19
90 22 46
57 2 32
79 39 19
83 19 42
70 10 48
76 4 33
65 33 29
65 17 39
84 1 17
76 28 20
73 15 20
65 0 21
90 1 44
53 1 47
55 36 41
66 5 47
65 24 17
60 8 49
64 17 33
90 33 11
66 40 39
88 26 31
83 12 22
88 3 17
80 23 43
67 29 40
60 37 49
89 13 40
78 30 30
71 9 43
92 11 16
64 25 45
74 25 25
60 31 49
76 38 38
86 28 23
56 2 18
64 9 37
74 6 45
63 26 47
92 28 18
52 28 40
51 25 104
53 22 90
88 17 76
79 24 104
68 49 99
84 25 77
75 28 105
57 19 85
82 29 110
52 38 90
59 32 112
65 37 86
52 48 83
70 14 72
75 27 80
80 30 77
55 19 82
87 38 110
57 20 101
84 17 80
87 30 78
64 20 77
58 27 73
84 24 103
64 47 90
48 18 105
50 39 93
50 40 87
85 34 72
49 39 79
73 32 94
49 42 112
84 52 99
48 30 99
69 33 88
49 35 106
57 13 96
54 44 74
68 32 97
54 42 93
78 41 85
49 29 85
88 41 75
56 15 107
52 14 83
70 26 98
73 17 112
76 41 74
52 23 101
60 33 92
72 24 73
73 26 102
76 45 72
80 31 79
62 24 100
72 45 110
49 29 107
61 41 87
68 44 87
73 37 89
71 44 78
82 44 80
55 29 98
61 49 107
51 13 89
49 44 76
55 18 110
51 15 80
71 36 95
56 24 84
83 41 88
66 39 90
57 51 101
82 31 74
69 40 112
62 23 80
65 47 112
73 40 75
48 32 102
51 13 105
62 49 75
49 48 109
67 43 88
65 42 79
57 41 79
71 31 75
82 50 76
61 34 80
87 24 96
76 28 78
82 27 91
87 14 80
51 13 93
54 16 80
71 46 77
83 33 90
59 49 87
65 38 77
72 17 87
75 28 85
88 48 72
88 46 84
61 48 72
73 37 78
80 23 92
50 26 107
63 47 109
84 17 87
71 33 111
53 15 72
86 44 82
55 50 105
86 46 79
70 25 92
87 40 100
84 24 80
56 25 78
61 49 85
85 34 85
70 16 98
80 18 94
81 51 76
52 13 81
71 44 110
52 26 75
68 15 72
54 30 87
83 15 106
58 20 109
57 20 83
55 27 112
50 39 76
77 15 92
76 47 79
82 47 96
75 51 102
75 18 79
52 35 89
70 25 103
60 32 109
48 21 84
54 33 80
83 20 81
77 39 106
86 28 89
63 45 77
60 31 112
88 52 91
79 22 83
56 45 86
65 20 90
59 43 93
49 23 109
65 32 92
56 37 96
84 23 94
71 32 72
49 19 74
70 14 110
62 53 92
53 17 103
84 29 77
76 14 89
74 40 73
82 14 90
84 32 91
70 23 92
77 28 98
70 25 80
84 52 100
57 26 97
65 30 109
49 16 93
68 40 94
49 37 94
73 51 98
70 25 74
76 44 111
69 46 106
86 38 107
79 29 76
70 24 101
64 36 91
69 20 75
59 39 86
79 50 108
77 40 102
51 32 88
55 36 74
67 21 78
81 22 74
85 25 110
51 16 100
63 24 77
76 50 105
74 20 99
62 51 83
79 22 86
86 35 101
75 28 72
84 34 85
67 38 98
57 51 82
62 53 109
73 13 81
87 22 74
66 30 110
84 16 107
56 49 105
69 50 74
66 38 111
68 37 74
77 46 96
52 51 73
56 36 91
61 14 105
71 42 109
82 42 104
67 36 108
55 18 74
50 17 108
50 27 78
88 19 76
57 18 82
84 50 88
73 28 108
48 53 85
72 19 72
52 52 106
74 35 101
75 48 87
49 41 80
63 52 93
71 51 81
75 29 81
71 17 94
63 53 73
71 13 100
82 21 103
48 49 75
85 19 104
77 14 87
87 22 75
83 47 106
55 30 97
65 16 84
53 44 102
65 40 92
48 36 104
58 46 80
111 -15 60
79 11 80
94 7 64
94 11 81
83 1 45
84 2 46
81 8 56
80 8 48
73 -6 78
85 18 48
107 -13 46
107 -9 62
81 4 57
98 13 45
100 -9 59
73 15 85
78 -9 48
84 -14 66
72 -10 72
84 16 52
108 4 65
105 21 67
74 14 84
82 -11 52
84 18 79
105 11 81
77 -9 76
102 7 58
87 11 83
96 17 53
74 21 81
90 8 83
73 14 64
83 13 73
81 -16 59
112 -5 77
77 -7 49
109 -4 50
93 -2 76
86 23 46
96 13 61
74 14 79
77 6 81
90 -6 82
85 8 60
97 0 45
89 7 65
76 21 54
73 17 49
104 15 62
72 -10 63
72 14 59
82 17 73
96 23 80
74 7 51
97 -15 75
106 23 79
74 13 56
100 -12 76
72 -2 46
106 -17 71
79 14 74
97 -16 67
104 -6 55
109 14 76
73 22 64
90 14 84
100 11 58
99 11 56
107 -2 48
75 -8 84
77 -3 60
92 -9 51
96 -5 83
73 21 72
89 -14 45
84 4 85
101 -14 56
76 -9 51
80 1 46
107 2 53
108 -5 47
78 16 54
107 10 69
107 -5 52
77 -10 77
103 6 57
105 4 59
82 2 47
99 5 56
94 9 61
103 6 78
99 7 61
85 13 50
77 -8 53
109 0 75
94 -2 63
91 -7 61
99 11 48
74 21 60
88 -3 78
111 0 49
86 8 83
75 11 48
80 18 55
78 2 56
72 0 68
92 9 66
95 7 74
88 10 57
88 -16 79
72 10 76
98 11 74
79 21 58
94 2 57
102 -9 66
78 -2 59
88 -4 67
101 -7 79
74 2 85
87 -11 50
75 20 84
83 12 68
101 17 78
107 2 78
75 4 61
104 -15 50
90 -14 81
75 15 58
77 15 58
92 12 65
94 -4 54
88 17 60
112 -17 50
75 3 76
95 23 55
92 4 56
80 -8 77
99 18 63
77 5 47
96 20 66
100 -17 46
85 3 45
76 -11 65
88 -8 66
104 12 62
106 14 65
90 9 76
75 -5 73
94 10 57
100 15 85
101 9 53
105 -11 68
94 -6 75
105 13 56
90 -17 84
100 5 53
87 9 60
104 0 67
92 -15 72
84 -17 61
98 12 81
106 19 75
100 -2 61
104 -12 68
82 -5 70
90 8 84
87 12 53
93 2 67
108 -11 51
72 -13 51
110 15 55
107 -10 84
77 7 71
81 3 49
100 -15 68
77 -7 57
95 -11 50
89 12 56
72 12 58
85 -13 77
84 7 47
81 12 79
80 -9 65
76 3 83
103 23 50
106 1 55
105 12 70
112 -12 82
89 1 69
104 -4 47
72 3 51
112 -17 65
102 -3 82
101 -13 82
81 7 51
83 -7 53
97 5 81
110 -8 50
82 -2 68
106 -11 85
77 -6 69
110 5 57
104 -4 79
73 21 83
110 8 48
111 13 73
88 12 55
78 -2 77
102 7 47
93 -5 49
89 3 75
103 -10 77
108 20 66
102 -11 84
90 10 84
111 19 59
89 7 60
89 -9 64
73 4 54
106 -4 73
103 21 69
90 6 80
106 17 47
105 -11 77
76 -12 61
86 -15 60
104 -15 81
80 21 60
90 13 64
80 -5 78
99 -4 57
86 -16 76
103 -4 64
78 18 83
92 21 55
83 -7 62
107 13 53
102 -12 66
97 -9 74
91 7 74
98 10 72
101 -15 57
80 18 51
79 -14 81
99 11 62
92 6 67
97 8 82
79 -17 83
104 17 46
-12 -18 55
2 19 61
-11 -1 33
-11 -10 23
21 20 43
6 -3 54
20 -17 35
-10 -19 29
8 19 38
14 13 37
21 17 53
9 12 26
7 -14 37
-6 16 23
-8 -4 51
9 4 28
20 -7 45
6 19 41
16 -18 24
-2 7 50
26 16 59
6 20 44
18 -17 25
-6 11 27
27 4 35
-5 19 39
5 -1 29
-2 -8 47
-12 14 48
24 -11 60
-8 4 49
-4 3 51
23 17 29
13 3 57
-7 13 53
8 -3 31
-12 -12 27
9 6 49
-2 -20 21
28 3 44
24 -2 44
25 -5 28
6 -17 25
26 14 45
-12 13 31
3 9 48
26 -10 28
6 15 39
-2 19 51
15 -6 40
20 9 30
4 16 32
-12 7 38
8 6 53
18 9 50
2 -8 56
1 -15 30
27 2 34
1 -15 56
-5 -18 21
11 -11 46
8 -20 51
6 -14 23
22 20 31
0 -1 55
2 6 23
5 -16 54
18 -12 60
25 18 32
25 -14 44
0 4 52
4 4 47
11 9 49
-8 -3 40
17 18 21
-7 -10 40
-4 -4 36
-10 -5 58
-9 14 24
28 7 48
-12 6 58
14 20 52
22 -16 35
16 -5 44
27 -16 40
-8 -12 33
-6 4 33
26 -14 26
2 -1 46
21 -6 59
17 19 37
-3 -12 50
23 14 59
19 -1 59
25 -19 33
-7 20 22
8 5 32
3 10 53
19 -18 33
8 4 39
12 11 32
14 -15 52
2 4 50
17 3 22
16 -4 41
1 -11 33
24 18 30
-9 -1 23
-1 -8 36
19 -14 56
8 -7 27
17 15 22
-2 8 37
28 -15 41
1 4 61
7 14 29
-5 -12 48
5 4 43
-11 13 57
-8 5 38
27 3 50
12 -18 55
27 0 54
15 1 50
19 -3 31
19 18 43
20 9 57
-9 -13 34
-1 -9 27
3 -7 39
17 11 61
-1 7 56
-1 -19 50
0 -19 21
-2 -18 25
10 -15 44
19 7 21
14 -10 48
23 -6 26
28 14 44
21 15 47
-8 12 56
2 -3 42
10 -5 49
26 0 23
-1 -10 52
21 9 41
1 -14 39
14 -14 56
28 8 33
21 -9 47
7 -17 40
3 9 38
16 12 22
11 15 46
18 -1 24
27 15 55
21 -17 44
-5 7 61
8 -12 57
-1 17 60
1 -1 29
-9 5 38
27 -4 45
5 -4 24
18 0 37
-12 -9 46
-9 -10 36
14 -20 58
-5 4 54
21 -18 39
15 12 43
28 17 53
19 6 21
18 0 40
16 1 26
18 -19 59
5 20 38
21 -13 60
-12 -4 47
-5 -12 27
12 -2 31
14 1 29
21 -20 29
-6 17 21
8 -14 48
12 -9 33
-2 -4 28
17 16 57
7 -13 56
7 -7 54
-1 1 30
13 0 39
22 18 39
-11 -16 31
-12 12 60
9 -12 38
18 8 37
0 -10 37
-6 16 60
9 -15 50
24 -8 49
3 10 37
22 -7 56
16 -15 44
14 -14 34
-4 7 54
-4 -4 43
-12 -18 61
13 -18 45
5 -10 23
16 -19 57
-12 2 23
16 -2 52
9 -6 55
0 14 27
4 20 41
10 0 35
9 20 42
27 13 51
-4 17 27
20 -19 56
17 -17 24
-8 -13 52
24 -11 30
-1 -1 25
-4 12 31
8 -2 43
-4 0 47
24 -2 48
20 -18 60
6 11 29
11 -1 33
-2 -3 40
15 -4 21
26 0 33
20 -5 37
7 -1 49
20 -11 36
2 18 61
7 -20 55
-1 7 57
-5 -17 39
11 10 44
-7 -6 33
-4 15 58
27 -15 49
6 -17 43
-6 -7 43
24 2 48
39 51 67
44 55 51
34 35 59
10 21 45
13 54 58
7 27 51
42 54 84
7 30 46
22 53 61
25 38 45
35 36 64
37 50 62
15 51 85
33 44 73
28 39 78
19 26 66
17 31 66
43 40 79
36 34 72
20 32 56
6 25 78
32 54 85
9 32 79
10 29 85
11 31 82
43 42 81
34 44 56
8 20 58
34 25 63
18 37 83
14 56 61
38 41 57
25 45 64
7 16 57
5 24 65
10 50 84
33 46 83
40 47 57
22 41 61
30 26 73
27 28 61
9 23 85
36 27 77
44 37 56
25 39 69
35 19 82
23 20 52
13 19 77
7 32 83
18 53 54
44 47 58
14 47 61
10 38 80
16 30 59
5 31 68
17 43 74
12 34 72
33 22 72
28 40 49
33 50 73
44 23 64
40 39 64
42 27 71
4 44 47
17 54 66
40 45 72
8 35 59
43 36 56
30 32 84
24 48 67
27 40 45
23 49 72
21 32 70
39 49 85
5 50 76
19 36 74
42 40 67
20 33 52
11 52 66
15 52 83
43 27 52
19 36 68
19 28 48
25 38 70
20 43 67
32 24 62
37 34 51
31 19 85
35 30 70
34 32 70
6 53 66
41 51 78
9 46 61
37 27 83
7 40 79
16 36 73
4 41 76
22 35 57
6 30 85
4 46 69
37 45 65
32 54 67
38 38 81
25 32 62
40 25 75
36 50 64
18 33 62
40 17 69
10 35 45
8 56 55
27 35 49
15 34 77
35 53 62
20 25 67
17 43 53
4 36 79
22 25 71
21 42 58
31 44 49
39 53 70
40 20 74
10 21 45
6 22 53
20 30 59
26 16 73
15 26 84
26 43 62
22 17 69
22 24 48
4 40 81
38 56 70
6 20 47
6 22 78
28 31 48
18 48 85
16 30 51
40 36 67
11 55 77
43 17 68
11 35 48
20 19 55
35 43 68
30 19 83
10 41 73
29 26 79
40 18 63
37 49 82
38 33 71
27 56 78
28 39 67
31 40 52
32 35 75
17 45 80
17 55 46
37 50 81
39 43 61
10 37 81
23 43 62
13 45 51
18 21 70
29 36 78
40 34 54
27 50 84
19 52 48
11 25 55
31 39 56
28 34 75
9 56 53
25 18 79
38 33 85
28 50 50
26 21 69
14 35 54
6 23 45
19 26 46
40 19 81
36 35 75
20 49 54
31 37 74
44 18 63
13 21 84
8 16 66
42 55 81
35 30 78
30 37 65
27 40 45
15 17 84
14 17 77
36 51 51
41 22 56
13 47 51
43 45 65
27 34 46
11 26 62
34 20 79
20 56 59
33 54 81
17 45 47
33 23 66
6 40 72
35 43 56
18 45 73
11 37 66
8 19 73
13 18 77
10 35 47
9 45 79
37 55 59
15 54 55
17 50 51
16 56 49
41 35 57
13 21 65
5 38 84
12 36 47
22 21 56
15 49 85
5 53 45
17 36 74
28 37 71
28 24 59
6 35 79
44 51 84
31 35 55
6 54 47
18 18 63
27 39 57
33 17 51
20 24 50
21 31 72
31 35 84
20 34 60
39 50 51
43 22 68
43 32 45
43 36 62
14 36 57
35 18 49
33 34 69
37 19 64
14 16 82
30 27 76
5 45 48
5 54 72
27 27 78
28 30 74
34 31 64
21 47 46
22 39 48
15 35 83
96 44 71
75 27 85
102 34 96
80 44 84
77 50 89
85 31 97
92 61 98
97 52 93
85 67 80
82 48 99
74 62 90
73 49 86
104 55 98
71 35 63
104 53 96
82 32 87
90 52 69
66 51 64
84 38 82
100 50 95
89 57 83
72 67 94
81 31 64
89 30 100
71 50 79
65 28 65
66 49 94
96 56 102
93 65 100
73 33 70
70 44 89
93 29 64
69 27 74
66 49 98
73 44 68
68 64 92
89 42 97
92 41 74
97 64 66
96 43 89
81 38 84
85 65 102
101 40 76
76 35 99
85 54 67
81 59 95
91 37 90
81 60 86
91 45 85
74 27 69
103 46 101
71 64 76
101 67 75
86 47 83
105 38 81
71 42 86
104 28 84
89 53 77
77 45 96
84 57 85
66 62 65
87 29 77
77 27 99
88 57 97
79 34 82
93 27 80
78 49 82
65 35 101
98 45 93
73 45 92
88 28 72
75 44 91
88 42 90
82 35 78
86 28 83
83 51 66
71 45 65
78 51 103
75 64 72
75 57 99
102 31 73
100 49 69
87 28 65
70 67 94
94 58 100
95 52 97
73 48 68
65 56 82
86 54 68
96 31 70
67 57 74
83 28 87
79 67 67
97 52 90
99 66 82
80 64 98
103 62 82
95 67 83
68 48 70
66 44 80
68 47 84
77 52 66
87 39 80
103 49 93
95 42 63
77 59 88
104 58 88
81 40 63
85 65 93
90 34 76
75 34 64
92 38 77
79 67 101
87 63 64
98 65 63
104 37 86
81 35 68
91 27 81
78 36 98
71 54 100
89 42 84
87 39 80
94 51 65
67 60 76
99 28 102
93 48 100
95 58 85
72 52 84
89 67 83
89 64 65
103 62 77
92 28 64
68 27 102
97 27 81
73 41 98
81 41 78
97 58 98
92 50 75
89 27 90
92 42 94
88 34 66
75 62 76
76 49 101
99 62 78
82 49 71
72 36 64
98 32 92
68 64 99
95 45 98
102 52 74
89 64 75
82 45 75
90 57 95
75 37 92
71 43 64
77 32 63
80 50 99
83 67 91
66 38 91
80 42 69
67 44 86
96 31 103
69 58 97
66 34 94
65 67 89
105 56 101
88 62 71
80 47 67
96 51 75
90 32 97
92 59 69
94 42 71
96 64 80
77 59 79
92 65 93
69 46 77
81 36 91
105 55 96
96 37 76
70 59 98
87 64 79
83 27 65
87 54 92
92 37 68
74 50 90
84 65 65
72 45 92
70 54 64
99 62 84
92 63 65
103 41 77
73 27 70
79 40 83
84 56 97
79 36 66
87 61 89
103 54 98
65 49 95
73 55 77
76 39 78
84 61 95
73 53 81
89 55 74
69 57 72
100 51 77
80 35 83
94 39 68
88 53 63
99 44 98
67 32 78
97 43 98
69 40 75
102 65 75
67 61 101
75 65 71
65 62 74
80 38 98
77 33 86
97 42 88
101 31 73
85 45 82
96 27 103
66 54 102
85 62 90
73 41 82
71 32 87
78 61 85
90 51 68
87 66 102
84 37 101
100 28 86
70 41 64
97 34 78
89 43 76
102 53 77
95 50 83
74 67 63
98 67 81
88 39 72
100 50 64
68 56 80
69 49 73
80 42 97
104 58 87
89 40 80
66 36 71
95 54 80
72 39 85
65 52 98
98 33 75
69 -16 55
71 -11 46
78 22 59
104 9 71
81 4 62
77 -18 56
71 5 48
75 10 68
75 3 75
70 -7 74
90 -6 61
96 -7 78
91 4 69
74 2 49
75 9 68
93 20 50
72 -7 59
81 -4 79
67 10 42
86 -5 75
86 -7 50
88 12 67
73 -4 53
102 9 77
88 -2 52
74 9 82
70 -9 69
98 13 77
78 9 55
102 19 52
95 2 48
68 -8 71
80 16 77
78 15 60
94 -8 60
95 -9 52
71 2 43
67 3 58
69 -18 65
96 8 46
88 -8 67
69 -17 61
80 6 60
100 -14 44
69 5 57
85 3 45
96 -13 58
97 -1 47
81 -18 82
82 14 77
74 -2 59
73 17 62
66 -16 62
90 4 61
85 7 50
75 -10 81
97 -13 80
72 3 66
89 -9 44
77 -17 48
71 15 58
83 20 53
75 -15 73
95 -3 48
98 6 60
93 -13 64
70 -3 80
84 -15 49
98 -18 76
83 17 76
81 -17 73
101 -1 55
97 20 45
70 14 49
101 -3 65
93 3 60
69 -5 75
75 4 75
81 -1 71
83 11 54
72 21 54
89 4 59
101 17 75
92 -10 80
65 -3 52
69 -18 82
98 18 68
100 -3 54
81 2 67
66 6 78
64 5 45
93 -9 53
84 1 77
81 10 63
82 8 55
79 -13 75
104 16 72
91 -17 53
90 1 80
64 -3 53
72 15 70
95 6 77
104 18 81
98 -5 55
75 -4 69
77 -12 53
64 -16 60
71 -7 74
78 -16 61
97 15 64
73 21 56
85 22 55
75 -4 48
70 17 55
78 1 70
88 15 71
92 -18 81
86 -3 81
83 -3 65
102 -2 70
74 4 82
77 -9 68
97 2 63
101 17 69
73 -16 79
66 -16 57
76 -1 72
104 -14 74
75 18 56
82 -14 69
102 -17 48
96 6 50
88 -3 48
69 -14 63
88 8 67
93 -8 46
102 18 77
85 -10 80
79 -1 68
99 7 57
70 3 46
67 15 58
100 -8 50
69 9 44
85 16 52
80 -2 51
102 -6 44
96 -12 57
68 9 81
91 20 52
83 -6 64
84 -12 80
69 22 50
100 10 47
83 17 59
67 19 63
93 -3 45
95 -11 73
70 -15 63
69 22 57
96 9 61
101 11 60
84 -17 70
74 21 47
77 -5 72
68 1 68
91 -1 49
72 -6 60
74 15 70
83 17 61
101 -15 71
90 19 76
68 17 44
92 -12 51
89 -17 82
81 3 62
92 1 64
66 -14 74
94 -5 73
68 6 76
67 4 68
85 -8 68
81 -17 66
77 10 46
103 -8 43
104 16 79
82 -8 52
91 -7 53
84 16 57
102 -10 44
71 17 43
66 -10 81
65 10 67
71 17 70
68 -14 60
65 -14 65
102 -10 81
83 -7 53
70 6 72
68 -13 52
90 -3 80
68 7 54
83 -7 78
79 22 82
90 -7 73
78 -10 60
66 11 53
69 11 60
90 2 42
82 -16 55
89 -3 47
104 20 44
95 10 44
99 4 70
90 -2 48
67 16 44
72 -12 52
94 7 67
99 -1 48
87 -9 76
101 -13 51
87 5 73
74 -12 57
103 17 77
102 -10 42
104 7 66
85 3 76
85 17 60
90 0 75
87 3 66
98 8 59
76 -2 48
97 9 70
70 9 60
90 -17 42
95 -9 68
78 2 70
80 -4 64
65 15 63
79 -7 45
85 -18 65
90 -1 79
96 18 65
64 3 78
87 -5 52
72 14 56
86 -15 69
77 -18 42
96 0 72
87 -3 68
5 78 40
0 92 43
-11 80 30
13 78 52
3 67 46
19 76 26
19 99 48
14 97 33
16 97 27
10 70 42
21 91 46
10 77 32
15 97 51
13 77 26
21 96 40
1 97 31
9 105 48
-4 71 33
3 71 16
-3 74 50
5 68 32
-3 94 35
-8 78 32
-3 79 13
17 76 39
21 70 17
10 73 47
-6 70 27
15 105 37
10 97 41
5 79 33
6 73 18
12 67 18
-10 102 20
-4 75 33
-19 85 42
-17 68 14
-9 96 35
-13 83 13
-12 70 15
-11 71 22
3 84 45
13 71 53
-17 93 19
-4 65 47
13 97 44
10 82 46
11 96 42
7 68 51
-4 89 43
-2 72 23
18 72 51
-17 85 53
-18 97 36
-1 76 14
-19 74 43
-5 69 38
-9 85 26
-4 87 40
-19 84 46
0 94 14
4 88 38
7 79 31
4 82 35
-1 67 21
4 101 26
-15 97 40
18 102 27
16 94 38
-13 103 43
20 102 36
-7 99 51
-4 88 29
16 79 36
4 89 32
-2 84 47
-6 80 34
12 68 35
-5 79 14
-13 66 28
-13 102 44
2 90 33
-3 80 49
-11 73 34
11 75 42
-1 80 53
-10 97 37
8 89 33
11 100 40
-10 94 41
-4 77 46
13 82 19
13 91 26
9 99 42
-14 65 41
-19 100 17
-18 103 49
8 77 45
15 65 47
-14 79 36
10 73 19
7 98 37
-12 75 35
18 77 32
-10 78 49
-7 73 33
2 69 29
13 76 23
-15 65 51
-4 89 45
14 102 52
15 83 52
4 84 40
-7 73 29
11 103 13
4 89 13
-10 74 39
-4 105 49
-19 87 26
15 99 39
12 70 27
11 86 53
3 94 16
6 82 47
8 100 27
14 67 34
16 91 13
7 100 24
-1 70 22
-5 94 42
12 79 18
21 78 44
-1 101 19
-15 72 23
-4 75 49
-8 103 52
7 88 44
14 99 29
-2 95 23
-2 79 40
-1 83 43
5 88 26
-10 97 15
-9 72 49
-12 97 22
9 100 43
-10 82 32
-9 77 48
20 72 27
-7 102 22
13 86 52
-7 98 31
6 88 53
16 100 49
2 74 15
2 71 19
16 92 40
-14 70 16
11 83 28
-14 76 20
-9 87 48
-6 74 35
11 84 16
-4 70 49
7 86 34
15 91 51
13 86 34
-5 97 26
2 98 21
0 103 24
20 67 34
-12 71 45
20 84 40
-11 74 41
4 70 52
4 91 17
-13 100 46
-7 86 35
1 77 22
-12 87 31
6 87 27
15 73 19
14 79 34
-12 94 18
-1 77 37
-19 100 47
19 95 52
20 91 17
-4 76 25
-9 66 32
-15 82 31
9 104 50
-10 100 51
2 93 52
-6 95 51
6 85 32
-7 86 40
5 70 53
-9 83 21
-12 86 45
4 65 18
11 102 17
-9 84 35
-18 69 43
-11 101 42
-11 85 36
11 96 30
-11 97 38
0 82 20
12 89 29
0 74 40
20 103 18
-6 72 28
8 72 42
12 87 32
-11 78 23
-18 90 34
-5 75 22
-13 70 50
9 79 45
11 68 47
-1 77 39
0 91 16
-13 105 48
-17 100 44
-6 67 34
4 71 22
13 70 22
-15 92 28
14 94 48
-7 79 25
-18 79 30
-19 74 27
10 86 36
19 88 19
-3 72 41
-5 103 51
16 81 41
-8 69 49
19 84 18
-11 78 29
-2 102 27
8 67 41
-17 80 40
18 87 40
-3 102 46
-6 98 44
18 91 24
4 75 29
6 96 34
33 67 97
15 31 62
19 67 90
13 55 98
16 67 99
9 59 100
32 68 78
26 45 99
11 40 85
35 61 86
33 37 95
10 41 71
34 69 69
29 57 61
12 66 94
11 34 72
33 69 87
4 34 74
3 59 80
1 48 73
14 65 66
23 38 74
17 31 66
-2 62 90
26 71 64
-2 36 93
17 32 69
-2 64 87
38 37 69
10 42 90
2 46 74
3 34 62
15 54 69
22 36 100
-1 58 101
14 38 92
11 36 63
16 42 70
30 37 83
21 38 91
18 39 81
12 52 98
37 39 91
0 34 61
31 47 67
8 43 86
31 48 70
30 55 89
10 57 67
23 47 79
34 57 66
31 66 83
36 44 92
9 38 90
-2 39 99
30 44 89
-1 39 63
31 43 98
20 57 96
33 69 91
15 45 96
7 58 68
6 40 67
38 61 69
17 55 96
32 54 101
18 57 100
13 71 75
3 49 85
17 31 86
15 34 98
3 59 95
0 33 80
9 66 94
14 33 67
1 31 96
37 54 64
15 60 83
36 34 83
8 60 78
5 43 90
27 71 96
32 64 77
21 58 98
37 33 67
3 58 101
30 38 100
13 33 68
26 34 87
5 71 87
16 45 68
13 39 96
24 35 65
2 46 81
29 39 90
7 67 79
10 69 75
0 48 101
16 55 87
0 59 77
19 44 96
12 36 82
16 62 99
27 32 91
15 59 94
14 60 99
-2 60 75
1 42 76
38 61 97
16 69 78
20 44 90
7 69 82
20 53 91
36 60 64
33 44 71
31 65 99
0 37 62
24 69 67
18 61 92
22 49 70
27 31 81
24 60 81
3 40 81
-1 59 72
6 37 96
10 37 70
-1 34 74
3 39 64
22 53 78
33 67 68
12 63 65
0 51 86
5 62 87
10 49 72
10 69 96
30 39 100
27 64 72
8 36 101
-2 44 98
23 32 61
11 68 75
34 69 79
0 56 65
33 64 97
9 35 98
1 69 64
32 66 89
38 67 88
26 61 63
14 64 85
3 48 93
20 44 76
5 57 67
18 39 63
16 40 64
19 57 71
24 42 84
5 56 99
2 65 79
18 53 97
21 66 62
10 42 87
18 62 65
37 70 84
10 67 65
11 58 91
5 41 85
26 46 81
1 46 84
16 44 69
10 41 82
13 38 101
32 35 66
14 33 97
7 35 89
12 43 65
15 65 64
25 31 82
0 32 78
0 63 89
32 50 69
17 56 65
-2 61 86
3 49 77
-2 48 87
0 45 62
38 37 77
4 67 66
35 59 85
24 62 67
31 41 89
33 48 82
33 36 95
30 35 96
1 35 78
32 59 73
4 36 101
32 36 74
38 54 63
6 55 70
12 70 95
-1 41 69
23 47 66
1 45 86
2 69 82
1 45 76
-1 43 95
1 53 76
2 67 95
6 58 94
23 41 95
28 68 67
0 49 62
-2 59 97
22 37 99
38 34 75
29 38 95
4 55 82
12 65 75
32 46 81
22 65 86
37 71 75
31 54 64
28 46 101
35 59 88
0 70 101
35 58 75
18 54 75
10 59 69
10 45 80
34 70 63
4 46 86
36 71 69
-2 67 61
7 60 82
24 46 85
21 70 99
5 57 77
34 50 86
21 70 64
34 65 75
25 33 64
10 68 69
29 37 82
1 42 66
21 62 73
36 62 89
3 45 71
25 55 93
26 31 78
13 50 13
40 65 34
41 39 25
16 66 38
3 77 40
8 52 23
17 74 24
28 56 25
13 54 42
21 63 40
41 68 27
21 54 36
3 68 36
42 63 18
26 39 12
3 51 42
5 75 4
25 70 16
36 68 26
38 68 32
4 43 5
35 43 29
8 40 18
30 49 42
9 74 29
15 73 19
34 68 29
21 67 13
23 63 23
20 74 36
4 78 35
27 59 11
10 43 12
8 65 15
6 40 13
40 68 8
43 78 12
12 59 17
36 64 33
34 50 12
22 72 7
6 56 38
5 60 42
26 72 40
39 50 35
35 45 12
16 67 23
34 40 14
38 61 22
13 74 33
22 46 37
6 67 37
37 71 25
37 78 5
37 66 20
18 51 30
22 49 20
43 60 7
17 57 40
25 49 17
10 45 3
26 62 23
37 51 13
20 38 42
39 64 7
13 56 4
6 45 31
22 65 23
8 53 32
28 63 39
24 50 2
34 51 8
28 77 34
39 55 39
14 69 38
10 43 29
4 41 9
8 61 14
39 50 31
32 60 17
16 53 33
36 54 25
21 62 6
33 52 20
6 72 11
12 53 36
34 44 12
9 74 42
14 77 5
11 39 15
41 63 27
8 55 21
36 41 39
18 67 11
10 53 19
16 38 23
27 63 23
30 57 11
9 58 2
9 72 35
10 44 2
42 72 9
18 66 33
16 51 17
35 76 37
22 49 37
29 53 34
18 40 5
13 62 32
8 39 5
30 64 28
34 59 39
27 74 7
15 73 36
5 47 25
21 62 15
4 52 4
41 44 34
37 65 26
27 50 41
41 64 4
13 73 35
24 54 23
22 64 31
11 65 39
26 46 14
39 67 19
41 59 13
34 45 15
20 66 11
10 70 39
37 51 37
8 67 12
8 38 10
41 47 35
16 74 28
3 40 18
30 69 38
39 39 7
4 49 2
10 65 22
23 51 42
43 72 26
5 70 37
39 42 13
3 67 8
7 39 18
12 77 39
12 61 4
9 44 24
31 48 11
39 47 37
23 74 23
5 41 22
41 69 41
27 72 16
31 70 10
15 56 19
6 78 38
39 76 14
33 48 23
40 44 11
42 69 22
26 74 37
28 69 29
6 59 15
16 40 31
27 60 20
9 38 11
32 76 39
11 63 32
12 49 40
28 50 24
15 78 24
23 77 41
8 58 36
11 40 36
40 49 22
26 77 11
19 57 37
40 69 27
24 38 10
41 47 9
9 62 42
9 55 28
6 67 37
35 45 31
33 67 41
37 53 30
9 61 8
15 58 36
28 64 16
42 43 28
40 45 39
29 45 37
38 42 9
18 63 26
3 74 9
29 70 13
29 67 30
11 55 37
30 60 11
43 75 40
42 53 16
39 52 36
31 59 19
14 60 18
11 65 41
5 38 20
41 58 21
35 56 9
32 65 34
8 44 20
29 58 18
30 49 29
18 57 40
11 62 27
8 38 15
40 53 19
3 72 4
8 78 7
12 75 12
27 66 42
10 43 23
23 46 15
31 71 31
7 59 14
27 66 6
24 76 11
33 63 9
40 42 7
43 59 13
20 73 41
8 75 26
26 65 5
16 62 39
9 39 36
31 73 19
34 66 42
43 70 4
5 58 15
33 58 14
28 42 12
22 43 22
13 69 31
40 53 30
13 51 35
15 77 26
14 60 9
39 61 24
15 49 46
6 43 33
-9 29 34
-4 35 19
11 34 13
-3 25 16
13 56 40
25 26 28
15 60 39
23 41 21
15 53 20
-8 24 33
1 34 36
13 56 15
1 28 23
1 33 30
11 31 40
-5 42 11
13 50 31
-5 25 41
16 29 43
-1 30 42
14 23 43
3 47 44
-5 55 23
5 35 33
-7 37 48
-9 25 47
23 35 44
-3 44 16
12 37 48
18 50 45
30 60 40
25 23 40
28 61 46
-1 27 41
27 36 19
-5 48 16
-9 43 30
26 41 13
2 52 33
29 52 15
-3 39 31
16 31 15
29 48 29
17 39 36
5 36 23
5 54 50
-5 31 26
12 36 38
24 35 12
15 23 31
-5 39 45
22 53 27
24 61 16
-5 31 28
13 41 43
1 60 39
8 31 24
-1 33 42
8 32 15
12 48 42
29 30 48
-2 54 14
-7 22 50
-5 37 10
-4 42 19
21 58 25
14 60 16
-4 23 28
2 50 13
12 30 20
0 44 10
16 35 19
13 50 43
20 59 33
-8 59 31
-1 43 23
4 32 30
5 22 50
16 43 23
-5 30 46
21 57 21
13 53 21
24 43 30
31 42 50
3 40 49
14 26 44
14 48 13
23 43 35
5 57 26
5 49 30
18 59 45
-4 41 35
28 27 33
4 43 29
30 46 36
14 51 19
1 60 18
13 27 24
24 28 27
23 29 13
-2 48 44
28 54 40
-1 29 29
10 37 31
20 40 36
12 30 50
21 37 42
0 42 23
16 39 16
20 48 30
26 61 39
6 22 46
18 45 38
25 37 45
7 49 10
22 34 27
20 48 11
25 50 13
29 36 14
29 47 48
22 29 18
-9 48 40
1 55 47
22 58 16
2 60 41
13 30 49
-6 39 27
24 41 29
20 34 50
12 33 46
25 43 45
3 30 14
2 50 50
23 44 38
-5 45 25
-9 26 40
12 27 46
24 36 32
3 28 13
6 51 37
6 40 33
8 41 21
23 25 36
9 30 39
31 48 17
26 42 40
12 53 20
27 54 33
19 45 41
17 23 15
4 46 39
-6 39 37
-6 60 48
29 25 21
31 29 47
0 24 34
27 40 14
22 22 38
12 33 34
17 43 17
20 42 38
30 32 23
5 40 37
13 60 41
28 26 48
5 59 21
26 51 19
17 60 25
-4 28 25
22 55 30
20 61 33
-9 56 30
28 35 31
-8 61 41
18 32 43
25 46 14
-7 25 29
9 43 20
15 32 44
9 45 28
6 58 13
27 44 49
30 30 14
15 37 45
-1 25 45
21 52 42
29 21 43
17 27 18
6 41 41
27 23 19
29 21 29
20 30 41
30 28 33
0 58 21
6 42 43
28 53 33
0 60 43
30 43 18
5 24 13
27 45 30
27 49 35
5 36 11
5 57 33
19 46 31
5 21 39
22 26 22
18 33 33
11 45 28
16 28 15
26 27 36
12 30 49
15 58 25
-1 21 40
28 57 31
7 51 39
-3 59 36
2 29 22
0 44 15
1 41 40
-1 50 12
28 34 48
21 35 44
-9 60 32
20 34 46
26 57 18
12 47 45
6 56 42
1 47 10
-8 25 21
13 48 20
-1 31 39
25 30 13
23 45 28
16 36 12
28 21 14
-9 32 27
31 45 20
-9 61 20
25 48 18
18 44 27
28 26 23
18 41 22
-7 34 13
29 41 26
2 39 22
7 61 41
8 28 41
-5 27 24
60 72 24
89 66 32
66 51 51
72 70 44
81 34 32
57 45 39
82 38 28
62 45 27
90 34 31
62 49 44
82 63 63
57 71 40
67 46 54
62 40 49
63 53 33
64 52 27
68 36 40
93 59 51
57 66 26
62 43 38
56 44 52
55 62 40
95 54 39
76 54 46
84 49 34
63 44 38
55 49 31
79 63 59
80 62 25
58 50 24
74 42 52
91 55 56
76 43 49
74 42 24
86 68 37
80 52 54
85 44 41
76 45 58
95 53 28
65 54 46
78 55 27
62 36 34
64 40 41
76 42 33
82 39 58
62 54 37
83 70 61
66 64 53
88 35 62
94 56 51
85 65 55
77 67 49
62 43 64
58 51 31
70 39 50
87 51 53
74 68 34
85 59 62
73 71 50
74 35 59
69 42 52
93 67 57
74 34 40
72 56 27
85 44 37
89 48 38
69 46 52
58 54 51
59 74 63
68 39 44
68 61 27
67 51 44
85 70 32
68 47 33
55 58 35
66 36 56
59 72 45
61 38 35
89 57 61
65 45 46
91 43 51
56 59 53
58 56 37
56 56 41
67 56 30
66 72 52
77 62 57
72 64 47
60 62 41
58 62 47
71 64 42
92 47 30
59 42 49
90 45 30
86 68 58
76 43 37
81 74 26
67 40 32
80 38 37
55 42 38
90 68 33
66 35 36
59 62 33
91 37 24
94 69 34
95 71 40
55 47 50
87 59 25
74 50 43
67 56 52
71 60 27
79 71 43
57 41 64
85 69 40
80 46 42
93 37 50
64 54 52
68 47 25
57 36 55
80 34 64
60 61 29
59 44 32
59 42 29
77 73 55
85 49 43
57 52 34
63 47 43
94 55 29
89 50 32
87 60 24
80 36 44
69 62 27
67 62 46
65 57 47
79 72 51
59 69 41
71 68 28
85 47 40
60 54 59
70 54 33
79 59 26
94 59 34
73 59 54
85 68 33
87 44 49
82 56 26
61 71 25
74 41 52
68 36 57
65 45 52
81 35 52
59 42 26
63 60 59
90 44 54
92 42 25
84 40 45
68 56 46
55 52 39
81 71 64
59 43 38
90 35 56
87 52 39
65 44 63
57 40 41
74 35 39
81 38 62
81 37 42
79 53 29
83 65 24
80 59 42
66 38 57
73 71 43
55 59 30
55 43 32
69 43 38
56 67 32
88 73 33
66 44 51
55 66 58
72 72 40
55 70 42
56 60 61
71 64 38
95 67 24
80 45 60
61 45 29
82 36 61
85 52 62
55 72 30
73 36 43
77 62 62
64 71 59
79 63 44
71 49 50
73 41 61
77 45 56
55 45 43
79 61 27
75 52 32
86 35 34
59 52 44
84 38 33
59 34 35
67 49 27
60 49 63
63 57 29
62 46 39
88 48 53
76 47 24
87 39 50
72 56 59
55 72 55
59 63 44
65 67 27
72 71 40
77 35 62
77 70 31
76 58 28
61 47 31
55 73 31
84 35 63
64 43 49
67 69 47
66 51 38
93 59 26
77 61 36
85 61 50
85 58 41
81 62 63
59 52 60
58 46 35
72 42 28
74 50 29
88 71 26
66 50 63
76 48 49
93 38 52
68 63 28
61 41 53
57 36 27
69 34 42
61 58 31
89 51 32
85 71 25
58 47 53
55 68 34
85 40 48
79 42 53
74 59 33
76 59 44
57 74 12
49 75 42
59 89 42
49 87 8
71 95 13
53 68 42
71 95 5
51 70 42
60 101 10
48 75 6
38 88 9
58 92 40
37 81 37
53 87 27
71 75 38
73 69 31
64 103 38
75 67 41
51 106 26
75 74 26
72 94 9
71 94 14
69 100 21
54 89 29
48 72 22
59 79 32
55 106 4
40 103 23
53 100 7
70 78 34
74 102 3
63 92 38
43 93 8
69 93 35
66 75 21
41 79 38
51 81 15
61 84 31
42 104 23
49 79 34
74 70 18
67 74 35
42 91 35
39 73 32
68 69 35
74 80 13
65 88 34
41 95 11
63 90 7
38 105 30
66 83 32
71 91 43
47 92 34
41 104 38
58 77 27
68 96 18
43 92 37
72 80 18
55 77 39
63 100 32
73 80 10
40 77 34
71 98 32
60 93 6
51 71 42
53 78 20
74 67 42
55 67 27
66 94 12
63 95 12
50 97 14
45 97 17
47 68 3
44 80 26
67 90 23
51 98 11
48 89 29
69 82 40
53 91 39
65 72 18
38 74 5
53 85 17
50 107 26
63 85 3
43 69 5
74 81 24
43 94 14
38 86 3
37 106 37
58 86 41
69 107 28
40 105 18
62 69 43
53 71 23
54 75 22
61 73 19
64 107 27
69 91 32
65 77 42
43 100 13
40 89 4
47 98 33
38 82 32
65 73 41
50 78 27
54 92 42
52 93 32
52 71 3
54 72 43
56 86 11
45 81 33
43 107 40
52 74 34
75 75 20
64 85 14
45 107 9
57 69 12
68 98 16
37 96 11
64 90 18
68 78 18
51 107 17
72 81 31
53 96 39
60 92 36
71 107 9
55 105 38
41 86 6
40 103 19
71 98 31
44 80 42
43 105 21
68 105 21
54 68 33
51 94 22
38 104 10
68 90 30
46 67 36
38 97 29
63 77 43
42 76 4
66 103 28
46 94 37
57 68 7
41 94 16
73 84 32
64 88 25
70 103 42
46 83 14
39 89 26
50 75 22
39 74 21
58 101 26
63 102 38
41 90 25
70 89 12
69 67 43
71 105 43
56 80 3
71 70 26
38 95 26
62 67 8
61 93 15
51 98 18
55 97 9
41 73 12
69 80 16
72 103 23
47 92 23
62 105 17
52 96 28
59 96 23
62 68 14
66 83 27
75 71 22
39 103 43
43 106 34
57 84 17
36 102 6
61 91 29
46 104 11
36 100 7
76 96 12
42 81 13
41 95 36
57 72 4
36 68 11
58 67 10
61 99 28
66 72 18
70 94 17
70 75 19
56 87 15
61 97 6
66 71 41
44 98 18
36 98 34
44 101 9
47 76 33
48 82 24
76 81 33
38 81 14
59 93 17
36 105 3
51 77 20
45 68 26
62 91 8
57 67 43
72 76 36
75 94 29
43 104 24
70 101 6
74 79 32
73 79 34
56 94 41
67 95 5
65 85 42
41 98 41
48 69 30
38 99 24
56 91 34
49 67 42
57 90 3
47 81 36
73 106 41
70 71 30
51 81 9
68 94 35
47 82 36
61 105 16
40 84 35
59 68 28
55 88 24
45 78 30
61 70 23
42 102 29
54 72 18
67 87 11
69 92 17
66 98 16
39 71 31
64 87 22
51 92 42
70 105 35
37 82 33
70 91 27
56 102 10
71 91 13
68 86 11
72 68 4
84 49 75
87 53 55
80 54 60
90 35 87
60 48 70
75 40 57
86 43 65
60 23 79
86 52 80
94 25 72
71 28 87
64 35 68
83 54 91
86 20 91
88 20 83
81 25 78
94 53 88
92 18 86
88 18 64
88 38 63
98 44 92
93 50 82
62 53 95
67 48 89
85 20 87
80 28 95
94 54 93
93 38 69
63 28 81
85 25 77
84 36 76
76 54 65
72 39 89
91 42 81
95 48 76
79 18 80
99 43 74
73 37 66
64 22 82
65 30 65
72 24 67
85 52 84
89 23 65
78 39 77
67 46 77
72 23 60
86 34 88
99 33 76
64 30 73
92 18 78
100 28 76
96 21 76
85 43 75
98 22 75
60 31 75
77 46 87
63 50 59
99 39 65
98 23 77
94 23 84
88 22 58
74 40 80
77 34 87
80 39 72
93 54 69
91 37 93
62 47 71
97 33 83
89 36 90
81 32 83
95 40 60
66 37 60
81 42 80
86 36 79
82 35 64
96 45 66
65 44 61
72 54 73
73 30 73
65 17 90
69 17 90
95 44 61
71 22 93
61 52 56
95 17 61
73 25 87
99 39 85
68 24 79
100 48 55
67 48 67
83 22 65
72 40 67
81 20 59
67 56 82
98 43 66
88 20 85
95 47 63
71 50 57
74 48 73
86 25 91
65 36 61
92 36 73
71 20 89
63 40 91
90 28 71
82 42 91
60 40 91
72 36 94
80 53 56
75 55 85
97 57 81
96 17 84
83 17 63
88 23 80
68 41 80
86 27 64
98 27 94
66 57 63
63 25 55
70 49 76
67 49 88
74 33 68
79 32 93
75 51 72
89 57 78
94 42 86
62 43 80
75 45 84
85 33 63
67 37 68
87 31 68
100 50 90
83 39 55
70 34 94
76 43 61
88 31 84
69 21 58
99 23 65
71 22 71
61 39 93
91 33 78
61 34 77
88 31 75
68 55 82
67 55 71
60 32 67
79 26 82
60 36 75
80 24 67
88 47 92
77 45 95
71 38 67
70 54 90
70 36 59
65 44 87
93 31 57
86 33 95
65 19 78
85 28 72
78 40 92
86 41 68
85 28 82
86 42 67
78 47 88
97 22 77
85 53 87
89 37 72
81 37 87
100 25 89
60 47 55
97 57 95
99 40 91
98 56 65
79 20 58
99 53 57
86 25 60
86 35 76
72 50 74
80 21 71
83 45 94
93 21 80
83 25 62
91 20 92
60 21 55
79 24 64
82 40 64
88 30 62
94 42 60
80 25 69
94 54 58
94 23 65
81 34 77
88 45 68
78 44 74
79 37 77
100 35 60
63 33 74
93 54 72
72 38 77
97 40 80
92 53 73
64 57 87
94 38 70
62 57 68
65 24 83
94 24 55
68 20 85
67 25 89
84 38 64
74 44 61
94 39 64
80 38 80
92 49 55
99 21 70
99 28 86
71 26 69
63 49 60
81 31 92
90 42 80
70 23 70
83 25 89
85 44 75
62 57 78
82 50 91
98 30 89
65 21 78
77 30 68
70 32 91
98 37 92
75 53 63
65 37 80
62 56 68
87 50 86
95 56 61
89 28 91
86 50 95
71 24 59
85 42 84
89 20 65
82 29 95
89 57 75
75 19 89
77 19 55
76 48 68
91 43 56
60 40 74
100 22 71
81 48 93
73 52 62
89 56 67
21 68 33
-1 49 20
11 77 17
9 48 26
11 65 21
-9 74 33
-11 46 49
-1 50 27
15 51 47
-2 44 51
-7 78 43
-9 47 32
6 58 23
4 62 39
18 61 57
17 57 25
27 70 17
22 45 50
26 68 44
19 53 47
25 76 21
10 42 43
14 57 35
25 69 48
4 61 24
24 52 45
21 47 34
-12 79 28
23 74 40
21 40 17
18 55 33
3 59 21
4 75 30
13 79 54
-2 47 57
-5 75 31
-4 56 23
-4 71 50
7 49 18
27 67 43
-6 47 26
4 53 36
10 65 49
-12 57 29
-11 73 44
0 56 27
2 52 25
-10 75 34
17 59 37
-7 50 44
-3 52 46
16 73 33
4 49 55
-1 42 28
-2 74 32
21 69 57
17 66 24
23 78 29
14 77 32
5 42 47
20 60 37
15 71 43
27 41 32
-7 53 42
23 40 36
-9 39 42
-1 50 46
13 40 40
3 39 51
9 55 42
4 68 43
20 70 19
27 42 51
-4 77 42
-7 42 25
22 70 32
-9 47 51
8 68 19
6 79 40
19 64 27
10 44 51
11 70 54
-4 40 45
4 46 27
3 74 30
17 53 50
-10 66 53
24 51 50
2 71 28
13 59 41
6 48 48
-11 70 45
20 58 47
19 60 36
26 42 23
-7 71 53
2 39 27
19 72 46
-3 43 55
13 76 54
26 56 17
26 48 57
21 58 52
-5 51 47
-10 56 19
10 42 56
13 78 32
-12 53 45
-13 75 19
6 70 33
24 75 39
12 40 54
21 62 20
15 77 54
9 55 55
24 47 49
5 51 36
11 45 24
20 45 30
-2 51 38
4 77 52
-11 68 39
-7 77 56
-4 74 46
22 75 20
-2 53 56
-4 39 18
4 77 32
-6 69 17
14 59 26
-3 41 28
10 68 30
20 44 39
-6 41 45
19 73 18
6 66 29
10 46 28
-11 75 38
-8 66 26
15 76 41
26 73 29
19 62 50
15 70 55
-2 62 30
19 48 51
-13 42 56
10 71 45
27 50 40
-11 57 39
13 44 35
8 58 36
3 64 40
-7 44 28
19 54 55
-1 57 55
6 72 40
-8 50 34
8 50 23
2 49 56
22 57 17
22 46 57
19 51 43
16 63 19
26 49 28
3 70 34
8 50 35
17 68 31
10 58 24
0 67 34
27 63 56
21 52 42
6 43 44
0 42 17
-2 71 38
4 73 54
-1 73 50
-2 57 40
-3 52 48
14 40 27
22 49 19
13 50 49
14 49 21
18 66 23
25 65 55
-6 60 55
0 78 41
18 61 35
11 67 35
23 54 27
1 73 32
5 40 53
13 71 35
17 79 39
-12 66 22
10 54 55
23 47 51
-6 44 26
-8 75 55
-8 56 55
7 52 17
16 40 38
12 55 53
0 64 33
-13 72 41
8 47 29
14 78 36
-11 43 46
5 41 53
15 50 19
-9 57 45
-5 46 55
15 59 56
23 74 52
2 46 42
-12 52 32
11 51 45
17 63 30
1 40 17
-13 54 33
4 54 57
-12 68 34
10 61 46
7 68 47
13 76 46
10 72 42
13 72 18
8 55 54
-12 75 24
-11 61 36
-7 40 28
26 45 22
10 52 53
-2 52 27
-8 66 27
12 77 28
27 57 48
9 60 34
13 39 38
2 41 51
7 63 32
14 67 26
-12 51 38
-11 54 38
-11 58 35
-6 58 35
-8 52 54
17 48 55
-1 56 32
25 55 40
20 53 27
