345 111 336
358 113 334
317 69 300
339 59 285
341 124 255
361 89 282
312 75 278
330 133 338
331 116 292
332 81 291
335 43 265
378 68 321
318 68 341
370 125 297
348 124 342
370 34 344
319 63 327
306 62 272
289 52 278
387 79 294
311 120 331
336 47 311
312 124 311
380 99 351
367 66 351
315 87 263
296 46 289
362 38 260
382 95 280
291 104 347
340 110 285
289 115 308
381 90 268
331 50 274
292 50 274
326 63 264
386 124 319
318 39 302
365 97 268
302 87 325
292 95 350
308 55 281
318 85 293
339 47 343
291 62 271
302 95 307
330 80 332
325 109 351
353 96 325
335 95 299
372 98 256
371 87 291
364 80 309
313 128 291
315 99 346
312 49 323
356 104 267
340 99 266
332 68 257
291 41 286
310 99 351
328 107 299
344 50 280
342 100 307
290 98 272
297 62 281
370 39 349
326 108 351
324 62 331
364 94 257
318 98 338
351 116 283
333 58 287
308 129 346
336 79 337
315 92 331
287 78 334
327 63 315
314 75 266
305 40 348
348 54 347
307 133 281
369 100 319
359 45 286
364 127 339
317 82 327
299 95 256
326 68 352
366 114 331
316 90 280
362 33 350
339 71 278
303 52 285
359 97 332
345 132 268
323 131 348
287 103 257
356 67 350
293 43 257
297 65 289
296 46 340
354 89 350
361 69 278
325 95 326
335 60 314
316 37 283
356 123 314
345 89 294
305 112 308
308 50 263
323 85 342
305 54 304
302 77 326
312 67 264
343 71 280
314 79 272
381 85 282
333 34 349
306 93 296
370 41 293
323 99 339
373 131 307
309 114 292
369 103 352
305 64 269
378 111 271
296 98 350
385 129 336
340 48 262
297 123 276
318 83 277
366 59 292
332 42 309
331 77 348
363 53 302
295 63 305
364 80 258
300 48 323
372 129 301
327 61 324
324 60 273
372 63 276
361 90 311
289 44 346
315 109 298
314 43 301
326 56 329
332 41 316
376 85 335
297 101 350
331 86 321
366 40 317
343 81 308
387 124 310
312 125 270
377 100 311
381 98 279
333 113 314
328 86 254
306 77 296
371 57 289
355 110 264
387 92 337
346 128 319
296 91 333
382 98 292
332 56 323
338 40 322
371 118 352
292 106 295
330 96 295
322 70 282
317 88 349
328 54 274
297 61 283
298 87 346
365 53 301
374 80 282
379 129 297
358 80 312
337 133 260
341 66 313
299 104 337
349 105 343
366 58 335
357 59 345
383 75 253
381 111 345
336 54 304
361 37 255
293 33 307
370 92 353
298 47 337
350 130 313
371 84 323
297 38 318
346 54 303
314 79 280
325 100 255
326 49 301
350 120 278
294 75 280
371 98 340
368 124 297
348 64 307
320 48 329
295 43 309
317 111 293
327 116 266
299 125 308
374 86 329
306 64 279
344 104 275
376 112 284
377 131 298
357 110 257
374 44 342
366 33 258
384 56 332
349 132 278
318 129 286
342 129 302
361 128 347
345 53 283
335 85 341
342 71 285
340 66 265
303 70 256
320 106 352
375 108 260
300 43 308
300 61 313
328 49 308
385 51 333
345 45 285
356 68 263
360 69 352
317 83 301
372 93 310
305 50 343
366 127 352
321 64 267
345 50 339
369 83 338
387 99 260
308 113 270
386 118 335
359 76 317
341 132 325
371 66 269
350 115 298
374 60 272
340 61 329
310 36 311
376 126 264
382 109 337
361 41 270
330 84 333
379 46 286
314 127 314
333 104 346
307 74 257
329 96 345
384 127 344
306 76 352
310 49 297
385 44 343
377 112 345
307 50 348
288 55 350
377 65 259
296 53 352
316 80 262
360 46 310
347 81 285
344 57 259
378 110 299
351 34 281
323 124 348
336 97 291
354 88 284
364 63 276
382 116 299
343 89 314
291 55 304
319 75 315
314 118 274
296 110 299
354 130 298
314 81 346
292 100 302
352 112 276
364 128 277
348 130 285
359 59 308
362 106 346
366 80 280
302 125 293
386 63 349
310 46 336
305 73 279
234 44 276
247 106 276
273 76 361
255 92 309
268 99 318
290 38 357
245 39 334
236 103 295
261 14 271
244 37 286
207 28 304
241 91 286
243 88 347
211 100 352
281 19 313
246 103 314
269 34 281
247 77 331
247 23 309
285 80 281
266 106 289
266 33 270
224 65 315
238 69 322
255 38 313
209 53 289
248 47 276
299 42 333
260 48 330
253 27 351
211 78 350
292 80 311
211 15 314
288 30 318
265 92 265
262 112 354
303 38 354
246 86 306
221 64 326
214 27 325
266 38 335
286 49 275
298 67 344
268 80 340
302 36 279
248 16 263
288 30 274
279 14 357
234 76 317
227 104 318
211 44 302
287 113 269
209 73 296
271 48 290
248 31 269
229 85 327
214 30 337
263 97 350
244 34 307
217 92 356
249 99 275
256 112 357
285 62 343
270 44 315
248 46 340
257 15 351
244 88 275
280 27 316
290 22 349
263 28 286
222 50 304
237 71 350
302 63 328
238 35 334
293 90 317
276 86 262
251 33 267
222 20 351
267 16 334
267 37 341
304 32 341
285 110 346
207 40 352
231 67 264
235 106 345
207 30 336
259 84 302
216 35 306
285 68 343
236 85 332
293 94 359
281 100 327
300 63 355
306 24 267
299 90 328
255 77 354
291 33 325
239 57 340
295 86 290
239 36 304
233 31 316
212 22 355
252 105 311
269 63 350
301 22 328
299 16 279
297 100 292
255 47 327
254 96 351
209 76 343
212 39 315
225 114 311
215 51 360
251 36 312
281 37 353
244 72 334
251 62 326
260 41 319
254 23 284
259 87 295
251 90 337
249 14 294
293 70 331
230 19 293
297 109 303
273 61 276
215 108 272
233 83 296
300 84 311
291 77 338
277 47 271
294 56 287
215 61 334
307 45 310
250 102 342
220 79 355
286 20 305
256 35 300
296 106 271
235 114 344
207 41 345
287 113 273
245 66 331
295 74 267
301 91 263
223 57 295
212 71 358
219 50 333
250 51 328
261 35 345
285 90 291
301 90 285
211 107 274
254 66 277
253 88 282
214 95 332
249 40 286
236 81 292
212 99 325
270 97 264
304 69 280
231 18 278
232 106 280
253 47 303
281 94 346
304 35 349
269 39 288
208 55 350
213 25 313
211 76 267
247 16 331
210 32 271
298 74 279
211 102 303
233 62 314
258 50 277
279 90 304
299 103 329
297 82 307
243 103 282
270 94 303
255 40 266
258 49 282
306 106 277
292 108 294
266 80 340
279 108 305
254 54 322
278 48 273
236 62 309
230 14 333
245 76 360
256 17 286
297 84 319
306 90 332
220 69 285
276 87 334
215 21 331
229 39 268
296 87 299
239 27 269
266 109 328
230 62 324
212 44 352
298 71 352
266 58 317
284 26 269
249 15 297
218 66 285
289 62 291
230 61 272
228 80 306
284 81 302
211 95 277
291 77 297
238 56 285
221 72 293
250 38 351
296 84 332
279 109 273
304 56 292
216 75 304
294 27 290
288 56 342
263 74 302
255 64 294
305 107 261
255 17 360
236 77 333
307 57 347
254 102 316
207 65 268
299 97 332
299 16 355
283 84 337
304 61 353
220 40 358
232 38 321
293 45 325
212 107 309
290 33 281
222 20 333
242 46 359
294 61 301
262 48 316
249 81 268
256 101 313
303 44 336
230 23 320
229 59 339
222 65 345
292 87 332
250 91 297
281 64 347
219 19 287
249 114 262
226 76 306
259 26 352
290 104 300
255 99 352
234 108 304
232 111 353
297 17 331
219 30 283
299 44 321
303 87 353
248 24 317
273 66 300
207 46 308
224 87 350
211 66 273
264 50 332
259 19 343
258 75 354
269 66 311
279 92 302
232 41 279
305 29 284
219 61 356
261 75 314
275 62 283
277 17 312
294 61 361
289 16 284
272 97 339
228 104 261
301 66 280
253 101 360
229 56 341
283 105 266
234 66 281
209 103 315
276 95 339
263 74 285
279 89 347
252 24 272
229 59 266
289 97 301
272 27 343
49 456 -11
3 431 34
-1 461 22
56 455 14
-6 432 16
25 434 79
59 443 1
66 438 74
71 494 65
45 491 65
29 497 75
-13 467 42
62 430 61
52 435 60
-6 509 21
33 452 74
-7 494 67
66 509 24
74 514 -13
12 467 20
74 467 22
73 493 47
38 505 60
59 467 -7
37 433 24
-23 451 12
58 479 55
60 480 79
28 429 2
14 455 29
-7 430 26
-22 424 75
36 429 8
29 511 -1
16 455 39
23 428 -15
-11 515 64
30 433 21
19 466 26
55 476 28
19 424 0
7 431 27
-21 482 -9
-11 446 24
46 509 35
63 499 37
56 460 43
-22 474 -9
30 461 77
27 491 -9
55 435 83
41 479 75
-9 440 30
-15 462 -9
5 505 -1
-10 447 -2
32 483 -14
31 440 37
13 422 41
67 479 -16
34 502 71
25 449 -1
-22 454 83
41 515 0
4 431 10
66 496 56
45 516 42
-17 508 20
-10 507 63
31 475 78
55 431 51
30 428 52
66 449 27
48 509 78
-17 487 74
20 468 -6
-14 508 49
61 500 -13
41 437 12
51 466 60
-16 466 19
34 483 67
1 517 80
31 496 82
5 428 35
63 436 56
60 478 42
52 475 78
-22 513 26
-23 504 27
67 436 10
-7 486 83
-19 480 42
29 435 -6
32 441 7
44 508 34
66 442 -5
54 430 12
-11 452 -9
55 425 41
-7 424 65
-18 443 34
27 432 26
-14 428 77
-8 511 79
34 432 44
44 481 4
55 515 25
16 442 74
0 495 30
48 511 -3
30 433 26
21 444 7
-15 480 -1
25 514 1
71 462 8
30 462 72
22 463 -5
54 455 0
42 495 16
70 516 63
63 461 20
74 451 1
45 520 60
19 434 42
45 493 18
48 480 74
62 507 17
-13 516 -5
-12 516 -7
32 470 58
51 517 71
36 459 79
-7 491 -9
9 477 19
60 435 43
-19 498 -10
51 442 7
29 459 61
68 487 51
22 454 50
53 483 36
39 510 -13
17 455 42
69 462 -8
-9 454 72
58 468 63
-4 469 -14
-11 476 61
58 509 22
64 485 51
-18 509 -4
58 466 16
-12 426 67
70 483 -6
38 453 -16
28 486 67
36 472 3
71 440 44
62 463 77
20 459 14
36 487 -13
-2 508 7
58 466 -15
-13 496 42
5 511 -7
28 428 48
23 428 -10
-16 450 79
-10 461 -16
21 427 70
9 515 23
56 430 76
38 487 3
73 514 6
-17 493 78
31 518 0
20 470 8
67 492 5
16 491 12
-1 433 80
35 432 -5
-16 514 67
30 459 -2
58 505 67
58 458 79
-13 434 -11
5 516 63
8 461 53
2 432 32
35 475 15
74 453 78
27 448 30
13 473 58
18 447 79
18 432 83
-5 516 60
1 444 16
51 450 -1
3 479 43
53 512 20
18 467 6
8 511 28
0 478 16
44 425 79
36 456 44
69 513 2
71 435 -9
5 461 81
7 445 71
36 493 54
-20 491 77
-8 496 20
40 479 80
-6 474 38
21 515 50
3 471 27
-1 469 12
74 514 -17
70 455 82
-15 519 40
23 442 10
76 470 34
-10 477 -12
14 477 -17
5 489 18
4 460 4
37 460 67
-17 499 47
-19 422 56
63 486 76
38 459 11
35 423 28
-15 488 62
-16 422 56
-14 498 -9
61 504 -9
49 494 23
32 431 9
28 468 46
69 442 -7
-13 504 31
26 518 17
75 472 71
-21 442 77
72 463 71
3 466 35
50 441 25
-15 500 21
46 421 16
-16 441 18
-6 433 64
-10 519 57
-3 477 58
41 474 26
49 488 46
15 499 25
47 469 82
73 432 1
-1 507 10
51 454 44
24 451 57
34 457 62
42 472 5
41 488 79
47 481 72
52 509 72
-21 459 61
35 433 11
-17 433 37
31 443 73
-6 468 9
19 464 -17
66 447 45
41 430 3
25 476 15
1 507 11
34 463 60
56 512 17
4 489 72
-16 468 -6
3 462 17
17 454 12
74 463 38
11 445 72
29 475 55
39 484 19
-1 514 55
60 471 79
-2 482 79
-12 461 68
49 500 28
-14 453 50
43 448 40
-10 432 77
13 455 41
72 454 42
25 515 -3
-24 421 66
-17 495 79
86 237 381
58 175 343
68 235 346
2 198 326
74 270 346
93 197 347
80 201 325
13 254 343
55 200 365
77 253 336
60 228 339
90 180 352
83 200 355
17 250 368
27 239 382
10 197 416
5 218 412
10 205 414
31 252 392
3 179 414
85 222 411
39 203 378
-4 274 406
76 184 398
11 249 321
68 233 338
24 230 409
36 201 411
86 250 347
96 195 363
12 251 381
11 218 359
11 180 382
48 252 319
11 188 337
64 179 365
44 199 411
34 205 338
66 180 352
-4 215 390
93 192 362
4 220 404
43 181 339
34 249 411
67 184 386
70 206 378
56 186 376
36 248 402
19 214 399
39 249 407
-3 267 372
42 179 388
37 251 390
75 234 392
29 238 393
72 183 329
55 264 368
7 216 326
29 263 345
62 206 370
49 203 354
90 175 388
29 246 328
92 192 328
16 248 378
41 247 344
94 210 351
10 176 349
5 268 349
79 223 357
81 232 344
38 197 347
72 197 324
24 191 369
96 180 414
4 237 405
10 218 379
15 274 403
19 230 378
39 201 414
47 224 351
88 227 415
23 249 324
71 215 382
68 226 364
91 272 358
95 175 371
69 243 328
30 247 371
57 183 376
90 178 328
69 230 359
32 260 413
55 238 406
15 212 330
42 218 374
4 222 348
52 259 351
23 251 371
26 241 319
2 273 363
68 204 380
34 210 398
26 230 361
47 271 371
74 176 412
33 196 333
48 257 398
83 216 416
72 229 397
55 272 372
76 262 361
54 267 323
24 211 395
78 214 408
93 213 382
88 224 383
62 210 401
72 182 382
6 196 374
65 242 317
54 227 377
69 266 407
32 210 341
38 255 319
83 211 403
42 181 372
37 256 325
81 201 410
48 207 348
49 202 321
21 187 357
-1 229 374
80 236 329
29 260 400
-4 260 363
38 255 360
61 215 377
78 264 323
-1 244 329
60 259 316
17 198 389
77 246 413
66 203 335
33 236 354
76 208 326
44 237 352
18 200 342
60 221 403
82 174 383
14 197 374
36 259 343
61 257 390
10 217 321
26 264 368
20 262 408
28 206 375
14 243 339
93 238 387
61 224 339
46 230 395
34 176 365
74 235 345
78 236 344
47 213 363
62 176 317
9 182 328
57 194 384
43 267 408
29 220 353
30 214 333
71 193 342
9 263 329
63 259 413
17 259 336
58 219 408
92 224 365
19 237 343
4 255 389
30 265 374
47 239 377
39 191 415
28 264 407
11 270 342
89 261 336
64 180 377
6 225 379
63 255 372
15 175 408
23 179 321
62 258 375
68 242 319
21 272 363
19 229 401
52 198 350
62 252 379
60 246 394
12 186 334
27 266 409
70 262 361
58 237 411
89 270 385
3 261 337
69 245 370
43 213 394
41 246 407
52 221 362
25 232 364
54 223 376
7 222 345
72 265 322
85 175 350
47 178 335
89 272 328
85 202 340
46 194 406
81 265 339
11 189 371
96 200 363
31 240 357
75 195 384
75 217 412
93 203 328
57 254 342
28 242 355
0 177 325
73 221 348
42 213 376
76 266 342
66 267 346
47 209 373
13 180 329
83 224 356
18 221 370
41 213 372
-1 232 414
56 217 327
36 273 403
6 212 371
59 258 345
96 203 386
51 208 374
13 176 361
88 256 381
33 185 377
84 231 356
19 174 386
88 269 327
34 192 411
7 200 331
86 237 385
82 215 323
77 227 398
92 245 411
22 261 377
20 203 410
46 219 407
59 273 317
27 186 387
2 202 394
44 218 348
5 174 350
9 209 371
-4 249 367
24 259 334
87 273 329
44 255 367
2 214 379
29 262 385
12 255 367
11 261 380
57 207 318
32 263 317
48 177 316
42 268 333
64 264 368
32 195 413
37 228 409
94 225 412
82 208 383
36 202 372
75 247 356
29 185 345
45 241 403
23 221 353
67 208 343
51 260 336
7 235 362
34 205 360
36 205 323
89 195 397
86 240 332
17 211 384
27 231 402
5 211 378
78 228 332
88 258 386
48 263 391
19 222 395
80 210 411
227 488 260
230 433 211
191 430 275
193 486 247
171 486 290
209 501 271
199 444 211
265 474 217
246 479 230
205 494 289
229 483 284
173 520 213
212 459 244
228 420 215
194 457 288
175 434 267
197 488 229
247 515 275
225 512 239
205 485 255
242 480 255
226 451 229
216 520 194
267 440 256
183 427 219
258 456 195
232 481 272
244 515 246
223 444 279
233 519 275
239 455 240
220 438 276
205 517 239
218 476 279
223 436 216
174 519 255
216 453 257
205 518 261
255 506 202
202 514 252
253 479 219
221 457 248
177 455 246
230 513 196
186 481 197
189 425 232
197 439 231
213 513 263
190 425 243
215 458 288
243 499 255
189 493 280
196 426 291
218 451 220
237 427 258
205 460 271
203 484 265
256 468 209
230 492 215
269 470 288
268 427 268
258 506 206
185 437 286
259 492 243
198 468 268
200 516 262
205 508 248
215 510 216
202 444 206
212 488 222
241 459 226
242 457 267
176 505 265
184 434 291
207 493 218
217 478 252
237 461 223
230 461 243
203 494 283
247 519 260
171 421 248
223 457 206
236 478 194
249 485 220
208 482 233
209 496 225
221 517 269
170 513 259
216 432 222
251 487 238
264 422 204
220 481 288
215 463 226
269 482 243
217 496 286
210 466 191
200 437 291
170 502 242
218 482 228
232 471 251
196 496 281
245 431 232
208 439 200
258 453 235
222 492 217
259 502 271
233 427 266
174 477 243
258 487 222
223 520 274
172 421 268
214 497 233
214 429 204
171 428 204
176 459 230
265 464 232
182 430 236
194 498 251
190 464 278
250 483 204
221 496 225
236 455 243
247 478 210
197 500 250
188 487 217
247 450 235
199 423 224
251 420 251
225 497 236
173 459 267
259 516 241
249 447 250
182 480 269
237 450 249
223 519 267
197 436 215
264 474 284
259 434 265
259 476 284
220 425 242
226 468 290
190 470 275
259 464 274
242 444 193
254 491 241
192 483 273
169 479 210
258 487 253
251 513 239
182 430 244
257 426 224
221 486 264
220 454 290
226 513 273
195 470 239
175 485 248
257 441 247
189 490 216
212 502 284
214 513 284
241 479 287
173 516 214
181 492 230
177 471 263
262 516 240
211 424 254
207 519 262
196 474 207
191 464 206
221 502 273
171 429 277
224 441 210
233 467 265
209 505 215
197 496 194
171 482 199
222 421 205
259 515 192
182 445 207
258 422 272
209 448 261
226 473 244
183 469 221
169 436 273
264 444 231
187 432 240
242 439 205
261 478 273
204 497 271
233 471 268
210 427 192
190 454 290
186 446 258
245 446 260
192 456 216
178 436 270
174 450 216
203 502 260
169 456 213
237 472 214
174 506 283
192 514 228
255 501 230
245 499 247
196 435 259
175 499 242
198 520 233
234 488 267
229 443 272
236 487 270
235 517 207
212 498 258
244 504 274
249 474 248
201 435 252
207 437 225
204 439 256
235 477 270
170 463 248
175 431 228
236 476 260
235 457 248
218 508 290
182 516 272
268 450 281
214 476 197
222 508 218
260 463 221
253 463 223
258 520 252
249 445 216
246 486 275
230 424 252
173 478 238
266 443 212
223 459 288
236 485 197
170 495 218
268 514 291
240 491 283
222 475 277
205 465 267
169 510 289
213 445 207
243 448 232
228 463 209
210 471 193
230 488 233
223 429 255
245 430 272
191 494 218
244 432 232
208 496 223
253 457 265
231 470 214
268 509 206
186 487 209
267 471 273
246 503 258
218 498 201
221 488 233
260 451 263
239 477 246
188 490 219
242 494 252
258 450 221
258 440 193
176 460 284
213 481 233
221 453 262
245 438 194
198 518 200
188 485 255
266 437 285
214 502 216
225 511 262
246 493 282
221 431 264
181 495 226
187 425 289
249 515 234
194 499 249
231 514 210
262 423 241
191 453 240
240 465 283
263 497 236
234 421 204
173 481 290
216 485 228
230 487 251
211 500 209
186 438 245
253 520 250
248 510 260
254 432 261
196 452 226
218 482 286
243 426 280
227 490 202
173 370 236
104 395 223
97 406 230
165 392 178
153 413 240
109 453 247
126 390 221
161 360 205
111 388 169
101 359 199
157 431 206
91 363 182
91 412 194
97 415 239
92 408 172
112 359 235
157 454 243
176 416 238
132 411 163
126 409 200
156 446 239
174 374 148
123 359 181
156 394 231
146 397 197
163 454 195
144 380 214
101 366 148
137 418 163
125 437 236
152 372 168
117 438 216
166 396 219
176 452 247
146 359 238
159 371 164
165 418 208
127 386 228
98 388 204
97 402 179
185 420 224
104 366 182
173 445 181
109 422 198
120 437 237
179 404 240
154 441 180
135 433 243
133 417 241
115 408 179
175 417 200
177 382 227
108 358 217
148 403 177
96 449 246
152 453 193
123 407 159
129 424 234
116 372 166
154 413 178
92 360 236
132 402 180
150 357 189
148 452 206
177 375 209
114 406 237
163 393 188
176 442 223
100 392 190
86 368 178
155 432 191
116 448 216
141 367 179
180 395 229
179 398 239
162 395 221
143 390 229
130 361 192
108 430 199
126 420 232
151 388 187
167 408 226
145 375 197
164 412 229
137 400 194
123 387 201
173 403 152
99 401 163
98 416 212
111 368 214
88 402 200
184 369 233
114 372 154
169 356 186
149 415 216
152 358 246
100 381 187
123 363 247
157 452 203
99 382 193
86 401 218
184 402 179
165 383 197
115 422 205
117 386 191
131 375 158
178 376 178
186 370 216
107 441 222
152 455 242
122 424 178
126 418 227
120 445 244
97 388 225
174 447 232
173 444 160
157 360 233
162 425 199
160 380 219
186 359 222
114 370 194
120 438 164
102 367 204
182 451 223
177 430 163
124 362 195
175 366 229
100 378 212
169 375 172
114 433 151
169 385 164
157 452 149
150 436 236
119 397 157
182 392 230
120 415 193
153 427 244
100 387 209
144 405 211
186 428 209
175 446 197
105 413 191
148 452 197
93 409 221
126 365 175
115 397 229
138 432 227
93 453 235
179 377 234
101 442 237
141 377 233
131 362 226
135 404 180
127 398 196
164 420 227
148 397 171
123 358 221
147 451 214
144 418 207
108 371 188
183 451 177
122 390 170
120 365 211
131 426 182
165 389 206
96 445 167
175 361 232
149 393 238
146 396 208
91 371 234
161 414 221
169 391 247
86 366 234
102 385 181
119 419 233
93 436 177
90 429 245
87 403 240
173 409 162
156 382 181
108 369 229
99 425 231
179 359 224
142 397 236
171 393 157
135 415 157
101 408 243
172 434 217
174 401 184
116 423 208
111 426 163
89 383 193
89 436 150
170 411 183
87 419 160
173 387 172
176 419 213
102 415 149
102 414 148
137 359 159
164 378 196
171 443 235
112 454 205
159 449 188
90 433 211
149 445 185
138 409 203
113 396 198
121 356 165
143 447 171
113 399 206
175 371 243
96 427 156
155 368 176
150 433 233
155 451 220
117 448 164
181 368 243
105 398 204
162 408 173
152 433 177
180 395 155
161 444 160
145 371 169
159 398 205
95 364 246
148 356 186
158 390 226
170 442 245
89 423 174
91 409 240
177 375 180
178 366 198
131 370 237
167 430 152
87 416 226
166 406 222
174 412 230
115 415 236
144 375 162
107 407 207
121 384 206
185 439 231
149 355 229
103 356 234
108 374 247
146 401 224
129 372 209
168 430 203
94 431 183
97 403 186
181 378 177
172 438 248
176 375 185
105 452 192
183 376 152
180 377 157
168 412 210
142 393 217
126 430 213
108 404 204
117 376 174
93 415 172
98 379 225
135 368 196
135 376 206
149 439 188
120 401 225
125 397 213
86 434 237
134 446 151
155 359 148
168 398 183
169 365 218
179 440 245
160 449 165
127 379 187
167 360 150
161 398 216
142 362 234
126 454 243
92 398 171
98 421 166
148 446 230
170 376 203
89 415 168
176 424 178
132 383 214
186 407 173
104 358 178
152 450 161
182 441 173
151 415 208
161 446 187
99 444 193
142 413 164
141 357 199
148 452 206
141 368 155
151 415 164
446 93 60
486 124 133
501 101 63
493 84 141
464 121 134
422 56 74
487 106 89
423 31 141
521 101 121
514 126 109
514 39 119
465 107 106
437 56 158
514 98 132
442 77 158
507 104 96
489 111 107
458 31 128
476 115 156
476 123 84
432 35 137
467 60 146
518 73 150
424 58 100
488 119 149
429 52 157
471 39 150
517 37 75
471 64 116
447 118 87
453 123 104
460 112 108
514 65 80
490 35 139
490 72 105
491 82 138
515 96 107
444 38 146
462 111 123
499 62 139
505 85 141
489 31 156
448 41 131
483 107 122
512 40 142
483 116 140
438 82 136
515 49 97
476 104 91
498 65 129
490 57 70
521 95 101
499 113 121
449 92 156
435 100 153
459 100 106
424 65 158
484 68 106
496 130 68
478 72 74
489 56 114
443 61 79
427 88 103
465 117 149
423 40 82
465 113 109
473 56 142
492 99 123
446 83 134
520 50 76
464 122 121
464 51 62
423 32 63
425 71 107
492 87 132
505 91 96
492 85 73
483 97 75
433 40 147
433 93 80
445 55 86
489 70 148
498 73 148
505 120 145
519 65 135
468 68 150
424 113 122
474 96 129
450 89 81
508 99 150
494 97 64
495 59 113
487 110 147
486 45 74
507 69 78
462 121 133
469 51 59
460 128 151
502 48 76
482 110 83
466 52 90
431 73 152
520 87 74
429 42 118
510 50 141
506 45 66
490 57 91
454 79 79
460 94 75
477 83 94
451 128 60
478 123 81
462 80 118
453 112 82
424 71 84
459 39 90
440 47 79
517 33 90
446 103 86
474 71 135
511 124 119
432 38 139
519 131 109
456 65 116
432 49 90
468 56 102
485 58 150
448 87 156
518 76 89
460 122 107
480 76 136
438 33 142
451 125 81
452 124 97
433 118 77
487 43 99
464 110 89
517 72 126
462 73 134
522 127 91
478 59 62
451 120 70
463 33 95
507 51 63
522 31 63
504 115 71
460 120 65
513 76 71
494 64 89
490 97 94
507 118 120
486 94 80
444 88 90
513 43 87
491 120 101
510 38 100
513 61 76
492 75 123
488 66 120
488 35 76
509 59 147
473 129 147
450 71 83
460 73 86
477 58 141
479 90 66
441 57 157
481 35 152
483 131 132
479 50 93
467 76 90
461 95 126
510 126 67
472 71 125
446 43 92
470 121 65
437 102 95
517 79 145
447 35 113
501 76 141
440 123 148
464 124 98
496 75 105
466 84 138
514 68 108
499 111 144
517 116 99
432 69 91
466 126 132
463 48 141
462 124 73
473 44 129
501 107 80
436 131 157
459 47 139
427 47 129
492 31 98
465 89 147
499 101 75
457 106 124
514 116 74
426 57 69
452 53 123
482 38 119
455 40 128
443 75 148
497 71 158
510 62 77
511 77 62
428 46 154
423 121 71
437 58 129
450 83 85
510 129 155
443 40 92
499 35 64
469 112 65
432 96 69
500 65 128
443 98 84
493 131 99
462 91 144
427 118 75
439 127 138
462 86 64
510 60 92
453 65 63
464 32 129
496 126 102
442 40 111
466 109 115
473 74 135
476 57 73
444 117 154
438 83 83
444 96 144
467 46 139
515 110 66
492 40 84
433 40 72
512 79 85
463 78 117
472 101 111
503 101 102
433 80 151
483 31 130
464 55 98
470 56 67
455 120 97
520 128 128
467 126 140
501 37 138
496 110 66
428 99 157
502 85 144
457 32 148
506 42 153
456 45 59
484 126 122
466 53 78
486 52 130
473 100 112
496 52 100
461 103 81
441 63 78
469 101 104
490 83 61
444 78 64
454 99 94
485 76 109
446 36 76
519 128 111
450 126 123
512 80 156
449 40 125
481 122 74
469 74 80
516 59 98
520 36 128
509 122 118
482 69 153
435 42 68
496 48 127
507 75 158
490 47 149
519 94 149
489 78 143
502 110 70
476 77 84
464 48 97
444 108 67
466 122 77
512 129 77
422 72 137
461 49 65
490 113 77
455 33 105
465 120 102
463 82 122
442 76 78
255 413 106
295 438 158
306 447 91
242 408 86
293 403 153
240 478 115
229 396 107
264 482 104
258 425 168
216 437 140
290 426 83
288 424 137
227 476 95
244 388 92
255 427 117
224 420 132
247 421 94
234 457 90
286 400 116
219 475 161
302 428 129
308 480 70
226 413 104
293 411 101
273 415 166
241 474 100
225 385 101
209 464 163
308 401 163
258 453 160
243 385 117
273 419 160
285 469 81
250 395 134
227 412 111
296 444 85
255 425 84
226 472 70
220 423 144
222 424 101
285 459 93
290 473 112
233 465 161
224 471 150
219 423 69
228 452 154
243 409 154
225 469 120
285 433 140
245 399 148
235 453 144
302 452 76
252 436 103
266 408 168
232 421 159
232 482 131
308 463 115
218 436 97
254 454 93
231 467 126
268 426 123
244 433 117
211 400 91
220 402 107
264 462 86
210 480 95
255 422 169
290 442 75
224 383 71
216 440 87
227 429 104
295 447 168
227 424 114
273 463 72
230 469 96
263 474 138
240 424 101
309 435 102
252 410 92
228 442 133
278 433 146
244 476 93
229 399 135
220 458 93
233 443 151
219 476 124
221 445 119
222 439 148
225 457 142
282 416 136
232 477 93
287 452 82
242 460 148
226 420 83
275 469 111
239 430 77
234 399 72
217 449 155
221 408 121
235 454 92
264 426 150
302 425 130
248 453 149
239 433 145
291 437 169
302 438 162
301 423 163
296 444 126
224 443 114
294 394 168
296 483 110
223 468 122
219 409 97
259 474 136
278 480 133
285 414 149
300 443 76
282 416 167
214 416 88
211 480 95
255 453 91
212 446 73
299 461 159
291 467 88
288 469 156
244 459 80
232 400 123
245 452 126
216 417 115
229 443 144
232 428 82
260 394 77
212 470 134
285 463 111
241 395 149
257 461 166
304 454 135
237 459 151
229 402 149
214 472 104
245 404 133
251 449 79
242 469 130
224 403 113
236 453 154
284 463 70
283 394 78
306 431 143
222 445 135
258 416 146
261 407 114
265 398 99
301 393 146
284 476 83
276 483 109
275 414 74
256 475 92
227 418 161
275 405 106
299 428 108
250 385 134
298 419 96
250 418 82
300 453 75
279 397 86
216 440 150
210 453 127
305 410 124
255 436 86
216 447 102
279 463 98
280 474 110
274 409 117
222 456 143
275 402 122
237 466 117
295 395 90
226 478 114
296 454 88
297 426 157
308 407 73
236 394 90
291 446 97
308 421 74
246 469 79
263 455 94
255 414 115
249 421 106
250 483 153
269 406 107
224 455 96
257 466 85
216 423 93
272 449 162
244 479 111
277 385 112
284 399 126
302 482 114
264 434 108
265 398 74
275 409 71
220 406 94
249 443 101
288 457 167
279 388 119
298 436 76
232 399 130
243 407 158
272 390 164
265 410 95
307 386 123
309 417 164
292 430 142
278 467 159
237 405 128
230 475 148
267 433 80
306 404 107
261 470 129
242 471 93
215 482 106
291 440 92
254 474 126
288 407 102
239 394 96
302 480 83
240 426 164
252 447 70
238 467 94
239 455 150
277 395 158
243 415 157
218 439 129
297 439 153
279 409 69
251 468 90
248 474 107
224 438 114
281 440 91
277 416 74
213 389 139
245 386 128
250 389 84
290 452 94
267 483 149
302 405 99
244 384 165
305 456 130
273 441 87
234 466 108
293 408 119
211 432 75
301 442 140
243 472 85
279 415 155
239 466 164
218 385 143
240 401 158
246 431 89
301 482 164
256 447 160
219 477 168
247 462 145
305 447 91
304 482 143
277 411 105
265 401 151
237 435 137
251 407 102
262 431 95
300 479 71
290 469 125
309 422 116
222 449 111
287 435 91
299 446 131
214 415 139
244 479 121
265 447 121
268 401 92
264 397 167
284 390 164
295 480 130
264 425 87
266 436 134
243 403 105
265 395 115
306 416 143
263 457 75
279 482 106
271 443 100
291 438 107
219 435 74
290 449 72
302 419 155
273 415 99
241 390 169
304 478 165
225 436 101
289 398 142
153 115 169
98 43 154
84 73 215
108 51 173
117 48 156
115 61 190
138 91 149
153 95 138
65 54 194
163 51 147
114 86 180
161 98 133
87 124 153
120 132 169
136 117 149
141 41 130
158 105 183
164 91 187
78 78 140
85 133 132
120 38 199
130 84 212
112 109 140
116 46 150
123 95 223
91 61 139
134 102 131
147 114 145
134 106 158
89 113 139
128 56 200
116 105 176
82 43 214
105 67 213
155 104 163
91 70 191
74 74 140
132 123 146
106 45 156
119 70 142
158 96 144
151 81 197
140 51 203
127 35 133
111 118 205
89 49 129
115 88 179
78 112 138
103 101 162
102 39 208
147 110 205
78 40 211
84 90 221
114 129 213
118 97 176
69 94 198
125 116 192
136 91 179
147 54 192
125 119 220
76 48 157
131 66 163
153 84 224
81 42 133
82 101 210
125 81 207
147 111 132
79 39 196
136 39 200
130 82 132
69 94 160
148 110 200
76 37 229
67 75 184
164 77 195
149 118 190
101 121 158
155 122 171
73 44 185
116 66 156
95 109 211
155 73 149
94 54 228
88 124 161
124 84 186
64 133 173
91 85 144
101 53 210
84 77 196
114 70 179
99 96 182
94 66 200
72 86 167
105 35 130
129 108 211
163 71 188
162 88 203
138 102 192
121 63 186
65 81 220
107 96 207
156 113 152
160 118 173
146 106 186
142 34 200
155 118 149
125 100 192
66 100 129
115 34 228
149 47 166
163 70 222
157 71 139
159 89 225
126 53 177
75 38 152
95 134 226
147 69 210
129 54 143
146 130 196
77 79 197
158 97 191
152 56 186
77 41 148
132 39 184
104 49 142
162 66 184
115 112 176
122 121 190
148 68 201
153 59 133
138 81 198
71 112 135
83 76 161
67 86 173
121 93 176
127 59 199
86 76 203
155 49 186
108 72 186
108 58 188
127 90 156
116 134 172
94 80 197
91 116 187
88 107 189
161 34 168
149 105 208
80 132 148
140 98 199
142 81 180
134 121 228
107 111 227
73 46 180
75 117 190
108 76 133
97 130 202
107 108 198
103 83 178
113 86 132
150 117 153
119 102 223
131 52 219
79 87 211
132 59 182
138 118 185
115 134 153
123 63 168
119 86 147
117 41 227
98 60 133
163 124 216
146 109 157
114 67 135
105 41 180
65 128 199
125 85 199
73 84 155
124 90 210
72 67 150
110 73 175
127 92 226
101 99 229
106 39 183
162 123 133
114 98 137
107 133 130
128 106 208
67 128 164
127 56 189
111 97 154
82 90 221
105 109 216
64 72 131
164 112 137
150 84 129
91 61 185
149 44 219
103 83 138
123 67 137
113 79 219
111 71 138
106 120 142
78 116 143
96 118 164
96 100 192
128 47 193
152 70 135
149 111 193
145 90 204
108 48 200
152 66 162
140 44 198
121 110 158
143 79 225
126 59 154
128 128 136
142 34 188
146 60 223
145 49 156
156 74 152
79 43 193
70 107 131
110 103 192
89 89 228
157 92 147
150 69 210
72 98 203
80 55 132
100 132 169
97 85 174
86 80 197
75 49 227
70 62 222
95 92 227
110 40 185
140 76 135
115 65 205
87 76 168
138 59 160
68 91 176
67 94 213
137 114 157
113 76 193
81 35 150
161 127 175
152 106 158
125 120 196
118 113 151
64 130 130
157 58 191
107 83 201
103 120 164
163 109 174
120 93 143
121 111 179
116 67 137
125 128 145
110 126 173
143 80 143
131 88 155
126 90 209
155 57 178
70 99 150
64 39 193
85 75 140
152 78 161
101 118 131
157 60 190
129 98 163
162 119 144
111 132 130
150 57 223
131 39 196
115 48 145
79 113 175
85 88 148
71 78 157
125 57 169
161 77 218
155 73 168
91 67 229
162 93 191
75 34 129
126 61 192
91 126 212
67 97 167
130 72 171
115 134 227
141 95 150
117 131 210
124 40 149
112 73 180
77 126 171
136 134 220
137 53 146
138 45 154
69 115 205
92 51 201
151 40 174
118 43 196
314 272 350
260 227 326
258 299 388
275 270 329
285 228 356
266 302 368
257 289 362
257 225 336
288 255 402
252 252 358
253 228 338
257 222 409
314 267 339
244 275 392
273 280 332
304 250 400
236 232 386
323 262 353
288 221 358
328 308 354
317 232 350
299 264 350
260 232 366
301 224 344
304 255 357
328 286 346
273 255 396
271 234 392
317 256 345
312 292 352
319 286 331
276 300 396
273 246 340
313 257 379
261 304 343
281 299 395
301 270 411
246 292 384
271 280 395
290 252 401
314 294 325
294 240 367
238 225 381
254 269 336
262 227 328
267 300 407
309 278 331
247 221 416
284 258 390
254 241 407
234 276 339
239 232 347
242 308 424
237 298 420
291 305 361
329 286 404
232 263 371
285 291 406
307 242 377
298 281 416
259 239 368
285 253 341
283 211 351
292 291 344
279 219 414
252 286 345
272 212 409
261 284 397
313 240 382
314 296 366
268 283 347
262 263 387
290 254 385
281 231 366
281 267 419
330 296 390
248 220 405
247 247 413
247 285 402
258 283 356
317 289 396
262 239 376
246 235 421
308 288 397
245 221 402
330 248 417
291 255 355
262 308 336
267 264 396
312 297 349
279 215 333
330 214 331
306 219 346
280 269 334
301 256 375
295 267 351
295 224 355
251 247 339
264 245 392
296 311 424
261 219 405
315 302 399
263 254 390
251 304 368
318 235 367
260 239 419
315 289 329
288 238 373
236 252 418
255 301 375
288 242 327
237 259 356
278 292 347
266 299 365
237 303 346
310 217 329
231 225 350
281 294 408
304 251 363
297 213 339
319 304 408
328 214 396
276 272 412
297 263 354
330 226 360
271 288 390
318 260 425
257 278 425
232 238 392
252 221 379
321 237 351
328 260 330
273 303 337
242 286 400
261 226 368
294 255 363
329 277 402
315 261 364
330 276 328
298 244 412
282 213 425
330 280 395
312 214 413
269 232 336
245 264 339
236 211 374
274 267 351
288 275 394
320 281 339
260 214 416
232 293 386
300 264 403
326 246 385
271 218 338
263 307 390
244 310 363
325 253 356
323 280 355
268 237 333
237 220 411
239 253 396
293 301 386
286 287 347
251 224 384
292 222 342
254 301 327
277 230 367
287 236 425
311 256 369
252 228 423
256 276 382
318 213 377
264 219 344
241 237 335
283 253 417
260 250 414
292 308 383
284 289 417
267 249 382
245 273 376
321 226 346
284 224 345
268 255 404
330 257 406
318 266 402
319 214 416
307 278 398
310 309 415
277 250 416
257 270 328
314 249 400
326 226 375
255 224 365
280 227 393
323 235 404
303 277 377
243 293 377
309 268 415
313 270 357
235 260 422
275 292 423
320 290 391
241 283 329
271 283 388
264 239 373
256 290 353
306 262 377
296 277 353
268 222 360
292 281 368
266 297 398
242 259 378
255 272 411
329 226 361
304 237 346
300 225 413
293 220 420
245 298 350
305 240 327
256 228 374
246 240 377
308 253 391
275 237 364
296 262 362
266 276 337
247 237 353
304 239 399
306 303 412
278 284 370
271 281 376
314 286 396
282 223 417
243 235 329
318 303 356
260 310 414
324 229 404
314 231 352
322 237 350
267 258 386
299 290 353
263 213 415
317 284 425
316 296 332
292 310 356
329 301 423
245 244 372
283 224 424
293 247 415
288 239 382
311 295 394
273 277 364
298 231 330
304 286 408
239 309 422
231 253 336
268 279 403
302 284 368
260 261 357
275 297 413
280 296 362
301 242 327
254 234 357
237 226 397
324 230 421
323 281 351
286 266 327
269 255 377
278 233 405
240 232 411
270 282 376
288 295 330
267 219 391
239 249 342
262 285 389
301 245 357
252 247 392
295 214 361
296 305 414
275 247 422
232 227 398
296 250 398
264 264 391
322 272 371
258 266 358
319 248 369
266 291 407
250 274 396
301 226 400
287 269 335
291 256 351
246 226 385
250 265 421
312 296 389
323 231 342
265 213 329
280 308 423
286 245 385
322 305 341
256 231 387
331 298 331
310 209 313
324 181 278
355 190 247
344 148 312
347 157 300
341 178 268
337 243 257
402 235 334
317 240 241
384 192 303
344 166 298
320 163 336
366 191 329
327 160 328
379 192 314
372 166 285
342 237 333
361 157 260
360 213 265
315 199 243
373 161 242
380 213 331
357 241 274
315 222 250
383 208 293
372 226 299
370 159 263
363 198 329
329 181 248
319 232 279
405 192 298
387 214 336
395 202 300
328 233 314
351 147 337
357 191 239
345 235 304
334 194 303
336 195 250
347 151 240
349 146 302
379 223 259
392 214 328
384 243 313
338 234 265
365 196 322
323 232 283
359 154 244
311 151 323
314 155 323
353 209 310
400 182 287
308 218 312
323 181 253
314 202 292
371 198 310
316 170 264
326 240 312
343 150 277
358 174 298
362 178 304
329 233 250
385 234 243
333 218 252
407 173 332
381 235 338
310 188 333
342 228 243
320 181 305
393 169 283
373 199 299
341 154 307
340 158 247
308 235 255
323 214 278
364 177 313
389 158 318
366 211 276
323 169 297
363 195 273
341 198 315
381 214 271
363 152 245
341 198 283
381 224 290
366 216 244
309 198 320
363 161 298
363 153 336
354 204 292
360 202 297
394 183 296
339 216 281
373 181 260
344 231 308
385 185 336
360 149 251
370 161 270
371 236 282
308 243 304
320 196 254
348 205 320
357 186 254
361 161 288
371 241 308
324 223 291
391 152 289
329 163 288
349 237 245
338 177 316
314 150 259
365 245 329
405 153 291
401 162 323
343 188 307
385 217 267
403 183 267
358 200 281
372 188 314
406 197 304
352 224 289
344 176 306
401 146 246
394 186 249
382 182 288
358 188 304
348 172 291
333 199 308
334 194 339
325 189 243
354 161 269
324 176 324
375 176 240
342 163 305
374 234 306
405 231 287
378 211 247
340 148 307
340 243 252
393 204 248
323 214 328
389 206 296
368 223 267
317 193 239
382 183 265
372 145 299
333 213 284
341 155 257
324 153 335
397 168 271
394 177 334
401 227 331
367 216 239
332 224 281
374 190 286
386 151 268
346 183 305
341 159 317
370 198 247
328 238 312
333 201 280
322 235 321
322 197 290
355 174 302
389 168 283
331 236 268
378 191 327
330 194 302
345 225 326
363 210 279
362 175 301
407 155 320
367 223 248
349 236 300
344 231 328
338 214 303
319 217 242
316 189 240
330 235 286
408 226 302
333 227 322
387 210 286
326 225 302
323 173 277
313 207 298
370 187 245
363 192 334
341 186 262
327 217 258
385 151 310
328 194 258
313 160 280
319 153 338
382 219 300
357 147 244
399 182 334
318 199 327
335 213 333
340 159 311
384 191 313
365 209 248
404 214 252
325 166 282
386 176 331
350 209 305
389 177 283
340 175 328
310 194 324
408 237 270
387 223 240
379 208 337
383 194 298
329 151 323
376 200 309
326 185 275
322 225 265
310 157 332
405 237 294
310 148 260
383 170 318
319 206 271
383 219 297
374 236 312
345 206 279
347 170 287
386 228 275
320 209 240
396 217 329
368 158 316
345 193 275
314 239 285
319 194 304
359 190 320
394 154 339
401 224 254
374 195 254
352 177 275
369 203 270
374 207 273
381 243 256
324 218 257
325 219 315
349 150 285
392 181 335
380 171 266
394 235 247
384 176 245
311 199 313
343 231 297
358 152 307
383 153 289
331 167 305
348 159 262
383 234 270
374 174 251
344 188 268
357 149 253
406 189 302
347 183 267
356 195 259
397 169 288
327 215 322
377 176 243
308 208 248
380 186 247
350 204 326
363 233 260
405 207 302
354 167 264
343 204 242
379 244 274
315 237 327
314 202 241
322 152 274
331 199 281
363 168 338
355 227 278
352 233 288
358 226 258
373 183 254
373 162 242
337 161 251
322 240 281
338 187 275
389 215 286
408 230 310
342 159 297
313 166 279
315 194 330
337 184 247
407 197 259
365 235 314
392 164 267
318 231 333
336 242 293
406 217 320
315 177 310
390 243 251
387 235 300
364 223 239
328 146 459
317 101 532
350 134 492
310 135 486
334 94 479
350 87 470
285 161 458
353 117 518
363 124 484
330 129 539
336 173 450
346 108 534
272 172 504
332 88 542
274 165 465
365 91 454
325 125 518
267 155 499
308 83 546
331 173 540
345 176 468
303 113 527
275 96 460
307 124 544
287 165 453
269 133 515
327 80 530
362 116 536
281 124 485
326 79 504
321 132 461
332 134 510
284 163 518
269 166 503
357 149 541
308 85 509
358 120 532
366 91 486
360 117 481
275 116 464
320 140 486
331 158 524
294 123 516
330 80 475
277 136 501
355 97 529
351 96 511
307 130 483
366 137 452
290 91 484
326 163 522
320 99 467
267 145 523
293 123 528
363 93 543
314 164 452
284 122 475
267 137 457
328 77 468
321 121 477
352 152 532
268 130 468
331 156 528
272 140 500
327 175 485
349 151 517
291 81 539
340 165 448
324 163 490
316 150 528
317 137 536
274 107 519
337 119 469
348 116 531
314 138 456
312 137 519
327 137 457
312 77 502
349 115 522
318 90 468
313 133 447
367 103 453
298 94 470
290 136 511
295 137 515
345 116 492
309 120 543
342 111 460
294 119 511
360 164 499
307 149 521
319 86 482
314 151 460
362 154 518
362 137 490
325 129 454
363 145 456
323 159 457
297 79 523
362 160 545
345 81 481
292 119 448
283 111 447
301 131 500
316 106 496
326 166 542
287 102 534
307 165 487
349 126 543
324 123 456
347 104 515
341 89 485
342 92 507
274 111 475
277 88 512
293 100 476
301 115 539
335 152 479
304 147 472
335 175 494
359 97 504
342 169 477
328 90 539
278 164 476
277 80 493
329 128 541
341 165 461
304 81 522
309 93 478
331 138 476
333 131 533
361 139 453
343 129 482
339 151 505
323 97 545
270 107 536
321 175 515
323 152 451
355 142 538
295 90 495
326 153 479
338 138 519
300 114 446
328 92 449
362 174 499
354 128 493
345 137 517
328 136 497
347 109 463
304 120 518
301 144 447
337 106 468
349 164 507
327 144 447
342 133 525
304 88 505
361 136 532
330 132 495
353 141 473
322 92 541
331 148 468
307 128 542
285 86 455
326 101 508
367 112 461
282 157 534
366 116 529
323 133 457
293 99 506
312 100 481
354 83 453
357 167 520
320 141 487
361 121 492
268 110 482
282 152 502
274 149 469
293 163 487
283 89 492
331 126 502
282 117 486
319 176 526
286 167 487
339 97 508
299 165 476
269 160 493
323 101 470
318 137 482
319 159 485
300 176 454
295 172 545
294 122 496
297 122 542
363 84 515
354 160 498
288 176 543
293 151 502
344 116 482
347 158 496
294 101 481
356 122 501
363 116 502
279 156 508
353 116 544
339 91 531
292 155 475
350 109 516
348 168 462
295 92 501
351 113 457
268 99 449
366 173 517
287 151 523
310 121 482
293 95 531
320 158 453
287 76 472
350 154 451
311 174 510
350 83 504
274 140 507
268 131 541
313 113 464
276 133 537
300 135 469
321 129 488
361 162 535
270 98 477
325 145 490
305 96 455
361 171 477
353 112 472
338 76 499
327 122 447
280 167 543
276 102 518
298 118 467
315 88 463
315 148 527
291 126 450
291 144 525
286 155 510
295 88 538
329 176 534
345 155 512
318 146 470
326 136 454
272 76 479
283 144 493
360 127 529
320 168 456
330 94 535
272 171 519
327 88 511
275 78 509
293 97 536
332 83 535
339 146 472
340 152 517
349 118 452
298 102 462
339 155 530
298 143 464
318 104 531
295 107 473
364 114 487
354 93 469
342 131 479
296 148 484
280 127 501
353 103 513
340 152 500
275 169 501
319 93 508
330 93 512
276 83 490
285 134 481
357 106 494
279 88 470
285 94 501
307 153 507
303 121 475
293 129 545
353 106 504
280 91 532
308 100 447
336 151 534
287 145 452
312 102 528
324 141 538
304 175 476
364 79 451
347 145 466
332 152 460
333 113 506
321 152 539
295 169 446
317 176 515
331 106 455
287 84 521
499 379 491
485 384 526
468 339 529
453 392 497
420 342 507
445 371 520
429 337 517
489 359 534
430 361 539
415 371 519
460 348 539
402 370 522
436 369 535
445 346 464
488 389 504
495 389 457
421 370 538
406 350 482
442 308 467
424 316 503
421 362 538
497 307 463
478 307 541
482 299 469
422 349 500
409 350 536
420 314 536
491 362 453
470 319 516
419 358 481
425 344 485
481 366 506
480 383 480
462 375 457
488 326 487
484 337 509
447 354 448
478 319 497
430 357 497
460 370 544
461 292 499
493 294 498
465 346 463
493 334 486
417 295 505
465 314 477
420 364 531
490 363 526
426 331 460
467 359 500
408 337 449
482 383 451
429 333 536
437 306 464
429 382 480
441 323 547
427 305 516
438 377 480
409 338 525
446 365 511
434 323 514
494 364 477
468 325 475
418 381 484
455 312 533
458 342 498
455 391 472
441 300 542
486 304 452
421 336 457
493 378 514
475 388 485
494 362 494
404 368 501
458 361 538
442 336 482
432 373 533
424 294 458
480 303 545
456 358 487
455 296 487
431 302 491
434 354 457
457 297 474
486 298 542
460 329 496
501 337 463
472 299 529
445 368 479
417 304 496
462 338 531
434 349 453
422 327 505
436 359 468
459 345 520
412 372 467
501 351 541
456 392 540
402 309 491
408 323 457
483 306 532
445 352 468
440 351 497
466 314 490
448 344 498
448 295 470
497 309 478
438 312 447
410 316 539
427 361 530
435 327 478
468 311 508
415 367 470
473 364 515
472 339 519
494 378 510
480 313 485
423 352 547
438 335 544
420 380 469
416 331 517
410 387 515
466 325 506
489 311 472
484 333 478
486 365 460
462 314 473
406 313 481
490 362 489
404 322 538
493 337 464
483 314 497
451 299 457
487 307 496
417 297 447
464 375 515
482 374 534
410 320 534
497 307 447
454 343 501
439 388 535
500 310 493
473 380 490
417 375 533
408 296 545
430 297 453
483 368 499
406 297 454
433 328 494
496 301 537
409 342 511
477 337 540
470 302 461
499 352 515
413 330 523
479 320 484
473 383 513
485 324 470
439 353 493
479 344 547
464 366 450
427 337 464
437 321 486
467 312 526
437 385 520
484 305 543
420 349 479
476 380 509
489 308 521
492 370 451
483 302 494
493 327 464
436 313 452
453 339 517
468 359 516
433 333 447
500 353 500
414 367 543
435 360 529
416 390 521
404 321 461
489 369 514
446 304 517
441 306 475
480 313 481
479 304 511
499 307 540
471 296 461
456 328 471
494 367 469
474 311 496
474 297 467
497 352 547
403 298 504
453 312 534
420 386 485
484 338 481
406 309 540
471 324 518
473 312 481
434 299 453
460 313 485
494 332 499
410 374 519
415 373 513
481 316 510
471 333 518
430 368 476
494 377 537
474 309 481
404 340 532
459 383 468
428 387 494
462 309 449
455 318 538
447 343 511
440 307 490
439 332 492
449 320 542
420 386 447
493 334 451
471 336 468
435 389 524
488 364 458
485 362 447
403 306 545
428 359 497
424 307 537
468 330 521
436 293 529
431 389 532
501 346 491
474 358 536
419 337 464
427 382 530
435 386 478
475 392 542
422 355 465
480 293 535
459 353 533
420 353 526
470 359 477
467 331 479
451 328 483
493 366 506
407 364 524
420 298 476
414 357 494
450 368 486
463 337 476
452 325 504
484 370 526
500 349 492
421 340 472
433 327 484
501 373 535
442 381 477
486 353 452
495 383 472
471 326 518
450 357 515
455 326 498
470 378 533
432 335 458
474 359 503
486 312 485
487 305 543
416 381 477
409 353 537
475 303 537
422 360 482
419 342 464
406 310 530
496 321 486
463 355 465
481 321 530
414 370 487
442 322 449
439 349 479
464 357 463
411 388 526
415 336 531
423 370 531
500 353 506
418 349 538
407 320 534
427 388 464
460 343 468
440 345 458
476 392 492
434 295 470
449 296 490
433 318 542
466 348 538
483 362 517
494 353 472
481 340 507
489 324 523
420 332 536
408 294 459
417 302 73
442 336 113
479 334 145
414 260 109
426 280 97
399 282 54
461 318 141
424 267 122
452 331 89
417 331 104
460 300 141
419 278 127
426 325 47
441 309 84
469 333 51
461 336 122
430 329 99
430 287 47
442 246 58
476 253 46
433 306 100
485 288 115
393 316 48
465 269 117
436 281 146
401 252 93
472 248 48
459 340 129
442 290 76
467 317 60
435 339 97
451 287 58
420 329 115
429 267 77
468 273 60
435 306 60
446 244 56
390 306 94
463 246 66
405 292 46
463 336 106
414 283 122
427 334 129
403 246 88
408 299 99
393 259 119
422 340 64
460 293 122
441 287 82
468 273 60
404 310 109
427 328 63
446 241 94
451 299 122
457 336 80
479 320 132
436 330 75
440 300 105
454 247 146
438 240 120
475 242 60
399 252 117
459 330 139
450 243 57
442 318 51
424 301 91
398 263 137
488 316 127
479 291 50
456 291 78
456 334 101
448 337 109
408 312 73
442 282 96
413 258 109
420 295 127
463 257 66
476 280 79
448 287 91
433 296 119
473 262 141
437 276 135
486 240 143
407 246 49
459 241 103
487 260 70
472 251 145
412 253 108
447 261 144
421 273 91
400 324 105
482 331 146
449 300 58
437 311 134
462 299 111
481 285 137
441 281 138
470 315 69
402 328 143
485 305 139
401 335 79
412 311 50
442 259 141
467 266 113
447 322 125
483 275 98
404 304 90
428 240 112
406 336 80
427 323 54
396 292 101
408 321 68
474 318 102
417 304 95
425 339 99
450 340 117
443 333 140
462 257 80
433 335 56
475 329 70
388 309 72
488 335 103
443 299 136
461 296 77
428 269 103
396 297 75
474 307 54
469 319 114
488 244 88
451 289 94
425 265 92
446 291 77
463 280 90
485 243 138
449 284 95
436 316 46
483 333 141
431 241 73
477 288 128
454 279 68
474 279 50
396 298 111
419 286 48
451 256 82
435 252 75
435 275 50
413 337 97
488 288 122
453 275 53
449 302 142
411 315 146
412 243 85
472 326 59
439 274 64
415 310 109
419 331 70
444 326 106
472 303 101
443 284 63
483 285 80
404 337 112
407 310 70
480 334 132
488 336 128
425 317 133
435 289 128
439 240 103
472 307 46
449 254 140
434 326 72
411 283 60
414 309 55
411 269 95
400 262 105
453 261 139
403 321 122
400 297 64
447 334 55
436 288 81
475 246 133
395 284 96
468 297 106
388 260 48
424 313 119
430 325 115
484 325 88
449 285 51
486 307 102
471 282 63
462 313 110
406 313 131
437 242 105
393 271 55
470 338 117
391 299 143
488 262 124
466 255 121
413 246 103
469 276 103
482 248 54
467 274 104
475 305 95
451 274 112
454 249 54
410 305 117
451 276 55
416 311 73
416 335 102
475 302 113
396 282 53
487 277 128
428 277 133
399 292 117
479 333 66
458 259 63
487 314 84
447 326 98
477 279 131
452 289 87
424 252 101
488 295 104
483 322 77
450 339 87
484 253 123
487 255 104
388 332 97
462 272 58
424 329 88
470 252 97
417 319 102
459 284 144
460 272 129
412 268 145
412 296 56
472 250 103
409 275 88
431 334 77
474 276 115
468 294 60
399 320 84
472 245 139
405 308 124
390 335 136
485 272 127
432 290 61
395 260 143
485 244 89
432 303 96
481 251 89
410 240 136
407 336 94
447 250 66
424 305 131
426 251 65
483 307 105
436 297 145
444 261 54
420 301 134
408 241 87
461 321 112
408 335 119
479 254 139
452 313 67
404 278 63
433 334 126
474 280 69
448 279 126
411 257 111
466 315 96
404 317 63
438 339 96
406 327 118
475 310 112
424 298 132
413 275 131
444 289 138
486 288 70
423 246 121
391 333 138
445 266 114
389 322 81
421 321 51
441 269 106
411 336 146
457 292 93
429 318 98
415 277 121
464 270 56
408 311 90
426 290 84
449 335 85
446 254 82
467 250 74
446 336 140
432 339 64
394 299 66
419 332 61
449 319 117
424 259 92
455 242 59
56 16 7
49 -30 -3
61 -11 65
94 25 -8
60 34 -17
17 -33 73
64 -28 1
46 50 11
59 30 62
35 16 -24
34 4 17
67 44 31
36 -17 24
94 -24 12
33 44 46
55 27 9
65 56 16
9 21 25
83 30 21
49 41 28
25 -9 13
31 19 -3
40 12 -2
37 9 44
37 35 39
53 -5 38
2 -31 27
4 -21 43
26 31 65
37 -35 4
32 9 55
45 -22 46
61 35 -14
69 34 66
59 11 -1
59 18 -5
50 49 -7
31 0 -24
53 51 -6
64 -21 -16
31 35 62
16 47 57
60 51 60
71 30 4
78 32 0
63 15 -14
5 13 1
27 24 19
47 -37 -1
21 40 24
6 -18 3
8 21 -9
49 43 39
74 -7 23
39 25 -25
75 21 34
56 19 34
2 25 61
56 11 24
46 16 69
35 17 31
87 -11 56
39 52 46
65 38 63
56 47 13
15 15 29
-1 -12 -7
80 10 46
78 39 63
10 32 13
16 44 -24
29 14 22
30 -7 -16
40 28 11
11 57 22
12 -11 40
91 -9 67
21 58 57
24 56 73
95 5 -25
44 13 74
52 -17 -13
48 -21 60
62 -28 8
8 5 1
52 26 72
74 53 7
4 43 38
82 22 70
31 37 5
95 -20 -17
92 -22 60
-2 -36 37
93 -4 12
45 44 36
53 10 -23
44 5 -15
79 -6 52
93 36 4
14 -37 2
45 9 44
38 57 -3
74 40 35
82 40 24
29 59 68
53 -16 32
3 20 27
52 -3 -17
16 3 -24
50 -17 39
43 24 30
20 9 20
54 38 15
27 -11 -2
63 7 43
32 16 21
30 -37 17
90 -19 -16
65 40 -10
5 24 61
25 18 1
73 38 27
65 44 34
58 -19 52
24 -31 28
83 50 54
16 57 -18
32 -38 36
62 19 71
2 7 -12
48 44 58
46 34 -3
13 33 -20
-1 -1 14
57 10 14
11 37 28
71 12 44
34 12 62
7 7 51
75 22 46
8 -2 11
76 27 -26
13 -15 11
35 -8 56
94 25 11
59 -13 65
11 18 23
83 -21 -3
65 -40 73
17 40 -5
3 49 31
68 -2 19
37 36 -8
76 34 30
-5 -18 34
49 -7 5
19 29 -16
61 -18 -21
87 10 29
81 0 21
14 48 51
52 49 23
77 18 -12
76 -16 0
5 -30 -4
67 21 -6
30 50 -8
0 14 -25
18 25 48
90 29 12
80 -21 14
71 35 -23
50 -9 -17
83 51 64
11 31 18
72 -1 -10
-1 17 -8
3 -19 29
70 20 36
55 26 9
-4 29 -13
76 48 63
40 28 8
31 47 28
33 13 60
74 30 -1
68 -24 55
52 0 -9
90 -23 32
84 -9 55
73 -14 -23
8 8 51
51 -37 -13
36 -23 13
83 -29 -5
43 -7 60
47 27 1
25 38 65
24 8 49
54 -34 70
86 -23 -19
31 -29 37
73 47 21
47 50 15
41 13 41
68 15 9
10 -31 32
91 34 -7
24 -2 1
34 -36 3
32 -18 51
22 45 14
32 43 53
75 -11 23
28 1 10
67 54 -13
-2 0 32
10 48 5
32 -9 3
39 54 -15
42 -4 25
-1 -9 59
57 -24 -14
30 33 3
3 -20 51
83 -7 36
68 49 39
49 -10 57
17 48 -7
27 45 16
95 17 26
11 -19 -4
85 9 58
18 54 18
82 56 64
22 -18 -24
66 51 7
34 39 45
18 26 33
84 -23 9
87 52 25
34 0 43
11 -15 28
85 46 -4
22 16 65
8 23 4
52 37 -4
-5 -28 36
23 -32 20
40 40 -17
93 -36 3
43 46 6
81 55 7
10 58 4
36 -26 27
70 28 32
81 -5 33
36 -11 -7
54 -10 62
83 2 11
11 -39 38
73 -24 23
53 -28 34
77 39 22
53 -35 59
69 24 17
5 -1 -4
31 50 53
82 -22 41
28 -39 21
14 41 -3
31 49 25
92 50 48
81 -2 -2
67 -12 15
53 -41 -18
46 54 -5
55 57 -3
4 -38 25
21 -30 22
9 3 25
25 25 -24
62 -29 71
32 18 -22
5 9 -21
11 11 16
46 58 58
93 -8 58
26 31 55
6 -19 3
71 11 58
47 36 49
8 27 61
30 -8 64
7 -39 25
24 53 67
-4 0 38
46 1 50
78 44 50
42 -4 -10
193 115 403
132 125 445
189 90 431
174 135 436
168 101 423
108 85 456
137 52 401
129 99 391
146 44 388
145 95 428
203 52 426
165 136 404
178 101 459
122 64 421
176 69 447
145 80 412
127 83 395
144 121 445
167 81 459
154 136 407
185 45 436
106 82 434
202 107 475
132 123 404
139 50 469
136 61 458
128 134 461
196 47 387
174 142 424
123 95 407
135 50 424
165 56 399
151 67 423
194 104 400
126 113 388
166 116 465
145 130 395
135 96 395
140 138 388
107 83 451
202 130 432
144 140 466
125 100 477
136 44 394
154 60 454
194 61 445
160 138 465
164 94 480
140 95 450
120 116 431
127 49 399
138 117 454
124 123 413
202 84 476
189 88 403
152 47 411
176 53 421
139 101 439
172 126 386
134 77 450
179 105 475
149 128 442
115 47 430
149 122 404
202 124 449
172 84 411
197 102 384
141 92 440
182 141 383
123 126 446
191 75 380
182 101 425
199 116 415
133 144 382
199 109 472
157 58 416
125 90 388
200 94 405
158 94 457
187 114 416
114 116 424
146 70 466
184 95 467
142 120 380
171 119 413
155 82 410
176 132 392
175 100 459
166 128 452
172 44 476
141 109 387
178 90 434
179 131 462
151 91 441
152 93 476
165 61 466
189 143 385
129 131 454
196 134 411
185 93 414
168 125 385
124 133 399
144 48 462
145 131 390
159 83 473
135 62 380
111 130 433
125 69 417
141 76 428
206 120 397
134 115 418
115 69 435
142 78 471
150 76 456
131 125 426
126 79 457
193 49 471
180 130 429
205 123 431
167 82 387
197 51 408
114 45 454
156 44 424
110 81 444
192 92 422
164 70 430
197 132 479
180 66 395
118 104 411
114 102 456
149 50 413
166 129 390
173 91 403
141 94 384
110 116 450
151 53 440
158 74 433
151 140 394
166 118 381
204 81 407
158 129 424
116 45 382
111 48 472
197 93 437
186 82 464
131 121 457
174 106 444
161 103 415
188 98 454
194 105 459
124 98 458
205 86 462
152 46 411
178 103 451
170 46 448
175 93 479
165 94 419
201 66 479
193 48 406
180 61 410
175 69 389
176 50 395
162 64 389
195 130 458
196 52 447
202 131 382
109 112 480
180 142 411
110 128 420
170 141 427
106 46 430
132 81 402
137 129 394
181 100 478
168 70 466
197 119 383
133 120 476
205 132 471
147 87 460
161 54 417
173 143 402
173 79 380
196 138 439
129 139 450
126 56 466
159 103 439
182 72 471
183 73 437
186 122 442
119 141 421
170 86 402
199 121 422
143 118 392
162 100 435
165 50 472
206 115 383
181 110 419
126 89 401
148 84 458
169 86 415
121 70 463
179 131 438
200 86 401
200 104 441
176 79 415
156 80 387
108 104 467
133 134 415
135 102 403
191 117 408
163 129 381
164 63 403
176 132 432
198 110 416
190 45 395
183 51 382
135 127 456
168 70 392
162 140 420
118 131 401
134 138 472
182 101 446
184 86 439
112 122 453
200 52 387
161 108 463
147 142 456
160 80 419
180 119 447
171 101 460
197 118 413
183 115 450
106 85 468
175 58 434
181 78 420
108 86 403
142 137 445
165 97 425
120 138 454
166 77 422
175 71 477
157 140 468
126 141 449
131 44 477
145 127 399
140 75 393
118 48 434
125 44 460
107 87 400
181 68 476
118 144 386
129 116 415
196 81 465
146 81 385
113 132 414
202 143 473
154 129 420
145 113 431
206 60 436
188 83 383
111 139 390
127 108 478
167 96 430
116 107 410
132 49 435
146 103 408
134 119 479
145 79 462
171 50 424
115 121 420
110 86 451
155 106 402
192 96 405
112 53 406
157 122 400
190 62 434
191 78 434
181 108 401
136 113 437
113 129 409
196 97 428
168 96 410
176 61 383
127 111 414
135 77 390
108 95 390
172 104 426
178 102 469
182 109 403
179 69 425
162 57 457
118 104 457
180 79 454
186 83 432
195 105 468
167 109 410
143 66 418
133 135 435
140 142 439
198 81 478
270 251 460
241 255 461
304 301 426
288 281 470
264 246 416
225 263 385
279 219 412
261 263 425
221 217 381
302 217 450
250 286 440
236 255 473
293 242 467
277 253 394
258 262 462
290 252 407
281 278 454
228 282 461
217 295 427
275 267 443
238 287 420
241 230 386
221 231 466
238 235 410
218 224 403
222 287 392
294 275 476
289 240 473
277 228 466
265 303 471
270 280 463
225 281 424
219 294 417
276 252 431
302 262 441
264 258 457
220 251 464
247 263 406
266 292 466
234 229 387
276 247 447
294 221 473
237 273 409
284 215 472
270 287 396
279 260 394
252 206 425
215 216 387
294 299 401
250 247 379
217 258 386
311 250 403
222 275 452
280 234 379
305 246 380
232 253 416
255 219 416
283 282 387
255 289 436
287 221 401
215 230 472
271 272 465
306 266 443
311 275 399
253 204 478
304 243 425
284 242 381
271 225 416
296 290 436
307 226 417
290 301 419
274 240 401
312 263 424
286 252 379
289 221 380
301 290 427
216 218 427
222 297 428
299 216 427
286 255 417
249 218 397
251 204 383
239 254 463
227 204 384
295 297 468
306 251 424
239 270 469
243 241 452
228 278 382
250 280 443
293 253 387
243 218 421
249 216 430
226 226 457
261 288 387
271 251 379
261 266 431
246 300 459
261 265 445
247 221 438
307 259 478
236 288 394
256 286 430
255 302 386
215 222 479
253 260 460
256 272 392
221 210 441
242 295 414
299 274 460
217 214 477
252 299 410
312 212 399
251 298 419
234 282 394
238 212 453
226 238 425
227 270 469
258 215 404
310 289 471
310 241 474
239 234 407
273 280 390
262 245 417
286 233 409
216 267 440
283 244 409
253 289 421
252 225 415
224 302 416
238 292 460
263 229 458
302 268 405
258 280 459
276 279 384
288 239 457
283 258 430
291 235 379
299 299 401
245 278 473
302 258 382
253 271 447
250 235 415
220 268 406
289 251 393
300 238 404
239 285 436
241 267 464
221 281 396
311 265 433
299 248 441
237 244 455
235 216 386
262 285 458
308 207 417
254 289 387
299 294 447
297 234 449
244 285 423
216 243 463
267 218 419
238 223 432
265 245 454
228 225 464
295 247 384
258 213 477
231 227 467
235 291 448
291 285 438
228 209 393
242 210 479
302 288 430
225 284 406
213 290 390
251 241 405
297 270 459
274 213 433
235 287 465
227 281 443
294 209 462
236 250 479
256 272 460
260 270 456
289 242 456
257 249 397
239 269 445
297 268 409
303 231 401
297 286 397
245 220 379
222 204 401
247 296 447
305 280 471
275 238 462
262 298 435
216 252 396
263 223 406
282 210 458
216 298 433
223 253 398
308 301 418
235 265 461
237 227 457
254 288 382
277 237 402
291 245 396
259 242 397
265 281 466
256 299 439
257 238 451
251 258 452
226 290 409
267 245 472
249 273 387
301 218 423
275 204 407
223 256 426
232 295 475
283 220 440
225 259 394
285 210 477
293 295 442
231 207 419
302 264 472
270 295 447
302 271 393
227 206 436
278 232 423
217 265 426
226 243 464
302 215 452
285 282 444
293 268 411
224 300 381
306 218 456
263 203 416
275 303 404
253 238 412
226 264 405
221 226 465
274 229 381
247 289 473
309 291 433
303 251 429
221 276 440
232 276 438
293 274 391
225 225 425
236 290 379
279 229 402
302 254 446
284 300 401
278 233 469
252 299 477
273 213 427
296 259 382
284 286 399
220 285 475
272 269 436
251 283 447
298 263 466
246 256 427
229 224 466
238 301 389
295 252 419
266 289 469
234 253 397
283 231 411
282 239 396
244 283 423
228 281 458
272 210 452
267 283 474
234 264 452
275 302 460
212 251 410
310 292 382
303 291 391
289 234 459
267 206 387
287 254 391
296 268 445
252 213 385
222 286 427
244 287 395
243 261 415
262 243 382
213 253 423
223 303 444
258 303 438
260 299 379
279 295 444
300 241 430
257 247 462
306 206 396
225 213 408
282 285 427
243 262 425
293 247 478
312 253 463
268 381 70
259 327 108
233 373 65
280 315 103
289 322 67
236 364 127
259 296 145
291 350 77
245 370 146
290 357 78
274 312 126
222 303 125
279 346 100
239 369 152
227 378 152
265 367 140
239 287 78
295 382 134
241 283 152
214 343 96
268 356 110
245 343 128
216 288 112
237 348 74
308 330 72
238 376 111
302 302 130
266 308 125
289 354 132
277 307 91
312 380 133
213 352 73
286 368 158
306 367 163
286 336 69
308 336 98
275 383 89
235 327 131
271 288 134
281 383 116
303 291 163
213 369 95
239 349 72
213 312 134
309 355 123
240 287 99
301 295 115
252 374 73
212 335 95
233 376 124
246 370 84
265 370 162
254 332 138
280 293 89
286 328 82
305 310 80
293 370 156
249 311 106
219 340 153
238 311 152
285 301 104
278 333 85
283 380 122
276 306 143
223 336 114
235 362 79
271 329 152
215 291 161
265 299 140
278 353 149
235 364 115
280 310 103
278 345 72
221 374 148
247 297 95
245 343 143
238 368 155
219 335 96
250 383 95
215 288 119
218 344 137
250 336 136
246 305 91
274 368 136
212 304 98
277 320 124
303 341 70
216 316 65
274 310 120
258 292 69
291 300 138
255 336 139
301 372 134
224 300 106
301 352 123
312 379 97
289 367 102
228 309 120
285 289 86
299 328 117
259 339 101
240 297 132
240 363 140
212 337 126
213 376 71
228 287 136
231 376 164
276 356 71
236 341 117
234 290 75
217 326 153
219 351 114
259 364 151
219 289 99
307 358 83
227 368 100
297 304 68
227 305 68
301 330 134
239 377 131
212 346 158
286 381 67
223 360 115
235 348 75
304 349 81
247 306 69
220 290 113
241 294 67
282 302 67
290 382 80
263 359 100
250 322 106
289 326 154
298 343 163
252 300 146
229 380 147
292 304 71
304 351 75
257 353 143
303 325 64
265 296 151
241 320 91
213 291 163
251 378 106
212 351 84
225 328 130
281 342 126
276 339 71
308 364 152
241 362 127
248 308 113
309 290 149
264 302 144
265 337 136
212 289 111
246 383 76
223 290 68
222 315 98
251 378 74
247 375 72
301 350 116
290 367 98
276 352 125
286 295 162
262 359 77
236 291 106
264 359 153
258 311 70
262 336 111
301 324 131
219 332 112
220 328 93
282 292 146
228 366 109
284 329 160
258 307 119
221 285 71
257 368 92
216 325 88
295 305 98
284 311 84
275 285 97
273 300 67
311 283 72
246 353 134
311 288 164
215 300 139
243 381 133
233 329 152
283 319 112
229 378 137
227 376 135
290 364 107
232 324 115
220 367 162
287 344 139
292 289 146
298 361 145
214 318 162
219 315 91
275 372 115
292 333 144
266 382 105
236 316 66
247 353 127
236 355 99
291 289 162
302 345 160
226 320 85
272 374 69
309 303 138
297 283 83
240 291 135
307 344 148
263 343 92
282 365 65
298 345 101
224 381 105
247 368 115
241 363 119
263 362 114
298 296 161
249 366 113
311 365 140
301 358 157
271 349 115
225 338 66
232 363 95
286 329 138
263 333 133
259 319 74
224 286 143
261 290 124
262 377 77
275 361 96
291 358 65
300 292 124
250 291 139
241 340 84
259 300 163
230 367 128
246 284 105
277 312 108
295 373 78
212 294 123
305 328 163
239 356 117
214 377 106
288 286 156
285 303 67
261 351 65
283 376 74
289 312 122
232 314 104
290 324 153
277 293 114
235 314 110
244 348 102
292 366 164
220 310 81
278 306 124
293 338 159
216 302 86
248 328 86
243 349 87
247 378 128
229 336 74
302 371 160
278 299 122
301 374 146
233 381 96
268 356 75
229 364 90
223 323 95
241 288 137
215 315 147
310 368 138
287 355 107
219 341 75
231 378 88
216 324 66
272 347 132
234 355 67
276 344 76
216 375 146
294 330 85
260 347 126
253 287 118
298 336 91
252 305 74
267 375 115
229 311 100
298 371 134
276 340 159
214 285 146
251 352 113
228 380 153
219 370 130
279 302 105
246 324 97
279 46 287
236 36 314
264 54 309
236 48 278
293 43 285
242 66 341
271 36 302
256 60 292
283 14 301
295 70 310
307 26 276
280 35 288
256 78 289
251 -12 268
303 19 286
228 50 286
282 78 291
238 77 256
241 86 311
263 15 310
224 39 344
226 54 301
272 49 339
298 -14 331
231 56 297
221 8 323
268 35 271
283 4 338
262 -10 292
273 17 276
298 78 295
248 19 258
281 45 323
248 -5 323
276 51 304
249 79 261
283 57 330
309 38 327
249 4 293
219 -2 331
315 52 285
288 9 259
252 68 302
248 55 311
276 46 256
264 68 354
264 19 308
220 28 320
273 53 291
271 49 335
306 -12 287
233 7 333
277 40 317
218 16 319
285 19 258
267 71 326
220 81 293
269 11 323
292 66 335
297 31 338
305 -9 299
272 58 294
283 -4 347
305 14 329
291 31 285
298 78 346
247 13 327
225 21 275
284 -5 304
242 -6 264
221 15 350
277 -11 305
264 26 288
256 62 354
294 39 353
301 18 312
243 -6 297
243 31 279
227 36 350
249 82 324
289 19 344
297 60 274
227 56 344
309 33 346
235 61 260
279 79 292
267 21 259
259 -13 306
252 44 335
311 73 302
279 62 275
283 71 332
218 24 313
225 53 319
287 51 262
219 74 284
315 84 346
304 52 348
257 79 296
277 58 280
280 23 346
259 58 354
234 68 327
254 35 292
303 -1 320
266 18 291
249 15 341
223 84 290
229 -4 326
235 38 261
218 13 273
276 74 314
278 80 269
260 54 353
305 -12 350
309 5 339
271 53 343
239 84 323
241 0 334
249 5 276
277 4 286
312 46 342
229 86 306
280 25 338
300 45 321
277 69 283
217 6 337
253 26 288
220 45 290
240 77 334
229 54 308
256 60 341
289 17 274
218 67 314
219 39 342
305 23 270
283 0 352
219 16 305
253 34 277
305 -6 320
271 36 323
270 85 318
233 85 292
235 56 338
303 78 341
301 57 318
314 47 344
237 23 330
316 72 355
298 74 259
259 20 334
303 55 325
256 29 266
301 44 278
316 31 275
256 9 310
257 7 310
305 5 265
280 86 292
227 9 337
236 50 275
234 53 282
315 4 351
234 -11 285
299 11 316
229 -2 355
277 39 256
232 18 293
243 24 281
243 27 353
296 34 341
296 -13 256
257 48 328
297 -1 266
289 29 286
297 53 305
251 11 294
302 5 258
262 42 345
225 -7 271
311 23 311
250 53 291
228 56 302
260 39 323
256 -4 286
218 70 281
271 4 262
225 82 336
288 61 287
303 70 300
217 71 336
301 75 260
272 -6 256
267 27 312
292 -3 256
292 -1 295
297 26 297
240 59 277
227 49 347
224 33 291
273 33 265
302 -14 347
253 77 265
287 -4 326
228 83 303
304 -1 333
266 -6 298
231 76 322
264 26 314
283 -10 339
217 14 300
306 -12 353
310 80 263
272 -13 329
249 40 262
258 67 317
298 12 292
255 69 264
251 23 310
275 84 349
233 13 267
267 9 282
291 74 324
276 -10 263
311 65 322
282 82 286
298 -12 351
240 63 269
300 66 308
270 33 294
266 27 311
281 -5 291
297 26 349
272 16 310
223 25 284
276 8 310
301 63 271
309 21 259
295 21 324
309 -10 283
312 15 349
285 74 287
295 3 262
274 56 329
309 4 285
283 82 316
217 10 318
269 43 317
239 84 281
298 54 286
278 8 348
307 25 346
265 54 265
260 -11 256
294 3 264
266 37 290
303 84 284
308 63 287
244 33 264
253 12 300
288 45 315
277 32 268
251 43 268
281 9 294
296 -6 347
287 37 340
248 21 299
314 24 352
281 82 268
316 85 301
276 30 294
277 56 304
248 23 273
316 48 305
309 85 273
268 77 337
253 19 315
226 10 340
273 41 282
243 59 281
314 84 309
230 37 285
268 41 303
239 32 329
313 23 316
254 72 331
251 8 307
223 72 257
239 -7 261
229 13 338
292 11 332
267 -14 255
298 82 271
229 25 321
265 70 345
301 68 263
254 -1 293
245 35 296
272 -1 322
304 41 283
42 1 -15
28 71 -3
34 42 22
-4 -15 48
80 77 1
42 67 9
56 -10 -21
41 32 -12
43 -4 -9
48 80 -14
-6 36 44
35 58 -48
25 39 -46
12 24 -3
41 49 -37
90 70 17
19 63 37
-6 35 44
42 32 0
80 30 -31
37 27 50
14 -4 -14
29 17 -49
9 55 -35
27 62 38
40 -11 42
17 37 -27
44 51 -26
45 3 12
92 -2 5
57 48 18
71 56 -33
90 5 -17
62 27 -10
17 46 34
79 48 -46
-5 63 -29
20 3 46
69 41 37
72 8 27
13 39 -7
60 64 -4
93 25 -50
3 -7 47
78 0 -4
88 40 -15
88 5 34
81 16 -16
8 75 -6
21 12 -37
46 62 -10
40 -5 4
57 84 -18
90 73 -29
40 54 -9
20 60 -33
69 41 24
21 85 -35
71 28 -18
56 64 -26
88 -2 31
9 74 42
38 43 -40
32 32 35
52 0 5
40 44 9
62 75 27
89 -15 -1
57 -1 -42
32 2 -45
21 28 -35
39 30 44
40 73 9
26 1 33
27 71 4
11 -14 26
82 6 -3
69 82 -32
63 70 -10
82 70 -15
51 41 8
74 68 -21
86 36 -21
48 42 -22
52 -3 -19
50 -12 -18
5 1 -35
86 22 46
54 64 -25
19 0 16
15 53 -5
27 84 29
52 15 48
58 31 -50
4 72 38
66 43 49
94 66 19
56 -10 26
55 15 0
46 33 31
43 27 -45
24 15 25
87 14 0
55 -4 -13
93 43 4
86 -11 20
63 -1 33
62 15 -47
23 12 -50
13 13 -6
36 70 22
50 70 12
39 24 33
17 -6 45
88 1 14
81 43 15
91 7 -38
79 -1 3
47 68 -31
8 27 0
44 6 -45
84 63 27
89 26 -46
6 52 11
12 71 34
82 40 -11
32 -1 -34
7 50 34
47 40 -24
42 11 20
74 2 38
15 10 32
20 78 30
63 22 -12
57 59 -2
73 68 -38
54 -15 9
56 19 15
-3 4 22
35 78 -35
58 74 -5
78 75 -32
56 64 -25
46 48 47
40 -5 6
91 18 -8
89 55 -13
-1 37 40
89 29 10
67 74 34
63 0 -19
72 66 -24
-3 48 -2
38 15 39
69 -8 36
38 60 -23
59 27 24
83 -7 -39
89 -11 6
28 1 48
85 64 38
74 70 11
10 62 -29
34 29 31
-1 15 -21
12 81 28
5 30 1
88 62 -50
27 60 39
-3 -11 -2
44 9 -24
5 56 -10
4 41 48
21 50 40
86 19 47
18 44 -1
83 72 18
12 21 -32
4 -12 -39
93 13 -44
72 2 -49
5 80 -29
60 3 -7
76 65 -14
14 60 -35
-6 53 -44
67 56 6
45 63 44
33 -6 -46
2 72 -22
79 44 46
55 77 33
20 2 -25
23 80 -32
92 -12 -49
72 8 -11
59 31 -44
80 39 22
54 84 11
22 71 -32
31 64 -32
4 34 43
59 72 12
57 3 20
86 55 -35
51 25 -39
89 1 20
34 61 -35
8 58 -3
6 -5 -39
12 66 -48
71 70 -29
61 -4 -20
31 37 -35
38 -6 -37
50 22 -18
70 52 28
38 12 45
34 53 4
17 45 -38
87 -13 -44
63 83 -11
51 70 -9
35 54 14
27 81 48
22 50 -44
83 61 44
18 -3 47
-4 69 -45
14 -1 -7
44 -12 19
7 41 26
23 60 10
13 68 15
22 8 41
15 40 -25
43 4 3
67 56 17
18 79 -43
30 9 -42
16 -10 -5
43 6 -34
36 27 -45
17 -9 22
26 80 -40
-3 74 24
56 76 -27
67 42 -17
49 31 -32
65 23 -49
-5 52 24
14 20 -43
-5 43 12
50 63 20
77 43 37
56 40 -36
6 6 -4
1 78 20
80 20 -16
-2 26 18
6 79 -28
51 22 -13
26 71 -12
29 15 23
31 -10 8
-5 78 -7
-6 35 -34
-2 69 -31
49 -2 24
17 -6 -7
11 27 -12
90 76 45
-6 -3 8
16 39 50
8 0 17
28 73 4
4 -6 -23
81 59 47
27 50 23
78 66 -20
71 41 -34
81 63 -47
63 12 -37
50 71 46
63 8 -48
26 31 -30
36 61 30
75 -2 -43
86 85 -15
73 70 36
-6 -3 -1
20 7 35
75 27 41
50 14 -4
4 58 -39
6 1 14
65 28 45
44 71 15
19 30 17
47 0 35
