8 89 36
33 61 10
19 88 35
32 60 36
21 83 14
19 50 40
6 82 41
-4 73 11
21 89 3
22 53 17
33 83 7
29 67 39
19 58 16
-2 56 10
33 59 25
-4 55 37
9 81 40
12 57 1
18 81 38
34 75 21
33 63 17
21 74 21
33 57 5
26 74 22
16 55 2
6 70 37
6 49 16
32 53 23
18 65 34
22 89 35
12 89 26
20 54 19
-2 67 12
22 80 24
17 64 8
34 84 14
5 62 7
30 59 30
18 66 33
29 75 19
27 62 28
21 80 16
25 56 37
-1 74 30
34 87 41
21 55 1
8 74 30
-1 49 10
32 68 25
31 89 33
24 78 6
1 85 30
-4 80 30
-2 61 24
3 88 11
36 69 18
26 66 17
12 49 34
2 71 25
17 50 25
-3 62 7
26 88 3
34 63 3
-1 72 34
8 83 33
26 60 35
7 52 11
25 55 27
6 80 7
16 49 34
2 50 39
34 85 41
22 87 23
3 82 36
28 71 14
0 82 8
18 78 11
3 70 27
18 81 1
28 63 11
28 52 13
-2 72 11
-3 75 31
21 87 9
36 49 37
-1 55 14
29 61 30
4 66 25
12 64 34
29 52 21
33 64 24
8 65 13
36 68 11
11 54 36
22 73 34
17 81 4
-3 53 27
21 53 3
8 64 9
27 86 6
29 57 39
14 84 31
2 59 34
17 60 35
2 75 21
0 64 9
16 49 20
4 69 17
35 83 29
22 76 27
4 66 15
27 58 41
0 85 3
-4 52 9
32 83 26
12 74 9
3 64 37
-2 60 25
14 76 4
21 75 20
20 63 2
33 50 18
36 55 1
5 73 3
19 62 9
19 56 30
12 70 32
23 66 36
11 89 35
11 59 29
7 84 21
16 88 17
7 58 14
6 49 10
16 55 39
18 76 29
33 86 3
3 76 7
28 60 37
18 85 23
13 83 34
14 56 35
25 75 34
11 77 7
27 71 20
36 76 20
2 85 23
23 62 31
28 54 22
8 84 40
-1 81 36
15 81 36
7 54 9
9 83 16
24 70 21
4 71 34
18 89 28
17 53 34
33 73 23
-3 64 26
13 82 7
17 51 5
30 66 29
5 53 13
30 67 27
28 62 17
3 79 36
7 53 23
26 70 32
-2 60 13
22 58 18
25 61 7
19 58 22
29 53 16
0 64 34
24 82 14
1 84 5
7 82 3
27 50 21
18 81 39
21 89 33
12 81 13
14 69 7
-2 75 1
31 86 32
33 89 8
28 88 12
6 65 37
27 89 41
32 82 9
31 68 18
15 64 13
23 86 15
14 80 41
0 67 17
16 53 24
9 72 36
26 77 22
17 81 5
33 59 19
7 65 21
30 51 5
28 79 40
20 62 7
21 78 23
29 49 25
30 81 17
7 56 21
34 71 12
4 71 11
14 88 20
24 53 27
17 87 18
-4 76 34
26 75 25
26 89 31
30 82 21
12 79 26
25 77 17
12 56 20
3 67 29
27 84 40
31 54 40
28 53 38
36 77 8
30 83 10
28 65 3
3 87 20
19 70 39
36 62 4
30 51 8
33 74 29
8 80 15
21 76 15
25 66 28
34 71 15
29 60 22
18 60 11
4 63 19
20 65 35
19 85 15
6 64 16
3 64 13
29 80 23
15 83 22
20 77 17
-1 74 34
23 52 2
13 88 11
1 60 3
-3 52 18
18 85 28
30 56 39
3 61 40
14 60 37
16 71 10
35 74 7
-4 54 39
27 77 1
31 59 18
6 73 8
-2 89 29
6 89 20
24 52 2
30 61 17
-1 59 7
4 51 32
2 71 6
6 84 28
22 82 15
19 67 3
35 73 14
6 59 31
35 82 16
9 76 32
18 76 1
31 69 18
6 82 35
7 54 4
-2 55 21
0 83 9
12 85 2
5 76 36
-2 87 22
12 75 10
12 72 14
23 86 10
25 82 5
0 60 34
15 52 9
11 83 15
6 79 19
32 79 13
23 78 34
4 87 20
5 64 33
7 71 23
-3 51 3
23 64 26
-4 65 34
16 70 12
9 71 13
34 66 37
36 54 1
33 65 11
20 56 16
28 71 7
27 75 22
23 50 5
8 80 18
15 52 16
6 62 3
0 51 10
1 64 31
16 53 18
4 62 17
25 87 1
12 49 26
8 81 28
7 71 27
28 85 37
23 69 22
2 86 38
18 51 35
1 63 4
18 89 13
22 70 28
33 88 40
22 59 1
22 52 23
29 57 16
21 57 27
5 52 18
6 66 10
30 84 17
12 79 2
7 67 13
-3 89 34
-1 51 12
34 65 4
30 70 25
24 74 13
32 67 29
8 53 6
1 71 15
25 54 21
12 89 13
3 62 7
20 50 8
13 52 30
24 23 94
46 42 113
18 41 79
54 8 93
19 42 89
46 45 97
31 36 110
27 23 90
40 11 106
20 11 115
56 32 81
23 37 90
37 27 93
44 27 87
30 10 110
48 21 87
21 47 101
55 8 84
57 26 88
32 35 113
37 31 93
29 38 81
19 36 88
41 17 107
55 27 89
50 26 107
51 16 84
50 35 82
55 16 96
44 15 113
35 41 113
25 8 116
41 15 114
24 22 83
49 20 107
24 22 81
54 42 116
23 35 87
36 11 87
37 12 84
56 20 86
56 14 105
30 20 115
52 26 108
54 40 109
45 33 106
34 24 100
39 48 108
37 43 102
18 40 89
30 45 105
27 27 117
43 32 101
20 9 99
28 47 99
26 28 91
47 34 97
48 20 96
24 15 90
18 36 97
29 43 80
20 31 105
34 46 86
38 47 88
25 38 112
44 19 114
40 13 101
28 10 101
33 33 85
20 14 98
36 14 78
45 30 94
47 20 114
42 17 108
20 37 102
52 27 95
19 9 115
34 45 117
23 23 85
42 27 104
36 26 107
37 26 90
19 30 79
21 29 105
50 27 102
48 20 114
29 16 107
46 14 103
33 9 108
54 16 115
39 19 90
29 16 89
17 38 87
40 35 109
50 13 86
23 34 99
29 38 82
55 32 117
43 23 87
19 28 90
21 37 109
19 32 116
55 15 100
19 42 107
33 24 116
30 30 98
23 43 99
51 27 113
33 39 80
37 10 106
50 13 109
29 14 82
20 35 111
21 12 118
54 44 110
29 37 95
42 46 98
42 11 86
29 31 117
30 8 96
41 31 101
21 13 98
46 27 104
46 14 105
49 10 90
29 21 113
40 17 94
26 47 82
29 21 100
23 40 100
49 24 117
19 48 108
20 9 96
28 18 102
34 33 86
20 35 111
31 40 98
42 37 90
30 11 79
47 43 117
45 39 113
25 14 80
19 18 87
37 16 84
38 34 104
27 35 107
29 30 110
37 40 89
25 14 97
44 33 88
50 43 80
29 8 80
57 28 80
25 13 101
34 16 85
39 46 92
17 40 101
55 47 91
42 45 115
42 14 110
47 47 118
49 8 101
41 9 116
55 12 94
35 23 88
28 8 78
41 43 113
31 37 83
17 12 87
32 11 109
41 27 104
31 48 98
40 19 107
34 13 118
19 41 115
22 42 91
32 47 79
35 25 85
31 35 83
35 12 86
48 29 118
24 32 86
50 17 89
49 39 92
34 29 92
52 29 113
50 11 87
27 29 110
23 18 92
42 13 83
21 26 110
20 26 115
35 35 106
31 22 91
42 31 101
46 8 108
46 10 111
43 36 105
27 48 80
32 20 118
57 13 86
17 36 84
46 34 117
48 32 104
52 37 96
20 36 112
53 16 105
27 35 102
30 14 101
24 45 78
22 8 90
50 44 109
23 28 97
31 46 86
40 38 88
17 21 92
28 33 115
48 45 97
52 43 82
36 21 95
37 38 104
54 25 86
39 24 103
27 40 105
53 44 84
31 44 103
37 38 91
41 10 111
24 28 84
49 9 117
37 31 90
34 36 116
51 34 115
33 46 91
37 43 116
20 15 106
57 38 99
35 36 113
41 31 105
53 12 111
34 47 79
20 10 92
46 9 108
28 18 101
42 42 82
33 36 85
47 15 116
44 23 84
35 25 101
42 37 82
20 25 92
17 44 83
46 41 102
22 41 97
22 10 88
48 23 84
18 31 93
42 27 86
43 9 113
35 43 80
44 9 102
56 34 116
19 8 81
55 48 86
17 34 111
20 37 108
24 9 110
35 44 86
32 47 83
20 20 116
54 25 115
31 33 84
21 20 102
47 13 107
49 14 99
56 39 115
35 9 114
30 25 110
51 12 112
29 16 85
19 25 118
21 13 118
37 43 99
28 9 79
55 43 107
56 31 103
29 29 105
50 8 87
17 11 103
32 47 102
19 48 116
30 30 100
56 14 98
47 28 92
30 42 95
34 45 116
23 44 112
55 32 111
27 46 83
23 12 87
30 22 107
43 18 117
57 47 86
56 14 117
30 18 113
25 9 92
35 8 118
30 39 107
48 8 82
48 15 93
38 47 105
54 20 102
30 48 117
49 44 81
37 15 109
49 13 78
35 42 116
44 45 109
27 23 81
53 17 102
57 14 115
49 29 109
50 46 78
38 39 92
49 37 87
54 42 84
37 11 98
56 25 113
55 24 99
28 30 108
45 25 79
18 34 102
44 41 96
50 36 91
18 9 105
17 21 108
55 43 114
47 41 78
27 40 83
20 23 78
42 19 100
34 19 81
53 13 93
34 16 111
21 17 98
52 36 86
31 25 104
17 20 108
49 38 105
39 43 114
81 15 58
107 8 50
114 8 52
117 22 62
119 0 44
114 17 55
85 28 59
89 9 47
113 22 47
86 0 46
110 13 69
97 25 52
81 17 67
101 14 32
85 26 55
81 28 54
95 15 47
83 0 71
110 17 68
83 28 33
103 8 65
91 31 69
93 34 36
118 -1 65
108 -5 33
98 -4 68
104 2 44
108 30 66
107 11 46
115 4 50
82 3 57
93 5 38
103 6 67
92 10 49
111 12 34
81 3 33
117 31 48
97 6 69
88 30 56
92 17 67
119 31 54
96 27 53
91 5 32
87 27 69
104 -5 67
93 -6 56
82 0 57
119 31 33
93 27 46
96 25 41
106 18 49
80 -3 33
91 24 55
85 -6 48
119 27 43
102 34 62
113 -4 41
113 -3 45
112 32 68
83 -3 41
111 19 49
118 0 61
107 30 57
99 18 40
80 28 41
104 -3 42
104 25 48
108 7 47
100 23 65
115 -3 68
110 0 32
82 20 44
109 -6 34
107 28 55
89 30 39
83 34 71
109 5 42
89 6 44
112 3 55
112 -2 64
96 22 72
91 29 34
119 27 66
109 -2 61
104 8 48
120 31 44
95 8 47
108 29 63
113 20 49
96 12 57
96 26 54
104 34 70
105 6 71
92 1 58
115 13 53
118 9 59
87 7 47
114 29 33
84 14 34
99 4 37
82 0 52
98 21 38
112 25 63
99 26 33
101 34 69
106 17 38
106 -3 52
114 2 66
80 33 43
92 -3 43
105 31 43
100 3 50
108 -5 46
94 16 41
82 24 46
116 13 46
120 28 49
98 6 41
90 -3 56
94 7 38
100 -4 56
108 9 33
88 11 69
104 5 36
89 -3 71
102 4 45
118 28 66
87 17 39
112 13 44
85 -6 36
101 17 67
98 9 56
96 27 66
104 25 72
115 30 40
102 24 46
113 1 63
106 30 65
87 24 40
94 16 72
88 6 40
115 27 40
110 33 67
89 9 61
109 19 53
106 1 55
84 30 37
109 29 32
85 21 50
116 17 61
117 16 55
99 33 67
85 18 64
119 6 36
103 25 60
94 -1 42
103 6 66
90 24 44
119 26 50
110 -5 51
90 33 33
116 -6 50
99 30 63
94 6 42
97 13 60
116 18 36
110 20 47
92 33 51
97 20 70
110 22 47
108 -3 58
84 1 32
101 2 45
104 21 39
114 -1 71
117 -5 54
89 4 49
114 23 56
115 9 61
85 17 52
101 17 44
100 34 55
92 15 35
102 6 52
109 5 65
120 23 48
110 19 70
95 25 35
81 19 65
101 8 64
110 24 39
118 30 67
83 -4 37
80 34 45
115 34 72
112 21 34
90 32 50
85 24 37
109 16 37
88 -2 66
89 25 42
116 18 42
117 32 52
101 5 48
102 0 34
82 9 43
85 22 40
91 0 56
108 27 33
89 25 50
111 9 58
88 5 55
84 11 71
92 0 55
109 34 69
80 3 56
109 0 43
119 12 43
116 27 34
84 1 41
92 16 60
82 29 67
89 -5 50
102 6 50
82 28 57
107 29 36
112 11 61
80 17 67
88 26 64
82 18 42
112 24 53
109 -3 55
105 28 72
119 -2 39
101 2 58
86 13 65
88 31 33
116 33 54
103 34 44
105 3 33
101 32 34
91 24 47
116 11 59
89 13 44
118 0 37
80 20 37
81 15 50
87 5 33
90 6 32
101 17 65
103 -1 49
96 9 64
93 30 58
90 6 45
102 33 65
106 22 69
93 3 50
95 -4 33
108 12 60
112 1 49
109 17 61
116 4 36
108 34 38
97 27 53
82 9 66
88 30 70
83 34 57
98 -3 55
107 14 63
104 28 49
108 32 44
97 16 43
95 15 56
94 30 68
112 -1 36
88 29 43
105 32 42
83 23 66
95 30 60
94 -1 62
108 19 52
87 24 40
108 -5 62
95 24 62
103 30 42
107 21 32
113 30 56
91 33 42
116 16 34
80 28 57
119 -4 32
113 19 60
81 6 37
85 -4 41
91 14 68
105 17 35
85 17 52
101 -6 35
102 16 55
86 7 39
118 33 32
90 8 52
84 8 69
82 18 64
96 22 71
87 17 56
105 7 58
116 4 38
83 19 53
90 -2 64
99 8 36
109 -2 55
115 -5 34
84 0 62
108 14 33
91 6 37
84 -5 71
99 11 64
114 4 66
111 9 38
81 22 64
111 17 51
112 15 62
112 29 58
86 16 51
83 0 58
105 5 39
97 22 53
84 10 44
120 18 44
89 15 48
118 28 34
112 30 44
119 22 67
85 28 58
85 16 67
87 27 63
83 24 35
85 0 69
93 3 51
120 16 58
102 -4 51
86 29 35
106 9 52
86 27 69
112 15 50
80 17 36
102 1 52
89 10 53
108 21 66
61 71 38
47 90 53
47 103 17
70 78 22
64 85 20
63 91 27
65 104 42
66 105 20
64 67 28
50 74 46
44 98 22
44 69 43
62 90 53
62 80 33
51 101 46
51 93 15
56 74 41
56 72 33
52 75 49
63 104 27
75 81 29
55 89 19
48 78 49
82 83 22
63 72 34
54 81 27
56 92 33
74 79 47
58 97 52
50 87 16
61 82 38
59 93 20
51 91 17
83 81 26
84 74 50
74 81 26
57 91 17
71 92 32
54 90 40
77 90 21
74 96 20
67 75 41
62 69 16
75 70 16
61 80 41
67 91 55
62 99 22
62 102 31
78 91 51
73 70 21
82 87 51
48 65 46
73 88 54
74 90 15
44 69 15
76 80 33
70 80 16
66 94 31
81 82 24
68 88 49
55 87 48
77 77 27
82 82 15
45 72 31
83 105 22
50 100 37
83 68 31
44 101 21
79 97 17
75 97 31
70 81 36
44 82 39
67 95 22
80 95 29
73 81 33
51 98 38
54 81 42
53 92 48
46 67 37
83 97 23
64 65 45
71 84 29
81 88 30
83 86 16
61 88 33
81 95 31
61 76 15
77 80 44
82 79 51
79 82 46
67 101 28
52 90 51
77 68 55
56 89 26
52 100 31
84 67 42
44 87 38
48 80 54
80 72 33
57 83 24
77 96 51
73 99 22
78 80 47
69 72 55
84 76 20
56 95 24
82 76 34
64 66 52
74 98 24
60 84 42
54 75 55
54 92 31
81 65 52
48 69 32
76 91 47
59 102 30
72 81 26
52 83 20
64 91 16
54 77 33
48 66 43
58 81 16
59 65 22
78 68 51
46 70 21
46 90 16
56 92 25
51 86 19
74 83 49
48 70 42
56 84 49
80 65 43
75 76 44
79 73 16
77 67 26
69 104 51
64 74 43
80 80 22
70 100 51
59 96 25
71 98 16
44 70 20
84 80 53
54 103 23
54 79 15
54 88 34
52 97 51
56 100 15
67 65 25
62 75 51
57 89 38
75 72 42
55 77 20
64 78 55
75 75 52
62 105 49
66 84 28
83 66 47
82 88 41
83 88 32
77 90 29
51 77 20
67 74 22
47 69 19
70 105 33
68 66 53
75 79 34
48 91 45
49 92 23
68 102 54
76 76 53
67 77 15
63 89 35
77 70 16
59 78 22
81 67 40
52 92 38
80 69 32
76 93 27
73 101 37
63 77 46
62 68 26
82 104 48
77 98 34
49 104 18
64 65 45
70 88 22
82 71 31
82 92 29
44 103 52
61 98 45
81 89 51
77 72 22
56 74 53
48 65 39
52 80 25
53 81 28
65 73 44
72 89 46
50 90 15
47 92 37
67 100 18
76 88 23
54 102 20
83 88 55
44 94 28
64 86 39
62 105 41
60 101 43
48 73 30
51 100 41
63 102 18
68 90 25
79 98 24
44 72 38
51 87 39
69 97 47
58 72 32
70 94 35
57 81 20
49 82 51
52 71 43
81 88 37
57 101 19
45 93 43
48 77 44
63 77 28
79 73 30
50 105 55
76 104 42
69 93 36
83 80 17
45 92 44
61 93 28
69 69 51
52 100 51
55 71 39
81 65 19
82 80 15
53 105 20
70 101 43
51 98 35
73 77 35
82 76 41
58 67 54
54 73 25
82 78 42
64 81 33
54 93 23
72 102 38
65 78 36
67 102 37
46 72 18
83 95 40
47 90 18
46 94 44
71 98 31
84 92 15
66 74 48
54 99 20
81 74 48
84 98 24
47 87 50
46 66 32
50 65 39
60 94 28
80 73 38
71 74 46
45 74 16
77 90 40
82 82 35
49 67 25
79 105 48
81 84 38
49 85 29
50 80 40
77 91 37
81 97 52
67 77 38
57 74 21
57 97 32
76 99 49
84 101 41
74 98 23
77 100 18
61 99 24
48 97 33
67 68 50
53 74 53
50 89 23
48 74 51
59 82 36
50 69 16
59 75 40
63 97 29
75 99 29
59 100 26
50 65 17
75 78 17
63 88 46
51 102 34
70 71 29
70 70 52
59 68 46
49 76 27
64 83 44
59 71 25
49 80 55
59 69 25
48 81 51
46 97 22
53 101 31
73 103 24
48 104 52
72 65 49
82 72 48
58 67 48
73 94 17
67 98 24
61 77 21
57 77 34
50 95 55
63 103 17
55 97 18
47 82 25
60 74 29
64 102 15
55 80 20
67 96 51
64 93 45
79 104 19
57 82 30
81 68 48
46 70 51
51 97 50
81 66 39
80 90 50
50 83 28
72 91 40
82 101 27
73 88 37
64 76 29
81 65 49
83 102 38
59 81 34
73 91 19
60 96 46
61 101 41
70 69 32
64 104 22
92 45 -18
73 59 -2
106 62 16
101 51 -4
73 78 12
90 43 -18
100 64 4
102 56 18
89 44 -10
95 50 18
86 46 -7
106 44 -3
70 48 -19
93 65 -1
75 47 -7
82 70 0
95 54 -18
91 52 12
85 61 2
88 59 -5
103 64 -19
94 44 13
72 78 7
80 48 -8
89 69 4
82 74 -11
103 65 -16
100 70 -16
77 67 -7
67 46 8
85 70 8
92 49 -11
103 64 -2
88 53 14
97 43 0
83 49 20
85 70 -16
93 76 8
90 45 8
78 52 16
98 50 -14
105 64 -18
74 61 5
106 67 -12
69 52 -18
79 71 1
93 57 -20
99 68 1
82 77 11
79 46 20
66 57 1
90 57 -1
92 67 -4
73 59 18
106 82 -2
89 58 -17
104 62 -6
100 54 -7
73 57 -1
103 47 12
86 69 13
76 61 6
79 64 -5
72 80 15
86 62 -17
70 64 8
84 51 16
83 72 11
95 63 -16
66 72 -7
92 44 -20
76 44 18
80 77 -10
68 42 -15
66 50 6
71 62 -15
93 48 0
84 59 13
106 53 7
104 59 8
86 46 5
103 82 -18
70 54 1
87 75 0
71 65 14
98 61 -6
94 63 1
99 76 14
94 73 -7
101 64 4
75 62 8
79 72 -19
102 65 -6
106 81 13
91 47 11
106 54 16
78 45 -6
95 45 8
98 57 5
85 49 4
97 54 -18
66 71 3
72 65 8
67 64 17
70 69 11
83 78 8
85 75 10
77 74 3
96 72 -19
87 81 -20
87 59 1
100 56 -3
78 81 -11
101 62 -4
85 79 -15
67 77 12
100 42 -17
74 57 -14
82 61 7
97 77 -20
66 52 5
99 61 9
79 50 17
102 54 -13
106 65 -7
96 61 -20
73 50 16
98 73 -10
66 48 13
78 67 13
100 46 14
73 46 7
97 65 10
66 61 -6
94 67 19
97 77 -1
85 79 9
95 68 12
68 73 -10
86 45 16
83 68 -20
76 48 -18
88 47 6
73 58 7
94 48 -8
69 44 -4
97 62 13
96 54 -4
94 82 13
88 75 -10
84 47 14
87 65 14
84 82 9
77 43 -13
84 77 14
71 78 13
69 72 -16
101 42 8
66 57 -4
73 81 -6
98 60 4
77 48 -12
84 82 -20
77 62 -5
100 66 -11
91 48 -3
101 58 16
88 48 16
81 61 -1
89 43 6
85 62 8
86 47 10
99 81 -16
101 77 -6
75 48 -10
79 56 -20
93 52 -7
96 82 16
68 63 19
67 58 -16
91 56 12
84 61 -19
89 51 -17
95 46 5
100 62 17
95 60 7
77 62 11
85 75 -8
86 73 -6
67 59 0
95 44 0
86 49 -5
102 52 7
99 72 -9
88 62 2
94 70 8
73 59 14
93 60 4
97 65 5
105 81 -5
95 61 8
91 77 1
89 51 -2
72 70 -5
96 54 0
99 77 3
80 64 -17
91 73 19
90 70 7
105 74 7
98 71 -3
66 66 5
88 57 10
80 69 -13
99 80 12
89 61 -4
68 74 -4
101 45 14
66 52 -2
86 79 17
75 63 8
67 60 20
97 57 0
83 77 -7
105 68 15
85 69 -20
91 51 14
104 67 -1
69 73 -20
67 57 2
66 69 7
66 50 -11
99 50 -6
83 63 -4
95 64 -7
105 49 9
70 47 -16
97 50 -12
106 73 10
71 58 -13
101 42 15
98 62 1
105 69 13
75 67 3
81 48 14
80 81 8
102 75 18
87 51 -10
76 77 1
103 55 -20
87 48 8
70 81 1
75 82 19
105 69 15
73 49 -11
84 55 -6
69 69 -16
77 82 4
96 74 11
95 82 -13
66 53 -14
92 52 -9
91 69 14
86 68 -16
84 82 -18
95 82 -8
104 53 14
102 74 14
83 51 -16
101 42 12
91 67 -14
95 49 -4
94 66 -10
90 50 -6
81 53 3
91 78 8
71 70 12
73 58 -1
97 68 -16
94 80 -8
78 52 19
68 64 15
97 51 -10
103 74 -10
76 75 13
77 61 -18
106 57 -5
103 73 -18
104 79 -7
69 56 19
103 65 14
90 67 -16
106 48 13
97 72 -19
92 54 5
104 65 6
70 54 -1
86 50 14
102 70 -18
86 71 -17
72 64 -16
91 55 -18
71 55 -13
91 44 -17
103 68 9
72 71 19
75 70 9
104 55 3
88 42 11
68 65 -10
67 48 -17
106 72 -15
83 47 1
98 70 -15
99 78 11
106 72 12
90 50 3
78 82 14
93 57 -7
72 81 19
106 65 -8
68 71 8
101 68 -14
91 78 -14
105 57 7
95 45 -8
89 67 16
86 69 15
76 59 -13
88 43 -17
87 76 15
84 64 11
91 81 1
98 48 11
103 73 4
86 79 3
83 64 -5
70 54 -13
88 74 -8
71 78 -7
95 56 18
67 76 -4
98 62 -5
94 51 13
99 49 7
91 60 14
70 42 -12
75 53 20
80 72 -7
67 44 16
15 54 20
29 78 20
16 92 19
20 54 31
19 87 27
16 64 -1
25 79 13
33 63 -3
10 53 9
12 83 13
19 61 11
35 80 26
45 89 11
31 83 1
27 91 0
20 54 -5
35 85 15
27 56 0
42 63 12
33 76 -3
14 70 28
7 77 30
19 84 22
16 65 -8
13 91 13
9 82 3
35 77 -5
7 52 26
33 63 5
7 79 22
33 55 -2
27 68 0
19 75 22
5 86 30
6 66 13
22 61 29
43 77 18
30 72 18
34 67 22
37 64 20
28 85 7
43 88 -8
12 61 30
28 53 31
17 74 9
29 76 2
31 89 15
37 64 -1
7 71 10
36 76 7
45 54 -6
22 73 5
12 70 31
33 79 24
31 75 5
27 91 19
26 62 8
33 76 10
6 55 1
38 54 25
6 78 20
38 73 8
26 79 31
32 79 19
42 66 -5
18 82 4
38 53 -8
5 91 9
13 84 2
17 58 28
28 78 28
37 81 28
9 62 11
26 71 5
5 59 22
14 63 16
16 72 32
8 81 9
36 74 -6
26 58 28
5 88 28
37 85 -8
22 92 11
15 66 9
35 52 20
33 69 9
8 81 27
36 75 -3
9 88 28
18 85 -3
26 58 30
23 72 9
23 76 21
45 67 27
10 80 -1
41 83 29
31 76 -5
8 73 15
27 65 -8
23 53 13
42 61 3
26 57 -7
13 54 11
16 91 6
41 62 19
36 89 -1
7 65 22
38 72 27
32 84 23
6 80 15
40 59 31
28 87 15
12 55 -6
28 52 25
16 55 19
22 78 18
22 88 8
6 69 -2
36 55 21
10 89 -2
23 67 -4
38 77 20
28 68 -2
10 60 24
27 53 4
42 70 23
18 67 -3
17 62 -7
16 77 21
24 59 19
11 70 11
17 55 20
35 60 29
6 92 24
17 70 3
34 62 8
35 66 2
24 76 20
21 84 20
38 60 26
12 83 14
44 53 17
38 73 -7
28 72 -6
15 90 10
28 61 7
30 58 24
35 61 -3
30 67 29
9 81 15
40 74 30
9 74 17
40 80 7
10 80 -1
39 81 -5
40 75 20
15 58 3
20 82 10
27 62 26
44 72 18
44 91 31
18 69 20
35 66 17
42 72 30
24 58 -6
44 81 -3
34 71 -5
33 71 29
8 64 13
38 74 19
34 69 -7
34 80 30
38 53 15
28 86 17
33 68 15
13 57 6
31 75 11
16 63 31
10 56 16
29 91 4
37 52 32
37 82 17
27 52 11
22 64 2
25 61 -6
18 58 1
43 83 19
45 91 20
17 84 18
36 55 7
30 59 -8
19 68 31
13 87 25
43 66 1
8 62 -3
20 89 5
44 76 3
17 86 -8
36 87 -7
42 68 32
20 86 -4
28 64 8
43 72 -6
12 72 26
23 78 13
11 88 -5
8 81 0
36 59 23
28 79 10
43 83 17
33 86 17
37 79 4
36 80 32
15 77 29
30 62 -3
13 71 -1
7 73 -8
16 87 -2
12 55 16
31 81 25
34 92 -1
44 67 2
13 77 15
16 72 -7
15 53 0
6 86 30
7 74 18
32 64 10
40 70 0
23 67 7
9 88 22
8 65 18
7 87 24
27 67 27
32 66 -6
31 62 -8
6 58 -5
29 91 15
42 66 0
26 69 13
23 55 22
31 79 28
11 91 22
10 69 -7
8 72 -6
39 60 11
8 83 4
37 72 27
31 55 7
9 74 6
12 62 24
5 81 -1
16 67 1
37 61 25
5 79 32
44 86 -8
15 83 5
32 89 14
15 83 1
22 85 23
38 70 14
22 70 -5
8 83 21
10 92 -7
19 65 27
12 67 27
42 66 1
23 78 11
5 80 14
7 60 22
27 62 -5
24 84 -4
39 92 11
41 91 21
10 87 10
16 65 2
44 73 9
18 60 -2
43 66 7
25 84 8
15 52 -7
40 56 11
16 52 7
13 58 24
18 63 11
29 81 22
9 56 -8
33 76 6
38 84 27
44 87 25
45 88 10
27 87 16
25 61 12
12 70 5
27 56 24
11 54 13
9 89 4
22 63 29
13 57 2
27 56 30
45 81 19
22 63 -6
31 74 29
44 68 31
40 88 12
9 69 27
43 79 17
45 72 7
16 84 9
44 77 24
17 55 13
13 90 26
36 55 21
28 70 2
19 63 11
11 58 19
10 81 6
9 69 -2
34 79 6
13 83 3
34 75 -2
7 61 1
30 54 28
13 73 -8
35 71 14
10 59 8
20 89 18
23 86 3
44 57 7
45 87 3
16 78 18
23 88 30
16 79 27
32 59 24
29 67 26
9 85 21
44 55 -5
29 61 23
6 81 5
37 69 1
30 84 31
28 73 21
12 86 -5
34 85 15
35 83 10
10 72 6
12 78 20
5 55 18
9 59 9
40 60 29
71 112 39
104 91 46
73 113 55
87 97 55
86 101 29
105 76 47
106 104 21
83 74 34
71 108 36
76 77 56
74 112 40
96 104 27
93 83 30
85 100 54
101 88 53
87 87 28
107 97 25
99 91 30
89 84 52
108 92 40
105 80 35
82 111 24
104 108 31
86 93 21
101 106 36
88 94 48
109 101 57
77 97 54
93 114 56
108 93 56
104 97 54
87 89 38
101 91 34
71 106 55
72 86 38
83 74 29
78 75 31
77 83 41
85 95 47
83 74 35
74 111 26
99 112 34
91 86 43
97 112 50
82 95 26
102 99 41
101 106 38
96 76 28
85 76 58
108 111 20
90 80 57
74 105 39
78 102 41
88 91 49
101 82 51
94 96 19
95 103 23
104 107 53
89 83 49
110 91 33
76 77 26
101 102 56
90 102 55
108 103 29
100 111 18
76 108 51
97 90 43
76 88 50
73 101 22
74 88 50
110 75 46
101 103 29
103 98 22
72 113 19
98 75 44
74 89 52
82 99 21
96 100 46
76 105 44
79 90 25
110 78 49
109 109 56
79 84 50
94 94 54
85 93 18
80 101 30
94 99 41
92 95 22
87 113 22
79 77 52
107 91 38
92 91 54
96 86 26
77 113 34
89 81 30
96 93 29
76 78 24
70 80 50
90 80 38
71 103 39
93 105 55
84 99 24
95 78 23
95 74 55
76 91 39
106 78 39
85 76 57
91 98 46
84 95 57
86 89 42
84 81 22
86 99 25
94 113 21
75 112 42
86 112 23
96 105 22
104 74 32
110 94 53
94 79 34
105 82 39
105 83 34
92 77 37
100 76 20
70 83 38
85 108 38
83 88 53
102 92 35
106 92 51
92 74 33
106 97 50
90 88 57
71 84 30
89 111 22
95 103 21
104 85 34
84 82 19
100 99 22
73 79 52
108 104 57
88 90 22
106 75 37
79 89 29
92 96 40
94 93 30
76 89 54
74 80 28
79 90 23
109 114 52
92 80 58
90 82 40
82 85 49
88 107 22
98 111 56
79 111 25
70 86 48
93 87 51
95 103 38
90 98 18
91 79 18
70 85 30
89 75 45
95 76 27
93 102 23
99 103 39
109 92 31
98 90 36
107 95 51
78 104 27
94 90 37
85 94 39
76 98 35
80 92 31
71 89 37
78 104 55
103 103 24
74 76 54
102 106 34
84 81 42
98 108 41
86 112 47
98 91 54
99 89 26
96 107 58
74 75 38
74 108 40
96 87 18
71 100 57
70 85 34
90 109 38
71 80 58
109 97 52
101 93 26
89 103 46
70 87 56
101 104 31
107 106 24
87 77 50
76 108 37
94 93 38
73 93 18
107 96 43
107 105 56
110 106 40
97 80 28
76 100 41
85 107 38
86 95 21
97 102 50
106 112 38
96 88 29
90 101 56
90 113 49
104 96 31
108 85 39
71 99 53
83 74 44
93 97 37
79 87 33
86 75 44
90 80 57
84 94 58
103 107 32
98 92 42
84 77 19
80 113 56
83 90 23
106 92 22
98 77 28
85 101 20
95 92 44
87 107 33
95 113 54
88 86 54
101 107 57
93 110 37
72 93 50
98 91 37
93 113 43
75 106 18
92 93 54
79 85 19
83 93 52
107 111 32
105 108 33
90 80 43
96 97 53
76 77 27
77 90 30
80 113 29
72 103 41
103 101 35
76 112 45
101 91 31
77 87 19
76 102 46
106 93 46
76 74 50
93 100 56
80 88 39
74 100 20
89 76 48
99 97 50
75 83 45
102 76 45
107 105 31
98 105 58
107 83 39
95 77 23
87 93 48
104 85 35
97 82 29
89 108 26
100 80 28
72 76 47
86 112 50
81 87 29
103 93 22
100 105 29
71 78 24
72 103 35
110 97 48
92 79 19
87 87 30
76 95 40
99 76 51
73 104 22
82 94 41
90 99 26
81 93 35
94 91 49
90 97 34
77 88 57
98 82 31
72 94 45
71 76 49
83 94 43
77 102 49
85 97 56
93 76 31
82 89 39
91 80 42
84 75 21
89 106 47
109 97 54
71 97 49
94 76 44
88 82 47
82 96 34
91 109 39
86 92 22
102 82 55
89 106 44
75 86 18
79 90 36
101 81 47
108 89 26
76 88 48
103 78 41
72 106 49
87 98 53
86 91 43
103 110 54
96 108 28
87 74 33
95 92 20
80 90 36
100 85 24
74 101 33
74 89 46
89 76 35
98 93 23
88 85 52
84 74 35
91 106 44
90 107 43
80 80 46
103 86 57
89 105 25
77 111 57
76 113 57
107 103 58
90 107 25
103 87 42
82 91 53
76 97 49
99 88 44
107 99 43
77 80 18
108 74 27
101 89 56
80 32 56
47 42 51
42 46 46
75 40 73
42 37 54
74 58 57
59 50 49
57 45 56
59 33 54
69 53 78
60 57 60
46 35 77
72 45 76
70 29 65
64 49 57
77 37 75
51 52 72
81 64 71
69 51 75
53 47 77
52 34 72
78 56 61
49 60 64
76 42 52
44 49 79
54 55 68
57 43 46
60 36 60
69 50 75
66 40 75
72 30 81
57 36 72
68 43 43
77 66 44
53 38 47
70 58 79
41 48 73
52 62 66
50 26 81
68 55 83
76 64 72
41 58 72
43 62 57
53 29 70
44 58 47
49 53 70
57 32 69
49 29 48
74 37 75
47 35 83
55 41 70
63 55 56
69 63 83
75 46 81
61 26 45
61 59 60
55 62 58
75 29 83
65 49 68
57 64 57
72 62 56
45 55 77
55 39 64
68 32 60
64 46 49
48 41 77
73 44 72
67 34 53
56 48 59
71 55 83
61 62 48
75 56 57
46 42 73
51 56 74
68 28 59
70 45 74
60 49 73
58 26 82
44 65 48
43 45 55
72 47 83
61 62 82
75 60 58
64 41 72
60 63 43
67 57 47
81 46 43
61 46 50
57 27 76
69 36 58
74 26 56
64 41 47
42 38 66
43 49 75
80 64 83
58 59 52
48 42 57
45 44 67
80 49 56
62 44 83
78 49 78
75 65 46
64 26 82
79 52 58
63 66 50
76 46 74
41 40 78
75 44 81
43 47 44
66 31 69
52 37 71
67 34 83
41 60 77
44 53 64
69 35 58
66 61 50
60 30 70
65 31 55
74 36 50
67 60 59
43 60 50
79 45 77
69 36 52
55 47 62
61 28 64
72 49 54
65 51 78
57 66 66
64 64 56
64 52 83
77 47 60
50 44 66
56 60 44
56 65 55
81 52 53
41 27 66
75 44 63
63 29 74
73 63 69
42 58 70
48 51 81
51 53 57
81 41 70
79 63 59
65 63 49
59 50 46
74 66 46
53 40 61
46 31 60
70 50 60
78 28 49
76 61 63
55 31 54
60 44 59
64 62 49
75 26 52
44 45 69
45 35 47
55 30 76
48 54 51
61 54 62
51 56 81
59 31 71
73 48 70
71 48 46
51 28 72
81 51 72
80 35 43
77 28 57
47 50 72
48 57 60
44 64 77
70 41 44
72 47 58
60 47 71
69 27 80
71 35 59
69 33 65
62 47 57
59 37 81
44 32 57
73 39 61
74 36 51
48 54 47
42 45 68
52 43 57
62 53 44
76 34 80
80 40 58
56 44 78
68 50 60
63 31 67
80 48 57
47 33 48
77 49 83
53 36 76
41 26 66
64 30 48
56 41 53
62 47 72
80 60 47
72 26 64
47 42 45
61 42 79
80 29 45
64 48 78
69 66 60
61 57 67
64 49 52
71 40 77
56 28 57
49 28 81
46 41 73
54 33 47
59 35 51
75 27 73
41 36 60
51 57 83
45 64 72
52 42 47
71 52 81
46 43 74
62 31 81
64 49 56
76 47 82
74 29 78
62 39 74
47 46 64
49 42 75
73 65 54
50 57 59
46 50 45
46 47 60
69 62 63
48 52 60
41 50 66
80 47 51
65 40 60
60 66 74
78 54 48
74 38 68
69 36 59
80 55 64
44 62 53
69 46 50
53 60 69
56 33 64
54 38 81
60 47 77
41 45 66
64 58 82
73 63 72
55 27 63
69 47 71
72 37 68
62 40 58
65 40 74
75 65 74
46 59 67
67 63 74
52 37 73
78 34 62
56 53 77
48 44 73
56 46 76
79 63 73
42 27 79
68 51 71
49 32 49
78 47 78
63 59 47
66 55 43
66 48 82
48 57 52
76 54 64
54 53 50
66 51 53
57 35 74
75 30 44
41 40 52
59 38 69
62 31 72
46 30 64
55 29 79
79 29 61
61 33 47
54 32 77
55 43 51
73 40 55
57 26 78
67 66 57
67 42 57
74 37 79
42 38 43
55 44 75
55 64 43
61 46 60
76 60 45
45 33 46
50 41 47
66 50 60
50 62 68
51 26 52
56 54 64
69 66 48
79 36 64
64 50 49
79 35 66
69 43 77
72 29 82
68 34 68
72 34 53
61 28 62
75 62 82
48 53 50
49 53 73
81 27 65
55 54 54
48 26 45
47 47 81
56 47 52
63 36 46
43 58 59
55 30 75
52 40 66
45 33 74
45 27 51
77 38 71
41 63 43
76 36 81
52 55 79
67 29 78
68 62 43
42 48 51
74 62 58
51 45 76
46 54 78
51 45 49
65 30 56
61 38 58
71 64 75
63 39 63
68 30 56
50 64 80
49 50 81
53 63 44
46 40 66
45 59 64
48 55 78
49 28 76
32 24 9
4 8 27
27 14 27
31 22 30
21 13 20
37 20 10
18 29 38
36 17 37
34 11 24
29 -2 38
2 12 24
33 25 17
13 2 11
36 23 30
-2 16 39
14 10 44
2 -8 37
23 27 33
-3 17 44
10 -4 7
20 -8 31
28 32 44
24 29 17
4 -4 22
29 -5 40
0 32 33
2 6 44
25 22 35
26 14 18
10 1 26
37 -1 43
30 31 4
4 21 11
26 21 13
11 -4 37
18 -8 39
31 28 9
25 -5 33
30 -5 33
16 9 6
25 27 38
13 28 29
1 28 7
5 8 15
12 -5 44
21 6 35
25 2 15
20 29 36
36 6 5
29 1 7
32 -8 16
36 19 31
14 27 28
19 27 31
25 25 36
13 8 37
6 13 11
6 24 36
7 25 5
-2 17 10
7 9 23
4 6 13
0 23 31
29 20 31
16 11 26
20 29 34
3 6 39
12 -8 42
19 4 24
23 -8 30
19 -1 35
27 7 40
14 31 12
25 30 36
11 3 24
-2 28 5
10 8 44
19 -3 32
12 0 17
3 6 25
9 29 29
9 12 44
-2 5 23
21 11 14
6 29 42
5 20 36
21 30 21
32 12 9
7 28 16
26 31 30
8 10 21
26 3 10
5 12 39
0 -2 20
23 -6 7
29 14 11
9 27 24
28 1 8
22 5 26
21 32 14
4 13 10
22 24 40
16 10 10
25 21 24
15 9 38
25 15 28
14 24 11
37 25 43
4 -3 41
5 19 17
27 18 13
31 21 7
15 25 39
-3 32 26
24 6 42
35 -6 38
23 -5 39
27 25 11
24 12 6
-3 -5 27
27 10 29
11 0 37
30 18 38
30 9 9
18 16 38
15 28 22
18 12 19
12 21 18
17 0 30
31 17 13
18 -4 42
2 17 20
10 26 15
36 2 24
32 9 37
6 3 28
4 10 7
12 3 19
16 9 5
12 10 18
0 26 38
21 8 4
5 8 31
11 17 16
6 4 23
20 31 28
31 14 25
8 24 31
24 14 5
10 26 34
-1 -8 42
13 -3 41
16 -7 30
25 12 16
3 17 22
33 30 43
20 3 36
11 3 10
17 2 11
37 -5 43
1 15 37
28 17 19
22 7 10
35 25 6
18 6 17
30 -4 31
18 3 21
14 2 30
6 30 16
3 31 12
-1 5 16
11 3 41
16 1 40
-2 20 31
35 -1 32
27 16 20
4 25 15
24 19 33
8 -2 27
14 0 6
27 11 38
19 14 40
10 6 10
37 23 25
33 -2 27
11 1 16
11 0 10
11 30 4
28 32 30
11 27 28
36 -1 11
30 29 43
12 4 22
3 6 6
-2 -4 33
8 18 23
12 3 19
34 15 23
3 29 44
26 14 25
15 -6 44
7 14 17
7 -2 9
5 2 37
-1 32 22
23 21 27
11 29 36
27 15 8
1 -1 33
29 28 10
24 20 27
19 29 34
20 15 25
12 9 12
0 19 14
4 12 24
37 -5 24
-1 22 40
5 19 41
-1 11 8
21 -3 15
27 15 11
22 -2 19
-1 -4 6
37 -8 25
25 11 5
-1 23 24
22 14 15
6 24 15
-2 14 10
10 26 14
5 21 33
28 -6 42
5 25 10
16 11 18
2 -2 42
-2 -7 36
-2 24 42
15 10 39
18 17 27
34 29 20
37 29 28
32 30 33
4 2 34
0 5 14
-1 25 35
2 6 10
25 7 30
33 32 17
18 20 27
25 -2 16
26 12 40
-3 22 33
23 20 27
7 18 29
10 19 9
4 7 41
12 -2 31
-1 -4 20
21 17 30
9 -8 4
37 25 7
-1 -7 34
34 -6 25
1 4 4
9 7 36
15 -4 33
1 -5 31
24 21 15
34 9 34
4 2 39
27 19 42
13 1 12
0 31 31
12 -7 40
20 25 4
15 26 42
18 10 30
2 15 8
30 -5 7
2 -4 26
14 2 39
9 4 18
27 8 19
27 7 7
1 23 28
8 27 22
2 1 10
20 -8 8
13 8 17
32 27 14
0 27 16
26 8 12
6 25 21
18 -3 44
13 6 40
19 -2 37
8 6 40
31 26 37
2 32 11
15 10 7
10 18 37
29 -5 32
7 27 15
35 -4 35
9 10 38
26 10 8
32 12 4
28 20 10
8 27 39
12 24 7
-2 23 36
5 13 42
5 -5 32
18 27 14
19 21 21
10 19 39
35 32 36
8 32 22
6 5 27
-3 4 7
-2 6 5
32 -1 10
4 19 10
8 6 41
33 -4 36
37 -5 26
22 -7 32
2 3 26
26 7 28
4 2 37
35 24 32
27 3 14
17 0 21
27 -5 27
29 14 30
37 30 41
25 -5 27
18 28 34
19 2 27
-2 10 4
11 13 14
12 3 40
1 -7 26
17 18 4
7 18 42
17 14 8
32 1 41
-3 19 4
11 15 18
12 57 39
17 38 39
-12 39 48
-14 66 42
-6 70 36
15 47 40
22 76 51
16 63 38
11 37 37
8 40 56
-6 64 73
24 43 36
-9 45 48
-5 46 60
11 57 51
22 41 44
-14 64 59
0 37 59
-2 37 35
8 42 57
19 59 71
21 76 36
-10 47 45
-2 69 55
-4 36 52
3 76 56
1 63 71
1 39 54
-15 66 36
22 74 51
16 42 55
6 53 44
-2 65 33
16 61 72
-14 46 45
20 66 53
20 51 71
0 42 52
17 73 35
-2 55 48
-11 74 42
10 48 72
18 50 64
9 75 69
-5 74 48
19 47 54
19 76 63
-10 44 34
1 63 53
4 60 70
-13 46 60
-8 46 55
-2 45 37
23 36 43
16 65 54
-16 54 38
1 72 49
-8 66 53
6 76 52
-14 50 58
-5 66 34
23 65 60
6 49 59
-5 62 72
15 51 57
18 51 36
6 67 56
1 43 41
15 50 73
12 55 37
20 43 49
3 58 69
-7 51 36
8 57 48
-9 36 34
21 44 39
-1 70 64
-10 52 71
-10 61 61
18 50 53
17 61 36
-6 45 60
-15 69 55
-4 48 36
-5 49 48
-4 49 63
-4 71 44
18 57 65
-5 50 51
14 52 60
-11 39 50
-5 46 38
11 54 40
-7 41 39
5 36 58
13 56 37
-9 48 61
-9 52 66
-16 64 62
-16 51 35
17 56 36
11 56 71
-3 60 71
19 47 51
15 55 58
4 65 58
-2 51 36
-2 39 72
4 36 61
-15 74 46
6 43 49
24 36 64
10 43 66
4 50 58
7 52 51
-12 41 43
-10 76 39
-8 75 62
10 75 73
12 74 55
-9 71 41
13 68 70
2 41 51
-8 76 68
7 40 57
19 36 43
-6 44 63
-11 52 61
-4 44 59
21 46 49
18 54 61
8 57 65
-16 59 63
7 37 63
12 49 38
1 69 65
-9 45 44
-16 54 67
9 39 47
18 37 58
-1 65 48
-13 71 42
-12 54 70
-3 53 46
7 70 37
4 44 59
-11 70 35
6 66 46
-4 72 36
6 50 47
14 73 45
20 45 69
-10 69 52
-2 45 44
2 57 50
12 43 42
24 73 45
-14 56 68
19 56 54
13 61 40
-7 53 51
-10 36 64
-7 36 59
6 38 44
-12 51 67
9 45 48
21 54 62
15 43 53
-3 55 69
9 47 62
9 48 58
4 63 55
9 63 41
24 68 40
-9 74 54
2 57 67
-9 69 44
10 40 40
23 55 59
-4 62 39
3 40 73
-6 72 52
22 47 41
1 75 33
13 38 41
13 41 68
-12 56 50
8 55 57
-14 41 44
11 70 44
14 65 40
4 49 57
24 75 56
1 43 69
5 63 71
22 61 54
5 50 46
24 51 72
17 42 64
-5 64 65
-15 61 56
-16 74 57
-11 45 66
16 49 70
-3 53 67
-1 40 54
-16 65 44
-9 53 38
-15 57 38
-1 42 56
21 55 43
17 71 67
5 67 70
8 63 73
12 43 65
22 70 47
-8 49 50
18 70 54
3 70 60
6 41 34
-10 72 39
-10 75 51
-7 54 54
5 64 47
4 38 61
-6 69 71
-13 54 35
11 74 68
0 73 34
19 55 41
20 36 41
1 56 43
2 45 40
-5 74 48
20 70 36
-14 46 62
-4 48 72
-2 67 40
20 56 67
-13 53 56
24 50 37
-10 76 35
-1 55 37
-1 70 45
-1 76 35
2 49 71
13 67 53
-14 36 47
6 51 61
21 69 34
3 55 47
-12 71 34
-16 54 53
6 47 69
20 43 39
17 58 38
-16 74 59
-6 42 59
-14 58 62
6 61 36
-7 52 53
-8 75 38
-15 47 34
24 59 56
-14 55 51
20 56 71
14 39 71
3 49 33
-15 56 72
-1 74 52
-7 47 48
-12 73 35
3 66 38
19 60 70
3 69 56
12 49 52
21 38 59
1 56 66
6 41 58
12 46 57
23 68 59
21 45 36
10 73 58
-10 44 40
7 56 50
-10 54 39
6 46 55
6 50 49
-4 73 67
-4 68 66
-16 69 58
21 71 51
-10 67 43
4 64 72
3 62 61
-11 52 49
7 41 73
3 42 70
15 63 65
11 73 33
18 66 37
-9 37 52
17 37 72
14 76 45
-3 72 54
6 49 49
-14 48 36
23 53 63
-15 73 54
-9 39 49
14 67 65
13 68 48
-6 73 52
-2 38 45
19 59 47
-9 43 57
-13 65 53
1 41 56
8 63 38
-3 59 38
-12 37 50
16 67 54
-14 41 66
7 76 40
-7 43 51
8 40 51
-4 60 68
5 66 35
8 62 71
17 52 38
7 67 56
-7 68 70
0 43 33
20 55 62
-11 49 33
-16 64 50
12 52 60
-15 67 55
2 45 47
14 72 66
9 51 62
1 75 73
-1 59 54
-14 74 66
1 76 47
14 41 70
-3 70 73
0 50 70
-5 57 66
16 65 41
82 78 4
82 80 1
114 57 12
92 69 -6
93 92 8
112 60 17
101 88 -15
108 72 -15
91 83 5
87 57 14
117 63 -5
93 93 20
107 91 -10
85 87 0
92 55 -11
88 95 -14
84 81 20
115 95 -13
114 68 1
109 87 -10
119 95 16
117 64 -16
97 73 10
102 89 -18
100 58 3
83 79 19
96 94 10
97 89 13
109 78 -7
98 92 17
117 94 14
113 59 22
89 79 -14
112 85 -5
84 88 -10
91 79 5
82 61 -18
103 88 -14
108 89 12
92 62 -7
108 86 14
104 77 -11
99 71 -11
112 82 22
115 94 -13
79 56 22
106 68 4
111 57 21
115 87 -18
114 61 17
117 67 14
109 85 -15
92 63 -13
117 69 0
79 56 -11
82 88 22
90 59 -12
83 95 -17
103 81 22
117 92 9
93 81 -2
113 86 9
81 85 -3
99 89 21
82 58 17
79 71 17
111 69 11
104 73 -1
108 82 -17
117 74 19
116 65 -15
114 94 -8
109 91 13
94 92 15
100 78 4
91 78 11
94 85 -16
117 62 4
87 78 3
97 86 20
93 86 7
102 76 11
81 83 -4
103 86 2
96 72 7
119 94 14
117 55 0
111 55 -7
100 77 -1
110 76 20
118 66 19
92 87 18
119 88 6
79 60 -14
110 84 18
114 91 -7
84 79 1
106 80 -12
115 91 16
81 92 -9
90 64 10
110 93 2
86 93 16
104 85 9
103 77 11
111 77 3
84 69 -17
81 93 8
85 88 4
109 79 -10
101 93 6
79 59 -7
80 56 -3
90 60 2
119 79 14
97 74 16
86 75 5
109 70 6
93 87 -1
98 95 -16
118 60 16
115 80 -15
107 71 20
85 90 -1
115 67 13
109 87 2
100 85 -14
99 74 16
114 94 1
84 72 9
85 81 2
79 60 15
105 82 10
88 64 3
91 58 7
82 92 8
114 93 -12
79 58 -4
106 69 0
99 89 -14
92 89 -3
84 67 1
116 67 -5
85 92 5
115 63 21
88 63 8
99 65 -15
88 88 2
116 59 13
114 56 -4
118 61 3
79 68 11
87 66 12
96 68 -14
115 73 0
86 68 2
84 88 15
107 79 18
102 85 5
85 82 21
109 61 4
118 75 22
83 81 18
90 83 -4
118 87 14
102 83 2
108 82 -17
99 75 -12
108 74 4
87 93 18
104 65 -11
111 84 2
88 59 13
113 93 -3
113 93 -13
98 70 -9
112 91 18
96 94 -1
82 69 -9
119 56 12
114 71 11
103 95 14
102 77 6
101 74 18
104 93 3
107 65 2
105 76 19
108 58 -12
87 74 -16
101 72 11
84 73 16
106 70 -4
96 76 16
94 73 6
101 88 16
91 78 6
109 88 17
113 69 -1
88 90 -11
115 73 0
106 57 13
105 71 -8
92 77 1
89 86 8
86 89 -3
114 70 11
119 83 -2
89 61 9
81 82 22
118 62 6
89 82 -1
93 82 7
105 88 -6
97 59 19
87 78 5
106 78 12
103 93 -11
79 59 -11
109 92 -9
104 59 -2
105 77 -11
92 87 5
90 74 5
89 92 -5
84 74 21
106 71 4
94 65 21
100 84 0
105 88 -2
101 81 21
117 58 20
108 82 2
87 87 -11
99 70 17
96 68 -14
113 79 0
113 77 6
109 90 -4
113 70 2
81 72 15
106 61 -13
98 79 2
112 90 10
112 63 6
109 95 -6
79 94 14
96 55 18
92 76 5
82 67 -12
82 70 9
88 92 22
101 85 10
101 91 -10
113 82 -6
87 65 22
104 86 -8
119 87 -6
116 80 -13
79 85 11
119 87 20
108 88 10
100 88 -10
110 57 18
93 55 -9
117 91 18
97 55 17
101 90 17
95 88 16
106 81 15
99 92 4
99 64 5
90 57 -14
87 79 6
101 67 13
100 55 18
110 56 -8
117 58 2
86 71 -16
89 86 -10
106 80 -3
95 90 1
92 78 -16
85 95 21
110 75 3
96 56 13
82 91 -14
106 56 15
89 66 20
92 76 -10
80 56 21
80 68 -12
114 61 11
87 95 -17
95 70 15
116 92 -17
118 61 -8
115 68 5
115 86 8
116 86 1
96 90 -11
88 67 -14
96 68 6
104 80 -10
90 69 -12
88 75 0
82 86 22
97 94 19
116 55 17
96 78 16
88 59 17
106 60 -2
84 87 12
100 84 20
93 77 16
108 64 -16
109 77 -7
104 70 -7
84 81 -5
112 69 18
115 81 -7
110 75 1
115 61 -6
85 60 11
97 90 -18
99 60 -7
83 87 21
117 69 -4
109 74 0
91 71 -1
81 88 -3
99 66 -4
91 86 -12
105 91 -10
112 77 11
99 68 -10
95 79 -11
97 67 -8
82 88 -9
86 74 15
81 80 1
105 70 -12
92 56 -1
100 63 1
89 80 1
87 77 -14
102 63 3
117 84 18
104 95 7
89 72 6
113 77 0
13 22 33
41 24 22
20 47 24
16 35 16
43 14 41
32 45 28
43 27 24
9 30 55
22 17 29
8 51 37
35 20 18
9 26 22
8 20 22
25 34 16
18 23 31
23 53 24
30 35 17
34 32 19
14 27 41
43 52 47
7 47 54
34 20 22
27 36 48
8 53 55
18 30 48
31 27 46
39 50 49
36 34 19
24 29 31
9 44 43
17 19 18
13 50 55
25 15 53
40 52 41
25 37 26
11 31 49
9 42 19
21 31 41
38 27 32
17 18 15
46 19 47
28 48 37
27 20 52
34 22 47
22 44 46
7 50 29
40 23 45
40 14 43
15 18 15
33 38 54
31 14 54
24 39 33
38 40 36
8 20 16
23 15 36
23 31 28
29 23 28
19 14 16
17 52 22
42 17 34
30 29 15
22 36 45
7 35 49
14 42 41
32 45 42
25 18 28
24 27 23
36 49 54
34 39 27
42 31 39
18 34 25
35 39 20
23 47 51
26 47 54
31 18 46
31 24 35
22 20 45
12 40 49
20 16 33
42 20 47
30 45 21
28 17 26
24 29 50
18 40 41
45 33 21
23 39 26
16 29 43
45 24 53
15 45 26
45 45 50
12 19 32
17 37 41
36 18 35
10 37 33
45 28 27
46 48 38
14 37 53
24 47 38
34 13 42
23 52 49
17 36 47
46 44 34
11 33 27
33 17 43
38 36 46
6 30 44
41 42 27
18 35 48
39 20 33
17 38 22
16 38 51
16 22 16
34 26 16
40 27 38
7 31 21
35 38 16
21 14 55
45 27 32
6 31 37
29 27 20
12 44 52
17 38 47
42 50 22
13 50 25
28 52 31
21 38 37
28 36 17
45 26 29
40 41 20
11 43 31
21 31 39
44 51 21
12 27 29
31 31 28
13 27 41
11 28 31
35 17 33
14 18 53
30 17 53
29 16 25
14 46 41
7 48 34
44 15 23
6 41 21
40 28 31
9 46 35
40 17 44
30 23 42
14 50 30
22 46 46
21 16 33
41 35 26
36 50 17
18 29 47
22 19 29
38 40 47
25 43 48
28 23 37
19 49 34
44 18 24
39 51 50
14 16 47
35 30 39
29 18 51
46 48 31
9 31 31
21 38 28
23 19 47
40 39 27
30 46 15
17 16 19
24 16 42
44 48 47
32 20 45
20 35 54
7 18 50
29 15 25
44 40 18
26 46 44
11 50 47
23 44 32
46 14 35
46 23 21
34 17 26
22 21 51
46 19 33
26 49 15
45 47 46
30 43 45
16 42 21
43 49 51
14 14 35
26 46 15
15 51 45
46 22 44
31 14 46
9 47 30
35 48 25
33 26 53
35 35 52
16 32 34
28 13 28
34 34 39
23 32 18
25 49 39
29 17 28
8 19 25
13 37 17
11 36 41
29 13 37
7 36 46
16 22 22
19 24 29
13 46 36
34 50 17
35 29 25
11 34 30
40 51 34
41 32 55
8 37 30
16 27 40
29 20 40
22 52 23
34 30 48
19 38 49
11 46 33
10 53 31
26 24 24
6 42 40
34 33 48
11 52 22
16 19 21
34 48 39
17 13 31
37 19 52
41 23 40
36 38 40
29 42 49
35 18 19
12 28 21
16 32 51
23 38 47
37 35 26
23 41 19
18 29 32
30 48 27
14 18 31
42 27 19
36 52 18
36 26 35
22 18 42
44 43 50
21 26 28
32 27 25
37 44 18
20 39 25
10 26 44
29 19 50
28 40 32
43 44 46
38 27 19
23 33 22
9 33 47
22 34 22
12 53 51
43 17 31
21 13 22
35 32 21
45 17 45
36 39 25
35 30 44
30 20 54
31 29 16
16 27 28
41 42 25
43 21 33
31 30 28
23 45 36
26 51 48
33 37 19
7 43 30
6 28 32
37 34 16
46 19 24
23 27 41
19 36 25
6 28 34
42 36 24
31 30 40
7 15 54
34 44 43
9 52 44
40 48 27
6 29 37
21 36 37
13 14 43
6 21 45
15 43 30
34 37 31
29 14 53
11 20 50
24 13 37
37 49 45
32 47 19
30 40 52
24 31 52
6 26 48
16 53 28
37 50 29
23 20 18
16 50 16
7 49 53
8 45 42
17 43 41
46 36 34
34 27 33
31 41 32
14 15 35
40 38 52
42 14 55
35 43 29
25 41 30
45 44 51
11 45 43
42 14 43
35 27 19
45 15 35
9 21 18
37 34 30
39 31 48
9 50 47
32 41 41
13 53 53
21 46 17
30 43 16
45 23 46
40 38 36
38 36 28
31 31 48
25 31 43
32 48 15
37 16 55
12 46 40
10 45 29
11 14 46
15 51 43
23 30 44
46 52 23
24 14 43
25 48 50
72 23 42
97 24 62
89 35 59
80 30 38
109 37 38
82 3 53
84 16 67
102 35 66
98 12 63
97 33 34
82 39 43
94 39 53
94 32 57
102 18 54
102 5 72
77 16 73
86 10 72
102 4 41
75 17 40
78 10 44
95 41 72
71 18 50
91 9 68
81 6 43
72 2 55
82 14 58
73 15 42
73 26 41
80 9 41
83 20 36
94 9 51
105 14 74
95 25 43
87 24 68
88 41 44
98 23 69
72 6 37
94 19 56
82 20 34
87 2 63
108 18 52
87 14 48
75 24 46
93 33 45
101 9 62
84 19 74
71 41 35
84 9 46
99 25 66
87 14 39
73 8 35
76 2 39
111 8 44
109 40 38
98 15 38
93 1 37
101 38 47
110 10 45
111 41 42
78 41 68
105 31 72
109 29 40
102 14 58
73 40 42
90 32 70
79 16 41
105 27 57
82 29 42
90 5 53
93 25 50
77 32 58
100 33 74
107 9 65
76 1 37
98 7 44
87 36 35
76 32 68
79 12 64
71 30 73
90 5 63
105 1 57
74 38 55
79 38 69
76 4 54
98 7 70
78 24 38
107 13 58
98 10 48
106 18 63
73 33 58
108 26 74
83 1 52
77 14 50
73 8 56
95 3 57
102 18 44
80 38 59
87 26 47
86 36 74
106 37 67
106 35 49
89 15 34
95 27 37
104 41 66
80 18 55
74 14 48
75 2 71
75 9 47
96 9 72
107 23 35
92 38 55
104 15 71
111 21 34
84 14 46
107 14 59
77 37 71
95 41 43
80 3 68
79 32 52
91 2 70
97 37 42
108 25 62
84 24 65
80 41 38
90 25 48
92 7 59
99 5 58
110 1 57
82 19 35
103 23 65
89 6 62
109 30 40
95 13 39
104 20 54
104 24 46
77 3 70
103 25 38
86 36 59
98 4 64
91 16 69
89 1 55
84 34 44
85 15 58
86 18 34
83 2 47
90 34 50
73 1 60
103 11 63
90 25 72
90 30 69
109 2 64
104 38 38
110 9 36
101 7 56
76 9 35
93 40 70
85 24 52
104 29 39
96 35 40
103 10 47
85 27 46
76 18 59
87 15 72
92 24 65
88 25 74
107 28 70
95 24 46
106 16 48
105 38 45
93 1 35
100 31 73
101 16 74
99 22 72
98 21 43
82 16 43
72 18 40
77 17 57
86 3 70
82 37 34
101 12 67
80 17 66
88 15 47
94 24 51
99 10 72
81 12 55
84 9 38
93 5 42
90 16 37
96 26 57
77 8 35
109 34 43
87 9 68
83 5 41
72 16 34
83 8 50
101 12 72
99 41 66
87 32 73
109 34 53
90 28 46
79 12 62
95 25 50
77 20 57
80 40 59
73 17 47
89 25 39
108 16 64
88 1 57
110 38 56
73 11 55
101 37 40
103 41 35
83 34 65
92 35 42
87 23 34
105 25 70
71 26 49
99 5 52
94 38 59
108 38 56
96 12 59
101 22 61
74 36 37
90 35 70
89 40 36
98 7 44
102 27 66
76 12 53
71 38 50
76 41 35
107 36 73
94 7 38
72 23 70
109 37 46
93 11 73
86 20 47
111 28 73
107 16 41
92 34 48
74 32 66
89 11 67
87 15 57
82 21 39
73 9 51
97 21 55
109 33 38
107 34 56
80 2 65
78 39 56
72 11 68
102 34 72
75 40 60
90 31 55
105 41 53
101 21 61
80 37 51
86 41 42
97 27 60
97 26 54
89 9 70
72 3 58
110 15 34
77 20 69
84 16 69
99 4 55
88 37 61
109 9 55
101 27 50
78 17 60
99 36 36
109 13 38
83 35 60
90 31 62
95 21 34
95 13 48
78 30 43
85 28 42
110 15 42
111 40 44
96 23 43
107 23 50
93 38 66
101 8 34
76 2 56
106 33 54
102 41 36
87 21 71
77 10 55
100 13 61
106 7 56
99 27 42
98 14 57
80 5 68
71 20 40
84 37 55
74 33 51
96 16 40
73 38 71
92 36 38
74 10 49
80 12 68
90 41 49
74 30 52
111 25 69
73 38 43
103 12 38
85 13 58
83 5 70
90 8 38
100 17 49
87 16 58
85 31 66
99 14 42
102 11 68
71 27 67
77 10 61
108 32 47
79 20 70
88 9 38
86 37 50
95 29 71
73 41 70
111 1 47
101 19 44
103 13 72
103 27 62
92 26 46
85 12 47
88 11 36
92 18 37
99 36 43
77 21 66
78 32 44
110 10 47
110 19 45
110 7 49
100 12 52
72 33 71
78 15 61
107 8 41
96 29 46
86 5 36
90 31 39
71 8 49
76 22 64
92 19 46
87 36 43
83 12 54
91 17 65
97 8 71
85 29 41
86 3 68
88 3 68
92 1 44
71 3 51
84 11 44
69 32 53
101 21 56
105 35 50
104 29 38
81 8 67
67 18 63
78 5 52
68 6 69
103 36 69
82 27 64
78 14 66
97 24 37
94 29 50
69 38 71
105 21 59
97 4 40
103 30 46
98 18 45
100 38 49
99 38 51
86 4 70
90 38 33
101 26 68
81 19 48
70 30 38
90 10 43
98 17 54
95 2 58
73 22 70
78 18 47
77 19 70
85 34 32
67 6 61
97 23 48
77 36 44
74 14 67
74 21 49
85 38 45
101 33 42
71 23 46
88 8 53
105 20 68
92 31 38
69 2 52
87 6 61
96 28 72
70 14 40
71 29 37
92 2 42
84 34 72
92 22 37
102 13 67
97 20 58
93 16 61
65 28 32
105 23 42
91 40 36
83 5 60
88 39 59
89 27 54
105 17 47
80 11 57
96 24 36
84 3 61
82 34 52
67 1 64
87 20 47
65 16 40
83 14 40
89 15 32
99 0 47
105 31 69
80 17 38
71 39 55
92 32 34
91 32 46
96 19 50
89 22 60
81 17 66
104 36 49
81 29 52
70 20 56
91 23 38
103 1 48
90 23 60
94 40 54
75 15 44
72 5 41
71 19 65
67 2 59
89 8 35
74 16 37
84 35 64
78 30 48
67 23 63
87 39 66
76 9 32
89 32 67
90 31 42
86 30 68
98 2 37
77 25 50
100 38 60
94 27 46
88 8 55
82 5 40
88 18 38
104 39 32
66 26 46
77 2 32
79 40 37
91 39 69
97 12 68
76 7 68
68 7 67
87 20 64
91 32 39
82 34 44
84 15 56
105 12 51
91 37 58
83 31 72
94 21 42
75 26 71
103 7 40
74 0 35
86 3 40
88 14 40
78 25 62
68 15 34
105 28 62
67 18 61
94 5 32
87 26 41
99 5 61
80 22 65
105 5 62
83 28 71
75 27 56
89 0 34
65 0 44
65 20 53
100 35 63
94 21 53
76 26 63
86 14 59
91 0 63
105 17 67
68 31 60
66 32 32
95 29 49
96 39 35
95 26 68
66 16 50
94 9 38
80 3 69
104 22 66
88 32 36
74 2 33
75 18 54
102 29 49
98 13 62
70 8 60
105 36 61
79 28 66
74 2 61
87 10 66
79 13 34
104 3 49
90 28 54
95 0 39
83 14 49
73 7 71
83 34 38
80 20 54
100 9 61
97 31 33
99 19 71
101 36 46
73 16 53
99 31 38
84 2 55
85 23 33
77 0 35
69 19 61
89 25 68
99 8 54
90 34 37
68 16 38
76 33 37
96 35 71
78 6 60
104 5 56
100 29 65
87 30 46
80 2 43
94 19 55
79 16 42
92 24 50
66 0 61
88 10 69
84 22 68
79 15 45
76 12 69
68 9 49
68 38 59
65 18 59
80 32 38
67 35 44
84 14 52
86 27 69
68 31 70
67 38 65
72 7 68
70 1 67
72 5 44
68 28 55
77 10 65
89 26 37
72 35 69
87 9 67
72 27 45
104 29 64
87 20 53
76 0 34
98 37 49
75 34 42
75 37 71
89 37 55
103 6 60
67 23 65
68 12 47
87 20 38
95 11 34
74 13 54
100 38 51
104 1 69
83 19 71
81 32 44
89 30 54
90 36 36
104 13 32
65 0 36
95 18 45
66 4 66
102 10 71
87 8 64
76 15 54
77 6 41
65 15 58
84 16 69
100 3 53
80 36 34
103 10 35
86 40 69
78 3 72
85 38 34
81 16 40
68 22 39
101 14 64
103 29 42
98 20 42
105 38 32
83 37 42
73 29 51
84 9 55
66 4 46
102 40 56
101 18 39
78 2 58
84 21 50
71 22 44
99 20 49
73 16 40
78 11 62
96 9 38
86 5 68
77 1 48
68 32 64
83 19 68
91 17 36
94 39 60
96 21 37
79 36 36
95 10 45
98 29 33
86 19 61
88 1 51
103 27 46
101 18 46
101 14 46
87 20 63
90 36 63
91 10 62
89 19 33
92 34 61
69 8 41
105 21 62
79 34 47
81 10 43
71 18 45
72 9 35
105 15 33
97 12 56
73 31 67
67 12 55
101 12 44
75 34 40
96 16 72
68 9 49
79 1 62
94 27 40
74 7 55
69 33 33
105 20 41
72 11 52
73 34 65
82 0 64
98 32 67
86 17 58
87 40 64
85 11 36
82 5 42
78 29 59
82 22 62
89 22 59
86 14 45
96 32 66
71 33 41
101 39 58
67 19 54
83 30 66
71 3 70
94 31 66
87 19 72
78 7 40
67 7 71
70 1 45
99 3 35
95 40 66
90 11 48
84 19 46
74 20 34
82 9 36
10 40 3
13 52 31
20 37 32
25 68 26
6 42 33
16 40 12
14 64 2
7 38 -2
10 31 3
21 63 -4
-2 64 36
-8 45 14
-2 35 3
24 46 11
-11 44 11
-13 35 28
-1 49 -2
-1 55 34
22 34 4
-14 50 30
11 30 30
7 67 -1
13 43 13
3 47 5
23 49 25
-8 32 5
-4 49 12
-2 69 19
18 65 12
3 54 24
-1 57 12
-11 34 24
14 56 25
6 38 29
-7 38 7
-8 47 27
-14 49 36
-2 46 -4
-13 56 -3
-8 65 4
23 49 16
-4 31 10
22 66 27
11 46 15
16 53 21
-8 65 9
-12 32 26
8 48 -1
3 44 28
13 59 18
-15 39 9
-4 54 -4
9 39 27
8 62 32
18 48 -3
-13 67 13
11 52 12
9 70 13
-12 50 9
-14 47 25
-10 30 5
-12 50 2
0 54 29
8 47 1
-8 36 31
-2 42 36
-11 49 -1
9 69 27
23 39 -4
17 31 34
4 55 20
3 66 12
-2 56 24
14 52 3
23 59 0
19 43 18
-7 52 -2
8 42 7
9 63 11
24 33 15
12 44 6
-13 36 22
13 65 7
21 53 23
5 37 32
-7 69 15
-8 53 23
19 69 35
-12 44 33
-1 42 15
0 63 26
-6 51 15
25 61 20
-14 63 10
8 48 21
13 44 2
-10 62 26
19 34 -2
13 64 20
17 32 2
1 38 14
-4 60 30
15 44 1
-8 41 24
21 30 8
6 46 24
10 60 2
-15 44 -2
11 68 18
17 34 24
19 63 6
-2 41 9
-8 39 1
-2 53 12
-6 59 31
25 32 -2
20 30 20
-15 61 -2
-9 60 28
-14 53 -1
7 43 2
16 47 22
4 70 10
24 47 25
23 69 12
-4 39 18
-7 47 17
-6 48 3
-15 41 15
9 65 34
18 31 35
9 55 4
-10 43 -2
-11 52 14
0 63 23
-3 45 3
16 30 32
9 46 35
-5 59 -1
19 52 35
9 36 -4
-15 44 10
23 49 -2
19 62 32
-8 30 3
-4 30 -2
6 65 16
18 42 32
21 30 4
2 34 30
1 35 2
6 64 13
2 33 33
-9 59 33
3 63 24
11 36 28
-11 62 23
-9 56 30
-13 62 19
-7 70 1
-7 60 -2
0 37 33
14 32 3
18 37 29
12 33 -1
-15 38 -3
-6 46 3
-13 62 36
0 66 13
8 60 15
0 70 31
-1 37 26
-8 55 27
25 69 4
5 68 10
21 53 20
-2 37 21
25 60 4
-7 52 30
-13 52 33
-6 69 35
25 68 33
-15 55 16
-12 63 31
24 48 13
-2 39 13
20 54 18
-11 60 1
13 69 7
24 69 -4
-14 59 19
-1 33 15
7 50 30
18 47 3
12 44 19
-11 33 36
-15 53 1
-12 38 10
0 61 -2
13 57 15
-2 48 6
5 43 19
1 67 -1
5 44 5
-14 44 6
15 53 21
1 30 29
8 42 11
12 40 -4
20 47 14
-12 66 29
22 63 0
-9 61 -4
23 46 29
15 61 4
18 47 -4
14 38 26
16 31 -3
7 64 12
-9 50 3
15 68 17
3 38 31
2 61 32
-15 46 29
-6 59 24
-4 69 33
2 64 14
3 46 11
15 34 13
8 46 19
4 49 31
3 63 29
8 51 25
7 65 11
-7 33 28
21 60 12
23 49 19
14 39 24
8 67 -4
23 54 25
8 54 12
3 62 12
11 30 21
19 37 6
12 63 15
-7 46 -1
16 54 -2
-9 45 5
-1 51 34
-15 37 11
24 47 2
-5 43 7
9 30 27
3 70 7
11 48 17
0 52 10
23 53 3
0 42 18
-13 42 25
-10 61 24
-9 36 3
0 63 -1
1 33 26
-14 45 28
-12 38 12
4 62 24
-8 67 0
-13 67 29
21 57 29
13 64 14
-13 66 26
0 70 -3
15 68 1
-12 46 11
-6 67 6
22 35 5
4 31 7
18 60 22
-10 37 19
-5 30 34
-7 53 -2
-6 67 5
25 67 21
25 33 4
18 67 0
15 63 35
-15 35 22
7 56 0
2 44 4
-2 67 36
-9 42 24
-12 67 21
21 42 8
9 42 3
-5 45 15
6 36 25
16 54 33
21 70 10
-13 36 5
-11 30 8
-6 64 27
-8 56 29
8 62 4
-13 56 35
-5 39 23
-5 31 -2
16 60 6
-11 43 11
22 69 15
4 68 25
-4 51 -2
16 31 1
0 44 16
15 31 18
13 68 -4
22 61 20
-14 34 34
-14 48 32
-12 49 -3
-2 66 34
10 55 12
13 52 36
-2 69 4
-15 58 10
-4 54 8
16 66 13
-1 33 22
7 61 22
7 41 34
14 40 -3
-13 58 32
17 52 30
1 57 8
-3 32 12
12 37 7
24 52 6
5 33 36
-3 41 2
-14 56 22
0 33 17
11 70 31
-2 45 28
12 41 -2
21 68 -3
16 37 6
-10 38 35
16 44 8
2 62 36
-10 65 17
-7 66 11
54 0 80
54 -13 77
33 3 58
31 23 87
59 -10 93
30 -14 80
37 -13 74
68 -13 66
53 25 94
41 14 62
41 17 62
30 24 75
67 4 80
50 3 84
54 -4 71
49 -14 73
49 11 89
45 -12 83
41 18 88
49 25 61
36 10 76
54 -8 70
34 -1 71
43 8 76
48 2 61
40 -9 58
50 19 84
58 -5 61
67 17 54
45 11 62
35 -1 71
60 -6 63
40 -13 62
57 25 74
29 3 76
45 -7 71
49 -14 94
54 -14 89
45 1 89
63 17 70
63 -13 87
38 7 58
60 -7 85
45 -1 83
49 14 70
55 19 69
32 6 82
68 7 90
44 6 67
28 -3 80
29 25 55
66 23 68
28 15 87
48 2 91
32 1 77
48 14 58
36 -7 68
60 19 91
41 20 59
58 -13 93
39 26 83
54 21 86
49 0 60
31 14 73
43 2 82
44 17 92
62 8 71
56 13 85
31 13 58
29 -1 80
52 23 83
46 24 91
49 13 83
32 -3 59
54 16 69
30 -12 81
59 -11 76
62 7 58
57 6 56
44 8 73
62 14 70
51 23 93
68 24 61
45 12 60
53 26 59
48 14 68
68 19 65
61 -14 63
67 -6 78
55 11 54
34 18 88
36 15 68
48 0 83
66 21 54
65 -4 91
41 -6 57
55 -13 81
48 16 74
56 -12 70
50 11 54
53 -4 61
30 22 75
47 17 62
56 -8 77
37 19 77
68 -5 76
60 14 74
37 -8 73
46 24 65
58 15 83
53 7 81
30 0 57
30 -9 93
39 11 86
47 2 59
36 19 81
65 2 62
53 23 54
55 15 63
49 0 79
48 19 81
39 21 57
57 -8 72
65 -9 85
60 -5 56
47 6 92
43 6 64
29 26 56
44 22 80
28 25 93
41 15 84
57 16 94
60 4 88
32 6 87
59 21 80
60 8 66
42 4 63
68 10 76
38 0 78
54 -6 88
29 -7 73
39 -6 80
32 16 55
43 3 82
39 1 94
55 17 61
55 20 69
62 9 92
59 0 91
64 17 74
32 4 83
33 20 80
42 -5 92
42 26 94
66 -14 82
68 17 57
57 -11 60
38 10 91
67 -9 84
44 23 79
44 -8 68
33 7 61
41 -5 67
40 10 75
29 -3 60
35 -11 92
46 25 59
62 2 88
57 11 74
63 2 86
33 7 62
30 18 78
37 13 90
29 8 77
39 -12 77
38 22 87
36 -12 76
29 -3 55
67 20 60
28 -9 68
44 -2 59
30 -6 90
46 13 62
32 -8 80
35 -8 78
68 -13 79
67 24 94
65 17 56
61 -3 68
47 8 66
58 -6 65
67 -6 77
68 15 67
48 -3 80
44 -7 70
47 14 81
41 5 83
35 -7 87
39 24 77
43 10 87
45 22 62
46 12 58
56 24 73
48 13 88
62 3 76
44 3 59
44 5 90
53 8 60
53 15 57
68 8 83
40 3 68
43 19 71
54 26 75
44 24 84
53 2 59
52 -6 67
54 15 60
39 17 91
59 10 84
38 -13 65
43 2 59
61 18 59
38 21 87
42 2 73
59 24 93
32 22 69
32 23 54
51 1 94
41 -4 83
59 -14 68
67 11 65
42 8 79
46 2 62
34 15 61
40 24 71
64 -12 81
57 11 67
32 20 72
37 23 64
53 3 59
47 15 83
60 -3 90
63 23 75
67 12 75
59 5 83
63 19 59
58 14 60
58 -5 69
39 10 75
54 14 64
64 8 74
47 -13 82
36 -13 65
28 9 71
40 8 89
57 5 64
46 -8 55
42 -5 70
53 -11 66
67 -2 57
53 -8 89
44 7 89
38 0 89
48 4 88
53 -5 65
49 2 70
47 25 92
65 -2 89
54 25 82
58 13 77
30 15 54
41 -3 60
33 19 65
45 23 72
43 17 78
40 13 84
50 25 93
28 -14 67
50 26 70
47 16 70
34 7 77
39 18 63
38 -2 71
63 14 55
37 3 75
67 2 59
63 -9 93
44 9 89
57 23 60
61 20 64
35 24 68
44 11 70
65 2 82
28 17 86
64 4 68
68 -1 78
41 -1 82
53 -7 70
64 26 59
47 23 87
38 -3 80
49 1 67
57 26 80
55 7 90
65 24 81
39 7 77
68 -7 69
52 26 75
59 15 87
44 7 55
40 16 75
38 9 85
48 -3 87
65 8 59
30 15 85
28 -10 60
40 2 59
43 -10 54
54 16 70
68 19 90
64 12 55
36 -10 72
44 10 78
58 23 66
58 -7 89
38 15 75
58 -7 63
63 17 73
46 24 83
57 -1 79
53 0 65
47 5 80
52 6 91
67 -14 67
29 4 78
34 12 61
30 7 71
52 12 67
35 17 93
32 9 91
67 12 93
53 -14 70
64 19 66
41 4 88
39 9 73
32 -7 87
67 7 92
48 2 58
48 4 64
41 -5 56
47 38 50
47 27 45
52 38 52
69 20 71
82 33 74
66 34 48
72 54 54
72 33 49
70 28 69
75 32 60
73 45 74
61 22 40
70 42 78
68 17 68
72 46 72
66 40 44
83 27 48
61 55 58
61 38 74
61 29 52
46 17 66
44 44 42
82 18 76
57 38 72
66 50 63
56 33 78
53 17 51
58 38 41
70 48 77
61 25 65
73 23 69
51 39 53
84 40 78
65 19 72
44 35 42
77 26 39
75 18 61
62 44 64
66 45 67
74 30 72
72 32 60
59 43 58
74 55 62
84 45 43
70 51 72
45 34 56
73 35 66
76 21 46
51 19 42
74 26 63
79 38 51
69 24 72
48 42 70
79 47 47
63 55 44
64 26 59
54 45 50
51 34 60
73 45 39
74 34 43
79 35 49
77 44 59
58 30 57
47 47 55
47 21 73
59 24 78
75 25 39
78 40 71
71 51 78
67 55 77
63 52 58
80 26 66
50 45 78
66 49 48
52 46 79
52 22 77
45 31 79
57 48 49
77 48 56
55 26 59
65 30 40
61 47 65
81 25 43
73 26 40
81 42 56
54 46 49
80 26 67
62 31 50
62 31 49
77 54 47
53 55 67
70 18 46
58 46 78
56 41 53
77 42 39
58 52 53
74 38 58
49 15 79
80 31 66
48 49 39
54 19 70
69 15 53
68 54 65
58 21 72
60 34 48
58 23 53
65 18 77
65 42 73
52 18 73
58 54 64
46 20 61
51 43 78
59 22 75
46 35 77
62 25 71
45 52 79
44 39 65
57 28 74
81 20 59
46 24 40
71 46 42
45 48 78
81 18 62
46 27 67
53 29 73
72 34 79
53 17 65
49 51 63
78 15 51
57 50 75
79 51 58
44 55 71
48 36 69
78 33 74
56 39 66
51 52 60
76 48 64
68 53 51
49 36 51
80 51 58
81 24 66
48 32 66
73 21 55
81 37 54
64 15 52
69 18 57
58 18 67
58 29 76
69 53 65
82 30 39
81 34 63
46 17 77
63 25 52
61 49 62
69 38 55
77 15 47
84 29 70
79 48 61
71 19 47
61 54 65
65 32 55
53 34 64
69 45 67
48 26 42
62 31 47
64 53 46
50 20 51
73 23 75
44 26 66
48 36 40
46 30 74
55 27 59
57 50 79
84 27 40
53 50 43
55 17 75
76 42 52
79 34 66
77 55 76
66 47 64
46 16 56
44 25 48
49 22 47
48 42 45
80 53 57
70 19 44
84 36 56
58 53 68
49 53 42
58 22 66
63 45 54
61 32 48
56 28 66
70 26 68
48 17 65
51 41 78
65 42 63
84 36 45
84 44 40
74 21 73
51 43 63
75 46 43
66 40 62
69 50 76
83 38 71
45 40 71
83 44 57
67 50 39
51 33 73
66 38 79
73 19 76
45 40 75
53 17 54
63 42 77
81 32 74
80 18 70
74 46 75
54 31 45
81 40 65
52 38 57
49 35 41
80 43 72
44 44 69
61 33 66
67 43 44
62 17 79
56 32 63
57 49 74
49 49 57
62 44 79
55 39 52
50 20 50
72 54 46
78 55 39
50 30 77
66 46 61
76 39 53
78 15 47
53 48 51
54 27 40
60 26 65
83 26 59
72 17 55
77 50 58
64 45 65
46 32 43
46 22 60
69 40 72
44 22 68
64 52 65
54 18 39
75 28 43
51 39 50
61 36 72
55 46 44
54 48 52
78 24 78
84 53 49
70 30 67
55 15 62
74 49 62
45 38 62
75 38 58
47 35 64
83 25 65
46 34 43
62 24 62
67 52 67
78 48 56
71 18 52
60 53 60
49 42 79
60 34 43
55 45 51
44 28 64
82 50 62
59 28 53
53 16 50
76 41 50
48 15 65
59 38 68
46 32 47
70 28 68
58 29 70
44 53 78
76 28 56
49 18 58
59 37 71
83 26 52
64 45 52
63 41 62
49 19 53
66 32 66
45 38 49
46 26 64
71 15 79
84 51 40
49 27 68
54 15 50
83 53 51
52 55 70
52 38 40
77 40 72
76 20 40
70 31 58
49 44 64
56 25 55
65 55 69
70 28 44
84 40 57
49 30 65
61 53 74
77 28 45
66 17 65
77 47 59
74 18 68
47 47 68
78 53 76
70 47 42
64 52 74
78 18 58
73 23 62
67 25 64
52 15 39
73 24 66
49 39 39
74 35 41
82 30 57
44 33 48
60 26 53
53 52 44
51 52 76
75 28 59
48 25 51
54 34 57
56 29 54
54 32 57
54 17 54
75 29 59
51 35 71
84 16 42
66 29 52
65 32 76
79 49 58
53 33 62
78 21 56
44 40 52
66 26 74
60 42 52
57 23 51
111 59 72
101 55 75
107 47 79
85 66 73
97 39 50
104 42 65
89 68 65
111 55 61
91 70 49
89 68 51
73 45 69
97 59 59
78 66 69
99 67 78
95 56 65
111 62 73
109 34 67
84 45 78
92 35 54
98 50 57
76 64 73
94 49 61
100 58 85
74 71 70
99 35 80
93 37 87
96 42 89
94 57 79
79 53 69
86 48 80
86 53 67
110 62 76
104 60 64
97 52 79
83 35 87
86 49 71
109 51 77
105 41 49
94 72 52
76 68 79
112 33 49
95 64 89
108 50 56
101 44 63
102 50 71
88 65 72
108 59 61
80 68 67
111 37 63
82 38 81
106 56 71
90 62 81
79 34 50
79 69 80
89 34 58
84 54 51
102 61 65
100 70 60
80 57 52
78 66 72
106 36 80
88 59 89
106 37 63
107 64 65
106 38 57
110 41 67
105 52 51
98 50 60
79 56 87
97 48 67
74 40 88
99 43 65
88 62 55
101 49 66
98 52 80
85 46 51
80 39 55
79 39 60
94 38 84
88 35 67
79 48 63
80 71 88
88 42 70
82 69 80
100 67 53
99 67 67
104 53 50
112 34 80
108 53 78
92 33 63
88 40 78
81 38 56
109 43 56
73 54 63
107 72 55
99 64 87
83 41 82
101 66 67
74 70 57
91 61 52
82 34 68
98 42 76
86 55 62
102 41 69
107 45 80
96 44 68
97 42 80
83 45 54
79 34 68
74 44 58
76 53 66
90 47 53
110 50 66
81 49 72
101 52 63
74 62 53
95 42 72
78 58 66
87 49 70
86 49 89
104 43 58
80 60 69
74 37 59
82 44 67
83 47 55
111 63 59
78 49 61
104 59 66
109 43 63
94 37 87
105 61 87
111 43 53
78 51 76
85 52 84
104 33 55
78 54 72
97 34 61
78 64 65
96 48 61
80 34 69
89 40 82
89 46 87
100 66 87
109 44 58
96 41 75
74 53 66
73 64 67
112 72 59
94 59 61
72 34 82
80 40 84
89 60 88
83 72 81
87 66 59
74 67 54
88 69 57
91 64 80
104 39 77
112 68 66
96 59 89
80 69 66
75 61 60
102 54 51
112 60 69
95 40 67
99 60 73
87 38 60
105 55 83
111 52 79
90 55 69
75 59 72
110 67 54
77 57 72
100 53 84
87 57 83
102 47 55
112 72 68
86 52 64
110 56 64
97 48 77
93 45 77
87 59 72
98 53 71
93 36 87
79 70 51
108 44 79
93 37 86
104 42 55
109 64 71
107 40 73
80 68 63
84 51 62
109 65 82
112 58 55
91 40 86
93 48 51
103 70 72
73 58 83
104 69 83
78 46 53
77 48 61
104 59 50
78 71 53
90 69 59
106 49 66
74 61 81
79 57 61
110 67 50
106 55 84
91 41 88
112 47 68
84 64 55
96 32 57
84 65 73
83 58 50
76 33 50
85 58 75
90 35 66
76 33 51
82 37 80
104 71 67
109 50 58
101 59 68
82 51 72
83 68 69
73 45 64
105 42 49
101 48 66
83 38 68
88 49 86
77 37 69
110 38 68
77 70 49
73 45 89
72 52 67
110 71 77
85 43 83
81 66 87
72 61 69
82 50 80
96 62 74
96 63 83
77 65 58
94 34 49
75 63 79
73 60 72
83 72 69
82 60 79
77 64 53
103 33 81
94 33 55
103 43 69
74 41 56
91 68 69
97 66 67
75 65 76
98 41 52
98 62 56
79 63 49
76 72 80
98 37 68
112 39 69
73 71 85
107 48 61
99 41 67
103 52 78
80 65 76
82 32 85
90 61 71
99 34 77
101 56 85
90 61 60
104 59 86
90 71 77
104 39 78
73 35 81
89 49 57
95 72 68
74 58 60
77 58 54
105 48 58
111 65 84
79 35 51
87 56 72
72 41 68
103 42 49
75 53 68
102 35 80
74 58 63
111 55 68
73 65 50
72 72 85
89 37 71
109 32 82
90 47 70
84 57 79
104 33 76
93 45 59
77 54 59
92 61 61
96 56 85
109 56 73
85 50 52
74 69 72
78 48 58
100 48 71
101 46 89
97 40 54
110 32 65
100 41 65
89 62 89
72 37 69
109 66 75
110 53 51
111 38 75
77 35 78
79 56 59
107 58 82
93 56 64
110 39 83
89 55 62
101 32 63
79 60 75
84 40 83
109 40 70
82 60 66
92 32 55
105 51 73
103 71 59
96 54 74
100 65 70
80 55 52
93 33 67
103 34 69
110 61 49
108 65 66
97 37 63
104 52 85
108 58 78
85 39 55
81 45 52
73 65 78
77 46 75
98 37 61
90 44 58
84 66 69
91 63 85
76 42 82
102 59 49
75 57 80
88 81 97
77 100 87
65 104 115
74 87 110
89 102 90
82 104 117
93 86 80
63 74 91
72 92 109
68 67 97
62 73 82
80 81 107
56 96 84
91 100 100
68 78 95
81 81 113
76 77 117
95 98 93
71 78 95
57 88 92
94 96 97
67 91 104
70 102 109
82 86 98
96 81 98
63 76 101
86 82 97
96 67 85
84 68 117
59 74 104
91 79 94
95 74 79
66 98 83
65 84 115
72 66 85
71 72 80
64 102 116
78 77 118
85 65 109
81 93 97
83 69 98
76 102 110
58 78 81
86 104 89
76 98 89
75 91 110
95 75 102
95 83 104
59 94 89
57 90 99
63 70 91
69 70 96
58 78 94
61 64 105
83 84 103
76 74 91
65 92 104
90 92 92
68 72 86
57 89 102
56 91 108
81 73 86
70 99 84
66 69 97
88 75 84
65 69 95
63 77 96
83 85 92
92 87 105
87 68 78
96 99 88
63 67 92
60 92 111
66 66 85
83 91 79
82 65 82
84 73 84
65 101 88
93 84 102
74 86 117
61 70 104
65 83 110
79 93 98
92 97 100
62 70 82
90 94 88
79 99 84
57 99 82
64 85 81
70 102 88
76 65 104
82 78 89
86 92 98
89 85 110
59 75 99
60 95 116
59 83 118
90 74 79
71 68 116
66 68 79
85 99 107
73 87 85
92 88 113
96 95 80
64 97 100
92 96 112
78 77 95
85 76 78
69 94 108
61 86 111
95 80 98
91 85 94
90 71 92
57 103 90
86 93 83
80 86 88
80 68 117
78 65 111
91 99 112
91 73 92
93 70 97
95 100 100
93 96 113
76 77 80
88 101 92
81 79 93
82 87 95
80 64 113
95 103 94
78 79 98
90 86 87
65 83 81
94 70 108
88 93 89
87 95 79
85 82 104
56 72 116
57 99 97
60 86 116
82 67 112
89 65 115
63 87 113
88 91 117
96 96 96
79 70 107
78 80 107
82 103 100
89 89 101
58 83 118
84 102 112
94 93 99
63 67 85
84 91 82
86 97 109
90 65 114
72 81 107
59 82 117
66 81 97
59 65 105
76 95 98
78 97 108
93 66 114
65 81 99
95 92 113
66 103 78
61 91 94
72 71 98
81 99 102
77 99 89
62 94 106
94 88 116
94 94 111
87 66 111
71 75 108
88 85 100
60 92 96
62 68 114
74 85 94
96 77 81
92 97 96
62 100 97
91 80 100
66 74 111
91 99 99
94 66 92
96 78 92
81 88 112
79 101 92
59 65 84
86 75 80
79 67 83
60 94 100
78 75 97
79 89 94
92 70 98
81 68 115
74 101 79
96 68 116
93 104 99
80 74 114
91 104 110
62 95 104
80 97 107
71 75 115
56 70 108
75 66 117
81 73 104
86 101 103
66 98 91
83 79 111
78 86 86
60 64 105
84 94 105
94 64 113
89 87 117
72 85 103
90 97 95
59 90 114
93 72 88
74 73 105
61 74 97
81 69 79
87 92 115
62 96 98
96 77 97
60 91 80
83 64 92
84 83 89
87 99 87
66 70 98
79 88 114
76 70 104
80 86 85
85 92 100
65 96 82
90 97 110
79 78 115
73 100 89
58 96 88
66 103 111
68 103 106
74 68 118
61 96 95
92 64 89
88 64 84
56 90 107
89 88 81
81 101 105
74 102 113
69 84 100
70 75 115
76 67 117
58 71 95
62 89 83
79 84 102
60 91 118
80 78 100
95 71 112
79 89 111
92 101 81
86 99 87
63 89 96
79 97 103
60 66 116
71 86 88
85 76 114
82 79 95
90 66 105
95 88 115
68 87 92
57 90 89
89 73 94
83 65 79
76 102 79
56 86 106
76 74 91
81 88 117
91 79 85
96 93 97
61 84 102
57 103 101
60 88 102
87 87 101
96 69 96
79 64 81
61 82 107
83 83 87
67 83 99
77 93 83
58 81 84
66 94 79
75 90 86
69 78 99
75 66 116
73 99 113
66 98 80
57 99 98
79 92 85
56 93 103
72 71 90
67 85 86
95 80 88
82 78 85
62 102 83
76 87 83
86 72 84
76 90 78
87 99 86
84 94 114
60 98 108
57 104 110
85 102 114
66 89 103
93 74 90
67 64 116
58 101 101
72 70 79
76 85 97
67 91 86
59 88 109
59 68 96
56 71 105
56 76 84
84 75 81
61 89 116
93 90 83
78 96 97
78 101 78
87 100 79
85 85 88
72 84 101
96 104 79
57 92 89
71 78 93
56 86 112
69 93 89
64 100 108
56 98 108
69 104 81
64 94 88
82 84 87
95 102 108
66 68 82
84 67 102
75 71 78
76 80 113
73 101 98
73 97 110
67 87 99
66 93 91
80 8 79
93 17 79
76 -3 61
96 7 62
84 -10 63
63 28 73
91 27 79
68 18 51
63 9 44
77 25 69
61 23 79
89 -11 81
80 22 50
88 15 76
92 25 45
62 9 73
77 -1 79
98 12 53
68 17 45
60 26 55
73 -2 74
71 9 67
99 17 55
60 14 63
96 -1 84
89 6 49
63 -11 57
88 -1 44
70 -3 57
93 11 50
71 -5 59
63 29 67
75 6 52
85 11 58
83 -7 55
90 -4 58
77 21 78
74 22 62
90 -3 68
82 -5 52
62 26 57
89 -5 64
72 28 78
63 -2 49
88 9 45
92 -7 45
100 -7 65
83 23 78
73 -8 60
96 13 45
66 2 45
72 21 56
98 -5 54
88 19 57
62 -9 67
60 -4 77
62 15 53
98 16 63
87 23 65
90 26 72
94 -6 72
74 -6 47
92 7 72
75 23 61
80 17 69
77 15 59
65 20 62
96 28 75
80 -9 48
62 -11 63
71 27 76
77 24 81
82 13 47
62 24 74
91 26 72
72 12 65
77 23 46
78 0 83
73 6 66
72 23 62
60 18 75
87 -8 44
79 13 49
97 7 54
82 14 56
75 12 64
72 1 75
85 -10 62
62 24 64
69 13 72
80 23 63
80 -8 54
96 9 54
71 16 55
84 17 68
95 26 82
64 14 46
60 16 78
89 5 57
79 1 84
93 9 83
71 0 69
87 22 68
64 -5 61
69 25 61
72 0 58
71 -1 79
96 17 76
100 14 84
82 9 58
78 -11 71
88 22 76
94 6 69
74 12 82
62 15 58
72 22 60
73 4 76
93 -7 65
78 -7 55
100 7 80
88 7 80
87 29 51
75 12 67
70 -5 78
72 10 64
60 -8 84
100 18 62
75 -2 48
92 17 82
66 -2 47
64 17 55
73 -11 57
78 24 64
66 12 61
72 8 48
92 26 51
92 21 80
81 11 70
92 1 75
99 -5 51
97 20 66
95 -11 55
75 15 78
64 -4 78
99 6 51
99 23 63
89 3 72
94 -3 55
88 -2 56
88 9 51
99 18 57
91 -1 54
95 13 74
96 11 60
98 26 55
71 10 44
73 24 82
76 -6 75
93 2 68
86 -4 55
85 11 84
99 17 79
72 -11 47
62 -5 45
66 28 74
60 21 54
74 17 63
78 4 72
62 -5 60
100 -6 62
84 3 83
85 -5 48
62 -7 68
62 12 83
63 -8 56
63 14 56
100 -7 52
64 6 61
82 24 77
62 -9 47
80 0 47
60 7 82
94 14 58
78 10 69
77 4 60
76 22 52
61 23 67
95 29 80
95 2 76
61 28 64
95 6 68
69 7 74
60 -6 50
87 -5 68
61 -5 79
97 -3 55
62 24 47
61 1 48
63 -3 69
92 19 48
63 8 44
80 -7 70
73 5 44
92 8 83
63 8 50
72 -1 47
63 26 46
89 21 69
79 2 79
60 6 62
73 28 44
80 21 50
89 29 49
84 -1 79
71 2 83
84 16 62
97 18 83
79 -5 73
71 -11 71
74 -6 65
73 5 65
88 5 68
89 29 62
76 24 72
92 15 84
75 16 71
87 11 81
77 24 84
85 -1 60
86 -7 80
99 25 68
71 -4 76
96 -6 61
87 12 73
66 27 80
72 27 57
61 28 62
84 -9 63
73 6 67
85 -5 55
85 10 56
89 -7 84
83 9 58
65 7 46
64 16 69
67 -4 45
97 -4 59
95 23 46
67 -7 80
94 10 44
60 2 64
65 28 46
67 26 70
96 20 51
78 25 81
60 17 74
99 -3 45
76 -9 74
96 16 72
75 16 63
77 15 72
98 11 55
69 -10 47
90 4 46
75 24 59
63 9 51
98 11 46
76 -10 70
100 13 67
74 12 70
91 25 83
70 17 72
97 -5 45
68 -2 66
84 28 49
64 8 59
71 13 59
98 21 48
76 2 80
96 -6 50
87 22 59
64 -10 71
89 9 56
91 21 83
86 24 47
68 -5 71
77 19 57
70 12 44
62 3 56
98 6 64
92 -7 84
71 10 63
80 14 77
81 23 72
65 -8 60
71 -5 63
64 -4 79
92 0 48
63 14 55
79 27 63
67 13 69
70 2 69
96 10 69
72 -10 59
63 17 77
88 26 45
90 25 65
87 -4 75
81 12 70
95 15 81
70 12 70
88 0 66
83 15 67
91 -1 55
81 11 77
69 8 64
70 14 67
81 0 50
73 6 51
94 6 65
81 25 83
88 4 70
61 -9 72
92 -11 59
92 25 65
99 22 70
90 19 58
83 18 80
85 -1 69
64 20 67
96 -9 49
99 25 49
83 -7 47
64 21 46
63 21 55
80 12 81
71 20 48
64 29 59
96 -6 75
100 14 51
94 20 55
97 24 47
90 2 69
83 29 55
77 11 83
68 1 70
69 5 47
61 -1 68
87 17 52
95 24 70
