79 73 21
80 54 11
50 43 28
68 46 46
64 52 32
78 40 48
54 65 21
78 53 17
56 43 44
77 43 21
59 38 19
67 61 43
86 67 23
54 49 28
50 48 29
56 40 34
74 39 38
57 37 28
64 61 24
62 65 48
77 56 31
48 46 49
82 38 20
60 45 29
66 48 43
55 43 22
47 68 47
84 76 50
66 56 37
49 55 19
85 58 22
76 64 15
85 43 40
49 51 48
74 55 48
48 64 38
62 51 29
87 58 46
73 56 25
72 64 35
58 75 49
60 77 33
72 51 37
65 37 18
63 47 35
52 62 13
75 52 12
75 68 29
87 57 42
62 41 39
52 69 10
73 48 39
62 37 45
65 62 36
86 55 16
76 53 23
81 62 28
70 56 22
61 40 28
87 52 49
60 59 12
74 69 30
62 70 13
75 69 33
49 39 26
74 65 10
53 65 38
81 65 18
74 37 17
66 61 17
79 47 33
57 43 46
71 55 33
83 62 27
55 55 33
63 47 15
52 41 31
77 48 43
53 38 19
66 69 50
80 38 44
49 74 22
57 73 24
57 49 34
58 60 13
57 51 27
84 62 40
75 64 13
57 70 34
52 73 11
84 54 32
72 61 11
81 59 18
76 37 30
77 47 24
50 65 46
58 38 45
56 64 15
68 40 36
53 74 27
57 67 30
73 46 16
64 51 39
87 64 46
62 71 45
53 53 12
64 74 50
58 46 36
59 64 17
66 45 46
57 68 18
51 49 49
85 39 29
62 77 27
64 53 44
83 37 20
84 45 49
67 49 47
49 74 32
69 41 15
64 73 15
77 54 35
75 63 27
86 63 50
48 48 14
86 51 35
65 66 33
60 41 10
57 73 22
48 64 23
76 57 21
84 40 24
79 71 11
86 52 13
53 50 20
60 60 38
82 51 42
70 51 36
64 56 34
64 68 32
48 71 17
55 68 30
62 47 49
85 66 11
66 60 32
66 56 38
70 46 47
55 62 35
69 48 49
54 47 41
52 64 43
49 41 20
66 69 22
81 57 16
74 76 23
62 74 44
59 67 17
71 54 14
63 65 44
67 60 38
84 38 14
78 74 47
53 68 45
59 38 36
58 52 42
65 50 14
56 45 25
50 46 27
75 44 43
58 38 49
54 52 46
79 76 21
56 45 40
57 56 24
86 77 15
53 63 28
73 49 40
47 57 49
62 77 17
47 44 23
85 67 47
66 56 30
75 62 23
66 48 14
51 51 13
54 56 27
79 49 37
54 53 22
54 61 42
52 77 39
63 66 11
62 53 12
67 55 48
49 42 41
85 52 50
50 39 41
85 42 13
73 44 13
48 70 48
63 41 28
50 59 49
77 56 15
66 47 46
72 68 46
85 74 18
58 53 43
68 58 35
84 47 31
87 46 35
71 57 25
49 42 26
58 52 12
76 65 29
80 57 13
56 43 14
84 42 34
78 58 14
83 40 22
66 51 18
78 57 13
71 77 45
63 37 40
85 64 27
73 66 22
76 55 10
69 42 13
67 64 21
72 59 25
50 52 10
86 53 47
47 47 47
75 44 31
55 71 41
59 48 11
78 45 33
81 53 29
50 59 21
57 37 44
67 42 14
79 74 26
55 61 47
87 74 15
48 71 48
87 55 45
64 44 44
75 60 23
55 71 13
68 54 38
77 73 28
57 48 33
60 61 26
62 50 14
70 71 38
60 37 23
55 66 28
56 58 18
53 39 36
59 45 41
66 53 44
85 77 44
85 58 44
74 56 47
53 72 37
87 39 36
56 65 14
80 44 32
53 63 27
62 40 48
56 61 28
52 39 26
66 45 21
47 52 40
71 63 48
64 53 30
50 44 31
75 38 10
75 43 27
72 63 27
75 49 10
65 48 46
68 68 28
61 69 37
58 43 45
55 48 29
83 66 34
60 69 13
77 50 36
52 64 14
84 40 29
55 49 38
71 42 46
69 58 38
77 59 44
60 64 32
53 65 10
66 66 18
85 65 29
51 73 49
77 46 25
78 56 38
50 66 35
54 69 41
51 43 12
47 72 14
67 68 11
52 62 15
54 70 20
53 65 23
81 38 29
68 53 13
63 53 10
82 63 40
60 73 50
64 45 30
57 74 14
51 76 43
63 65 22
55 71 48
48 59 18
74 45 49
86 71 40
62 62 48
84 49 38
50 48 38
64 75 43
78 67 25
55 46 40
65 73 29
75 47 17
73 44 45
64 50 24
77 59 49
59 55 37
56 65 25
62 54 14
74 39 14
77 50 31
80 56 21
82 38 13
68 74 11
68 64 46
76 43 12
48 71 14
69 75 48
76 75 11
59 53 45
71 51 16
58 57 36
85 72 13
68 75 44
47 42 39
64 61 47
80 38 20
54 46 45
49 38 22
83 37 22
75 50 48
56 60 22
59 70 49
72 71 37
56 74 47
75 62 39
62 72 14
79 53 18
87 69 36
85 71 11
62 39 41
53 55 39
80 56 33
75 40 33
66 48 41
81 65 14
81 41 36
47 72 45
53 68 38
77 55 45
57 53 39
56 67 29
83 60 28
83 54 50
62 47 46
62 49 45
75 39 22
59 40 12
53 47 21
69 40 39
74 48 20
50 42 49
63 59 32
61 75 21
67 37 37
85 39 29
56 57 33
59 48 12
83 58 20
70 73 23
61 69 38
67 40 16
67 71 49
74 66 23
10 10 50
34 15 50
38 39 64
7 28 87
14 37 48
32 18 80
19 39 77
23 9 67
5 9 85
11 12 67
5 26 69
12 1 62
19 13 63
22 27 70
27 14 60
44 25 75
34 7 85
11 25 52
15 25 77
10 18 88
16 -1 70
25 34 49
40 30 81
41 35 74
30 14 54
15 24 53
6 29 56
29 21 59
22 28 58
31 25 80
39 29 79
5 16 87
26 17 67
21 25 59
18 21 55
16 11 68
37 28 59
27 8 55
7 -1 79
30 7 48
12 16 57
11 1 84
38 18 65
28 19 59
34 17 49
14 -1 69
32 22 68
18 33 86
30 30 84
6 3 85
31 29 84
35 23 58
16 -1 57
37 7 54
14 7 80
25 7 62
23 7 51
37 32 67
11 1 57
36 30 67
6 5 71
39 4 58
44 29 68
24 29 65
25 18 60
8 32 81
29 23 59
36 37 65
8 31 85
27 8 84
32 2 81
34 32 73
7 10 59
5 12 78
7 27 60
24 2 80
14 31 58
18 25 55
29 37 86
9 25 82
23 14 54
7 11 50
8 1 61
33 39 77
10 6 63
24 2 88
6 33 65
14 30 63
16 27 86
12 28 76
40 19 60
24 -1 84
8 1 73
16 35 50
26 23 58
44 23 48
31 38 74
12 12 79
30 33 86
32 36 75
21 0 69
26 23 83
37 21 59
31 3 66
36 33 76
25 4 74
27 18 66
26 14 71
31 8 68
23 38 72
34 24 55
36 37 59
33 1 69
33 35 81
29 23 61
24 8 69
38 16 52
8 13 48
17 30 69
30 8 66
43 35 66
19 37 63
21 16 66
26 18 63
42 28 56
42 34 71
19 14 73
29 0 56
13 26 59
33 12 58
21 22 75
22 11 82
18 32 64
5 19 63
18 -1 54
10 24 76
5 31 66
4 14 64
10 16 54
33 5 81
4 34 54
26 25 66
38 30 74
37 10 53
12 27 79
18 4 68
25 34 62
37 3 63
32 4 87
15 17 54
8 23 57
21 6 67
34 23 75
11 25 76
32 29 61
42 20 79
22 25 49
43 16 77
25 13 87
23 1 64
9 33 85
44 37 72
28 18 49
9 29 88
17 7 70
26 6 49
20 38 84
6 39 63
31 3 63
33 39 49
6 0 59
33 32 73
21 6 56
20 37 51
8 11 59
44 31 80
4 35 83
29 20 79
35 1 63
33 17 56
14 15 56
34 31 73
25 0 68
39 16 69
41 38 70
9 13 50
19 5 86
44 10 55
15 30 83
12 27 84
42 -1 54
29 11 81
44 24 63
5 21 62
18 25 76
41 34 48
29 13 69
12 -1 82
7 35 52
12 27 60
25 36 58
39 25 61
44 15 82
44 6 53
26 7 82
34 21 55
41 8 76
19 33 69
24 16 66
12 5 77
44 36 64
31 18 49
18 17 88
31 12 83
20 14 79
36 7 60
30 7 69
14 7 53
39 11 88
13 25 66
19 28 62
13 0 86
12 2 57
19 0 60
21 26 54
37 17 65
30 19 73
27 6 67
20 14 72
20 10 52
26 8 61
31 29 82
43 4 71
30 16 64
20 0 81
24 16 86
14 -1 80
27 34 86
34 16 56
29 33 67
36 9 50
29 3 65
23 9 74
26 34 76
34 36 50
9 26 65
16 12 79
9 17 48
42 25 83
19 6 48
44 7 64
28 2 54
18 7 69
20 3 83
8 11 78
11 14 84
27 2 60
27 12 75
21 2 88
22 0 75
18 19 84
31 28 49
13 12 61
9 26 54
6 18 74
31 13 74
24 35 51
30 15 60
27 34 54
4 28 80
36 30 53
11 2 81
33 28 62
33 38 76
27 18 83
36 31 59
32 15 50
28 14 52
5 21 77
20 4 83
14 24 56
16 20 51
10 38 87
22 15 49
30 37 73
11 38 88
19 9 69
12 1 86
7 13 85
7 35 88
21 16 63
10 37 72
13 1 64
42 19 55
12 0 75
38 8 49
4 21 54
7 -1 70
35 5 82
20 15 49
29 13 69
31 18 63
17 35 58
29 39 87
26 28 48
19 33 58
41 33 53
39 30 58
11 17 70
25 39 65
11 -1 69
6 29 66
25 2 81
13 27 62
38 11 49
21 3 70
38 0 67
36 16 75
18 20 61
19 1 57
8 17 68
6 39 79
30 35 73
20 38 50
8 38 81
22 25 55
30 35 50
30 -1 86
33 9 80
30 35 87
33 29 81
41 4 85
28 14 68
26 5 71
25 14 67
43 20 61
38 17 88
12 28 85
4 3 75
10 6 48
4 39 82
35 32 58
22 0 50
43 24 87
44 16 81
26 19 80
30 33 77
7 5 56
28 39 79
25 13 65
26 25 54
25 26 54
13 31 68
19 6 81
15 6 62
29 5 49
28 15 64
35 28 66
10 9 55
5 17 53
21 3 65
16 19 82
19 37 79
42 1 66
38 36 50
7 11 71
43 9 72
6 17 71
9 34 75
17 33 48
9 29 68
11 17 74
37 2 62
38 29 62
17 3 69
31 24 79
21 38 68
42 20 59
6 11 85
36 0 53
13 26 73
25 13 55
22 0 59
7 17 82
24 23 71
33 5 54
32 20 69
35 17 60
6 38 59
44 3 67
33 21 56
17 27 57
32 35 54
15 16 61
33 34 54
5 35 88
33 16 72
36 29 54
32 7 81
16 36 62
24 -6 34
7 2 29
14 8 4
12 2 6
-4 16 -4
-10 2 0
-12 -4 9
6 -2 13
5 -9 -2
14 9 21
22 -12 15
15 -20 14
16 13 24
-3 8 0
14 -8 19
-4 9 10
16 1 11
2 11 22
18 -6 13
7 15 25
4 -3 11
11 6 1
28 20 26
8 -8 32
16 -14 24
3 13 20
-11 7 1
24 0 7
19 5 20
-2 -4 28
9 -10 5
21 20 10
8 13 23
24 5 19
8 -2 9
1 16 13
7 19 26
3 -16 3
22 -15 29
15 -4 16
21 -5 27
-6 -4 11
-6 -1 34
18 -6 -2
24 -9 8
-7 18 23
1 5 24
27 -17 20
-3 0 7
-8 -11 -3
27 -1 4
-12 1 8
-2 -8 19
24 -7 15
11 -19 0
-4 -2 12
27 -2 25
25 14 3
19 2 22
-12 -17 7
-2 -16 20
19 18 34
20 -13 -3
14 20 35
-6 -12 8
6 -11 29
19 -20 3
-1 -16 7
19 -4 18
-3 -1 18
-1 9 35
11 4 1
23 -12 14
2 -14 27
4 20 12
23 15 33
3 -20 0
16 -12 13
-4 -16 14
22 -1 24
8 -6 3
16 -5 2
26 -19 34
2 -13 23
27 -6 1
28 3 19
19 18 17
-2 7 5
-6 9 35
12 -13 10
-5 -9 31
13 19 15
17 -3 33
-1 6 -4
-12 16 32
25 10 25
0 -2 29
27 3 15
6 10 14
19 12 21
-3 -7 29
-1 3 2
-5 16 26
-1 -9 31
18 15 8
15 17 0
23 9 0
24 -19 -5
28 3 32
6 -19 4
13 14 5
5 5 21
15 20 33
27 -18 -1
27 11 0
-12 4 -3
28 15 -3
-4 15 24
3 10 18
14 -6 2
5 12 14
28 10 -2
13 7 0
15 -13 25
10 -13 3
-7 4 29
19 -3 -3
-5 1 0
-3 3 26
22 -17 30
25 -6 6
10 18 20
2 -18 19
-9 -20 26
5 7 9
16 -1 7
16 11 -3
-4 16 16
1 18 31
3 -9 18
8 -8 34
14 -19 -2
25 14 -1
-2 -10 22
22 1 6
-1 -3 15
26 3 28
27 -6 19
7 -14 7
27 9 7
23 14 -1
-2 -2 5
-4 -4 19
-8 3 27
7 -1 34
11 7 19
14 -6 32
12 -9 16
18 16 15
20 12 28
-9 20 14
14 8 23
26 -14 10
17 10 -5
0 18 35
18 16 17
11 -12 35
11 -10 3
14 -18 -5
-9 5 29
21 -13 13
28 6 -4
5 6 35
-5 1 7
8 12 14
15 13 9
-8 -18 33
4 11 3
9 -20 33
-12 8 14
18 0 28
-1 -19 34
12 13 14
21 -8 20
-7 -19 -4
19 -5 33
7 -7 27
12 -14 15
26 -17 21
-6 -9 31
7 -17 4
-9 7 7
13 9 35
-11 2 18
-7 13 19
5 17 -1
15 1 26
12 -11 11
21 -18 6
14 1 29
23 18 -1
8 -18 18
21 -20 24
-2 11 8
18 -18 24
-4 15 35
18 20 27
-12 0 10
-8 6 6
13 -19 33
17 15 2
1 19 4
-6 16 28
16 -4 -4
25 -6 -3
16 8 -5
18 -6 24
21 3 25
9 -2 24
12 14 33
-3 1 23
24 -7 20
-4 9 32
28 -1 7
-7 -13 -5
-9 -14 10
0 -6 25
4 -16 2
13 -18 35
28 -12 30
1 -9 22
14 -20 -2
13 11 12
-11 -20 12
-4 12 22
3 -16 8
3 -6 3
19 13 3
6 14 5
5 -10 27
-5 -7 9
12 14 -4
17 -11 19
20 -2 3
28 17 -4
24 11 19
11 -20 5
-10 -3 18
-6 7 7
6 10 35
6 3 22
3 -13 11
10 15 11
-8 -5 32
-1 -16 14
-7 -19 35
-9 -18 17
-6 -4 -4
6 -20 22
-7 20 27
26 5 -2
-1 -20 -1
-4 15 -1
24 4 4
26 -5 0
0 15 8
1 4 9
10 6 17
-9 0 18
8 -15 -2
-12 -14 3
27 -5 32
-1 14 10
-5 14 8
22 -9 28
-11 3 -4
14 -17 20
-5 -17 -1
8 5 32
10 -7 34
-1 -4 9
3 2 31
-11 -8 14
-8 4 0
-4 -6 16
28 -18 23
5 -8 0
27 11 28
2 10 25
19 6 -1
25 7 20
-2 -8 32
17 -17 10
6 5 22
28 1 12
-10 -6 14
-4 6 21
6 5 29
-9 14 7
-9 -14 15
23 6 6
27 -15 29
27 -8 9
12 -18 25
-1 13 33
1 15 9
-3 -18 17
22 -3 1
8 -18 1
8 3 14
20 -11 5
9 -18 10
14 -5 21
4 -13 34
6 -15 25
5 16 32
-7 -10 19
25 -18 -4
-8 18 8
3 -11 14
22 11 11
0 15 35
-12 -8 2
27 16 22
22 -18 9
21 -19 11
12 -10 20
14 20 25
28 18 11
7 -5 -5
4 -2 23
23 -17 17
27 7 9
2 -15 4
1 -19 1
10 -18 10
22 -13 21
18 -5 35
10 -12 7
11 -10 22
25 -12 28
-4 -7 1
8 -10 32
9 -8 27
10 11 10
28 -19 2
0 -2 22
9 19 -3
13 -4 34
23 4 2
6 -6 15
23 14 5
3 -16 22
-4 -5 6
22 3 11
20 -3 2
25 -16 24
28 17 30
-9 10 -4
10 4 3
2 -2 8
24 15 31
-2 -14 12
22 -2 17
12 8 11
-5 -15 22
-12 -11 26
7 15 29
20 8 8
7 20 34
2 2 35
13 6 -3
2 20 3
6 8 15
18 -10 35
18 -10 31
4 11 -3
17 8 17
11 14 33
-11 -4 -5
26 20 5
-1 20 27
21 -15 -2
-10 4 -3
24 5 35
14 -17 10
-3 20 18
24 -14 15
0 18 34
19 6 20
13 18 5
24 1 19
19 -5 22
18 20 31
-7 10 2
5 -10 7
3 20 14
10 -10 29
19 -11 5
6 12 35
81 20 -9
55 19 9
84 25 22
63 32 24
89 40 4
84 23 -8
63 33 25
57 35 30
73 36 18
90 10 15
70 40 -2
73 20 -9
76 7 25
80 22 18
56 42 8
76 31 23
67 22 -4
69 21 0
67 38 16
54 27 15
75 38 -5
88 23 0
58 40 -9
68 29 5
87 11 14
91 36 17
83 30 -8
61 24 12
81 7 27
63 45 -1
70 28 17
88 38 10
70 34 20
60 46 25
68 40 -1
81 46 15
81 41 27
88 12 31
69 9 1
82 24 6
62 47 -5
62 23 14
71 45 -7
67 45 16
84 41 8
84 23 16
92 21 -2
61 26 -2
76 23 8
83 46 25
69 14 3
77 7 6
86 21 19
68 11 4
88 47 16
82 9 14
57 35 16
60 42 26
92 12 -5
86 20 -9
60 15 15
69 32 21
92 44 -2
82 20 9
84 14 28
71 44 6
80 11 19
81 34 10
66 24 10
77 38 10
87 35 -6
69 35 9
93 22 20
94 32 15
94 19 13
87 12 19
64 30 4
59 8 24
59 35 -2
65 14 12
93 25 17
54 17 0
54 11 -3
59 27 8
84 34 28
83 38 9
73 31 0
67 34 7
81 22 7
68 38 18
78 41 25
73 34 22
63 45 4
64 42 29
59 41 2
80 11 7
90 42 -7
93 20 9
54 12 0
85 30 23
84 40 2
64 18 2
67 33 21
76 42 -2
84 17 -7
68 42 15
54 11 4
63 24 2
54 9 -8
57 16 8
90 41 13
71 33 30
63 18 1
67 33 16
83 40 14
59 18 -3
90 15 -6
93 34 28
69 12 2
62 23 -9
54 39 14
84 43 8
84 9 -4
57 12 8
60 38 22
76 13 3
70 30 25
62 22 17
76 44 5
61 43 28
74 41 7
56 22 1
80 24 13
75 22 5
94 39 0
89 38 19
90 17 14
81 39 21
57 11 -4
84 10 9
68 27 26
87 34 9
85 17 2
78 33 21
59 34 12
72 20 1
66 15 7
62 32 11
92 11 2
84 20 22
66 29 -3
77 40 30
94 12 18
59 31 12
70 22 -3
75 22 -7
56 16 15
93 10 13
67 10 14
68 8 10
77 34 2
56 33 2
65 25 -9
70 32 29
79 33 20
82 36 -1
56 44 -8
54 47 25
65 47 -4
54 28 21
80 19 -4
66 35 1
60 39 26
69 23 31
74 43 16
68 33 -9
81 12 13
73 7 23
65 12 26
56 38 6
76 14 -3
83 21 4
87 42 -2
88 17 -9
90 13 2
81 13 -3
93 13 12
60 25 10
81 14 6
70 18 7
77 38 -5
59 7 -2
76 23 -4
69 13 -5
94 43 20
80 39 19
60 8 3
92 45 22
92 8 -4
64 19 2
60 28 23
58 17 -3
88 27 10
92 13 29
85 12 28
58 32 18
87 13 4
85 27 -6
63 27 31
90 21 26
92 22 -8
94 15 4
57 34 25
60 8 0
63 45 14
65 10 3
66 14 30
87 26 11
72 39 7
74 25 8
90 45 -6
77 31 24
69 32 25
67 46 18
81 8 18
66 45 0
81 40 4
62 45 11
62 27 -2
60 41 -4
65 28 -6
77 40 15
90 40 15
80 27 27
62 43 -6
59 41 18
90 46 9
83 30 -3
65 16 5
81 32 2
84 15 0
90 21 18
92 43 -9
63 9 23
78 34 31
84 13 -2
66 44 1
55 28 10
60 24 6
57 18 11
75 46 5
78 37 11
92 8 19
60 40 -2
56 22 5
78 10 20
91 23 29
89 42 11
69 15 10
74 14 15
57 36 4
79 42 0
69 8 16
77 37 -1
91 32 2
81 32 9
57 47 11
84 39 29
80 26 20
60 33 6
58 35 19
64 22 12
73 10 31
88 14 12
69 26 -8
80 36 12
89 25 10
67 12 29
58 16 23
57 18 -3
92 22 20
79 7 -8
86 39 25
71 35 -7
57 10 19
91 39 -3
71 46 6
81 46 1
76 9 -9
89 26 4
60 23 -3
79 16 16
59 13 21
62 26 15
80 32 -2
80 8 27
77 44 13
86 47 -4
78 27 21
67 15 -5
57 20 24
77 37 29
74 41 10
86 31 28
56 35 23
57 32 28
61 43 27
90 9 17
76 43 13
65 35 19
74 9 26
85 31 12
58 37 14
94 42 22
61 47 2
72 23 -7
74 28 25
77 37 27
73 14 7
94 30 25
73 35 12
66 15 -9
91 38 0
72 9 26
91 27 30
90 21 12
67 41 16
56 31 21
82 32 8
92 25 -8
88 13 24
79 7 11
73 33 4
92 22 15
91 35 8
60 33 21
70 12 11
60 36 30
59 44 6
90 11 25
68 31 1
60 20 8
79 46 23
54 16 17
90 21 -8
55 39 26
91 16 31
74 39 1
93 8 9
90 13 13
68 38 17
91 34 0
86 14 16
88 29 -4
70 29 25
88 16 5
80 35 2
66 36 -6
77 45 1
93 7 -8
83 35 -2
84 15 8
65 46 -8
94 13 9
70 26 -6
88 16 4
85 33 28
70 8 -1
76 21 -2
86 24 16
63 20 7
90 43 6
79 46 28
80 28 2
62 13 9
60 35 7
88 39 -9
69 42 28
63 39 8
60 25 8
78 31 -3
70 33 21
69 28 4
89 16 29
73 42 2
92 45 12
58 39 30
56 38 24
60 7 8
54 36 27
75 13 15
79 30 19
79 18 -7
65 47 18
78 38 4
82 7 2
62 7 -7
73 11 21
94 47 11
73 47 30
35 18 6
61 -4 21
53 5 30
63 -15 5
33 3 23
39 7 -2
56 -14 6
28 14 27
37 8 -3
52 -8 6
51 3 24
43 2 14
40 19 -8
29 3 6
40 -4 19
39 17 -5
57 -10 14
42 15 21
56 20 21
32 12 26
28 7 0
26 20 23
27 3 19
26 12 1
61 19 14
37 -13 11
42 -8 -2
35 -3 -6
61 -5 16
42 14 16
59 -19 12
56 -5 9
55 6 -5
26 0 10
62 0 1
65 -14 10
46 20 31
59 -19 24
41 19 22
33 20 0
35 9 9
63 6 27
34 -19 18
63 -18 -1
28 -8 4
64 10 -8
51 21 14
50 9 18
56 10 0
39 18 16
36 -14 11
52 -7 16
57 -6 -5
61 4 -8
65 0 30
32 21 27
44 -17 -1
58 -15 15
28 19 14
57 17 29
55 -14 16
60 -6 26
28 6 5
32 -5 -2
45 2 3
46 -4 23
62 14 -4
50 12 -2
46 0 6
52 5 21
42 21 7
27 -10 -6
52 0 -5
56 6 22
60 18 30
35 -5 -5
37 -1 -4
50 9 1
27 -17 0
49 15 -1
60 0 16
63 13 2
65 -8 20
54 -2 14
61 5 11
45 19 19
57 17 0
37 19 13
43 5 9
49 2 5
34 17 12
63 -18 5
60 -9 3
45 8 1
54 -16 1
53 5 14
29 12 17
49 -1 4
29 -3 18
33 -6 28
41 -10 9
45 8 17
66 9 28
37 -5 14
64 -3 31
43 0 21
51 3 -2
35 -13 -4
33 -7 6
39 7 20
38 16 14
50 8 3
34 -2 -5
40 5 4
44 -18 -5
47 10 21
54 13 27
36 4 -3
51 17 29
66 4 14
65 14 -7
57 -10 -4
37 -15 -6
54 -3 21
37 1 21
48 15 21
62 3 1
38 20 21
58 17 -6
51 2 -1
57 -12 12
54 -10 -4
60 7 22
48 20 19
30 -3 -5
29 -5 16
42 17 18
27 -5 20
49 2 -1
35 0 1
45 2 19
35 5 21
45 16 5
28 -1 25
50 -19 26
34 -15 1
27 1 21
44 -1 5
26 17 17
49 -1 11
40 20 17
35 14 -5
35 -14 27
29 -17 19
47 8 3
30 13 22
66 9 8
40 6 31
47 5 -8
26 6 -8
33 19 -9
32 6 -4
29 8 -4
30 -17 19
42 -5 -1
51 6 -5
57 18 21
52 15 15
46 13 10
30 -10 1
62 -3 26
61 3 3
52 12 23
48 -1 2
50 -17 -2
65 -9 -5
28 -17 -2
49 2 -4
63 -11 25
46 21 19
55 -17 23
57 7 22
43 -1 6
60 18 6
31 -16 8
42 6 28
32 -15 14
61 -13 15
34 -17 16
51 -19 -5
42 -7 15
51 6 8
42 14 18
26 -5 -7
54 11 13
44 -16 13
62 -13 24
53 5 -6
34 17 6
56 -17 -3
59 12 8
59 2 16
52 16 29
45 -18 18
32 0 -7
61 -17 6
29 -7 26
35 -3 5
51 2 25
60 5 -4
57 17 16
63 -1 25
32 19 7
31 -14 26
44 -11 26
57 4 12
42 7 -1
34 13 7
35 -1 15
38 3 -9
45 17 29
29 -16 13
45 -4 -2
45 15 3
56 20 23
51 1 0
29 18 6
48 4 4
60 -6 0
53 -2 11
39 -1 27
44 14 -3
37 -17 6
64 -10 -2
64 1 13
46 -15 -8
48 13 4
37 -18 12
38 -5 29
37 8 0
56 15 26
36 -11 -1
57 10 -6
64 9 2
28 9 3
37 15 16
40 18 4
40 -16 4
54 7 9
62 16 9
45 6 19
62 6 15
46 -3 11
29 5 31
47 -15 23
48 12 3
27 8 8
65 -13 -4
33 20 13
47 4 -4
26 -16 22
35 -7 -7
29 -12 27
63 13 11
38 8 12
55 -2 -5
31 5 6
37 -7 22
39 -8 27
65 -11 -6
52 -11 -5
34 12 -1
37 -2 24
52 -12 9
28 9 -5
57 3 0
62 7 4
44 -4 17
41 9 6
47 -4 5
43 6 30
41 10 7
43 -3 19
39 10 4
33 -5 28
32 -6 -6
55 -15 4
34 -19 16
30 6 16
40 -3 27
28 -19 12
27 -12 3
37 -6 30
55 15 18
37 -13 -7
31 18 27
46 17 13
27 20 27
63 19 -2
61 13 18
35 -7 28
39 17 13
60 17 19
47 -15 0
64 -17 22
30 12 -9
58 19 30
52 -3 13
57 -15 26
31 -2 1
43 21 12
39 10 -7
33 16 13
38 13 9
60 12 10
37 18 16
46 -4 25
65 10 17
50 -2 24
51 -11 -5
53 11 8
31 -4 6
58 -2 -9
39 -7 19
47 -17 2
55 -17 6
35 -6 -2
30 12 -4
34 -19 -7
63 5 8
57 -13 6
57 -8 -5
27 -12 0
26 -16 29
37 4 5
62 6 24
64 -15 30
47 -5 -6
50 16 -8
35 11 29
28 15 19
52 17 28
53 -4 0
51 10 12
55 -6 21
40 9 22
31 -16 28
64 8 -6
54 8 30
62 -4 -1
32 9 3
34 -13 31
58 13 -1
37 -6 19
55 6 17
38 18 29
45 -4 28
44 -15 23
26 -9 12
58 3 28
30 21 22
65 -6 31
36 2 1
34 10 3
56 7 13
54 -15 20
47 0 -5
44 21 8
38 -1 21
40 -14 -8
34 7 5
58 14 13
27 -7 20
60 2 30
53 16 23
53 3 12
66 -18 17
66 4 16
33 -18 19
65 -6 14
64 11 0
54 -2 -1
65 5 8
65 -13 31
64 -15 -6
42 9 22
34 0 21
56 1 25
57 14 2
53 -13 26
43 9 11
64 -12 -4
59 21 28
53 -17 28
48 -16 16
41 10 10
40 5 -3
60 -2 10
66 -6 -5
52 13 15
116 107 76
115 85 86
107 94 92
100 106 84
98 100 95
108 75 69
88 86 90
80 85 73
88 86 104
114 110 87
85 96 86
95 75 80
112 84 74
107 99 89
100 100 104
82 94 86
105 81 104
116 79 81
114 73 85
95 78 85
120 108 102
86 94 96
107 99 103
90 100 71
113 77 81
102 73 93
115 85 90
103 79 104
85 76 91
119 84 103
84 90 95
90 98 90
87 97 74
111 80 82
98 73 69
113 101 98
93 103 86
89 93 86
114 107 66
84 76 70
112 98 106
84 109 66
93 96 84
91 81 94
80 103 87
83 110 79
116 82 84
110 72 71
80 99 104
96 111 85
104 103 84
111 102 72
113 101 87
115 93 97
81 85 73
87 74 76
105 98 83
115 104 93
81 109 99
91 99 90
84 84 101
93 77 66
94 102 103
89 112 84
103 73 82
80 84 99
82 89 68
80 77 99
93 82 95
101 103 102
106 112 93
87 72 97
95 72 95
101 73 66
109 111 69
111 101 88
86 75 88
115 81 81
115 77 87
84 73 77
102 107 85
111 111 73
109 94 82
87 110 83
97 82 104
101 82 68
110 85 77
100 93 92
113 93 84
118 96 99
115 91 105
105 112 94
111 104 97
80 105 66
101 74 91
94 104 84
97 80 77
102 103 70
102 108 71
87 102 103
90 82 102
115 112 96
93 108 91
117 111 69
116 86 66
99 108 88
114 94 106
116 84 87
85 108 105
91 97 89
108 88 69
104 98 92
105 100 88
96 79 101
81 77 104
113 85 68
111 90 102
117 109 67
110 93 92
118 105 89
80 78 82
109 106 76
101 94 82
109 92 96
82 83 106
89 91 66
102 98 71
108 97 86
92 87 82
97 89 100
101 99 83
80 85 84
106 73 67
113 106 86
86 89 102
103 106 74
97 80 85
87 79 79
98 87 74
98 111 81
85 90 88
98 79 91
91 77 90
109 106 74
99 91 103
109 107 77
119 72 72
96 72 97
103 106 75
118 93 106
109 100 104
99 82 79
120 101 86
120 91 104
94 80 79
118 94 94
100 111 78
98 79 67
80 96 94
82 79 88
93 98 69
90 97 101
93 74 84
81 89 96
101 111 71
114 79 106
98 98 85
107 73 68
109 73 100
103 79 92
119 112 81
98 112 78
118 91 93
99 83 92
115 87 72
84 82 70
108 106 81
112 80 103
105 103 99
86 109 87
116 83 67
92 85 74
83 106 89
109 97 72
103 109 79
96 88 78
81 98 85
114 82 88
117 80 88
84 73 97
84 92 83
105 100 95
81 111 71
113 83 79
107 81 94
114 78 93
94 96 95
113 95 91
102 89 101
114 90 83
103 81 73
84 73 98
115 78 89
116 102 69
81 109 104
100 107 77
92 73 91
98 97 88
90 86 100
100 110 81
99 107 105
107 88 67
104 74 76
85 92 93
95 109 76
81 100 103
116 105 89
80 78 102
103 93 102
93 103 80
97 96 102
109 100 75
85 82 99
88 78 73
83 101 94
82 83 98
105 97 105
98 108 95
89 109 77
98 103 95
94 98 66
120 85 89
94 96 99
94 75 97
111 74 101
85 74 67
95 97 93
118 111 67
115 82 89
113 100 89
92 75 95
100 89 86
89 104 96
87 73 94
81 94 77
117 109 66
84 112 71
86 111 66
109 99 79
83 106 87
106 110 97
83 80 78
84 94 89
119 79 98
96 104 83
119 94 93
86 73 103
114 77 96
116 103 104
86 74 97
99 111 66
119 106 73
88 76 79
88 74 81
99 83 99
94 97 67
84 90 86
120 85 98
105 78 66
93 109 86
80 72 67
96 73 69
89 93 84
112 81 102
111 79 93
94 98 93
96 105 70
103 112 95
81 108 66
100 108 105
91 110 77
103 97 92
96 79 88
93 94 75
103 80 89
120 97 92
107 101 106
94 77 94
89 77 81
106 106 95
105 96 102
84 81 68
80 105 83
84 88 72
97 107 91
105 91 68
89 75 78
88 109 92
103 79 70
88 104 101
92 74 71
107 93 92
102 104 103
107 99 88
112 91 66
110 93 67
83 95 81
81 74 71
97 104 96
99 74 102
86 96 73
92 88 71
111 79 67
101 104 66
101 106 81
106 104 68
96 82 91
80 91 80
114 91 89
80 79 93
87 99 100
107 99 67
96 79 87
95 88 98
113 75 80
107 98 96
103 112 71
111 87 83
97 98 80
119 109 96
81 90 100
120 99 72
89 110 83
103 103 86
85 107 76
117 79 79
97 105 96
99 84 78
85 105 81
86 104 91
93 108 69
110 93 96
98 108 79
80 89 66
102 86 85
91 88 106
118 102 80
105 105 97
89 89 79
96 75 79
101 94 89
113 80 84
96 112 77
118 103 72
103 77 82
114 84 90
80 73 90
112 80 79
96 79 96
110 109 100
81 90 71
103 102 106
112 99 68
80 104 97
83 80 84
106 89 82
93 110 91
80 81 105
82 106 84
113 99 84
107 81 75
117 103 79
108 102 72
85 81 103
83 112 85
114 98 78
120 85 87
112 112 78
99 97 90
80 75 85
112 72 84
89 76 99
88 98 85
104 84 72
89 98 86
89 102 81
99 88 106
83 94 73
115 110 68
104 72 85
95 108 67
114 97 82
114 101 95
92 109 105
103 97 76
119 112 77
100 102 69
86 80 92
119 81 89
91 101 96
39 23 63
42 -4 75
16 31 73
41 21 100
33 3 97
33 -3 62
39 -1 63
30 0 84
14 11 98
15 30 90
31 13 65
18 0 81
34 4 70
19 22 69
13 24 63
36 15 102
47 11 87
20 -6 84
47 19 102
21 21 73
23 22 64
17 28 91
46 3 91
17 34 72
42 29 85
53 4 96
46 27 82
39 1 88
34 7 79
53 -2 71
39 16 90
26 32 66
41 22 68
49 18 87
47 8 64
39 22 93
53 28 86
20 33 71
24 -3 79
40 -1 80
51 19 67
48 -5 97
50 14 93
26 21 95
28 9 65
29 16 83
18 3 63
17 17 91
40 17 102
20 25 102
50 17 90
13 19 73
24 28 91
28 8 84
31 2 102
28 7 86
53 27 68
38 25 75
22 6 66
21 22 96
31 2 93
51 3 91
14 11 79
20 -2 65
46 21 90
22 13 75
21 13 62
50 19 89
52 -1 94
31 -2 93
30 20 80
42 30 73
27 -3 88
44 13 92
30 9 96
37 8 76
48 12 78
52 17 99
50 -5 81
33 28 98
41 17 92
21 19 69
40 17 73
20 18 77
38 21 64
22 9 92
25 11 84
22 25 76
51 1 74
47 31 84
13 2 102
27 -3 90
44 -2 90
47 -5 78
51 28 64
32 2 70
42 31 86
19 34 72
34 -4 77
23 12 83
32 31 90
50 10 73
37 -4 68
49 29 99
27 3 81
53 32 77
38 30 70
37 24 77
13 7 81
24 29 80
35 5 87
27 16 81
34 5 81
34 14 85
31 18 85
42 0 85
29 19 70
26 9 63
13 17 88
33 -4 73
20 -2 83
30 -1 96
48 11 87
31 11 76
23 4 71
26 30 88
39 11 62
24 15 96
14 13 73
32 13 74
48 3 79
14 20 84
46 20 90
29 6 75
35 33 94
17 2 75
51 23 92
25 34 69
17 5 83
29 19 67
42 9 93
27 21 82
42 30 91
41 -2 72
24 18 88
29 -2 96
39 5 79
33 0 96
42 17 87
25 29 85
33 15 71
35 22 100
20 34 70
22 -6 85
33 21 67
19 27 76
26 28 86
33 -1 100
40 18 63
31 17 76
13 28 62
32 26 83
49 30 87
46 23 84
38 15 100
47 16 82
27 25 74
27 10 82
14 2 81
36 22 65
31 27 84
24 -4 72
53 5 76
26 6 91
19 32 69
51 32 83
46 10 101
44 25 71
16 24 91
28 32 99
35 32 82
13 26 84
27 34 68
41 4 77
22 13 89
48 2 80
48 12 71
13 16 94
16 0 92
31 1 73
19 13 86
28 11 92
14 4 90
53 25 68
32 32 69
16 17 71
19 25 77
45 19 101
38 7 102
35 19 78
52 18 69
39 11 77
35 7 91
19 27 71
31 6 71
36 6 78
49 20 91
27 30 90
18 34 76
52 -2 72
21 11 77
46 -6 90
49 19 86
33 31 85
38 4 91
48 10 92
27 22 99
51 8 64
28 3 92
29 9 64
21 18 83
27 18 74
25 14 79
32 12 62
20 33 76
51 -3 89
52 10 98
15 -4 94
41 5 85
13 8 75
19 13 100
20 -3 100
13 28 64
22 32 101
46 14 97
21 14 75
29 28 65
53 24 81
46 4 84
29 28 69
51 17 92
20 32 68
14 30 92
24 23 94
44 -6 72
23 25 99
33 18 92
33 26 85
30 -6 78
14 14 86
15 -5 85
39 -3 67
35 12 90
44 18 100
22 12 96
46 8 78
47 1 71
19 30 87
48 34 82
22 28 67
44 3 93
47 29 76
26 14 72
21 30 70
25 -1 100
48 8 79
21 34 80
50 29 88
40 26 92
19 31 77
20 7 63
49 11 99
40 25 90
47 26 95
27 28 74
35 13 66
24 11 78
31 2 92
23 11 67
32 8 78
35 25 88
40 22 67
38 0 100
19 5 83
46 -2 78
46 17 79
17 15 66
39 6 78
16 -3 91
45 0 95
50 27 92
27 25 79
21 32 69
47 5 68
39 11 83
20 34 71
31 28 87
29 7 70
30 9 98
32 24 78
31 3 93
38 32 95
44 34 66
47 25 102
51 18 95
53 5 94
49 26 69
39 4 75
42 -4 90
23 2 64
30 26 75
47 0 64
35 -6 87
33 4 102
14 15 93
15 30 98
37 13 72
35 7 82
22 26 65
31 19 99
27 21 99
18 18 101
20 10 86
41 6 64
33 26 68
27 -6 81
47 5 69
17 19 75
25 6 94
49 15 83
24 4 71
43 -6 76
16 26 76
49 2 98
35 23 72
23 15 100
41 32 62
27 31 96
34 3 92
30 8 76
19 9 76
52 -5 78
39 30 86
44 11 64
24 -6 72
28 34 80
26 24 84
53 18 85
42 13 63
44 -3 78
25 9 69
53 -3 92
45 2 98
46 13 74
23 -5 85
18 25 67
44 27 86
46 9 88
31 24 76
31 9 63
45 -3 72
45 24 88
37 24 90
38 -6 83
36 13 97
35 9 86
18 31 63
41 23 81
24 -3 85
25 -6 77
13 -2 82
31 28 84
46 26 79
22 6 96
45 22 62
32 7 86
53 25 92
17 17 102
19 22 97
15 5 95
29 21 90
42 25 80
15 -1 66
19 22 81
39 22 77
19 32 98
34 0 75
42 -3 86
52 4 79
32 26 83
34 -3 79
44 12 86
39 4 89
18 22 78
17 -6 99
49 13 70
21 6 99
19 1 67
52 -3 63
32 17 82
33 78 88
63 63 79
26 76 87
29 54 67
59 77 65
36 68 64
63 83 94
57 70 86
53 71 57
62 71 69
28 75 66
27 69 62
55 47 61
31 60 94
28 56 96
38 53 85
46 63 81
32 85 63
61 68 62
63 62 66
58 75 90
56 51 86
32 50 75
61 81 86
61 51 71
23 63 63
55 53 93
63 81 57
24 57 65
49 45 71
58 76 60
36 75 88
52 52 69
26 65 72
40 54 81
35 80 62
45 79 91
40 73 68
62 75 71
40 56 65
40 77 86
33 75 84
62 65 72
43 78 95
28 59 82
51 55 76
47 72 80
50 61 63
28 75 75
56 51 69
43 62 66
38 79 76
41 52 91
57 66 67
39 73 62
52 65 76
37 82 93
55 52 76
44 85 78
53 84 63
26 63 84
31 51 79
23 72 87
57 53 61
55 61 90
24 61 94
25 81 67
37 74 94
61 56 85
39 57 65
33 72 58
36 68 91
37 65 90
46 73 95
44 63 92
57 45 78
26 76 86
34 52 71
30 58 89
49 72 73
63 83 83
46 58 68
61 46 88
37 62 85
31 52 89
43 84 71
26 77 81
60 59 77
28 81 95
32 71 97
61 59 79
61 85 96
31 64 95
47 84 88
42 67 62
29 84 70
37 68 92
52 47 69
33 48 75
44 66 82
28 45 75
37 59 58
57 45 84
26 62 96
49 83 68
31 71 57
41 61 72
42 51 67
46 83 80
48 51 88
27 83 75
57 58 64
61 66 77
26 56 61
57 78 93
31 80 82
56 76 59
58 57 61
37 72 68
46 56 96
40 71 94
40 72 97
44 81 83
57 53 64
34 74 63
45 79 83
29 49 80
31 71 86
63 62 94
55 76 95
23 51 87
49 55 62
50 51 66
42 80 63
39 55 93
62 53 67
46 85 68
56 45 91
36 67 76
37 67 83
26 60 89
40 73 68
49 70 91
32 67 73
24 63 62
35 49 71
36 74 83
60 73 72
43 47 73
29 69 78
42 82 94
38 76 89
58 60 76
38 56 88
39 46 68
55 49 89
46 72 78
26 55 81
49 53 87
23 68 69
29 62 79
58 46 87
23 81 69
57 47 76
35 78 91
48 53 62
36 55 94
59 82 86
28 53 75
34 64 81
46 63 67
60 65 95
36 65 96
56 81 74
56 69 67
27 77 84
59 72 76
52 49 87
44 81 76
26 60 63
27 52 92
55 47 76
59 77 82
56 79 62
31 66 76
42 77 66
39 71 57
28 81 59
47 80 59
35 54 60
55 51 95
25 78 76
59 48 93
61 50 61
36 73 94
63 83 60
49 60 91
45 62 82
33 62 74
28 55 97
42 60 66
55 61 70
41 82 73
34 65 72
45 74 67
40 63 63
55 69 64
30 75 65
33 79 80
61 45 59
56 64 78
40 46 81
55 49 63
57 61 77
51 73 92
45 56 57
32 73 66
63 75 91
25 46 70
26 47 59
61 80 82
48 55 93
41 56 87
61 81 72
39 60 71
46 47 74
33 53 72
34 51 90
46 77 85
61 66 64
57 49 64
42 54 96
63 73 81
33 59 91
59 63 64
54 77 84
31 75 69
60 68 59
61 49 79
26 60 57
43 78 73
46 64 83
30 78 82
54 85 81
59 68 71
58 80 81
44 47 96
60 76 74
45 85 70
40 83 57
59 83 80
36 67 84
24 76 75
25 53 76
47 84 65
59 82 64
63 46 68
48 59 91
48 45 63
53 64 58
45 46 94
54 65 89
30 62 89
46 46 58
32 56 69
26 85 58
53 61 85
54 68 61
35 64 73
63 55 90
41 84 86
51 69 83
41 71 71
44 80 68
23 76 59
32 55 96
39 45 57
51 47 76
29 57 88
61 48 95
27 67 83
35 58 92
37 65 58
62 82 67
23 77 96
63 56 82
58 74 80
26 80 69
35 83 87
56 50 86
23 79 83
23 78 96
62 79 63
33 78 81
62 84 75
29 64 64
39 73 61
30 55 73
57 57 76
38 45 74
42 64 68
46 69 77
50 85 73
56 46 92
23 46 86
25 59 97
45 51 94
55 66 93
53 75 79
44 48 71
51 57 86
62 56 96
32 61 59
59 60 83
49 70 62
26 57 61
26 70 67
27 50 68
63 45 92
47 74 61
46 60 93
36 51 91
52 55 85
33 75 79
47 80 83
50 66 83
34 59 93
34 56 88
34 55 90
62 69 70
63 68 57
28 45 57
53 63 93
27 76 92
41 73 94
35 73 75
25 60 88
59 65 75
53 62 88
24 66 61
40 63 90
32 59 88
23 71 93
62 49 92
62 82 62
45 59 93
52 53 80
24 49 66
41 68 58
32 50 84
30 45 58
38 46 93
51 60 74
53 54 95
33 63 67
48 58 92
54 67 97
48 62 76
59 54 82
46 64 78
40 45 94
25 60 81
56 70 85
25 61 74
25 66 82
49 82 79
26 84 93
39 72 96
45 64 77
63 85 74
36 45 62
35 47 75
38 46 73
26 80 70
63 45 62
46 49 95
26 78 57
38 56 83
51 49 94
30 80 70
48 67 57
36 45 71
52 83 63
53 49 86
40 59 60
46 45 60
40 66 71
27 61 93
63 81 88
55 61 90
53 65 64
62 55 62
28 81 87
59 59 90
28 83 92
41 78 95
23 67 78
33 68 86
52 52 62
31 50 87
93 57 67
64 70 72
57 71 97
79 44 93
94 76 98
67 80 86
86 79 93
89 42 98
88 66 89
76 50 101
57 65 98
95 57 83
75 41 79
61 76 83
77 53 100
64 55 102
87 65 86
94 73 68
89 56 80
85 50 66
71 45 78
89 57 70
74 62 93
72 60 96
86 46 88
94 62 97
74 60 102
65 79 93
62 47 85
74 44 103
67 64 103
91 46 68
80 60 72
74 44 74
87 72 66
95 65 94
89 75 86
95 55 92
79 52 67
68 40 87
88 59 74
77 79 86
70 66 76
63 53 82
64 74 98
71 72 85
57 76 100
86 53 71
95 71 104
62 73 75
60 50 96
68 75 78
95 54 99
77 57 67
61 40 102
70 63 65
83 52 104
79 52 80
75 74 92
77 65 91
59 49 79
87 48 68
81 58 83
77 49 67
83 78 74
76 76 76
61 42 94
82 62 84
82 70 65
71 40 92
62 80 69
87 42 69
63 63 104
96 40 79
82 76 77
94 75 67
90 68 84
70 42 83
57 54 99
89 79 101
86 45 86
79 45 70
87 80 104
85 49 72
58 58 98
59 76 73
82 61 69
60 51 98
94 68 88
92 45 101
79 59 78
65 49 77
76 64 79
77 57 79
68 79 81
88 54 99
71 75 84
85 79 98
64 66 66
80 63 67
61 75 72
85 42 77
57 64 91
66 44 90
60 54 67
72 67 101
94 79 78
82 61 69
97 68 67
63 55 75
96 45 105
62 44 66
88 54 71
77 55 93
58 56 81
84 42 86
72 46 90
74 43 79
62 72 65
93 43 86
69 72 93
67 66 71
81 54 77
96 41 95
58 62 95
81 76 100
72 61 85
66 46 68
73 51 103
68 76 100
73 53 96
58 76 87
76 45 93
71 57 92
81 56 84
76 66 104
90 42 78
61 55 83
60 47 90
81 47 94
86 76 77
60 67 67
86 43 85
64 40 80
70 79 83
80 58 72
78 49 76
85 45 68
72 44 101
79 57 80
71 53 82
88 72 94
96 56 96
81 78 67
82 58 99
97 75 73
82 42 67
86 45 85
72 63 85
65 60 74
57 59 98
88 70 73
83 77 104
78 76 103
74 65 68
93 52 81
79 47 89
85 58 75
78 54 102
77 62 75
73 76 92
70 68 98
62 44 87
87 79 86
82 73 76
64 74 95
75 79 105
77 74 80
86 53 98
66 65 70
65 71 69
77 51 99
84 54 69
83 67 102
69 40 98
72 46 85
66 41 75
88 77 80
71 79 75
77 71 71
73 79 75
95 43 74
82 45 76
63 53 80
61 72 96
59 71 93
62 47 89
68 41 78
94 54 73
91 49 98
75 64 99
91 54 88
67 54 80
72 56 93
58 77 81
76 72 66
78 78 74
93 61 70
67 58 68
86 75 90
72 74 66
83 73 80
63 66 66
91 80 96
64 79 66
63 66 72
91 75 95
62 51 90
71 61 90
91 40 75
64 64 85
73 73 90
89 79 99
70 58 102
87 63 88
60 48 97
82 51 101
82 74 96
83 77 101
73 59 85
73 51 69
80 70 66
59 40 81
87 66 84
78 44 104
66 51 105
78 77 100
58 66 83
83 71 81
75 55 72
61 78 103
83 78 101
96 50 72
60 57 101
90 59 82
64 55 71
97 47 72
63 59 84
67 45 98
82 57 102
86 43 92
94 50 85
86 76 98
95 75 92
72 66 101
83 47 84
93 46 89
59 42 101
93 65 97
60 48 75
86 73 102
88 48 90
81 51 67
81 42 83
81 75 74
97 67 82
74 70 104
91 70 66
63 70 68
65 71 86
81 71 79
59 64 66
93 67 88
79 44 79
93 43 70
59 62 76
93 76 101
74 59 102
91 76 74
67 78 87
84 45 85
78 49 72
75 61 71
81 53 102
87 75 89
92 80 104
80 77 99
62 56 98
80 59 102
64 47 86
77 74 83
73 50 95
58 46 68
72 79 80
69 70 67
70 65 81
87 43 85
57 68 99
82 62 75
85 78 101
79 62 65
81 62 72
60 66 92
85 51 73
67 72 104
95 52 78
60 52 104
74 64 75
76 47 94
75 68 85
68 58 96
88 58 71
58 45 93
83 42 104
67 80 104
74 53 73
62 41 102
69 65 98
88 71 86
70 57 96
71 54 105
66 73 73
79 51 97
87 71 97
74 67 70
63 45 65
84 40 81
58 64 70
59 60 105
70 71 95
97 70 95
91 77 103
83 52 79
70 58 85
95 42 67
59 79 91
57 52 103
58 70 83
64 80 72
57 43 67
71 41 87
57 63 82
75 63 95
73 50 82
76 80 99
65 55 92
67 79 79
95 63 79
71 70 100
57 76 92
64 73 81
88 43 97
88 47 85
91 78 73
62 59 67
91 56 86
61 52 94
93 71 71
62 68 91
83 47 74
61 57 71
77 66 97
87 43 70
86 58 79
90 53 72
60 70 79
79 73 72
71 43 83
79 64 92
58 50 71
74 47 85
90 58 100
77 75 76
86 61 92
60 45 102
60 65 98
96 79 78
81 44 67
79 78 82
95 71 89
77 59 82
66 48 74
82 60 78
89 62 71
80 67 96
58 46 74
81 56 84
71 64 67
84 69 102
79 44 93
95 57 97
70 71 105
93 51 105
58 65 69
90 43 73
83 76 99
95 80 79
77 53 78
85 73 105
96 40 103
69 74 73
77 59 72
42 91 99
77 60 72
62 82 81
42 80 102
68 54 72
46 58 80
77 59 102
47 69 91
37 94 68
76 54 107
48 88 101
41 62 106
40 62 71
49 79 76
70 70 97
46 79 85
52 63 87
77 69 83
71 65 72
45 77 71
69 78 89
48 72 89
69 56 76
61 86 82
66 62 96
38 55 72
53 90 97
69 60 75
50 78 83
39 82 82
59 60 74
61 71 92
67 54 88
48 81 86
43 77 101
56 69 104
52 62 68
53 94 95
59 65 102
53 88 69
59 54 75
55 68 100
61 82 69
73 94 82
61 87 107
77 62 79
45 82 85
59 74 107
55 63 97
55 86 90
62 79 104
58 64 85
41 84 68
42 84 89
54 78 91
77 71 107
38 92 86
40 60 102
52 79 97
56 58 99
65 89 76
69 90 81
53 63 77
41 84 84
52 74 75
57 93 68
57 78 108
64 86 89
76 73 99
70 73 72
54 81 84
51 85 70
77 92 80
50 70 90
61 94 84
68 67 79
63 62 68
54 62 94
75 78 81
56 65 91
58 91 69
57 73 80
55 85 83
52 85 88
52 60 84
72 71 69
40 80 76
70 59 70
39 86 98
54 77 100
55 65 75
54 72 87
70 64 86
72 83 97
72 56 88
63 77 81
56 84 104
60 85 85
37 60 108
56 73 83
74 62 97
53 62 99
38 69 86
48 67 73
69 59 97
53 72 78
68 82 71
71 76 70
63 57 73
42 67 93
51 73 98
74 84 71
47 73 80
56 92 71
44 80 101
76 69 80
55 62 100
39 66 68
63 71 90
49 55 107
44 59 95
57 76 102
53 71 70
47 65 82
58 80 89
38 90 106
70 79 91
54 74 78
40 79 76
49 86 103
44 78 93
43 83 87
64 76 93
68 89 99
66 68 84
52 72 102
62 63 101
70 56 84
75 70 106
60 78 101
43 65 99
47 79 95
68 63 102
47 91 87
57 85 72
75 57 90
39 80 92
70 94 95
72 70 70
55 93 108
71 87 93
65 79 79
40 92 107
69 68 94
69 73 88
46 56 106
67 81 102
57 88 76
77 84 107
57 66 69
47 82 108
43 88 79
44 73 74
67 61 107
48 84 97
71 59 90
37 94 77
52 92 93
74 61 68
48 84 104
56 83 107
74 56 97
63 88 99
55 89 97
77 61 96
76 68 83
48 66 87
60 69 77
47 59 104
70 90 80
50 67 75
47 66 99
59 67 81
55 83 71
49 92 107
39 67 107
70 54 83
45 61 82
59 94 72
69 55 88
51 69 98
60 91 96
68 84 70
62 70 94
68 68 72
41 61 72
75 71 96
38 81 107
66 89 91
57 89 83
68 84 77
40 80 70
49 81 69
74 56 69
75 92 95
43 62 107
68 68 68
77 85 90
63 85 92
65 58 102
64 61 89
43 93 90
59 89 106
75 71 88
64 92 75
76 74 97
51 79 107
55 57 77
56 93 88
60 79 94
52 89 77
48 79 84
71 60 87
48 69 71
52 90 82
39 92 75
63 82 74
58 83 81
69 70 94
42 88 96
69 56 100
77 56 79
76 89 101
41 72 83
49 91 75
58 65 85
40 84 73
70 73 89
61 74 101
53 74 83
49 74 92
76 62 106
64 70 107
66 89 68
54 76 102
38 91 86
45 91 68
66 79 76
56 93 90
51 67 95
52 88 73
46 63 91
61 93 75
57 59 78
68 77 77
71 56 107
50 86 98
60 61 105
48 88 108
53 63 103
44 69 90
73 61 68
74 62 82
64 56 96
55 56 98
55 72 79
52 54 71
67 54 87
51 63 89
44 67 92
67 59 81
76 89 89
45 67 80
53 93 73
63 69 70
76 78 81
57 61 95
71 82 94
51 92 88
56 67 91
41 56 84
46 71 85
50 64 94
65 79 82
50 62 79
37 64 92
49 58 84
61 87 98
65 69 108
69 55 68
70 92 76
44 88 72
51 58 71
44 67 69
73 54 96
37 58 73
43 55 94
64 92 102
54 82 98
72 59 84
65 92 78
63 66 80
61 70 79
66 72 98
61 73 94
39 70 98
49 79 90
65 64 97
58 54 68
71 67 77
41 85 86
69 79 68
38 82 71
69 63 83
45 58 87
50 77 108
55 76 100
48 84 89
73 65 102
66 82 106
55 60 94
55 73 77
64 85 76
37 84 97
38 79 68
51 59 79
56 66 80
74 78 76
44 86 91
58 86 108
77 80 84
54 81 105
76 94 89
68 70 89
59 91 88
68 54 78
67 62 90
37 72 102
75 78 108
77 83 89
73 56 93
52 60 94
73 69 87
38 60 102
56 80 72
42 62 70
53 56 104
45 94 78
69 61 75
48 65 98
54 78 83
53 79 84
60 75 101
58 62 85
43 60 75
63 60 85
45 90 89
49 56 99
38 89 93
48 89 86
70 78 93
57 72 95
72 66 85
65 79 106
45 69 100
47 59 98
42 69 106
54 78 76
46 72 108
59 71 97
39 90 100
58 82 104
50 94 76
77 86 108
48 58 105
66 93 98
66 63 85
40 72 98
73 65 70
49 78 104
77 56 72
68 63 104
60 84 108
52 69 102
59 61 108
74 83 97
48 80 102
76 83 78
61 83 89
72 78 103
66 79 103
67 85 74
60 57 86
72 78 74
41 81 92
68 75 73
62 58 70
47 58 92
36 37 59
34 43 41
41 57 74
55 30 74
51 42 71
42 39 52
22 35 40
39 32 64
53 25 69
56 43 49
39 50 70
41 63 39
55 41 55
20 34 35
47 53 74
51 39 59
25 47 39
34 61 51
40 49 56
37 25 40
46 59 49
41 54 54
53 63 49
28 27 47
18 30 38
36 44 64
37 30 39
37 63 64
35 59 42
21 31 37
26 50 70
33 51 50
38 37 47
30 44 39
48 64 58
33 38 45
57 30 50
35 46 60
30 31 73
29 49 34
56 47 73
18 24 62
19 25 50
43 46 56
40 46 50
37 33 59
42 32 36
41 38 37
56 52 61
18 49 56
43 48 65
38 39 38
38 61 46
49 43 53
22 36 74
57 60 64
42 38 38
25 32 61
43 58 49
51 60 56
26 30 47
31 57 71
17 61 65
23 29 69
25 40 37
27 57 43
21 54 61
40 45 63
54 63 71
44 34 67
49 64 66
32 37 69
42 48 46
29 33 57
50 38 48
39 53 40
35 26 59
28 40 47
23 44 66
25 54 44
37 52 68
35 32 54
56 39 66
47 30 52
17 51 45
56 34 60
21 44 41
32 63 60
17 46 73
21 61 36
36 27 49
20 40 62
30 58 61
25 31 43
48 24 56
45 55 47
23 25 48
42 31 48
36 38 55
57 39 38
51 64 54
48 40 67
37 53 41
22 44 61
43 52 59
37 48 55
53 32 60
42 37 60
41 39 43
20 32 43
53 59 40
33 31 68
44 49 55
17 62 74
40 56 63
56 37 44
50 59 68
22 45 72
36 24 70
25 62 39
54 24 58
38 47 44
34 41 72
44 39 51
17 31 45
50 63 67
53 47 71
33 51 69
47 40 50
17 47 71
24 26 41
39 25 41
33 25 62
54 61 50
49 29 49
51 37 58
53 30 41
20 44 69
24 35 72
50 60 53
26 43 71
33 24 65
44 50 44
35 30 54
42 44 48
22 28 54
53 25 51
34 48 64
25 29 45
38 48 34
33 55 61
26 47 42
20 64 43
32 48 50
29 31 56
37 31 47
25 43 58
40 55 69
54 27 55
55 60 68
38 36 42
22 48 38
28 25 55
20 53 34
25 31 35
43 51 61
40 28 74
39 39 46
20 50 40
39 59 43
37 26 74
37 62 65
31 30 59
25 51 59
37 37 64
26 52 51
39 62 52
54 41 47
32 28 41
54 42 53
45 47 48
24 58 57
56 49 48
43 48 68
51 36 49
38 63 59
32 63 60
24 51 69
32 46 70
23 62 46
45 38 44
17 63 37
31 25 36
55 38 65
21 35 67
43 40 72
29 54 58
47 28 40
55 24 48
44 26 42
32 49 64
23 37 42
24 38 34
50 38 34
44 56 59
47 26 69
33 42 59
46 31 68
42 36 35
48 62 69
48 62 49
39 38 47
29 30 62
39 62 38
38 54 50
37 40 46
48 51 48
17 48 60
41 30 54
36 37 67
43 32 45
38 25 53
31 40 45
24 44 52
50 46 48
44 31 68
29 36 42
28 33 55
25 27 66
27 32 58
56 40 44
39 58 54
31 62 51
47 50 72
22 59 51
49 33 74
35 60 62
41 24 74
39 42 60
42 44 57
37 50 34
44 43 49
52 33 70
27 55 74
51 43 39
45 59 48
47 51 65
55 30 40
44 55 70
27 57 49
46 30 59
49 40 49
26 50 34
47 63 66
28 27 73
22 51 41
33 64 35
34 52 57
40 47 44
28 61 37
40 54 50
22 60 73
25 35 47
44 46 42
18 48 73
54 30 67
47 42 47
34 58 58
40 59 41
31 58 71
54 33 47
22 54 46
24 62 63
32 38 63
31 27 58
53 34 61
43 29 68
51 24 42
56 38 63
24 41 68
30 40 44
23 64 37
21 29 38
38 60 59
39 26 54
31 61 72
28 52 66
54 50 37
19 63 45
56 59 64
20 46 67
52 51 59
41 40 68
44 33 36
21 39 39
31 55 40
49 38 58
51 58 50
38 42 50
33 58 65
52 64 67
27 58 56
22 52 52
27 32 65
56 33 73
48 39 70
20 57 73
42 25 51
57 58 65
49 48 35
35 48 73
18 30 72
50 51 34
22 43 34
42 37 48
24 24 68
56 57 72
31 64 36
37 24 74
40 51 40
57 54 51
30 57 58
52 26 46
17 62 51
34 51 72
43 57 59
52 34 47
35 26 69
37 33 48
31 36 67
24 29 38
47 52 34
24 27 61
33 30 51
53 31 55
48 36 50
24 25 42
41 26 47
27 61 56
26 40 40
26 64 53
29 60 42
25 60 34
31 50 39
22 34 47
37 64 48
17 51 52
36 32 72
36 48 48
22 59 49
33 49 44
26 38 46
25 58 50
41 38 43
37 35 58
21 29 38
26 33 39
49 32 48
32 54 44
53 31 48
32 64 37
56 39 63
22 34 66
35 32 47
56 46 37
52 32 60
28 63 46
42 50 36
44 44 37
53 33 66
30 34 54
56 51 64
40 38 56
31 30 40
41 25 66
39 27 62
44 53 57
28 43 34
47 34 68
30 34 45
50 24 48
17 56 56
20 40 53
44 62 44
54 48 48
48 27 60
18 27 65
40 49 36
40 48 59
49 49 42
39 58 39
27 35 45
35 50 46
19 36 39
29 59 58
54 42 58
30 34 37
27 45 62
25 33 59
36 49 68
82 -3 77
78 -6 80
101 11 80
101 -17 97
104 -7 76
94 5 104
106 2 115
82 -5 104
88 22 77
118 22 88
97 18 104
88 0 95
85 11 83
118 22 90
106 -13 78
95 -7 112
89 21 76
84 -7 78
118 -2 109
115 5 83
98 13 89
118 22 107
89 7 90
111 20 113
97 -8 82
111 19 102
113 14 89
86 -15 82
100 5 108
110 3 82
116 2 84
79 17 113
118 16 94
111 12 88
83 -5 80
102 13 95
79 11 101
92 -4 84
101 -6 79
108 -16 99
88 20 109
94 15 116
102 -14 77
117 -17 104
85 10 114
115 -12 92
102 -14 90
79 22 114
110 14 113
100 -12 104
105 -7 92
81 -5 81
97 -12 89
112 15 89
117 22 108
110 13 115
81 -1 85
114 -9 107
116 -15 80
89 -15 108
89 12 113
104 6 97
118 15 103
107 -12 99
94 -10 102
104 10 93
93 -8 81
85 21 93
115 2 87
96 0 97
105 -5 78
93 22 116
98 13 95
87 11 102
115 5 87
89 2 113
99 -10 83
116 -6 115
81 0 106
115 0 105
79 16 86
80 18 77
99 16 93
79 -16 108
84 7 93
113 -16 108
78 15 115
95 12 76
96 -1 98
98 12 100
101 18 90
99 -8 92
78 -5 111
79 -11 103
82 -18 102
106 -12 91
100 -10 98
78 9 92
81 8 81
91 21 82
78 -1 82
86 8 77
118 -12 108
111 12 81
92 18 99
116 2 96
103 19 105
94 20 113
95 15 92
84 18 88
116 -2 83
116 0 111
85 18 107
90 8 84
109 16 91
91 12 95
91 -2 102
115 19 77
86 9 103
116 -7 86
87 -18 105
96 -18 96
109 12 91
116 -10 114
96 8 82
101 -7 76
107 1 109
89 -2 78
112 -4 85
112 0 107
104 0 78
114 -18 103
98 16 92
113 19 79
88 -7 89
108 5 107
117 15 108
105 -11 102
107 -18 82
88 -14 108
112 3 86
81 18 116
116 3 83
88 18 80
99 22 112
97 4 99
92 14 94
113 -15 105
108 14 76
95 12 114
95 -17 83
96 -6 108
117 -10 98
91 -8 101
86 5 76
103 21 113
107 -10 104
117 -18 92
114 -10 82
83 -14 106
111 11 108
98 14 84
82 5 101
113 6 101
85 10 84
82 8 90
84 -18 88
110 14 110
113 -7 105
114 14 109
94 -1 77
95 21 76
112 20 110
103 0 106
91 -8 116
108 4 85
113 6 108
82 13 104
80 -5 94
81 21 96
103 -2 109
118 -3 102
115 -17 99
80 -13 100
113 -1 102
111 10 79
100 19 84
111 6 83
104 -16 94
93 -7 76
82 19 107
90 10 77
113 13 102
91 -10 105
88 -1 88
117 21 80
79 -17 99
110 -16 112
84 -14 109
118 -1 106
102 12 111
99 17 76
118 -15 103
78 -9 90
103 -13 80
111 6 106
107 15 89
105 16 89
111 -13 113
86 8 99
86 -12 112
103 5 99
106 7 94
116 -6 102
111 -7 116
100 -6 94
116 10 81
117 10 116
93 -1 104
117 2 110
82 -1 90
87 20 102
112 22 115
86 14 108
111 19 80
116 8 89
81 -12 85
83 10 111
107 14 112
110 18 105
115 -17 105
109 -3 114
108 -12 99
118 -12 109
89 7 76
101 -16 95
116 2 81
105 1 80
112 8 101
97 2 83
115 -18 110
99 17 103
118 -11 112
85 0 87
110 11 107
79 -18 85
82 13 79
115 -10 81
97 -10 112
81 -4 100
84 -13 99
79 0 84
114 10 106
96 11 95
116 20 107
101 13 113
117 3 97
111 13 101
102 -13 82
89 -17 80
107 -18 108
116 -13 77
110 -2 79
89 12 80
111 16 114
99 9 84
79 16 97
81 11 89
105 -16 95
95 -3 88
114 15 86
105 10 95
85 5 76
105 8 112
102 6 99
117 13 88
81 -14 115
79 -16 99
79 10 111
95 10 113
117 8 110
82 -7 116
101 0 108
95 -11 100
103 6 93
98 13 113
90 -1 76
81 1 80
109 21 104
104 12 84
113 -7 110
110 -18 98
85 19 88
98 16 106
87 10 111
83 8 80
98 -11 80
95 21 79
118 -4 86
102 -1 87
89 -9 111
85 -13 113
89 -1 95
115 19 100
84 14 101
85 -12 90
81 10 99
88 -6 93
97 -15 82
117 -3 114
86 -2 107
96 11 90
88 16 95
108 8 104
102 0 76
88 5 108
103 10 113
78 -6 98
78 1 76
80 8 96
88 1 96
99 22 89
113 -13 77
109 6 79
108 -6 81
115 11 98
91 -13 110
82 22 90
100 -11 89
93 21 92
115 9 94
101 -3 92
110 -2 95
94 20 114
113 0 78
109 -11 91
80 -17 91
114 7 85
88 7 114
78 3 98
94 -16 78
98 7 95
111 -14 77
85 15 94
101 19 102
107 4 110
86 16 108
101 8 90
81 15 87
109 -4 113
84 -7 82
111 20 86
86 15 78
113 18 84
93 5 76
86 -11 86
105 -7 82
82 0 95
103 1 82
106 -7 92
84 21 96
117 3 81
117 -1 101
115 -1 76
98 14 112
98 -8 80
112 -7 77
103 3 86
99 0 83
97 22 90
118 -17 115
107 -14 86
88 22 113
100 -1 81
97 8 90
113 12 114
82 17 77
78 5 79
89 16 89
99 -11 100
86 13 93
85 3 107
91 16 112
80 12 86
104 -10 102
78 -8 76
118 -3 114
99 7 80
95 11 77
78 16 104
104 -10 89
90 -4 96
113 -10 98
86 20 109
82 -18 86
115 17 89
79 7 113
117 10 80
101 -13 76
102 -10 100
41 25 75
74 29 100
55 7 74
51 -4 86
61 2 84
60 -8 83
58 15 87
48 30 67
71 24 83
56 25 97
73 -3 72
59 6 66
59 -10 74
67 18 77
69 13 101
66 12 90
57 12 68
47 14 100
44 5 94
62 1 72
62 -7 91
47 8 82
58 22 75
42 14 68
49 6 96
47 20 96
68 7 93
73 -3 72
53 16 90
39 14 86
54 15 80
65 13 85
76 -3 64
55 27 77
66 21 64
77 5 67
68 30 97
65 -9 66
75 18 77
43 6 77
68 6 83
73 -2 83
57 -7 81
52 -6 80
43 2 69
49 23 74
52 0 70
63 10 63
72 6 79
66 28 69
76 5 72
59 25 72
48 -7 73
74 6 65
62 14 66
71 23 100
48 7 62
40 -5 94
55 22 72
62 22 66
71 10 89
67 10 68
61 9 65
56 25 77
67 -2 94
50 4 62
45 4 77
43 -10 101
73 24 98
69 0 101
60 14 69
68 1 66
56 15 96
73 6 64
66 16 99
70 30 77
63 16 80
76 17 79
52 26 77
62 5 89
68 -3 95
63 -2 76
44 -10 96
45 8 78
62 17 88
59 30 95
66 -1 66
65 6 83
43 13 102
66 10 98
73 19 81
60 11 78
53 -9 62
41 5 63
43 12 74
75 2 93
73 11 84
47 -9 74
74 1 86
71 24 84
50 -3 100
44 -4 85
44 -6 71
50 11 68
46 29 67
53 0 80
52 12 97
58 -9 94
44 26 83
56 -8 76
45 17 89
62 -3 80
57 10 99
50 20 100
49 12 92
39 30 99
37 19 102
37 -2 86
61 9 75
52 3 78
58 -5 87
71 28 90
70 17 72
74 22 64
59 11 100
64 21 64
41 15 81
64 5 91
52 0 79
56 26 99
37 30 92
72 25 74
75 24 102
47 22 94
48 0 69
67 -7 85
59 -10 87
64 17 64
49 28 70
39 -9 98
62 21 98
47 1 92
47 19 78
72 23 66
59 28 73
38 22 68
76 -10 99
57 0 92
46 25 78
44 12 66
39 25 78
72 15 81
65 -7 68
64 -6 95
57 22 102
50 9 68
42 29 74
54 20 100
76 22 101
68 22 88
67 -10 97
69 13 70
40 -4 72
60 29 102
62 3 73
40 10 100
66 19 82
48 22 64
38 6 98
53 12 98
44 3 65
47 30 77
64 -5 83
44 2 97
38 -2 67
44 28 76
68 -2 72
37 1 94
45 29 87
41 -10 100
76 9 62
65 -1 100
49 -2 66
67 6 90
59 2 89
61 8 93
38 12 81
48 25 62
69 -10 83
55 6 62
37 20 70
43 16 95
73 16 92
45 8 97
50 -8 86
57 8 72
43 25 99
66 -9 95
62 5 82
44 4 96
72 18 83
48 20 81
64 20 97
47 11 72
51 8 90
43 22 77
46 25 78
44 8 95
65 -9 71
53 -5 96
61 -3 69
51 16 97
62 26 87
75 -4 71
77 21 86
53 -10 98
63 -2 74
60 12 83
51 15 76
67 7 74
63 9 99
54 16 88
70 8 65
67 5 95
54 13 79
69 19 80
53 7 67
41 -2 74
42 -1 62
50 20 85
68 6 90
55 23 94
49 28 72
45 6 62
68 10 94
45 -4 90
71 9 62
75 14 86
56 -5 62
55 3 101
47 0 100
76 6 99
55 -1 72
48 30 87
63 -6 69
61 18 82
64 28 86
46 2 84
52 14 71
53 14 101
67 -2 67
65 -1 74
67 18 69
70 -10 70
48 2 81
52 -7 94
46 21 90
62 19 88
40 25 69
60 19 70
68 -3 87
64 13 77
42 25 65
39 17 68
77 11 79
69 9 94
42 27 64
76 21 81
69 -2 99
40 29 67
41 -10 94
77 1 91
46 -4 81
60 1 79
53 12 102
37 -9 75
49 22 98
49 4 96
61 1 62
75 -8 81
49 -2 102
48 19 95
48 9 65
57 3 81
47 4 90
74 26 95
51 7 67
70 22 83
38 -5 68
62 24 83
56 -8 70
39 17 85
43 14 93
43 8 85
76 24 73
58 1 87
47 17 90
45 10 75
51 29 63
42 12 87
67 1 68
53 22 77
72 0 98
58 -10 64
65 11 84
64 -5 67
52 24 73
58 -3 86
54 13 79
45 -5 96
46 9 82
48 20 80
62 24 96
70 16 97
63 -5 63
69 10 63
70 8 63
76 10 95
49 -6 78
64 1 85
67 6 64
50 23 69
49 10 97
60 29 69
46 -9 102
56 0 96
44 -7 90
59 15 102
37 19 95
61 -8 67
71 25 68
68 23 83
54 17 70
46 19 92
53 30 80
39 -3 98
61 13 78
41 10 68
70 -3 101
77 7 69
72 19 86
60 5 67
54 14 95
53 23 87
42 15 72
67 18 84
75 26 71
65 24 92
75 11 74
46 -10 97
42 13 102
44 20 87
55 20 62
63 12 87
73 28 87
38 12 69
60 9 102
37 4 75
51 14 99
42 -2 89
65 9 67
45 5 66
61 -7 86
38 1 76
55 -5 90
72 10 71
69 26 87
67 0 88
44 -8 81
48 -8 88
73 29 87
42 13 81
43 21 80
54 -10 82
39 16 88
39 13 89
41 24 86
42 9 66
77 3 84
60 1 64
65 3 94
64 13 95
38 12 78
66 -8 62
56 27 88
41 -9 70
76 8 99
76 -10 74
72 -4 81
54 30 71
61 9 99
74 4 67
41 -10 74
75 20 71
38 -5 88
49 3 91
59 4 74
49 21 97
41 10 75
66 30 63
19 15 33
41 -8 42
30 -17 53
16 -14 37
37 6 55
21 -19 33
20 -5 58
29 13 33
27 12 50
29 15 35
44 -18 25
22 15 41
40 -2 58
34 -20 56
48 18 39
45 11 36
18 11 56
13 -20 32
28 -19 49
19 -20 20
31 -10 46
44 -8 49
41 -7 34
41 7 43
16 -8 52
13 -11 49
33 1 47
19 8 50
47 -16 20
47 12 43
14 -15 33
43 -10 53
26 -14 44
47 -19 22
52 15 45
16 -13 33
40 12 48
40 3 46
22 -8 50
34 -19 46
49 15 27
14 10 49
27 -7 30
22 -6 41
48 -2 58
47 -9 57
46 3 45
49 16 30
30 -11 31
52 -3 57
22 8 24
52 -9 32
26 -4 20
24 14 21
32 -14 55
20 6 35
33 12 31
30 14 51
39 3 46
39 -7 19
22 4 58
34 7 37
38 15 25
22 -5 22
33 -19 28
20 8 30
42 -5 38
39 -11 38
22 -5 50
27 10 41
19 -9 37
48 17 32
45 8 38
45 -8 55
17 -1 33
47 4 41
15 11 30
29 10 31
18 -18 46
43 -6 32
17 -6 52
33 9 52
19 18 52
47 2 21
21 19 35
38 15 56
25 -9 35
18 -16 49
19 -9 34
35 8 36
39 15 59
20 6 36
35 -8 45
17 -1 50
34 7 48
35 14 35
49 -12 40
42 17 29
15 -11 19
31 -13 45
52 0 22
46 14 23
43 10 19
38 4 30
34 -16 37
32 -5 44
49 4 58
13 -3 22
22 14 58
46 8 52
49 0 58
38 18 35
48 -16 32
38 -9 20
24 -12 41
14 -18 51
34 14 46
18 -1 43
14 6 41
31 14 47
44 -20 19
27 20 21
16 1 22
53 -11 52
31 18 43
36 -10 33
24 12 50
46 -2 46
18 -10 51
24 -17 51
47 -6 31
28 15 47
23 -6 43
21 4 32
27 -14 31
38 14 46
37 -5 41
31 -12 36
18 -9 41
37 -7 55
35 -16 47
47 10 40
47 16 51
40 3 59
47 3 59
48 -2 27
35 -1 55
20 -17 59
18 -17 38
21 -11 54
37 -18 42
23 9 46
53 13 54
13 -16 54
33 -16 35
15 1 40
25 -6 47
40 -3 51
18 1 39
37 -3 33
22 4 27
52 11 56
47 -16 54
47 -2 58
47 10 27
37 2 44
36 -12 39
32 11 42
48 14 50
48 -1 52
19 -18 23
15 -18 48
53 2 41
21 4 26
32 12 47
40 -7 36
47 -2 56
29 9 20
46 -9 53
27 -9 56
15 19 19
25 -17 29
31 -3 50
29 -15 41
41 -5 19
47 8 29
44 -17 52
35 3 28
22 -3 50
49 -7 55
30 10 47
38 -7 42
42 5 29
20 -10 21
46 6 58
44 12 46
38 0 33
14 8 39
30 1 19
41 -13 39
36 1 29
42 -13 32
28 -5 31
38 11 42
51 18 42
14 1 49
33 20 45
38 3 30
51 -7 51
34 8 54
13 2 34
46 -7 56
23 -13 48
53 14 37
37 19 50
20 -14 28
24 11 57
41 17 34
28 9 25
22 -8 26
45 1 33
14 -6 22
14 6 33
32 17 44
15 -5 34
52 16 53
24 -15 35
28 -1 31
25 6 56
45 2 35
25 -11 33
35 9 51
48 12 38
49 -10 25
29 20 37
22 9 37
52 5 31
15 -20 43
22 8 35
19 7 21
39 11 54
26 -19 30
17 9 34
18 -19 46
17 -15 30
20 3 59
48 -13 34
36 11 38
25 -17 32
29 -20 31
40 -7 31
23 -12 34
20 0 22
45 4 46
23 6 51
19 7 55
40 10 53
15 -2 34
17 -2 31
18 3 34
13 17 39
46 -3 53
20 10 41
23 -16 21
37 -19 56
13 20 27
28 -8 34
38 -15 55
48 -15 56
25 16 43
21 5 49
38 -20 24
42 -18 53
21 -13 55
35 -13 58
20 11 34
30 13 36
49 4 49
49 -17 45
36 6 32
41 8 22
30 8 30
47 -14 48
13 14 46
53 12 54
46 8 21
18 4 43
39 0 25
44 6 24
39 3 19
41 -20 26
18 11 39
40 18 21
18 -2 33
19 19 51
26 9 23
33 -5 53
49 16 38
34 -2 24
39 -18 52
43 17 41
49 -2 28
47 13 47
52 -9 36
45 -10 58
39 9 33
44 7 34
51 -5 27
37 8 54
36 -18 58
17 -15 55
22 1 41
19 -20 47
18 -8 33
28 -15 26
50 -20 19
49 -19 20
26 -5 55
30 -10 24
22 17 54
31 20 34
37 -1 52
33 16 22
40 -14 32
38 19 34
19 -8 40
23 -19 57
46 9 37
48 8 24
16 0 20
51 -4 33
18 6 22
36 19 24
37 -12 19
17 -3 56
27 -20 58
26 -15 19
33 -16 26
42 -20 47
48 5 28
48 -3 51
47 20 50
31 8 51
17 19 24
30 -5 50
39 -19 35
35 -8 32
50 -5 36
42 -18 25
34 -16 41
18 -13 31
43 20 47
41 -12 43
53 20 27
39 1 30
24 16 37
16 4 35
40 -7 25
31 1 26
44 -16 23
16 8 23
36 1 53
28 3 41
48 6 43
47 -10 54
34 19 51
14 12 27
29 16 45
44 -19 41
44 9 43
21 17 34
47 -9 40
26 -19 40
21 6 38
29 17 53
27 -2 40
45 -13 29
52 16 51
23 -16 42
41 13 23
30 -11 48
23 -1 33
41 15 48
20 -15 23
31 3 39
33 5 47
37 -9 47
14 -3 36
24 -9 46
43 15 23
30 14 25
33 16 24
37 13 33
47 11 25
20 2 47
15 -15 42
27 18 30
21 11 57
46 6 19
39 -18 41
101 70 33
91 36 10
85 51 9
91 73 9
109 37 28
102 64 11
97 67 21
108 69 -1
76 72 9
111 35 13
98 66 2
75 46 13
75 69 5
92 67 6
101 73 28
108 58 11
99 64 9
113 39 11
105 55 19
86 75 29
98 71 6
96 41 32
90 65 10
111 65 9
107 75 33
90 56 6
106 55 32
90 75 8
83 45 20
104 66 28
102 35 -6
94 63 -2
82 64 11
90 38 14
83 68 18
107 74 27
83 71 10
81 69 -7
84 74 2
90 66 20
91 45 -5
84 45 32
76 37 6
110 58 8
105 60 13
74 64 2
90 56 26
96 54 24
90 58 11
87 51 3
83 63 19
97 41 33
74 65 19
91 64 29
85 56 16
108 52 31
106 60 23
75 61 17
104 69 -4
103 73 -3
100 60 24
97 37 6
106 38 25
107 36 19
90 60 3
81 35 16
99 46 6
104 58 3
76 56 -7
114 46 1
86 74 -3
86 44 29
95 56 19
109 61 29
113 74 32
113 71 19
92 71 -2
84 60 7
75 37 28
80 57 -7
92 35 -5
97 64 5
101 64 13
92 36 15
101 67 25
84 42 19
93 49 5
109 72 23
97 56 12
80 54 13
86 37 10
89 41 -7
86 58 27
99 47 -6
78 49 0
89 45 -1
99 49 26
107 75 14
101 70 12
77 40 18
78 58 7
113 73 8
111 62 10
78 63 8
88 74 27
75 44 26
89 75 -7
113 50 8
96 74 23
112 35 33
82 74 2
100 62 16
96 58 16
91 54 24
86 52 9
99 43 13
74 65 23
110 70 1
107 57 -4
79 59 11
77 47 16
89 54 7
85 74 23
95 42 19
94 50 2
114 62 11
89 63 5
106 63 -6
101 73 27
101 44 10
109 55 -4
113 68 23
87 47 19
79 60 8
99 67 21
79 53 0
109 46 -3
108 49 25
96 59 4
89 67 19
111 47 2
90 56 4
99 55 15
79 68 32
105 57 5
76 66 -7
83 57 26
84 53 26
111 59 27
80 69 19
90 56 13
80 56 -1
98 75 -7
93 38 17
84 74 0
87 68 24
95 47 31
104 45 11
91 38 32
104 55 26
89 45 7
91 38 12
100 53 16
104 55 29
106 48 26
102 49 0
92 68 19
99 67 16
84 63 33
88 50 10
101 69 -6
95 49 22
113 70 31
98 68 12
92 56 25
94 66 11
92 59 11
74 67 19
100 37 -5
111 40 18
91 73 11
103 51 -5
88 39 20
103 75 -1
93 58 -6
91 65 32
101 72 14
95 68 24
104 46 2
97 45 33
91 37 12
86 56 25
98 53 26
113 72 24
109 59 -4
106 37 30
97 61 18
107 69 17
93 48 16
106 42 9
111 41 1
93 35 13
114 59 10
78 66 -5
101 75 7
110 35 21
84 54 -6
83 75 4
95 49 6
104 73 9
87 42 17
91 55 8
80 68 16
94 64 9
83 44 6
99 73 17
86 61 14
103 51 -6
111 70 32
83 49 31
78 39 33
103 37 2
81 49 28
80 51 16
109 65 28
78 70 17
97 38 -4
89 61 3
110 75 0
106 46 6
75 59 32
108 75 -4
86 63 27
106 72 24
110 59 -5
77 62 27
74 71 10
95 62 33
98 45 10
88 36 28
91 54 6
104 43 9
110 74 27
94 69 15
80 42 13
112 35 -2
114 58 5
101 53 15
87 70 16
76 59 7
74 50 33
114 71 26
100 40 7
79 57 3
85 56 27
83 63 28
81 60 -2
110 70 15
108 53 9
96 48 31
104 39 30
87 72 12
101 45 31
84 69 7
104 46 -2
100 63 -4
99 39 32
91 49 22
83 55 19
94 57 25
101 39 28
78 47 0
86 41 13
87 74 16
92 57 2
86 35 1
78 59 -4
77 52 23
112 74 -7
79 36 32
113 73 -5
94 57 1
104 37 10
102 62 28
83 49 14
91 71 0
84 60 11
77 74 14
86 44 -3
113 38 24
103 38 0
110 55 28
82 56 25
83 73 -5
101 71 -2
84 59 24
90 45 21
106 52 -5
83 36 13
93 63 -5
83 51 17
78 49 -4
100 56 -5
94 35 7
101 56 3
98 67 1
96 39 24
106 72 31
110 36 0
97 58 9
99 74 19
98 62 -7
107 73 -7
92 42 -5
112 58 -6
114 43 -5
79 35 27
90 64 12
84 46 23
103 62 18
99 52 11
92 64 17
93 60 3
80 44 18
92 46 25
91 52 2
104 60 26
99 57 27
98 44 -2
96 60 15
79 54 9
79 44 22
103 52 27
104 36 24
74 75 20
110 41 30
114 42 2
88 64 30
76 64 2
96 47 30
109 37 9
114 74 3
92 46 4
113 62 21
88 35 26
81 57 28
84 40 22
100 35 -1
76 39 21
108 70 17
74 50 10
79 71 28
109 54 -5
88 43 -7
74 36 17
85 46 13
85 62 22
93 61 20
83 72 26
100 49 13
86 61 21
84 59 28
77 43 -6
96 70 29
84 64 25
89 55 2
111 70 -7
114 69 16
96 45 6
101 51 20
74 62 23
79 46 15
83 57 4
76 42 20
88 53 18
85 36 2
113 49 27
90 59 13
80 46 15
97 62 23
105 72 14
114 48 32
81 64 32
99 73 14
103 44 -1
108 39 2
91 50 20
102 44 2
80 64 18
81 62 3
91 67 13
109 41 24
78 75 -7
100 38 28
99 49 22
106 53 26
100 57 28
104 59 19
104 56 31
113 45 -7
28 20 -6
23 14 -10
3 8 -7
13 0 4
27 15 -1
10 4 0
7 28 4
6 24 -5
10 22 25
0 -4 -11
33 1 27
25 -2 0
30 10 5
21 3 22
10 11 20
12 7 24
22 0 20
-3 16 13
21 28 8
8 2 -10
26 13 6
26 18 3
33 20 5
4 11 -4
26 2 16
13 19 -7
-1 24 5
20 -1 3
-7 2 -3
24 -3 25
27 -3 -3
18 25 -5
25 -8 -6
29 17 -7
13 12 -4
12 -4 -13
23 23 3
19 23 18
32 -9 1
33 4 0
13 6 -2
18 12 18
3 27 8
26 24 16
32 18 6
0 25 -11
10 9 -11
12 -7 27
5 28 -10
14 19 -9
22 17 -12
23 21 7
26 21 25
5 6 10
-2 3 14
6 17 12
26 14 -5
14 23 -12
-6 13 5
13 16 11
1 26 22
27 9 16
-1 0 -1
31 19 0
28 12 5
31 -10 -3
27 0 -6
12 8 -7
-4 -10 -11
10 11 24
4 4 9
6 0 9
32 -3 13
-3 26 16
15 14 -13
-3 5 -7
2 -9 -12
21 0 17
2 -8 9
16 -7 22
9 -9 23
-3 15 15
6 18 7
20 -3 9
5 11 20
6 23 10
33 8 1
12 3 7
3 14 -5
25 -11 0
6 22 -2
26 18 16
5 -2 -4
28 15 -8
17 -9 -13
27 -11 -12
21 16 -1
-1 -10 14
12 0 -12
20 -3 1
8 -6 -6
25 5 20
-4 9 -2
19 -2 17
11 -11 25
7 -12 20
23 1 0
2 -1 2
31 23 -3
-4 24 11
25 -12 6
11 17 15
-1 21 -10
21 26 2
10 20 -13
-2 22 16
-6 21 2
32 23 -7
0 3 24
23 20 20
12 12 1
30 23 -3
22 -6 -7
-6 28 17
-7 0 21
6 6 4
19 -12 26
27 6 -12
24 6 12
31 7 15
19 -2 19
2 -8 3
18 10 -3
6 -7 0
8 9 1
-7 3 13
-1 17 -3
29 9 -7
29 19 -5
6 -3 14
19 -4 6
15 0 -8
18 -1 25
6 -7 19
11 11 -11
5 24 19
7 24 -10
4 -9 18
0 5 15
5 23 -13
19 3 0
33 3 19
14 8 -7
31 25 -2
31 15 18
18 -6 -7
6 -7 4
-3 -9 1
14 -12 -13
28 -8 24
14 -5 -2
17 -1 3
25 17 16
8 -11 3
-7 18 5
4 -9 10
7 19 27
23 9 13
17 -7 22
22 -11 19
0 10 16
31 24 1
18 12 -10
5 -10 22
25 20 24
-7 3 -1
1 17 -4
25 -5 9
9 -4 24
6 -6 11
6 1 2
33 28 23
2 26 -7
9 4 4
13 -5 -6
27 8 -6
18 21 -2
12 1 19
19 -9 -2
30 16 13
-3 15 -11
-5 -12 14
29 23 12
-5 23 -2
4 -2 13
-6 -2 8
31 2 -9
6 7 12
11 6 11
13 25 -6
25 11 25
11 -10 27
13 16 6
27 13 15
24 28 5
23 3 23
7 19 -8
15 22 -1
1 5 15
-7 14 -13
10 28 -10
4 1 3
17 15 19
28 19 23
0 21 4
26 20 2
-6 -6 -8
15 1 11
1 11 -1
15 14 5
2 -7 5
8 18 5
-1 22 7
2 10 3
15 28 -1
14 11 -5
3 17 11
20 -11 11
5 -3 21
17 -2 -11
7 11 15
0 16 5
14 -10 17
10 27 20
17 -7 9
14 26 15
-4 3 6
-6 19 -8
0 7 26
-1 3 0
28 11 25
24 8 17
-3 -10 -6
-3 17 -7
11 18 9
13 9 12
23 6 22
-7 26 -7
32 -12 26
10 -3 26
8 13 11
14 16 -13
7 -8 -10
0 -9 -8
-4 12 1
22 3 15
13 13 9
7 -3 -7
22 -12 -11
7 11 -9
2 13 8
10 -4 16
12 -2 -10
13 15 23
19 23 -4
23 5 -1
9 27 -4
25 11 14
-6 16 13
22 27 26
-2 23 13
-2 9 9
15 6 -13
22 16 2
10 13 -9
-5 24 -6
-7 -3 -11
-5 -8 27
14 22 21
32 19 -5
-4 7 9
-2 24 13
24 21 15
-7 10 0
31 -5 17
29 9 21
30 18 6
25 2 8
-1 -10 -6
-4 0 17
-4 27 19
5 -4 13
15 -5 -10
0 6 -12
10 14 11
24 -6 4
5 19 6
21 26 0
26 20 21
11 -11 18
33 23 19
8 25 10
9 7 9
7 20 16
19 -4 -5
14 -4 21
3 26 27
33 12 14
10 6 -9
4 2 25
14 28 5
5 -11 13
12 6 -12
32 26 10
10 12 -3
25 12 17
-3 9 10
-6 1 26
13 17 -11
31 -11 3
24 7 6
17 -1 12
5 -2 7
1 18 -3
17 28 -1
4 19 -3
29 -3 -6
2 27 0
-7 -11 4
-3 -7 19
9 -9 3
26 -11 -7
7 -5 21
14 -5 -7
31 15 -5
11 10 17
12 8 -6
11 6 26
29 -5 9
-5 24 23
14 10 0
3 22 17
28 23 -2
19 -2 12
-4 24 -6
-6 16 26
-1 -4 -12
31 1 15
-2 -6 -13
23 -12 -7
1 27 23
7 28 3
20 -1 7
-5 -6 26
21 8 6
-7 15 3
17 6 4
12 8 6
24 9 15
-1 23 19
3 9 -8
10 6 -1
-6 27 -7
14 28 20
11 -2 -4
3 -5 10
3 -10 0
10 -10 12
19 8 3
26 14 2
29 -9 7
17 19 1
2 -8 -5
7 -7 6
32 2 0
11 27 12
17 17 24
-6 7 9
5 -1 27
30 -2 16
20 1 -9
11 4 -12
-1 19 -5
4 13 25
13 11 11
-1 25 14
22 18 17
9 -7 -6
27 -7 9
1 17 14
28 19 11
-1 -10 18
1 5 -6
17 -4 16
27 0 26
19 14 -7
15 18 -8
21 0 10
5 21 -9
12 21 8
25 24 71
25 24 36
23 48 40
23 23 56
45 26 73
10 54 59
38 21 68
10 49 71
11 48 49
21 18 68
27 28 57
20 37 41
31 42 42
14 39 60
42 25 59
10 25 38
34 40 43
18 25 45
12 19 42
10 21 44
16 24 69
14 52 39
13 40 68
15 18 49
43 49 66
42 25 68
42 31 73
27 53 59
37 35 66
22 50 66
7 31 33
19 32 37
14 15 44
44 14 62
42 30 39
43 46 73
7 33 35
31 16 41
11 47 67
43 27 35
35 41 63
42 46 61
41 47 47
44 19 73
34 27 44
19 49 67
45 21 50
15 41 59
6 33 34
31 20 66
38 35 34
33 16 71
22 25 49
15 39 65
24 15 41
6 33 56
28 44 55
37 51 52
16 43 71
40 19 39
10 20 50
37 17 67
10 27 71
24 15 73
29 34 48
21 18 61
14 18 39
40 22 51
41 37 48
17 33 42
43 15 64
44 47 62
26 36 66
41 33 68
16 50 37
10 14 39
25 38 45
30 41 65
26 45 68
38 18 42
28 32 72
44 35 67
16 53 40
35 40 61
27 26 53
40 31 45
31 28 45
5 24 52
30 48 36
41 26 37
22 18 35
45 32 58
24 26 37
32 47 43
36 54 57
13 15 69
6 26 73
43 35 40
13 37 37
36 26 64
38 16 56
40 27 41
20 31 66
11 28 55
14 22 49
19 15 58
45 44 63
6 54 45
45 27 57
34 36 37
21 31 53
40 38 59
27 29 58
26 52 38
26 41 62
38 46 58
22 43 62
6 34 73
18 51 48
15 54 59
22 20 59
19 15 62
28 32 38
44 37 64
7 28 40
30 35 66
39 31 72
35 14 58
34 46 33
10 17 41
25 32 40
11 19 53
29 46 66
34 41 62
24 29 65
40 51 42
34 43 52
43 49 64
15 51 41
11 44 47
36 14 53
16 42 68
6 45 66
26 35 35
9 17 49
31 25 56
22 36 58
34 50 41
30 19 53
19 53 71
8 47 49
36 28 58
34 23 53
36 52 38
38 28 59
12 20 50
29 38 71
44 38 59
37 41 44
40 35 47
43 15 39
7 21 65
27 20 58
36 38 72
42 26 60
27 37 50
37 23 59
27 54 70
34 44 41
33 43 63
19 23 56
30 14 53
32 23 33
22 19 50
6 14 71
34 35 66
19 15 58
33 39 39
38 39 73
37 53 67
17 40 72
21 44 45
21 25 50
23 54 34
13 16 46
26 28 60
27 45 61
12 49 44
29 38 73
17 28 57
42 27 33
23 35 43
39 19 62
10 37 64
22 21 64
29 54 37
6 30 57
41 20 59
5 22 69
16 53 73
41 48 34
20 20 66
7 42 53
23 20 65
37 20 69
10 23 42
34 41 65
36 27 71
13 34 47
18 21 71
12 25 73
11 28 62
7 39 58
22 47 46
10 40 62
35 27 66
13 28 42
6 33 67
30 47 67
36 42 41
5 39 58
8 31 38
19 15 36
33 47 64
35 19 57
24 15 46
18 53 43
9 42 33
25 34 44
38 39 59
30 24 59
37 18 57
23 19 36
29 24 46
27 44 58
29 52 43
41 28 64
30 36 49
11 24 48
17 30 34
13 51 50
37 34 71
44 35 47
26 29 63
17 41 53
39 23 47
37 32 54
23 31 63
30 29 68
7 54 53
15 42 41
27 40 70
7 49 55
22 32 68
41 14 52
43 19 38
16 47 69
6 18 54
26 21 65
9 14 58
6 28 70
10 54 40
35 15 71
38 17 62
42 40 34
11 14 53
8 40 36
16 30 63
25 16 55
43 17 53
28 29 59
18 28 61
24 14 48
30 40 40
11 31 56
41 14 68
27 34 50
16 52 61
8 20 35
12 49 38
33 34 61
7 20 54
24 39 46
17 50 56
6 39 46
6 46 59
37 45 40
18 34 46
30 17 42
23 45 73
41 38 34
7 48 37
18 32 60
28 39 69
17 29 39
25 21 38
40 35 73
33 51 37
30 47 44
18 50 57
44 54 43
8 28 56
20 31 73
8 17 54
14 30 42
6 37 53
34 42 41
35 26 48
11 34 38
37 30 64
18 54 59
33 45 33
35 29 68
7 52 40
20 30 56
41 39 48
28 53 57
6 42 56
35 40 49
37 43 44
23 52 48
17 49 52
28 20 34
25 20 58
20 25 68
31 24 58
39 20 63
14 35 40
18 16 61
45 23 69
13 31 63
9 21 58
43 34 66
26 50 56
6 37 66
29 43 34
45 18 39
44 54 47
19 35 44
38 42 72
17 39 47
5 41 41
36 37 65
6 49 56
31 16 71
26 19 43
29 30 73
38 18 33
12 20 33
25 45 41
25 36 68
31 39 48
31 43 62
41 20 68
10 54 38
41 46 44
19 19 68
29 28 44
24 33 67
34 33 69
45 18 47
20 54 70
37 43 42
17 52 67
21 52 46
38 43 42
25 53 70
36 14 62
20 29 59
14 33 43
23 23 68
42 32 35
14 24 59
14 28 43
8 40 60
13 38 51
42 52 37
23 33 71
29 32 45
35 43 60
20 49 40
24 47 48
36 29 34
9 41 53
24 19 42
16 40 57
29 51 43
35 53 60
7 53 71
30 23 46
8 47 49
34 45 67
23 24 54
30 16 57
13 33 41
5 16 58
14 32 35
35 53 39
34 27 48
24 50 57
25 16 8
10 20 30
28 6 5
45 25 12
17 29 8
31 22 20
48 13 23
12 22 37
42 21 20
44 23 15
27 38 18
40 38 37
24 28 13
40 8 -1
20 34 5
20 27 13
28 5 14
38 3 22
21 41 2
47 38 7
43 2 27
22 38 0
34 10 4
40 4 10
32 22 21
31 11 18
30 16 1
11 26 18
9 4 24
13 28 5
12 22 13
44 6 30
45 19 5
24 28 25
21 22 9
41 22 9
17 23 21
42 17 34
11 9 2
42 32 30
43 21 11
16 34 9
36 31 39
25 15 35
14 13 9
32 38 7
20 17 4
19 8 22
32 17 38
44 24 10
32 28 9
25 35 32
12 40 6
13 13 37
17 27 26
44 25 18
40 19 23
40 35 13
28 37 23
35 7 7
17 34 1
48 37 6
30 5 35
35 15 27
25 33 8
10 30 17
42 39 32
45 30 21
29 22 35
44 39 21
39 17 33
43 17 39
15 17 27
21 7 33
16 16 22
39 23 10
12 21 10
27 36 31
15 33 29
48 21 32
41 2 25
25 5 24
29 18 14
16 36 25
44 39 37
21 31 24
21 30 11
27 17 34
20 24 37
29 41 5
43 32 26
12 16 2
37 36 33
37 13 18
46 34 34
17 13 17
37 19 38
44 12 36
23 33 23
17 16 22
9 38 13
25 16 1
40 21 4
19 4 23
47 25 4
17 6 28
46 13 11
31 5 15
23 39 32
8 21 3
14 3 28
11 14 23
39 21 16
43 8 5
21 16 3
39 6 3
8 7 11
34 34 14
19 29 28
37 25 21
20 1 8
23 16 11
19 25 3
36 30 0
22 11 31
21 34 14
47 34 32
30 26 21
46 15 15
43 35 27
23 29 3
34 38 31
43 14 37
41 3 30
27 30 34
31 5 37
38 14 0
42 24 36
14 22 20
34 26 10
12 29 21
45 38 21
22 12 9
17 7 22
42 12 30
30 25 38
11 33 16
35 40 32
8 33 13
42 22 -1
15 23 34
22 15 24
19 26 3
47 17 20
10 35 26
23 10 0
23 5 8
46 32 22
41 1 6
29 30 21
27 33 33
21 32 9
29 5 22
21 5 39
34 2 3
11 20 22
17 27 1
22 33 3
31 16 8
10 14 29
8 23 12
39 25 25
47 25 31
16 1 21
21 14 21
18 12 7
31 15 2
24 25 20
30 15 17
26 12 0
45 29 16
16 33 11
20 34 1
14 2 9
31 4 39
9 10 25
18 11 3
33 4 37
11 30 17
35 36 9
10 22 15
27 10 8
45 11 10
10 16 16
22 28 31
43 1 25
16 2 8
21 10 30
30 16 24
33 37 16
16 12 5
30 4 0
14 36 27
39 11 -1
16 27 39
48 6 35
24 18 31
30 38 15
33 16 6
44 18 3
48 14 18
34 26 3
43 27 34
17 18 38
27 4 1
17 31 13
39 6 25
45 33 23
17 20 2
26 1 31
25 41 10
30 11 1
20 4 33
25 19 34
23 15 15
39 20 38
11 39 29
23 41 35
11 24 1
15 8 31
8 7 8
47 41 3
22 14 34
48 30 2
23 9 15
18 22 8
27 35 2
46 32 15
22 27 30
32 24 17
8 39 35
34 23 17
46 10 39
18 1 38
26 22 15
45 5 22
44 12 37
36 20 36
20 7 6
22 24 27
40 29 8
29 20 35
32 27 6
18 35 15
29 16 31
34 33 35
13 13 8
33 15 9
31 18 8
45 17 19
16 2 28
22 12 19
14 22 33
11 24 38
48 24 7
24 37 3
17 38 2
36 20 38
37 39 30
12 27 21
24 22 39
24 21 10
37 28 28
27 32 24
23 6 4
25 25 21
32 32 33
48 32 10
19 23 23
28 5 17
13 20 22
33 13 27
43 32 8
42 9 29
30 41 9
30 17 32
44 27 22
15 33 18
30 20 31
29 17 24
34 36 39
23 22 32
9 23 20
37 37 21
19 12 26
17 39 14
9 6 25
33 34 25
33 31 23
39 3 21
41 13 31
34 39 0
23 18 18
24 26 10
9 29 18
16 38 31
30 10 21
8 9 28
43 16 15
15 7 12
21 12 13
30 16 35
21 27 4
47 32 3
9 18 4
40 10 0
28 22 27
11 38 18
32 38 22
40 13 39
20 12 12
31 5 30
48 18 8
44 19 1
17 17 18
40 27 6
39 4 18
34 20 17
37 15 33
27 37 10
8 35 35
30 32 15
27 4 0
15 22 14
26 41 34
34 6 19
36 12 32
30 33 28
32 6 10
41 8 25
42 31 17
45 33 30
19 16 21
12 35 8
44 17 2
35 7 19
10 9 18
45 31 0
36 16 22
32 29 23
12 9 16
22 16 19
24 32 34
19 17 35
25 9 20
18 33 26
9 20 33
37 31 3
46 39 12
9 2 18
44 7 30
38 16 6
40 37 16
31 38 0
10 1 14
16 39 12
36 16 29
31 39 19
13 38 33
22 41 9
39 1 8
26 28 1
43 34 20
18 26 4
8 17 26
28 34 7
41 9 7
44 21 3
28 17 31
47 21 9
44 27 4
22 24 13
11 18 18
8 6 20
40 12 26
20 11 2
19 19 2
22 38 5
27 25 21
25 24 28
34 10 1
48 32 36
16 37 18
27 17 27
42 29 -1
19 7 17
12 18 4
15 29 25
39 12 32
44 40 9
22 64 88
35 83 96
26 75 110
9 85 105
38 74 76
26 79 82
18 56 86
19 52 102
31 60 74
14 47 104
30 57 79
12 82 83
30 84 104
30 83 108
27 55 97
16 64 108
13 78 97
32 49 72
1 63 109
21 80 109
31 71 104
29 51 100
5 73 88
28 58 102
31 76 70
35 69 74
20 83 109
32 72 93
10 77 94
35 73 99
31 79 84
40 76 90
10 77 86
26 67 89
9 49 100
25 71 105
28 46 103
5 57 104
38 65 85
33 76 88
28 69 77
18 70 87
32 76 93
4 79 106
16 84 82
31 49 86
31 85 96
22 86 107
15 47 97
9 59 97
24 46 100
9 61 94
31 65 80
20 72 77
20 69 87
21 63 90
18 76 109
33 54 103
20 81 101
20 85 96
24 49 81
7 74 101
13 56 101
25 82 97
27 74 110
7 60 78
32 53 82
21 80 109
22 56 80
0 82 98
17 59 79
22 62 95
37 54 74
30 62 78
32 69 85
32 64 87
37 67 88
38 57 100
1 82 86
8 68 81
22 53 107
8 52 70
14 46 89
30 58 93
1 74 82
14 60 90
2 73 102
24 59 104
24 68 107
24 75 95
11 59 71
35 59 88
18 72 85
37 72 84
5 83 98
4 62 101
17 63 84
12 66 110
28 50 77
35 77 70
9 76 106
18 85 80
4 55 110
18 82 100
35 50 88
4 59 100
3 78 107
0 74 70
18 72 70
11 69 98
38 64 89
18 46 110
34 76 86
40 71 93
16 78 85
21 85 107
17 65 106
11 68 107
31 84 110
36 66 89
21 69 87
5 56 85
37 78 91
19 55 73
1 71 71
11 48 92
24 46 87
15 58 80
29 84 80
6 68 89
22 66 90
20 67 103
26 81 106
35 50 82
5 82 81
16 48 97
5 83 85
36 85 108
26 83 73
8 86 87
10 49 93
27 58 82
11 50 81
3 49 98
15 57 108
32 61 95
11 86 94
13 86 84
12 86 85
23 47 99
7 62 77
30 57 105
6 74 76
10 68 109
24 70 110
21 48 85
18 80 83
4 56 72
2 68 86
16 63 88
18 79 87
22 63 89
31 81 91
35 62 79
34 53 80
17 71 85
29 71 71
18 49 97
32 76 104
31 81 81
28 79 104
1 81 109
23 60 105
34 49 81
2 47 82
25 46 73
39 69 101
11 66 78
28 73 74
3 74 106
10 46 102
7 82 81
15 67 94
29 59 97
24 57 79
32 60 97
8 79 105
19 76 78
36 63 88
34 72 89
18 58 101
1 72 100
32 72 100
25 80 90
23 47 109
13 48 88
18 62 85
7 64 81
9 77 105
22 71 109
25 76 86
10 48 87
22 70 85
39 49 104
38 77 103
17 64 82
8 64 99
14 59 103
31 69 84
26 78 86
24 49 73
20 70 74
10 55 98
0 78 98
19 73 106
32 79 79
20 60 93
18 71 101
32 59 103
19 77 83
11 48 95
35 84 106
10 48 83
37 62 74
1 81 89
40 72 100
33 48 77
12 79 83
13 73 109
27 64 93
4 54 86
40 62 91
40 49 77
30 65 83
3 71 100
26 83 98
4 75 73
34 55 87
17 85 79
19 46 92
10 80 110
25 66 100
40 46 77
13 61 75
31 76 77
14 52 83
17 74 99
25 66 77
35 52 102
24 58 95
11 51 102
33 85 81
2 80 93
20 62 85
24 59 85
13 68 79
33 70 110
8 86 103
8 62 89
3 54 73
2 58 93
4 67 84
29 81 95
30 55 90
22 62 110
36 61 74
39 49 107
36 86 98
15 59 87
38 56 95
40 75 74
21 70 108
17 81 110
36 61 83
15 63 83
5 63 82
30 77 107
29 66 81
2 84 86
17 49 77
12 67 78
27 59 82
0 86 75
18 54 95
9 57 73
12 70 110
16 86 106
2 80 110
31 82 82
25 46 75
12 63 77
35 63 84
17 78 74
18 85 78
25 76 90
13 51 80
23 75 79
18 83 88
23 65 92
17 60 97
34 62 79
9 70 70
13 55 70
37 76 75
30 84 77
12 83 100
27 82 108
34 58 84
15 74 89
37 62 92
8 47 93
24 78 93
35 69 82
20 53 110
0 62 74
1 67 101
28 55 80
10 48 83
6 67 80
36 78 104
20 84 103
14 66 105
21 86 104
5 46 105
33 74 87
25 78 73
5 79 93
23 86 98
26 78 82
11 80 89
16 58 101
7 47 84
35 79 102
0 47 96
10 73 83
3 85 73
6 67 76
20 74 93
35 55 77
31 79 94
24 78 81
20 58 79
6 64 93
40 57 78
32 47 85
18 70 88
27 86 72
16 67 92
17 71 108
26 47 110
14 52 72
13 58 95
5 63 81
9 80 80
8 84 102
20 76 99
32 83 109
0 71 101
4 62 106
0 63 76
14 69 70
40 57 107
33 65 89
10 73 89
33 71 87
0 71 97
3 55 85
38 67 109
37 73 96
21 57 79
13 58 94
9 80 89
36 46 105
23 61 85
9 47 98
31 47 107
3 51 97
26 67 95
11 86 81
39 51 99
39 64 100
32 48 103
15 58 107
8 49 81
21 60 91
26 59 110
6 69 82
24 59 76
25 51 79
17 46 103
2 72 105
32 57 77
39 69 99
31 46 102
15 50 91
10 76 79
12 76 89
3 69 73
34 72 75
13 61 85
96 88 94
77 82 112
89 100 107
112 61 87
114 79 112
96 72 100
114 74 95
97 64 90
99 61 103
101 64 94
75 90 116
105 61 115
102 70 83
106 91 85
80 90 90
103 70 89
108 67 93
105 60 111
104 76 79
79 91 85
74 92 112
107 99 108
113 95 85
80 77 96
100 86 96
88 97 97
103 87 83
102 78 96
103 95 90
109 75 117
79 74 92
81 96 98
88 92 86
87 69 93
91 91 106
107 81 88
90 67 93
99 85 85
93 77 83
76 97 114
99 62 88
84 93 83
94 96 112
74 64 118
91 96 95
112 78 86
75 93 105
84 92 103
91 90 92
86 82 87
114 60 104
100 79 101
108 71 79
111 80 84
103 76 93
103 80 100
98 100 95
74 60 80
96 89 85
86 70 117
89 74 98
109 78 79
104 67 94
104 85 104
83 95 93
74 91 115
103 66 88
111 99 106
106 70 118
77 78 94
88 72 108
83 96 106
88 90 114
74 80 78
84 66 115
107 84 101
83 88 79
106 81 79
114 61 84
84 83 88
88 61 105
110 63 93
102 79 84
102 87 100
91 63 92
92 74 91
81 78 88
101 82 86
105 64 112
94 86 118
79 60 101
113 65 79
86 68 114
110 85 109
98 98 91
104 99 99
109 92 89
86 96 94
102 75 83
77 100 95
92 98 101
92 95 101
104 90 97
105 76 80
77 64 110
85 70 82
80 70 105
92 75 112
74 63 108
107 81 92
95 61 84
105 97 109
75 74 87
84 79 117
75 71 110
102 80 81
107 78 88
80 78 106
74 89 102
76 93 86
99 87 109
94 87 82
100 75 98
75 86 105
112 66 93
111 88 78
98 97 106
93 82 82
76 76 85
77 85 110
95 88 86
84 93 115
90 97 83
86 85 115
110 97 95
84 74 78
92 97 109
87 89 101
83 93 99
100 77 87
90 85 108
90 84 105
88 99 90
91 100 88
93 89 103
108 77 112
79 61 89
105 81 93
107 83 111
96 86 104
80 90 97
84 88 112
79 67 92
111 84 83
82 79 87
87 78 89
83 64 108
100 64 84
100 96 96
99 84 80
80 70 113
91 97 98
92 88 97
105 64 89
98 78 117
82 69 101
94 99 82
108 92 89
87 74 111
82 66 85
87 69 108
87 75 80
90 98 81
80 86 94
103 77 104
111 82 91
77 90 112
92 68 115
102 97 96
111 98 104
83 76 110
108 84 88
89 98 82
80 74 114
81 89 118
82 85 88
81 60 102
94 87 94
96 79 114
82 90 113
92 81 84
76 81 106
74 70 102
93 71 84
89 72 82
98 70 83
88 90 83
78 80 115
104 83 102
96 86 103
91 62 115
85 66 105
114 99 91
97 96 87
109 91 99
99 80 78
74 63 92
98 77 90
76 75 88
82 97 98
84 64 101
101 92 109
89 94 98
99 83 88
96 92 114
114 95 98
85 93 86
107 100 81
107 73 88
80 74 98
107 80 104
83 99 111
112 90 90
108 70 93
105 85 93
97 89 85
83 68 109
77 83 97
89 61 110
97 90 79
104 69 97
95 63 103
106 97 105
86 77 118
79 99 106
75 66 87
110 83 80
104 95 87
97 76 107
95 90 106
82 100 105
110 98 98
100 76 117
97 83 79
81 79 80
76 81 82
92 60 97
89 65 101
94 71 114
82 80 81
89 69 107
95 64 88
110 98 114
88 100 86
79 73 94
101 83 102
86 78 113
96 75 89
75 62 89
99 66 101
106 84 107
76 95 116
107 73 110
106 94 105
112 99 110
83 77 79
113 93 87
102 61 109
90 98 82
111 75 106
111 63 90
91 95 86
88 60 78
106 82 111
106 63 81
86 72 95
105 93 115
113 92 102
88 83 91
100 79 94
87 100 89
86 96 117
97 98 95
96 94 81
85 62 117
88 82 104
98 95 117
98 87 114
107 74 107
99 98 85
108 69 104
93 96 81
77 62 99
76 73 104
108 68 116
82 66 108
93 71 81
93 99 102
100 77 89
111 76 80
86 89 114
81 72 113
84 90 100
90 62 93
100 98 97
114 62 102
76 76 107
91 89 87
112 80 109
103 78 99
76 69 97
98 80 96
93 63 83
99 80 81
104 80 106
114 75 87
97 97 87
108 61 116
112 95 85
93 97 88
100 74 81
95 77 108
106 89 114
111 99 104
83 84 117
89 66 114
96 71 83
106 75 104
80 86 109
75 96 87
85 84 83
111 89 114
113 70 103
78 90 98
89 76 87
80 60 82
100 100 115
99 75 110
86 72 115
79 61 91
79 63 97
111 96 101
104 90 87
88 60 94
81 61 103
87 96 111
89 82 97
79 78 104
90 60 101
89 97 98
84 62 80
74 72 82
95 66 85
109 94 94
102 70 83
78 84 98
83 60 99
85 68 107
75 97 112
99 86 97
90 74 93
82 84 100
75 67 93
87 70 84
82 85 88
101 86 92
74 100 87
93 82 104
76 95 115
75 75 103
80 82 91
78 70 113
75 96 80
77 69 80
100 70 113
112 69 117
110 68 80
95 77 96
88 87 117
99 93 105
104 72 116
80 92 97
99 70 92
96 79 85
79 92 83
107 79 103
113 97 105
99 80 104
86 89 92
110 90 81
93 76 112
96 74 97
99 78 87
106 98 98
106 69 107
78 74 78
79 82 80
82 97 95
97 71 88
87 82 109
