28 -1 59
36 -9 65
40 -12 54
23 -3 65
25 11 76
38 10 60
17 14 61
36 19 51
45 -1 62
17 0 71
26 13 77
16 -5 78
18 3 68
39 -6 54
17 8 85
20 -15 86
44 -1 71
23 -16 64
26 -18 59
20 -19 61
16 -8 87
25 8 68
43 2 52
40 -19 78
34 13 58
14 2 91
31 -10 57
24 -2 79
40 20 64
31 6 88
14 21 71
28 15 85
40 17 67
6 0 78
13 3 84
42 16 78
29 -19 74
23 -10 81
28 -3 53
8 -10 74
11 -2 86
39 18 90
10 -15 68
13 8 55
11 6 89
6 -2 79
38 -4 67
40 -11 62
11 -1 58
21 -4 78
17 5 56
20 -15 59
28 15 69
34 5 68
23 2 71
34 14 74
14 -8 79
13 -15 77
9 2 82
36 -12 69
14 -1 73
44 14 70
34 -17 72
23 14 78
22 -1 66
42 11 90
10 -1 81
37 -17 59
14 -6 77
29 -18 57
18 3 70
21 -10 85
38 -13 54
14 -17 53
46 -10 60
14 -9 90
14 16 90
28 3 64
15 0 74
17 2 54
39 0 61
12 8 75
33 3 66
25 11 72
8 19 51
31 -18 61
21 4 80
28 21 79
25 5 62
7 18 69
21 -11 91
38 -10 61
23 7 71
26 21 72
23 14 86
35 -14 63
30 16 74
43 -15 79
35 13 65
35 12 59
38 4 80
6 -1 71
27 -9 56
16 -17 60
44 14 61
36 14 59
41 8 65
14 19 65
44 -1 84
14 -18 84
15 -8 51
25 -6 79
40 14 80
7 21 75
20 -10 77
17 0 66
40 -14 79
14 -6 64
34 -11 63
24 16 78
12 -6 74
20 -6 62
31 11 58
28 2 84
43 15 62
40 16 53
21 13 91
32 -12 64
7 20 80
12 11 61
7 12 70
44 20 52
22 -16 80
40 -3 84
8 -7 61
19 -8 75
42 6 53
27 15 64
14 -19 69
19 15 72
43 -15 52
32 2 68
9 -18 56
14 6 77
18 -3 75
21 -11 66
22 -14 52
34 -8 61
21 -4 78
38 -10 66
35 -6 59
28 -1 83
29 -18 67
41 -16 62
20 11 56
46 -7 84
21 6 78
35 -19 90
9 -2 77
13 -10 61
33 21 89
39 15 88
18 18 74
45 1 59
36 7 65
26 1 89
16 -12 51
11 -11 55
37 -17 91
28 -8 84
14 -13 65
24 12 87
9 21 85
36 10 80
15 -18 81
20 -9 53
29 4 70
17 -12 79
9 -3 73
44 -7 58
20 -7 67
25 -14 66
22 -19 79
16 -19 57
21 -10 70
27 -2 88
23 1 77
21 -4 57
12 1 86
21 3 72
41 19 88
21 -4 73
35 5 53
19 13 69
31 12 58
7 -18 84
38 -3 69
14 -4 65
33 2 88
43 -9 79
7 21 90
7 10 60
31 -3 57
7 -3 57
23 21 85
44 -18 71
43 9 82
25 16 78
7 -13 91
28 4 86
16 -14 69
14 -4 51
35 5 87
38 11 76
30 17 70
19 5 55
30 4 82
45 3 88
30 -7 89
34 12 75
16 9 80
33 -17 54
38 -9 87
18 -17 91
21 14 88
27 13 60
37 2 59
11 -12 54
36 17 69
32 5 59
21 -6 86
7 -14 86
20 4 76
11 -6 51
10 19 89
12 -5 71
39 -8 51
28 -2 57
44 14 73
34 -11 75
25 -18 60
35 -13 57
25 -13 63
36 5 81
25 -7 82
12 -3 91
29 13 54
36 -8 55
46 5 58
39 -10 69
30 -19 81
38 -2 61
35 -15 77
41 -15 64
44 -6 79
19 -12 84
29 18 53
18 19 68
27 7 90
9 19 85
39 12 70
31 -12 87
44 -5 76
41 1 71
39 -15 90
39 -2 58
12 -11 85
28 -6 62
29 0 69
35 -10 86
39 18 82
46 12 55
35 8 85
28 -14 81
39 -17 90
22 -1 79
8 -17 55
39 12 64
10 8 74
44 1 78
11 18 59
45 -1 81
30 -1 75
22 -3 83
27 -2 78
45 21 72
11 -9 62
41 -9 91
13 -8 70
17 14 84
40 -2 67
11 -3 86
34 0 79
27 -5 68
45 -2 60
21 7 62
42 -4 63
45 -19 80
17 18 56
40 -6 69
26 19 87
28 -8 91
20 21 79
37 7 68
6 4 57
31 -1 66
8 5 71
45 21 62
26 7 88
19 15 91
19 12 52
21 -18 68
46 -1 83
40 12 72
28 3 79
16 -13 78
10 0 90
22 12 58
28 8 60
16 -13 83
34 21 91
38 9 82
26 -15 67
16 -7 85
23 19 80
16 17 91
24 -5 76
13 21 82
38 20 82
8 4 54
15 -17 77
18 -18 64
26 -2 76
6 18 56
6 18 65
30 7 83
15 12 90
34 1 91
12 -1 73
25 -3 74
9 16 66
27 12 73
14 -7 52
46 20 58
42 7 60
19 -10 87
42 14 79
14 -7 57
41 6 84
13 3 69
7 11 76
7 -19 55
14 -17 55
37 4 82
11 -1 56
46 -5 75
29 -10 87
43 14 55
31 9 88
44 -7 89
18 2 55
9 -4 68
38 17 66
36 -1 61
35 11 54
12 13 86
30 -13 54
14 5 86
39 7 74
10 -18 75
39 8 57
24 -6 72
42 -6 76
9 -9 60
19 18 89
23 10 71
44 -7 60
7 8 83
20 15 81
46 16 65
11 -16 66
16 16 71
35 -16 51
30 7 66
30 -17 67
8 -5 75
31 9 74
43 17 60
10 -3 73
39 7 57
22 -16 69
46 -9 89
37 -7 54
11 9 62
28 10 85
8 -14 52
43 -15 56
36 -6 52
44 12 89
41 -5 87
32 1 91
30 19 74
33 0 79
18 -12 89
21 4 52
45 3 69
33 -15 53
32 10 68
37 20 85
31 -11 71
25 1 69
22 16 75
28 6 78
41 -5 63
16 -3 86
18 2 67
26 14 67
19 -18 67
32 14 75
23 -19 76
22 15 55
26 -6 55
14 17 79
20 6 87
34 -13 77
10 -4 57
40 -2 88
15 19 63
32 -1 74
44 -19 69
46 11 65
14 -3 55
30 14 82
46 -12 90
11 14 84
27 21 91
18 7 69
36 -2 67
46 5 66
39 9 73
10 -1 66
13 -7 51
24 12 75
28 -15 75
15 17 70
12 -3 62
38 -12 69
6 -7 84
42 -6 71
25 -8 64
57 80 76
59 97 93
56 108 65
42 80 72
35 92 91
25 90 61
58 106 88
22 74 85
54 99 74
51 90 82
35 85 61
33 96 96
60 102 73
23 91 81
57 99 64
57 104 98
59 86 95
47 83 81
24 106 92
52 78 91
55 101 80
37 85 72
57 73 83
31 109 67
28 83 83
46 82 101
25 91 72
59 85 89
40 79 84
35 97 91
42 102 98
60 83 74
53 74 66
36 97 67
60 111 90
47 84 78
28 90 82
46 92 96
54 73 91
57 91 77
47 83 90
55 113 82
31 84 83
27 73 91
40 95 69
24 97 72
59 91 75
28 81 63
28 97 94
48 97 91
52 102 99
27 104 87
52 113 71
42 82 77
53 78 101
57 103 78
27 106 71
58 78 86
53 111 79
51 111 95
41 104 86
57 82 61
49 92 93
28 101 71
34 94 76
41 84 99
40 106 85
26 88 85
38 97 97
45 100 78
42 95 66
30 76 85
46 102 74
21 81 78
36 98 94
56 97 94
56 76 62
61 83 85
52 93 92
21 105 86
61 108 74
30 104 75
35 104 86
29 87 74
46 101 95
52 76 66
26 94 72
42 92 81
41 103 82
41 84 80
60 100 86
45 102 93
48 107 100
36 90 96
21 99 62
38 75 71
44 76 61
50 80 83
52 104 88
52 80 98
60 91 62
61 101 71
35 85 61
57 81 100
37 109 71
52 81 93
28 95 61
41 112 84
60 113 80
28 104 73
38 104 88
29 111 91
32 84 73
57 110 101
23 82 90
33 89 74
28 112 95
24 87 87
39 81 92
61 79 69
35 94 100
30 110 90
35 100 100
31 81 94
34 95 69
49 110 77
24 74 75
21 97 89
42 84 98
55 75 72
48 94 99
32 78 85
50 112 68
53 83 94
41 95 61
56 104 62
56 75 88
35 83 71
54 107 87
43 77 66
52 100 61
49 113 84
50 112 80
51 104 61
29 85 68
48 97 65
30 74 67
34 79 74
58 86 63
50 76 101
56 75 98
33 89 83
34 94 101
41 98 66
37 92 73
29 91 74
36 79 98
25 107 71
60 111 90
24 85 63
36 82 97
59 108 77
22 79 94
29 103 68
34 106 96
40 108 80
28 106 72
47 111 77
59 95 98
55 80 95
32 95 68
41 78 73
21 76 89
49 79 71
56 106 87
60 101 78
47 79 96
61 77 78
25 90 96
60 84 98
49 104 88
45 96 87
26 86 66
41 93 94
29 112 72
55 75 61
32 97 88
26 108 82
48 90 63
47 79 100
54 75 83
50 98 79
56 110 78
45 79 67
24 84 88
28 102 83
52 90 95
24 81 70
28 80 77
52 76 101
33 107 97
36 88 85
61 84 83
30 100 96
23 77 63
29 75 62
23 86 62
39 109 97
30 83 79
52 110 75
37 92 64
42 73 61
30 93 85
60 91 95
38 107 67
54 95 91
36 74 63
49 104 77
44 91 74
44 74 64
32 91 63
52 83 68
48 73 95
30 110 63
58 82 92
49 110 69
22 84 65
61 95 92
49 82 80
34 106 84
22 73 87
21 92 91
25 82 101
26 100 97
58 88 61
44 95 70
39 109 95
52 91 91
47 101 85
40 90 61
44 109 90
51 110 68
37 107 61
57 110 85
30 78 71
36 76 61
61 85 95
58 92 98
49 109 75
60 86 74
44 96 90
47 110 95
60 80 65
42 78 74
36 85 78
44 91 62
50 77 61
60 77 83
61 100 87
34 98 79
53 91 81
29 75 78
47 103 76
37 110 83
42 96 69
54 110 97
59 85 91
52 83 101
59 83 89
53 78 66
50 99 93
28 81 61
31 109 63
29 97 65
52 89 83
50 76 64
58 89 62
28 102 68
41 105 72
27 87 88
47 99 66
60 104 79
22 98 91
47 106 85
57 84 93
25 112 74
53 96 77
46 99 100
27 81 67
49 112 61
52 108 97
59 96 82
44 87 70
53 96 87
41 109 65
50 73 69
37 76 88
36 75 75
41 104 99
50 82 90
27 106 64
44 97 101
36 84 63
53 95 72
33 86 99
34 98 80
45 95 83
28 107 101
28 83 81
31 91 65
48 110 84
38 97 76
35 97 68
32 111 79
27 110 67
47 107 91
48 75 80
43 84 66
23 95 86
54 96 90
47 98 62
58 99 100
52 76 101
44 77 86
22 106 92
24 82 76
58 107 81
51 101 63
47 113 83
32 103 68
36 97 80
49 75 76
44 84 75
46 94 65
48 77 81
48 78 71
42 76 67
57 91 82
54 102 100
21 89 96
51 100 83
28 85 87
38 87 85
51 108 83
22 85 94
54 79 62
61 93 101
48 91 65
48 80 61
21 105 81
48 106 62
33 112 80
36 99 78
43 88 83
30 100 67
33 102 96
32 78 85
34 101 70
61 95 95
53 87 74
45 89 81
21 112 66
25 103 62
23 84 88
57 104 63
54 108 84
60 82 86
48 82 81
60 110 100
49 113 76
45 81 93
45 88 94
54 89 65
39 85 61
23 82 88
38 113 91
44 93 72
54 90 94
36 76 71
34 108 71
22 73 94
29 75 64
35 74 81
44 75 78
35 80 98
27 81 95
56 90 80
46 88 62
22 110 100
27 95 98
31 99 73
23 111 68
34 75 66
56 96 95
22 104 70
54 108 76
50 87 77
36 108 66
59 74 76
45 108 94
31 84 71
33 75 63
61 111 98
24 113 67
36 78 71
25 100 97
42 98 66
37 108 67
47 94 63
25 83 97
44 76 73
42 106 67
26 85 83
37 108 86
34 94 96
60 102 68
26 112 98
56 95 71
47 107 80
60 106 95
42 107 79
60 91 95
51 83 75
38 98 68
38 106 78
29 95 90
27 109 93
43 112 61
39 82 78
39 90 67
55 103 69
50 74 91
38 111 65
50 103 67
57 77 86
45 80 89
35 97 69
36 87 78
34 99 80
44 98 85
48 73 91
44 83 87
48 109 100
57 93 93
26 89 94
37 92 88
49 88 81
38 111 92
33 94 92
43 110 93
44 71 92
38 88 75
48 71 71
24 68 95
38 88 82
47 82 72
25 90 73
44 77 107
57 98 107
38 90 77
60 82 74
29 80 103
46 90 105
28 88 79
43 70 110
48 98 86
22 67 102
51 67 78
50 79 95
50 96 83
37 100 102
40 93 92
29 97 77
23 105 76
31 77 94
25 107 93
39 92 104
53 100 93
55 90 82
53 74 87
24 79 101
37 105 105
25 93 95
46 85 90
31 106 76
56 101 70
54 79 84
53 74 91
24 74 72
35 93 82
30 85 75
60 84 94
60 82 101
47 94 80
47 100 83
28 68 88
27 89 95
28 81 70
42 79 103
38 69 94
31 87 79
40 100 87
29 100 70
39 88 107
25 97 88
58 87 102
24 72 95
56 89 102
42 71 107
25 95 99
44 77 100
31 75 84
46 86 92
29 105 78
29 83 104
56 98 104
39 80 76
50 86 82
56 105 87
41 88 100
47 97 76
48 92 82
62 90 78
24 103 101
40 99 89
27 71 87
23 92 85
30 80 74
28 73 85
53 78 79
52 81 80
44 102 76
26 94 93
26 71 88
61 100 107
62 69 75
37 72 83
58 94 70
55 67 80
35 101 96
42 88 99
31 106 80
54 73 90
57 105 99
35 84 108
44 101 93
32 101 110
29 78 74
43 107 100
49 69 74
39 105 95
27 103 82
49 72 70
52 91 84
24 82 91
36 83 98
25 96 109
34 101 107
54 72 100
25 92 87
45 80 110
30 102 76
29 80 78
27 83 98
51 88 95
59 92 85
62 69 82
39 89 110
62 89 91
59 72 85
58 80 88
36 104 106
33 77 81
30 96 74
44 89 73
53 97 103
30 94 94
53 83 90
35 83 75
58 75 109
42 70 74
47 71 103
40 98 102
42 77 77
41 96 94
27 105 78
55 94 106
62 90 80
46 70 93
24 80 96
31 87 88
44 97 85
26 89 104
46 95 71
58 86 83
60 83 110
47 78 71
53 91 77
59 80 80
41 90 74
61 79 79
45 102 89
56 97 81
43 67 93
52 95 74
26 104 85
48 81 81
23 71 93
42 68 81
53 94 91
61 77 70
30 94 93
26 96 75
39 102 107
33 72 71
51 86 98
48 91 102
27 89 99
30 87 76
60 91 80
51 87 90
40 68 76
42 103 70
42 72 92
40 91 88
41 80 82
32 76 78
42 88 101
27 97 84
28 87 97
59 82 86
35 80 108
53 86 104
52 93 90
28 74 80
47 71 83
37 103 73
62 77 93
48 102 88
47 103 99
32 104 100
59 92 104
32 84 92
44 91 76
23 76 77
42 90 83
50 91 92
36 92 109
25 93 75
27 85 77
37 105 101
24 90 87
43 95 80
33 89 103
41 85 83
59 86 86
24 107 86
34 82 73
31 97 94
36 74 73
56 92 74
34 107 94
31 89 93
45 83 109
41 88 88
22 85 85
36 84 102
55 87 87
61 107 101
32 77 91
52 74 86
47 107 75
41 100 109
33 91 71
40 101 98
62 72 77
56 96 83
40 87 76
61 74 96
26 104 75
38 68 82
35 94 88
51 68 102
47 76 110
56 95 110
39 93 95
45 82 98
51 68 73
60 71 81
33 70 91
55 69 99
56 100 87
30 88 91
47 105 75
62 70 104
54 81 94
59 104 104
28 74 83
45 107 76
59 72 101
34 71 96
34 75 107
23 89 87
42 99 105
35 76 78
59 79 110
25 80 103
32 81 95
45 79 79
58 68 87
46 90 70
37 84 83
53 85 80
23 93 82
35 93 79
31 83 94
40 106 92
42 90 101
44 103 84
30 70 89
60 83 77
25 80 75
26 94 98
60 69 88
50 75 72
35 88 96
56 93 77
32 105 102
31 101 74
43 71 94
25 106 95
55 106 87
55 79 87
24 71 83
23 75 109
30 88 74
36 74 85
55 98 101
61 100 100
32 67 93
52 73 90
47 90 99
35 74 71
56 93 93
58 80 75
44 86 92
52 107 107
45 101 96
40 97 83
54 93 104
24 78 91
28 97 84
45 102 82
40 80 89
47 86 71
54 101 101
33 81 97
24 80 78
46 104 104
61 67 106
53 81 107
52 101 100
35 101 103
26 86 98
48 95 84
53 68 89
35 76 102
33 103 84
31 67 92
43 83 78
35 77 90
38 70 75
28 67 109
57 87 104
49 82 75
25 70 89
48 74 80
41 98 78
55 96 82
29 87 78
33 73 93
31 97 100
27 100 73
28 106 95
33 83 107
39 97 95
44 99 72
42 92 77
22 72 93
44 90 98
62 82 101
49 105 83
28 101 82
55 89 74
54 75 74
38 79 75
57 99 82
61 97 80
50 79 104
62 86 90
36 100 89
25 68 79
46 80 94
59 87 89
32 86 100
49 82 78
50 101 75
22 75 77
40 94 71
56 72 92
36 85 80
55 69 95
36 68 103
62 103 106
37 86 75
59 103 79
32 90 85
51 69 99
22 103 79
47 67 109
51 80 93
55 102 95
61 75 73
31 99 72
55 80 110
49 71 77
54 74 95
60 70 88
25 79 86
41 83 75
26 103 97
49 73 107
22 87 107
47 102 81
50 85 108
59 86 81
34 107 99
34 107 101
23 74 87
31 104 76
55 68 85
61 84 76
60 72 93
22 81 88
46 73 104
27 69 77
39 101 96
43 93 84
45 82 72
33 67 92
48 78 86
52 106 106
24 81 97
41 90 109
23 78 87
53 88 98
52 100 83
53 97 93
57 91 103
32 104 77
55 91 82
39 92 89
42 103 85
35 103 108
52 106 98
30 82 78
25 91 103
42 71 94
46 71 73
36 69 100
51 103 81
40 100 101
59 85 90
43 92 70
45 107 74
22 91 108
37 76 103
47 70 74
48 85 98
47 104 107
45 85 80
30 100 73
42 103 71
56 70 93
62 81 77
50 95 107
35 105 93
30 91 78
54 96 78
41 96 73
22 71 72
62 85 110
52 76 81
54 104 78
42 91 108
40 93 86
45 84 102
29 72 101
32 81 80
43 86 88
27 23 -11
34 50 -3
6 50 -15
6 30 14
9 48 21
17 32 -17
7 39 2
11 18 -9
29 46 18
20 48 -16
11 27 -2
14 42 16
18 25 6
16 19 -16
23 27 6
16 23 -5
24 41 10
10 17 21
2 32 6
16 56 -4
6 43 -17
30 30 11
7 53 -15
30 40 3
23 37 -10
9 17 10
10 40 -5
35 51 17
17 17 5
1 25 12
20 54 -12
36 20 -7
7 43 17
16 41 19
21 22 22
31 35 19
25 22 2
29 18 -2
17 17 -3
22 54 11
38 53 -7
3 18 -4
24 19 -15
22 36 6
6 55 -9
33 19 -2
22 51 -13
37 54 3
7 49 14
40 40 0
38 55 4
23 55 6
36 32 13
16 21 -16
39 33 19
16 37 12
38 27 2
31 31 18
11 44 -3
4 41 1
9 51 -9
27 52 6
20 48 22
7 26 -8
40 46 13
13 21 10
4 17 -6
37 55 18
3 54 10
9 39 -2
8 26 8
9 33 -15
16 51 19
15 55 -13
30 50 -9
12 33 -2
0 51 5
38 51 19
21 17 -5
1 22 -5
20 28 9
4 49 15
7 46 19
4 41 7
2 38 7
35 20 8
36 55 23
28 44 -7
14 20 -17
18 35 -12
11 18 9
32 52 -6
36 45 17
17 19 -15
4 45 2
31 18 6
31 48 4
27 43 13
36 28 8
31 17 20
36 52 -15
32 21 6
15 16 5
22 31 12
17 27 10
11 30 12
35 42 3
18 17 10
11 39 22
5 29 0
31 51 21
14 26 7
9 40 5
34 36 -1
38 51 -13
11 41 -17
9 24 -17
27 26 11
17 45 13
23 44 9
35 41 12
27 24 -16
32 33 21
38 40 1
4 19 23
37 41 -5
29 42 22
31 28 -6
31 19 23
25 28 -14
7 56 16
23 33 20
4 30 11
39 33 -14
38 28 -8
27 32 21
33 51 10
26 23 12
15 35 21
0 33 20
39 39 8
9 19 2
35 28 19
24 50 10
20 39 -2
14 41 -12
33 53 15
4 22 -3
39 49 21
25 48 -16
6 16 -2
19 46 0
16 28 -6
3 51 10
33 16 -6
5 31 2
2 30 -12
37 18 5
32 36 -17
34 43 15
6 29 -12
27 19 -8
8 33 4
28 18 20
7 28 -2
13 53 -10
3 54 -8
22 25 10
40 56 12
23 28 9
8 17 -1
1 47 -7
37 18 -2
25 48 17
6 20 -7
6 21 3
4 43 -1
10 52 3
37 39 9
0 20 0
26 43 -13
25 50 0
13 26 5
19 31 9
30 22 -1
36 24 -12
3 23 6
26 16 4
7 18 19
0 29 -15
15 16 4
19 46 4
37 16 -4
27 46 1
6 53 9
20 29 11
18 23 -6
27 53 3
15 40 20
17 20 5
40 25 -6
34 27 13
19 35 -11
38 55 -14
28 44 -17
29 27 11
39 45 -9
27 34 -4
11 49 18
14 37 -5
1 29 8
24 31 18
38 41 -10
11 49 -3
16 54 2
30 20 -1
27 31 10
14 43 22
30 31 18
37 41 16
20 52 14
33 44 -6
30 17 -13
13 43 -5
24 30 -16
34 40 14
40 31 -6
23 39 22
22 34 20
0 41 -5
8 50 6
34 38 2
0 46 4
23 22 -6
26 18 11
4 52 10
33 17 7
7 24 3
29 49 -3
33 54 21
0 53 -10
11 23 -11
13 29 -16
35 20 -8
14 37 7
21 45 20
25 45 -2
7 23 14
9 33 -10
9 56 -5
19 22 -17
16 48 5
33 39 4
39 20 10
40 16 19
13 24 13
2 24 13
19 55 -6
13 33 10
34 51 5
24 54 -10
31 26 6
23 37 7
29 51 8
19 41 -4
12 47 20
13 17 2
29 18 8
26 51 16
24 24 21
19 55 -13
3 29 5
33 34 14
0 16 12
13 32 10
29 50 18
4 31 12
38 36 17
18 28 8
40 46 -13
33 26 15
18 34 11
24 25 9
24 36 16
18 53 -12
13 32 -8
33 22 10
1 34 3
1 39 10
7 30 2
16 22 -7
0 23 -15
5 16 -9
4 53 11
1 38 -5
2 43 20
9 33 -16
35 50 20
23 19 19
15 46 11
26 23 1
4 29 -2
33 51 9
14 18 12
32 27 7
8 31 2
8 44 6
0 52 5
16 30 -3
20 27 7
23 34 -15
35 16 4
30 35 -14
13 34 7
14 51 -1
23 35 -16
8 18 -11
5 17 0
40 54 7
12 22 20
19 16 -9
10 50 7
23 45 10
1 28 11
22 45 14
35 48 12
15 24 1
29 30 -1
5 19 21
29 37 -5
19 28 14
2 34 8
28 28 21
21 27 3
11 32 17
14 45 10
11 51 10
8 32 -5
5 38 0
22 23 7
33 43 -9
30 47 0
30 16 16
14 39 6
18 54 8
16 35 20
15 27 -5
26 22 -15
32 40 13
30 38 -4
28 48 -4
1 26 -1
38 55 12
15 34 12
33 51 -2
1 45 1
22 41 -13
33 56 -10
10 37 -6
15 41 -6
0 33 22
5 24 -6
18 26 -12
3 33 1
38 45 11
19 56 -9
21 30 18
25 43 21
27 48 -11
2 49 8
32 19 3
35 51 11
15 45 -10
37 24 -17
21 43 15
1 56 14
32 18 -16
2 52 6
36 34 -13
33 49 -3
26 27 3
31 43 14
5 48 -6
11 18 12
15 52 13
11 38 -13
33 30 -12
28 47 -10
33 46 11
25 44 -16
19 18 -11
3 16 -12
24 54 6
38 49 14
8 24 -3
34 36 -15
4 50 3
20 51 -13
36 50 -5
25 34 -16
23 36 -13
22 34 -9
22 54 6
28 56 -17
40 53 -4
22 41 -5
34 41 -11
38 25 14
2 38 4
32 32 -5
11 16 10
8 40 8
18 37 7
17 41 -16
18 29 -16
34 20 -10
2 40 4
35 47 11
3 18 8
40 48 -6
25 18 -1
17 51 -1
6 43 -12
16 45 10
31 47 8
34 41 -14
37 34 4
10 40 21
35 28 4
15 19 11
39 53 5
4 50 19
23 18 2
13 30 -9
20 45 -10
22 28 -16
19 56 1
15 51 -10
0 39 -9
11 37 -2
4 28 7
37 53 18
35 21 4
21 40 -7
16 28 23
17 40 -13
10 24 15
39 21 11
25 43 -12
37 17 -4
1 64 71
-6 74 70
1 82 72
17 69 70
30 78 86
-4 81 73
8 55 94
18 77 91
27 88 80
21 64 100
-7 66 63
1 86 75
16 63 70
17 89 85
4 84 88
9 75 87
24 80 70
5 88 62
-1 69 87
30 95 61
-3 58 92
16 64 77
19 58 80
-5 84 91
27 83 80
25 77 79
17 58 70
28 55 96
10 76 65
13 66 71
19 55 75
22 79 80
7 67 62
1 76 68
-2 73 89
27 81 61
5 80 64
26 94 86
10 61 78
2 71 81
4 79 96
-7 85 84
30 68 62
12 56 75
25 90 82
19 62 83
-5 58 92
-8 67 80
28 93 92
28 82 66
-2 65 80
-3 90 99
30 70 94
17 82 70
-6 57 77
7 88 95
-4 55 97
8 94 89
27 60 65
-9 70 71
25 61 70
27 85 66
9 73 61
21 80 68
30 61 86
25 75 91
-6 92 65
-7 63 90
-4 64 97
-7 92 80
5 95 64
-4 74 98
25 91 98
14 79 76
15 83 73
-3 84 93
2 84 80
10 81 94
15 80 95
0 87 89
10 86 91
17 87 99
8 58 80
19 72 91
26 95 91
10 87 89
7 94 71
-4 85 80
14 72 87
-9 80 90
30 92 87
16 69 63
23 59 71
8 84 77
2 88 97
24 72 85
28 83 80
-1 75 63
23 75 100
-8 66 86
28 70 85
19 55 89
-1 60 72
30 83 83
3 71 95
-9 65 76
28 86 78
-3 73 86
-3 71 89
5 80 76
1 63 88
3 58 69
-3 83 64
16 63 64
24 66 97
15 62 77
-6 76 87
-9 75 64
-5 90 93
-7 69 72
22 85 84
13 76 73
-6 73 83
30 78 66
23 72 76
11 73 62
21 73 85
9 76 98
22 65 96
22 62 78
9 87 93
24 70 91
8 85 78
23 81 79
-5 88 93
-4 62 96
-4 71 78
20 81 97
24 64 84
-3 58 63
6 85 101
17 73 70
16 95 99
15 91 76
2 76 73
24 89 70
12 70 63
23 63 100
2 94 95
-3 55 83
3 95 84
-7 56 75
9 79 96
27 56 95
4 79 79
23 61 88
8 63 68
27 72 94
26 79 95
2 62 80
24 73 89
1 69 89
-2 66 72
-6 58 100
-7 94 95
16 76 66
0 66 70
20 61 81
17 64 81
21 77 78
11 73 63
5 81 74
-3 87 83
11 76 83
1 77 64
-3 77 93
5 62 98
3 86 80
-7 57 76
4 90 79
6 88 72
-5 95 91
25 64 63
26 84 97
30 74 81
7 67 98
-10 66 91
1 57 101
16 83 99
20 75 73
30 90 73
-5 88 84
9 61 88
15 92 87
-5 82 72
23 74 95
23 64 67
-10 88 81
27 83 80
-4 57 88
23 90 94
23 60 63
22 64 94
30 68 71
-9 58 62
-2 83 75
8 71 88
30 83 99
8 71 69
26 93 68
27 83 101
20 55 83
4 74 79
7 77 72
16 79 99
22 68 89
25 65 85
2 70 68
20 79 64
30 55 77
4 77 88
23 79 90
-9 77 80
22 79 71
18 73 88
26 55 90
13 80 82
-5 70 101
15 64 62
25 71 85
16 66 84
15 90 87
-1 65 64
11 78 78
-6 67 100
14 58 96
-1 55 81
20 62 71
19 75 91
-7 76 62
-8 56 97
7 67 81
-2 60 85
18 78 80
24 92 74
29 91 76
23 62 94
12 60 73
4 92 71
18 76 70
17 60 92
9 84 73
14 66 89
19 65 79
24 90 99
12 67 72
2 85 81
26 58 95
-8 82 85
20 57 101
-10 85 77
24 64 83
-5 79 75
18 90 86
3 71 79
3 64 72
16 68 90
-2 94 75
1 62 91
16 85 88
18 68 96
7 75 62
1 77 94
-1 81 97
20 72 99
30 56 93
-4 86 91
-2 85 72
25 79 90
17 70 75
13 83 68
-2 91 101
4 84 99
12 79 70
0 87 101
-10 58 73
-2 64 86
28 65 79
-10 72 94
9 88 83
-9 68 65
-7 94 76
-10 57 100
-9 83 91
-5 62 97
19 70 101
4 69 97
0 58 63
-9 78 97
19 58 83
-3 78 72
-7 55 98
25 74 64
-6 68 75
5 72 79
-4 70 85
27 91 69
2 72 81
15 86 79
27 91 76
6 93 66
18 90 75
5 66 85
-5 67 73
13 79 63
3 70 61
4 62 78
9 66 70
9 68 78
11 64 72
15 82 67
7 94 89
7 88 81
5 81 81
10 72 95
-1 93 92
15 87 96
14 93 65
-2 71 72
12 60 69
-2 59 77
24 87 89
19 89 64
10 69 100
10 65 84
10 76 63
-2 85 83
18 95 89
13 69 84
20 55 97
-8 75 91
6 94 96
1 71 101
17 81 61
13 77 90
22 68 85
25 70 99
4 74 79
12 83 95
9 92 73
26 85 80
25 57 91
2 73 88
28 67 75
15 83 96
0 85 72
-9 57 82
20 65 66
8 67 77
-7 92 77
-5 85 61
30 56 64
18 60 95
25 72 64
24 93 92
20 86 63
8 66 90
-9 70 96
6 56 70
24 67 101
-7 74 76
14 57 91
0 73 72
-7 77 73
11 77 95
-6 82 77
21 55 100
28 90 61
-9 87 98
3 82 80
13 92 89
7 67 81
4 55 91
20 95 69
11 61 93
-1 85 80
-1 88 82
9 63 88
30 82 100
19 57 77
0 65 67
-9 63 83
-3 94 86
28 83 89
14 94 75
-3 72 64
0 75 98
20 72 74
29 77 71
15 85 100
-1 65 90
-8 63 98
2 56 82
5 84 73
-6 70 84
19 84 80
23 72 63
7 95 91
17 60 86
8 89 84
3 71 89
23 70 72
4 85 84
-8 67 68
-6 81 81
-9 75 71
-7 77 67
12 71 76
12 70 94
19 61 88
9 65 65
9 82 100
-3 78 63
7 69 79
20 76 100
2 68 80
12 76 66
-9 81 89
28 73 67
4 59 86
3 58 99
1 94 67
2 82 68
19 63 97
-10 83 96
3 80 93
-10 86 88
0 94 71
19 69 85
2 82 90
-6 80 69
20 57 92
-7 56 62
8 90 61
23 89 75
21 60 88
25 62 93
15 71 88
9 80 92
5 83 88
73 109 1
65 83 -3
100 116 9
63 118 -10
101 85 7
74 100 -7
62 102 -2
66 85 -3
75 85 21
81 117 2
80 82 -10
73 84 -7
77 106 1
99 82 -6
65 106 5
73 81 28
72 110 9
64 96 6
94 109 -10
92 80 25
72 85 24
90 91 -6
89 114 22
94 79 12
84 89 7
79 111 26
62 91 7
73 86 19
69 100 -9
97 94 15
85 99 -11
76 88 19
66 103 23
69 90 11
86 102 -9
65 92 -6
81 80 5
64 81 29
71 82 20
89 84 2
92 94 15
68 115 -1
79 97 10
70 87 -1
87 98 -2
79 106 3
76 83 -9
86 87 25
69 117 22
65 102 -1
84 93 -7
96 94 19
90 99 24
65 113 3
79 103 -6
65 82 -9
94 89 1
75 85 -3
94 91 -8
97 112 -2
63 92 -8
80 93 20
95 79 -1
70 99 -8
92 95 20
91 80 13
82 82 8
71 112 22
99 111 11
91 118 17
67 95 4
85 81 -7
77 81 16
101 107 -4
74 116 25
84 109 -6
79 115 6
86 117 18
74 85 29
74 96 5
80 93 3
67 107 0
75 110 6
64 93 -8
92 100 15
98 108 -5
92 82 20
98 84 -6
89 94 16
69 109 21
77 79 -6
100 87 17
74 97 11
69 108 12
62 112 14
79 84 25
84 85 -11
80 112 -10
78 115 27
93 114 -1
96 95 -1
80 109 -3
97 112 -9
87 93 -6
91 110 26
92 106 -7
87 100 -2
88 108 27
100 112 12
96 100 11
68 102 14
86 112 13
87 99 -7
93 86 -6
91 119 14
96 111 7
81 102 13
78 95 8
88 101 -11
76 107 -2
72 94 12
70 84 7
99 84 13
75 104 26
70 116 27
85 86 -8
63 97 1
68 109 14
81 119 28
81 114 -3
80 86 19
85 96 4
73 82 18
90 82 -7
66 80 -7
85 87 -9
95 79 21
65 86 11
99 87 22
78 118 -5
62 89 24
66 79 21
61 99 -1
63 116 28
72 114 20
79 94 18
71 110 23
88 97 4
93 103 -2
100 115 21
74 81 4
69 97 16
72 107 25
68 106 8
98 109 9
72 118 4
90 101 24
95 102 18
94 107 18
62 89 18
86 86 -10
76 104 -4
61 113 5
72 115 26
61 97 -2
61 82 17
82 82 1
89 101 11
86 81 -4
94 92 8
82 115 8
66 114 -6
85 98 13
92 112 -11
91 85 1
83 85 20
61 100 5
78 117 18
85 85 21
97 103 -5
75 87 -2
88 114 16
79 92 21
90 92 28
64 99 -9
86 101 9
94 102 -10
86 110 24
82 87 -11
97 82 0
62 83 -3
73 79 19
65 85 23
94 116 21
68 106 -6
64 105 1
68 93 6
85 89 3
73 114 17
64 85 -11
96 79 25
74 94 6
93 93 -8
69 106 -10
96 89 9
79 90 20
96 119 26
87 95 -9
77 89 5
62 117 25
88 89 9
86 89 22
69 98 25
100 111 -7
92 112 11
84 94 15
87 101 2
62 85 2
89 116 1
94 84 27
74 85 0
76 87 6
74 107 19
83 92 -1
98 119 7
93 99 1
91 102 20
87 95 -9
67 79 -2
78 111 18
93 112 25
66 103 10
92 103 -8
82 116 -8
62 112 27
87 111 -7
79 113 27
78 81 18
76 89 23
83 95 -6
79 106 19
96 94 9
94 94 -3
97 89 14
101 115 23
84 87 -10
100 86 23
72 84 -6
101 103 13
67 82 0
68 82 -1
97 90 1
71 87 -11
95 96 3
98 90 -8
64 86 -10
92 83 0
66 92 -4
73 91 -3
73 93 -3
101 81 5
95 117 -4
82 96 17
84 104 -3
101 114 -4
67 86 17
94 89 1
66 92 3
87 87 17
75 87 27
63 115 -10
98 102 25
70 91 -5
98 82 -3
90 100 5
89 90 9
79 100 28
101 95 19
76 119 14
82 97 16
70 116 -10
74 116 4
79 88 -7
100 97 4
91 110 26
71 102 24
89 101 -6
95 115 27
65 115 -6
81 95 25
93 80 8
88 105 -7
97 85 26
71 96 -7
92 118 23
72 107 -10
70 90 5
93 79 3
64 101 -1
67 94 -4
75 84 12
74 93 10
65 105 -2
83 109 3
94 118 15
62 108 18
91 103 -3
62 91 -5
69 106 21
94 94 -7
93 107 23
70 113 13
81 82 16
88 106 3
80 92 -8
101 103 -4
101 118 17
98 95 -8
76 92 26
100 119 7
63 90 -8
92 81 3
65 95 23
70 102 23
70 112 17
68 80 7
65 87 9
98 85 2
96 115 -8
78 80 -4
83 116 19
79 112 24
99 110 6
95 114 19
76 97 27
79 79 28
76 108 0
96 102 -3
71 82 20
101 109 5
76 113 -10
64 92 21
81 117 7
75 106 15
77 87 6
89 105 7
90 87 -2
89 100 16
79 109 13
77 105 23
68 88 12
97 95 6
81 91 18
62 104 13
97 111 -8
83 117 26
77 81 26
69 95 10
80 90 20
72 92 18
98 105 12
82 81 26
85 106 6
76 81 11
97 81 -6
61 105 6
97 84 4
89 89 1
70 83 7
93 110 4
96 102 27
72 112 15
89 84 23
74 79 17
100 115 3
63 118 -4
70 100 -5
93 88 18
86 116 11
82 79 -4
66 106 16
86 107 -7
63 109 15
99 113 1
95 80 -8
69 79 4
75 93 -3
65 91 10
86 100 -11
65 106 -8
77 99 3
68 83 -11
66 83 16
67 108 16
66 87 23
61 91 19
70 85 -5
85 96 13
85 89 19
88 82 20
74 114 11
97 90 24
85 113 23
70 87 18
98 119 27
101 96 4
92 95 22
68 101 18
98 86 7
85 94 15
101 105 -4
76 103 10
76 104 15
69 117 3
62 101 23
71 81 -7
92 90 0
77 113 7
67 103 0
101 115 -4
97 96 7
88 113 4
89 84 3
101 102 4
79 94 12
99 118 26
67 92 -8
70 107 -10
61 99 27
71 88 0
64 84 3
79 114 26
79 107 4
85 103 12
101 105 17
88 95 1
76 80 16
79 94 16
86 98 -7
87 110 16
72 115 6
69 114 18
63 101 2
99 90 -3
77 101 18
89 114 25
100 101 -6
70 88 3
87 95 19
98 98 2
27 59 40
37 70 21
58 57 21
53 76 38
56 78 45
47 70 24
54 70 49
47 72 23
31 73 29
49 84 9
29 48 19
52 59 41
38 58 27
37 52 35
45 49 17
18 70 20
42 78 34
18 72 31
32 63 47
31 58 26
24 53 20
44 79 30
51 51 31
44 65 20
30 84 46
48 73 26
22 57 34
52 80 12
43 53 34
26 82 42
49 67 44
25 57 34
38 61 20
30 64 33
55 57 11
56 62 29
34 49 40
41 79 19
22 51 19
50 70 9
40 52 48
39 46 38
34 82 35
36 63 39
32 69 13
41 51 37
25 64 32
54 52 49
53 54 26
22 80 26
25 48 36
48 83 37
56 74 32
27 67 30
53 84 48
55 52 43
41 45 22
19 50 25
51 52 39
46 51 28
22 50 48
18 70 26
32 57 38
33 66 28
40 54 29
25 77 21
21 79 45
29 51 23
48 78 12
28 71 16
50 55 19
22 77 35
53 65 42
38 60 45
32 55 43
24 78 38
45 70 29
52 61 21
29 68 22
58 61 12
32 57 46
46 65 28
36 83 15
52 45 22
39 51 48
44 75 24
38 69 36
52 64 29
27 51 33
37 66 14
23 71 32
31 79 14
26 55 35
48 52 11
23 60 11
23 70 36
31 49 17
36 85 38
44 71 21
53 61 9
25 68 12
49 52 45
20 54 9
34 67 28
44 74 37
54 84 28
51 63 49
19 65 32
40 46 21
48 59 33
51 52 40
39 55 11
56 51 20
41 65 14
37 49 37
37 61 47
44 81 47
53 68 11
57 46 25
47 80 19
44 82 33
29 79 27
28 69 43
49 79 14
18 61 49
26 66 20
18 50 43
40 68 15
34 76 29
38 63 15
48 51 12
56 80 30
44 78 23
46 80 14
56 51 16
34 68 34
57 85 23
48 60 15
29 65 11
32 55 34
36 71 27
21 70 48
31 66 36
37 74 39
58 60 21
48 64 9
32 56 20
20 85 14
44 66 41
57 45 14
21 80 22
30 51 17
33 69 24
31 71 42
52 69 35
54 63 30
31 57 27
41 71 48
51 74 33
40 59 24
53 62 22
54 80 12
21 70 34
56 53 26
27 47 10
52 70 30
39 50 20
29 85 21
25 54 23
51 45 42
52 77 16
52 53 46
37 81 11
55 79 20
45 72 35
29 46 27
26 59 27
40 72 31
57 54 47
49 82 24
56 57 40
58 85 15
47 45 17
33 84 32
32 79 18
57 45 48
38 71 19
39 47 47
33 46 18
46 84 9
40 49 49
32 51 18
47 45 47
45 70 27
50 61 30
55 78 32
39 49 11
58 69 38
29 63 24
45 84 37
56 54 18
23 48 47
55 69 46
46 62 32
52 70 16
46 79 28
35 47 28
36 54 19
26 85 12
26 74 23
28 83 9
28 80 17
38 61 13
49 66 9
41 81 22
54 62 43
24 67 47
35 65 42
54 77 44
56 80 29
18 65 36
54 70 13
42 83 19
57 49 19
39 67 14
22 84 27
41 63 17
43 66 28
30 61 28
33 62 25
40 64 20
49 53 21
40 76 47
34 49 17
58 55 16
18 67 13
34 73 25
23 57 19
56 82 23
40 78 16
46 60 24
30 54 47
23 83 47
57 80 39
48 58 9
48 65 30
57 60 35
56 72 16
19 75 15
36 78 23
46 57 26
30 63 9
35 61 17
24 61 23
36 49 26
32 59 45
39 51 37
39 65 11
19 61 35
22 82 14
31 65 14
56 72 9
40 48 13
46 46 18
19 49 22
31 80 22
18 46 45
48 65 17
20 50 29
18 70 28
53 62 15
45 48 31
47 55 34
30 60 23
18 45 26
40 65 32
54 59 43
55 64 16
39 53 35
55 81 15
35 54 24
28 83 24
48 54 18
26 57 21
18 62 15
28 85 47
42 75 31
30 58 19
42 85 13
33 51 39
35 57 21
20 81 32
44 54 38
19 85 13
45 81 10
33 83 30
27 46 19
27 72 20
28 85 11
25 72 23
27 82 25
19 78 20
57 67 31
24 83 11
23 66 38
45 65 18
26 62 48
25 55 22
48 61 20
24 77 18
20 54 49
47 73 22
45 64 48
58 69 35
27 60 29
32 45 43
51 70 38
20 50 22
35 68 43
50 59 48
19 82 38
33 64 49
43 50 37
21 76 24
22 65 33
53 78 34
19 61 42
22 53 15
40 63 43
49 47 23
42 82 17
41 70 14
32 69 29
42 57 43
31 81 17
36 69 20
54 47 26
43 82 17
57 62 38
19 82 25
47 81 48
29 78 32
19 46 19
49 45 19
22 78 11
19 66 27
18 69 38
50 62 38
55 66 29
39 50 12
38 77 14
28 62 21
28 62 25
26 55 43
56 74 23
34 49 39
57 58 36
21 60 41
26 71 34
22 84 48
40 83 9
20 48 40
57 66 39
47 82 37
25 71 23
28 85 44
27 81 38
29 60 38
46 61 19
55 80 31
26 81 18
45 60 36
37 73 29
40 57 43
37 72 30
33 79 14
49 77 24
32 73 33
30 75 46
37 84 30
33 48 38
50 65 49
55 66 14
51 78 36
57 69 45
30 48 21
58 57 43
37 76 40
22 50 10
48 75 44
26 76 11
52 72 16
58 83 44
55 50 36
49 59 47
58 77 29
30 76 28
54 50 44
55 75 49
51 67 47
52 83 42
52 68 15
42 81 41
52 67 48
37 54 28
56 64 30
31 74 10
57 52 28
46 63 21
30 72 14
41 52 18
37 56 24
49 77 27
29 50 26
50 66 26
35 52 11
47 63 33
41 56 43
28 60 35
47 48 13
18 52 22
44 65 43
24 77 15
27 51 43
46 78 14
43 76 19
23 83 37
34 71 34
27 55 38
40 76 28
21 70 14
35 82 40
19 75 28
49 78 23
25 46 37
49 70 23
28 84 12
40 68 43
43 46 11
50 77 15
22 62 33
40 59 44
31 77 46
47 45 16
31 53 39
53 59 32
35 83 45
21 81 46
33 50 32
44 51 41
104 80 53
89 66 30
95 84 50
84 59 33
102 83 31
76 81 41
108 71 50
108 50 56
72 59 31
80 84 30
90 69 31
89 71 21
74 56 33
110 75 18
99 64 23
96 48 37
84 61 48
86 74 33
106 65 26
81 66 28
79 85 30
82 72 38
93 67 41
97 68 47
109 78 47
94 46 47
85 67 25
93 86 18
103 57 57
109 64 19
112 81 25
81 47 25
72 68 54
98 55 55
73 71 47
81 59 44
99 85 35
81 54 53
81 54 48
73 78 32
75 59 39
84 46 18
79 60 23
76 55 37
80 69 17
73 76 24
91 54 23
109 60 45
81 69 49
95 83 35
106 52 31
111 65 52
73 69 54
101 54 21
103 71 26
92 62 17
101 70 48
91 81 24
83 79 32
84 58 20
102 59 20
75 54 56
73 83 56
95 54 43
88 51 32
107 73 52
97 52 50
88 62 34
73 46 40
94 84 56
94 50 31
86 53 53
85 54 17
105 48 20
99 52 18
103 86 45
75 51 30
101 60 56
76 61 30
78 69 47
77 71 47
108 81 21
102 59 36
91 61 36
80 47 34
102 55 43
100 57 28
74 83 47
108 58 32
73 49 56
89 81 25
77 53 47
98 80 18
85 69 43
88 79 46
72 58 30
86 56 36
94 61 55
94 47 44
86 65 46
91 48 17
109 70 34
92 81 27
73 63 48
72 67 25
86 81 52
92 59 50
94 86 45
94 49 32
95 75 42
105 49 38
78 48 34
97 53 53
109 52 40
102 67 33
97 68 33
78 63 32
101 77 57
112 63 41
108 51 34
98 86 51
98 63 34
100 66 53
90 75 49
99 85 45
109 74 51
95 72 25
100 69 47
112 53 34
86 58 34
82 52 56
91 61 55
102 59 50
76 61 39
92 83 55
103 68 54
89 56 29
78 78 33
81 58 30
73 75 37
98 73 54
91 51 51
102 50 28
106 74 27
73 77 19
74 84 44
100 81 25
85 75 31
83 51 35
110 74 42
108 78 48
105 60 57
91 66 32
72 81 54
87 80 31
110 69 39
98 75 43
80 74 34
94 83 34
74 51 35
73 55 38
84 55 47
97 78 50
110 57 43
94 53 34
77 54 24
111 70 44
99 53 50
105 80 51
94 64 28
111 67 45
101 80 28
106 84 42
78 63 22
86 81 20
97 55 20
74 55 43
83 62 27
107 79 41
102 86 22
88 86 33
86 47 46
87 68 43
81 80 53
94 78 49
85 55 42
85 67 30
99 60 38
86 50 39
80 58 40
78 49 30
83 49 36
84 86 21
78 50 35
93 68 50
93 79 54
82 68 30
75 65 24
103 71 51
112 61 33
99 75 21
96 85 24
87 62 32
87 61 30
88 77 33
81 80 43
78 84 53
92 54 22
84 51 40
105 78 46
84 82 44
105 83 57
81 83 23
102 74 50
74 66 37
85 74 22
77 46 50
88 57 25
93 58 27
72 48 36
110 64 57
106 65 18
110 71 55
98 49 35
83 83 56
86 58 47
90 69 55
94 54 50
85 60 52
82 82 38
90 71 35
82 77 30
93 70 42
75 77 39
110 76 54
95 77 19
111 85 17
78 80 32
99 62 17
105 80 38
109 57 39
79 81 51
87 65 50
111 73 35
88 62 35
100 54 44
79 79 27
84 48 30
74 60 22
82 76 55
87 83 55
98 83 38
77 67 18
98 62 34
92 56 53
86 86 26
91 53 56
77 67 17
99 62 40
105 64 34
109 66 30
88 75 57
109 62 37
99 79 26
86 85 29
110 76 50
86 66 43
95 52 29
83 48 24
86 49 31
96 67 40
89 76 52
108 71 26
86 77 20
72 62 35
83 49 27
93 55 40
104 62 18
84 53 21
110 57 36
88 53 33
95 67 54
90 57 38
83 71 22
80 58 56
79 77 30
78 78 39
97 64 36
97 82 57
96 54 24
74 55 33
86 56 36
85 68 45
98 83 29
104 71 34
93 61 48
75 57 42
80 72 31
92 67 39
93 68 40
92 76 43
85 64 37
86 50 37
95 83 29
101 70 31
85 59 33
88 54 54
95 70 18
75 65 53
95 69 43
106 74 26
73 74 48
90 57 54
102 64 29
86 49 25
81 78 27
81 81 31
91 63 40
105 85 24
77 69 49
81 77 24
103 73 45
75 84 19
108 51 55
93 82 38
96 53 52
72 77 30
74 68 55
92 53 25
87 51 37
74 48 27
90 50 33
75 56 47
89 86 17
106 61 26
83 49 27
77 58 23
89 84 44
109 66 38
96 64 47
75 73 22
111 68 53
88 51 33
96 78 34
111 61 31
78 67 48
95 75 37
72 79 23
101 46 23
80 50 49
77 74 56
78 74 46
80 72 46
108 85 19
73 78 43
103 68 39
84 84 50
111 76 54
95 65 40
80 51 54
83 78 47
92 52 32
107 85 32
77 73 46
77 47 22
81 59 18
81 57 39
91 61 17
109 59 22
79 84 25
96 70 31
72 60 36
77 50 40
84 70 20
109 76 28
105 68 23
98 78 42
90 51 48
104 81 17
79 59 31
80 85 19
76 82 32
104 67 42
109 72 23
95 52 30
79 46 44
81 72 42
89 84 26
89 60 29
94 71 55
108 51 17
73 46 44
106 50 26
101 73 50
74 86 34
110 82 38
83 61 57
105 48 40
77 63 25
73 79 49
89 49 38
110 48 18
92 52 25
72 80 50
76 86 18
111 85 43
78 78 32
73 56 18
106 61 27
103 83 38
83 68 43
109 49 28
106 56 23
73 53 17
106 74 29
111 51 37
103 53 23
99 72 30
79 85 53
102 71 52
72 50 54
110 75 45
95 77 30
105 52 31
95 61 47
102 64 34
101 47 51
105 67 32
97 62 27
107 77 57
109 72 41
88 83 17
78 66 30
84 85 32
107 71 41
87 64 23
105 78 39
84 78 31
105 48 31
99 76 41
103 60 25
100 51 57
91 72 33
78 68 51
78 47 44
110 61 21
73 62 23
105 49 35
92 61 46
83 83 51
-16 34 64
1 33 68
-16 11 73
12 35 76
-9 16 77
17 42 54
-5 25 42
8 8 57
-19 33 71
-16 40 67
-19 42 65
-13 10 76
16 40 61
18 18 57
-1 41 70
0 26 40
-8 7 68
-17 24 68
15 31 67
19 7 64
5 25 44
-11 6 45
4 25 66
-12 12 52
-18 37 57
18 17 68
9 5 51
15 8 74
1 9 37
-16 22 48
-8 9 60
15 18 57
6 27 41
14 43 63
-16 7 54
12 32 54
-17 23 45
-8 36 52
-13 22 62
-4 15 43
-8 22 48
-4 4 42
14 29 69
-13 8 50
-10 44 69
12 15 71
-6 22 65
14 36 50
8 4 37
-14 14 56
-1 35 54
10 4 53
-1 16 72
-11 11 73
11 8 38
-4 16 50
-8 17 52
-9 25 64
-7 19 49
-19 34 73
12 11 77
-19 19 53
16 15 58
-8 31 75
1 41 48
3 28 50
-19 18 64
6 15 49
-4 43 62
-13 9 41
-12 21 57
-13 14 53
17 19 72
-17 12 50
2 26 56
-8 16 48
-4 15 39
7 36 55
12 28 65
11 28 42
20 6 77
-12 31 55
-5 4 42
-19 38 75
5 40 75
3 36 72
-14 27 65
19 11 57
-6 16 51
-14 5 74
3 36 57
0 33 52
2 44 70
-6 9 69
1 14 54
20 27 64
18 35 68
-10 27 64
14 14 73
-17 14 70
0 33 46
12 4 54
-10 4 39
-4 33 64
14 38 58
17 18 49
-3 22 69
-9 25 58
19 5 63
2 23 75
12 23 43
-18 38 52
20 32 52
12 9 42
-8 41 65
-1 33 58
-9 37 41
-14 12 52
-5 22 64
18 44 77
3 21 70
-12 7 56
17 37 42
-17 24 71
-16 40 64
-5 36 57
-5 40 70
5 4 37
-2 13 55
-10 5 55
11 10 67
-7 37 49
-3 24 54
-12 13 74
3 15 53
-19 7 50
19 37 44
-9 40 41
12 18 37
-16 22 72
15 8 77
-19 32 55
-19 17 46
10 9 53
-19 20 51
18 4 37
-20 27 48
-19 43 65
-20 29 75
-4 14 51
15 34 39
-14 35 58
-5 42 72
10 24 57
-13 25 37
9 15 50
-3 28 67
-11 24 60
5 12 71
-14 31 38
8 43 40
-7 29 59
10 37 47
-14 16 63
16 10 58
15 42 56
-6 19 53
16 23 67
-13 6 41
-8 10 69
0 5 40
1 21 37
-2 32 55
-7 11 40
20 15 65
-2 27 54
6 16 49
7 25 71
-19 10 44
15 14 65
18 9 52
-2 29 69
-12 24 44
18 6 68
-16 17 63
19 29 39
-7 39 55
14 37 65
3 29 56
-20 30 42
-11 7 44
-15 33 54
18 27 41
4 36 74
-4 26 57
-19 38 76
4 38 44
-16 44 40
7 17 44
-2 44 77
-9 8 60
1 28 41
19 24 74
-12 38 42
-18 26 42
-11 39 77
13 24 56
11 34 71
7 31 53
6 37 67
-9 41 40
-17 32 44
19 35 58
18 25 51
-9 14 51
17 23 74
20 31 39
-1 33 65
6 26 38
11 42 43
2 41 48
-19 44 57
-10 10 68
-17 13 46
3 33 45
2 37 53
9 36 40
-18 13 56
14 23 38
-10 44 37
13 34 49
-1 43 42
16 4 52
-6 10 38
12 5 39
-17 18 57
-13 7 66
3 13 73
13 21 42
8 27 43
-7 28 44
0 8 50
-5 18 70
6 40 77
19 21 62
18 43 73
19 6 62
-18 24 69
-12 42 77
-1 5 45
-11 19 48
-8 28 61
-3 12 62
-18 12 56
6 7 72
-7 18 58
6 27 57
4 34 37
-1 8 72
-11 31 43
8 38 56
2 44 71
17 38 49
16 27 53
14 44 45
-20 37 61
-17 35 41
3 12 65
-19 29 63
20 21 62
15 7 53
-17 39 77
13 34 62
1 11 48
4 7 53
20 29 69
17 15 44
9 4 43
1 34 77
0 15 55
12 10 65
20 21 49
7 31 62
7 4 39
13 12 49
-6 17 45
13 25 74
2 20 65
5 43 60
-19 30 44
-7 4 65
4 19 70
-14 18 55
-1 31 54
7 10 76
18 24 40
16 8 76
9 18 63
13 24 65
0 22 49
-9 27 46
10 19 47
-9 21 77
-20 19 71
-19 27 47
-15 27 38
15 13 65
3 17 61
14 16 68
20 32 68
-12 4 48
16 42 57
6 31 62
1 6 63
-9 29 68
-20 35 42
-16 21 74
1 13 76
-17 39 42
-14 26 44
13 6 56
16 25 72
-12 12 68
12 33 54
19 5 59
1 19 44
11 6 65
-20 36 75
1 17 57
-12 34 64
15 32 38
-5 31 41
-10 29 75
-2 34 74
-10 7 66
0 31 73
16 8 66
20 10 48
-7 18 49
13 18 38
12 32 46
6 24 61
8 21 37
-12 43 64
3 20 61
2 26 67
-5 22 75
-12 4 71
-7 22 75
-15 14 54
-15 42 58
19 13 46
0 17 44
-3 29 60
-4 13 48
-10 19 61
-19 9 76
8 18 45
-10 11 66
1 6 62
0 29 55
19 43 72
6 29 72
-2 26 63
-8 5 61
-16 28 76
3 35 55
-19 6 67
1 12 37
-15 38 45
2 10 48
-14 33 61
13 31 37
18 27 39
-11 18 40
9 35 55
-14 25 61
2 23 49
-18 29 76
-17 36 77
20 17 49
-3 41 67
-2 44 69
-2 42 66
20 10 65
-8 23 66
-6 44 53
7 30 58
-11 22 43
-10 26 65
0 16 49
12 18 67
9 28 50
-4 20 58
-3 9 42
15 36 49
8 10 71
15 34 51
16 19 52
-3 44 67
0 24 69
-17 42 41
-5 11 68
-15 8 49
-14 26 67
9 22 51
3 13 77
0 18 50
-6 24 46
4 28 77
-18 5 65
-20 40 48
16 33 72
6 40 62
13 26 63
5 38 69
17 18 53
-20 10 73
-11 4 54
5 43 56
-1 35 65
-10 11 67
11 34 72
-7 9 52
-17 36 39
-18 42 73
-9 26 38
-5 14 61
-20 19 39
4 17 72
-18 36 60
-6 42 58
-10 18 52
-5 30 43
1 13 74
10 12 44
14 38 53
-17 19 55
-20 17 75
-10 39 45
-19 28 74
-17 12 75
-19 27 64
-11 37 53
2 8 71
14 39 39
-6 5 37
-1 21 67
-3 35 70
4 17 58
4 49 19
31 42 52
16 54 52
33 54 20
17 68 25
-1 63 42
-2 75 29
33 49 46
17 48 59
30 80 49
9 51 49
29 80 52
12 67 24
10 43 37
1 72 43
11 75 33
16 82 19
5 71 29
30 70 52
10 81 57
10 58 52
5 75 22
27 79 40
-5 54 25
15 55 48
27 42 49
9 45 59
34 66 36
31 46 27
32 77 31
-4 76 25
-1 48 26
26 75 32
20 55 40
25 70 34
-4 50 55
18 52 23
7 81 59
17 43 56
12 64 28
5 70 24
18 42 19
6 48 38
1 78 27
0 80 58
5 49 44
6 44 44
10 67 39
4 66 25
3 62 27
20 56 23
11 63 50
-3 72 57
8 51 30
0 51 29
32 66 58
26 52 35
0 71 46
32 79 41
-3 70 30
6 58 53
0 62 49
10 51 26
16 74 47
34 70 43
3 44 25
9 75 24
30 78 30
-1 60 30
30 78 53
20 78 41
34 77 57
17 75 42
10 44 21
14 44 56
3 77 44
33 60 56
5 60 51
11 59 44
17 78 41
4 65 27
6 42 19
10 69 48
-5 65 59
21 53 32
16 66 43
15 71 38
11 43 41
26 77 20
33 65 32
7 79 51
28 52 43
24 56 23
21 80 36
12 61 26
29 43 58
28 42 30
31 72 46
5 59 45
0 69 42
21 45 37
26 82 42
25 48 32
0 54 32
25 50 24
3 72 51
-3 51 59
30 74 41
0 54 25
30 76 54
1 67 48
21 60 32
15 61 40
8 58 58
32 49 57
13 59 22
31 52 54
19 43 54
20 66 24
4 63 33
11 74 28
29 56 55
31 46 54
10 45 58
-1 81 45
35 55 29
35 58 44
12 59 32
-5 78 36
6 51 24
-1 61 36
2 54 24
34 48 54
4 43 55
13 52 22
11 74 23
31 82 53
8 52 33
20 51 51
23 43 25
23 82 24
19 51 54
33 78 34
28 82 34
1 78 44
28 58 22
16 52 47
17 51 32
8 69 48
14 58 52
-1 78 49
12 51 45
-4 55 29
27 60 40
14 63 53
-4 55 21
9 74 31
10 64 51
17 51 48
3 49 29
2 55 26
18 52 45
26 68 45
-3 43 24
22 81 59
14 74 46
19 62 19
19 63 50
-5 73 27
10 78 58
1 65 50
10 71 19
23 61 26
0 67 41
16 77 47
16 75 27
4 81 55
28 54 24
33 51 41
-3 57 40
11 52 43
3 62 59
-3 50 44
10 73 40
32 75 55
30 57 22
18 61 27
5 81 59
17 50 42
15 71 48
21 59 29
8 78 53
5 61 51
8 54 27
10 49 23
15 56 20
27 49 54
2 56 30
12 45 38
16 53 50
35 51 47
7 79 44
34 81 38
21 75 55
12 52 31
4 55 53
-4 43 55
7 76 51
27 70 50
7 44 59
16 80 27
0 65 44
31 66 53
19 62 40
4 74 35
12 76 43
22 50 22
22 75 44
11 71 36
8 46 55
26 42 42
7 47 57
20 66 45
35 72 34
-3 50 34
16 44 30
12 53 25
21 44 49
21 81 59
34 63 34
7 54 49
15 52 47
-5 54 29
9 47 43
32 80 39
8 67 48
-3 75 20
13 49 50
6 73 48
18 81 25
7 44 25
12 78 20
0 42 42
15 69 19
19 82 44
2 50 52
7 59 31
-5 69 32
29 79 35
-4 43 52
-4 65 27
14 70 20
31 80 50
-5 64 25
25 53 26
14 63 51
26 61 45
5 74 26
32 54 27
4 68 32
6 77 33
16 62 56
0 44 50
13 58 31
-5 79 41
0 53 28
15 71 24
5 63 32
10 53 55
22 75 20
28 57 28
2 54 52
-5 70 30
12 75 51
-4 76 56
6 63 51
26 74 29
16 65 36
-1 45 20
23 66 39
16 44 30
30 75 19
-3 65 40
10 82 54
12 79 59
1 64 41
20 61 20
-3 81 44
12 62 26
11 77 30
20 68 20
9 70 47
33 57 39
24 74 36
4 72 45
-2 48 55
-1 64 28
25 60 29
23 69 57
13 63 31
4 82 25
34 65 50
12 72 51
14 82 42
28 59 37
5 80 41
-1 44 27
32 42 39
1 47 35
7 59 48
13 53 45
16 47 38
31 43 40
5 55 53
7 43 59
7 77 23
21 52 52
21 79 46
28 42 39
31 74 37
-3 66 48
12 47 52
4 56 46
8 61 20
-1 43 32
23 44 44
3 70 44
16 79 55
14 69 21
34 47 54
21 75 32
30 53 43
10 51 33
12 42 28
3 58 39
0 67 59
-2 62 47
32 82 37
5 51 38
35 77 45
-3 50 38
27 68 38
35 65 20
2 70 31
6 43 20
12 69 57
3 71 54
6 82 29
6 81 39
28 75 31
20 51 35
-4 57 22
24 81 36
6 66 59
4 61 50
19 44 22
27 60 47
19 56 46
8 67 20
23 60 46
32 82 51
7 64 49
20 58 32
18 67 38
23 68 26
15 47 56
-2 79 41
27 63 20
33 64 57
6 45 32
14 59 24
29 47 26
14 74 31
33 56 52
15 52 37
1 46 32
31 44 36
21 47 19
5 73 32
13 62 40
35 74 52
27 65 42
21 68 28
16 54 37
21 54 46
31 82 26
35 80 33
27 56 53
7 62 50
21 82 19
33 80 26
-4 42 19
19 63 31
19 63 41
20 50 47
24 64 46
35 45 33
25 73 41
28 62 30
-1 55 23
24 73 54
30 49 36
-5 70 20
8 51 36
23 64 45
3 59 25
2 53 58
13 47 33
25 45 53
7 67 31
1 45 35
6 69 53
2 63 54
10 63 34
26 52 24
0 56 31
7 70 59
35 65 48
17 47 22
24 71 31
14 51 34
6 77 36
26 80 58
31 46 26
30 69 57
22 42 26
20 81 48
2 72 37
10 68 52
-1 57 22
17 70 36
1 77 21
25 75 32
-1 65 53
16 68 20
35 67 37
8 63 59
16 81 44
30 75 22
21 53 49
34 68 42
-2 70 57
23 47 57
30 72 59
9 79 56
23 59 32
24 58 45
5 68 43
19 75 40
28 82 30
69 53 15
40 64 49
57 79 26
41 59 52
68 60 26
43 48 19
75 58 40
59 78 22
74 68 31
50 47 48
70 72 45
43 62 38
49 79 48
58 56 26
73 59 44
41 40 18
56 53 48
39 58 40
36 69 19
45 51 29
41 78 24
49 76 25
59 69 20
44 61 36
50 42 27
35 63 49
73 75 19
55 71 48
48 58 49
54 69 30
69 65 33
57 42 39
36 78 40
64 39 20
50 41 53
59 75 47
75 69 39
58 55 41
49 45 17
55 72 51
58 48 33
70 59 30
51 42 28
70 70 16
72 57 37
62 49 21
75 40 37
62 48 50
56 58 18
72 66 53
51 44 21
59 45 43
73 64 14
40 60 25
45 64 43
43 55 21
65 67 18
54 53 14
35 61 23
73 65 49
63 79 29
40 73 36
55 62 27
65 64 42
75 78 24
57 47 37
60 64 30
36 47 24
55 64 48
70 57 51
74 55 24
67 43 40
49 61 48
39 44 35
57 55 21
62 50 48
62 76 35
36 62 21
71 54 36
48 55 25
57 68 46
46 62 39
48 52 42
63 54 15
60 79 21
43 40 13
40 69 36
70 77 51
41 62 13
48 45 50
52 63 27
64 44 40
62 71 32
46 65 20
38 68 20
67 61 42
59 56 30
57 48 17
67 77 28
57 47 27
63 51 19
39 39 32
74 69 36
60 41 47
48 72 52
48 61 37
43 66 25
41 76 45
69 78 32
44 57 20
35 71 23
42 63 32
52 74 44
35 67 34
74 50 46
68 42 14
36 61 32
36 43 34
68 64 50
59 43 43
36 56 35
73 55 18
35 43 48
44 64 20
69 45 17
63 53 34
66 39 24
40 63 51
37 52 18
42 55 45
53 54 25
70 70 14
40 66 47
51 39 33
40 42 30
53 78 22
67 63 19
66 73 44
46 47 50
36 71 52
53 67 21
56 73 20
72 41 34
37 64 19
63 47 52
47 44 22
41 40 17
44 72 35
64 60 17
56 74 35
73 69 42
42 48 45
52 64 28
73 62 17
71 45 25
46 56 38
66 62 20
48 60 33
67 50 49
44 62 40
36 47 33
57 51 16
39 76 20
61 69 45
39 68 33
66 68 28
44 60 27
58 52 30
53 61 16
75 50 32
69 69 17
64 42 38
61 74 43
45 76 34
37 51 50
52 66 44
56 44 15
37 45 49
74 43 17
64 43 22
57 53 32
75 62 39
53 46 26
73 44 43
39 63 15
68 46 47
47 65 38
71 67 52
62 42 51
35 79 49
41 58 21
64 68 53
44 60 19
57 60 29
54 72 27
63 54 42
39 70 15
46 53 15
46 62 44
42 60 38
40 39 37
48 69 28
63 55 36
45 74 13
74 44 32
51 71 23
66 72 26
35 70 34
54 48 37
66 58 45
69 46 38
35 75 14
52 73 21
44 49 37
62 68 16
65 42 33
75 67 40
58 46 34
45 62 49
36 75 51
43 41 42
73 42 20
46 75 39
66 49 32
54 63 38
36 39 42
42 51 23
37 53 42
45 66 44
49 43 37
37 70 38
60 44 36
51 41 40
57 74 21
73 58 33
37 60 36
45 57 50
63 63 41
71 42 19
46 79 23
60 44 45
65 70 34
49 74 50
75 39 45
57 64 51
59 50 48
52 43 17
61 60 21
53 57 16
55 56 51
49 65 24
51 54 27
55 77 52
67 54 44
38 54 22
62 46 43
67 60 44
53 48 36
47 65 41
40 48 45
62 58 52
65 77 35
52 65 18
62 54 27
48 56 36
56 70 45
50 65 25
67 78 49
35 41 37
58 65 45
38 78 38
36 50 20
62 76 16
57 62 15
41 40 22
62 59 50
52 39 48
56 52 19
70 64 53
41 72 19
54 44 38
73 56 30
50 65 50
52 70 33
35 75 28
45 48 19
72 51 30
65 42 21
45 63 38
60 61 51
48 52 23
67 55 47
54 62 35
52 69 32
65 66 24
62 59 30
47 69 49
74 44 19
60 65 51
62 50 37
48 70 48
51 40 27
61 39 15
64 63 24
57 77 20
66 61 49
53 67 35
48 65 27
54 76 50
61 76 43
71 63 15
44 40 48
71 51 46
52 70 14
66 54 39
40 63 29
43 65 43
42 73 37
70 43 30
74 59 49
68 52 20
38 46 51
62 71 29
75 42 46
57 69 36
63 61 38
74 51 43
68 70 36
52 41 32
50 44 43
75 76 25
41 43 17
72 45 52
41 41 29
52 61 48
52 53 28
43 57 49
57 55 52
36 78 24
37 59 15
42 54 44
52 39 50
72 45 20
63 72 50
35 59 32
44 78 22
60 77 40
45 44 35
60 53 43
36 62 21
54 41 34
36 68 23
41 53 32
47 60 49
46 79 15
40 60 46
44 70 27
35 54 18
74 78 44
58 51 26
39 76 39
40 50 29
51 69 24
62 75 21
47 68 45
59 51 22
37 48 34
44 66 36
41 39 24
65 62 53
65 44 52
53 40 28
54 73 48
35 60 42
75 52 26
44 72 21
35 67 26
49 55 14
46 62 42
65 57 47
59 68 37
59 61 19
69 49 46
69 73 36
56 61 45
37 45 23
38 79 22
57 62 50
65 78 32
35 63 42
53 50 36
50 76 50
61 39 18
40 58 32
44 55 24
50 49 51
62 39 34
73 62 20
72 76 17
45 51 35
53 55 36
59 72 51
58 65 19
69 60 37
69 53 40
64 63 19
56 57 21
38 58 49
59 39 41
52 78 33
49 66 52
65 42 26
59 49 33
61 49 31
52 54 53
57 50 42
52 63 18
36 57 20
48 58 40
75 75 37
75 69 37
51 44 23
73 40 15
58 74 38
62 39 24
71 40 18
73 74 21
61 53 40
54 50 33
56 78 38
57 58 19
70 73 49
69 43 48
71 69 46
35 66 41
62 71 20
59 48 25
53 53 22
53 66 36
43 58 24
57 46 40
70 70 24
63 73 30
55 61 46
45 79 43
59 53 13
44 73 26
40 47 40
75 78 18
59 75 43
48 33 3
18 31 -5
34 36 -9
32 0 9
43 0 12
18 33 -2
39 37 6
30 5 21
27 39 7
56 1 -9
31 21 9
29 36 3
21 11 -16
43 5 6
51 0 10
53 11 -16
41 24 1
18 38 3
50 35 -10
40 -1 11
23 12 -17
18 33 -2
27 7 8
52 3 -12
45 14 11
26 4 -4
52 20 8
21 11 17
39 35 1
31 11 -6
50 35 6
33 6 5
26 24 17
32 6 9
55 37 -8
36 3 6
30 32 7
27 29 -3
45 13 14
28 13 6
55 32 5
27 3 -9
21 39 12
42 1 -7
42 36 11
42 38 -7
37 26 -9
19 -1 15
41 39 5
40 10 -9
23 30 -9
50 30 3
48 29 -9
37 38 -9
46 12 6
39 10 -18
33 39 17
40 23 6
44 8 -7
33 37 -18
51 26 21
57 19 16
26 21 4
42 16 9
25 30 -14
20 21 13
30 23 -15
51 30 5
21 26 -10
44 0 -5
37 26 -16
20 35 14
47 20 -16
34 11 -15
57 2 -15
45 13 15
48 20 12
54 22 -5
29 35 -14
30 37 -8
38 30 2
31 2 13
45 32 21
45 -1 -11
19 12 9
43 18 -11
38 37 5
37 24 -15
56 -1 -11
29 12 20
50 36 12
40 0 5
53 28 -5
54 35 -12
38 24 20
33 28 15
51 36 -15
32 20 -18
49 11 18
43 19 19
18 5 -3
34 21 -17
50 37 -8
38 35 -17
19 4 0
22 -1 -4
41 8 22
54 21 0
52 13 -4
32 30 2
47 22 8
25 5 -12
28 21 6
55 35 0
42 6 2
24 18 18
40 22 6
21 7 -13
47 13 17
53 -1 1
46 2 -18
27 28 1
50 31 -6
46 18 -16
45 13 -6
38 21 19
53 3 14
18 3 -12
44 9 13
30 34 -9
28 33 3
50 22 -14
36 20 -18
35 13 16
52 22 18
25 11 -6
32 7 22
31 11 -11
40 11 13
26 17 12
20 19 -4
25 10 3
40 16 17
43 28 6
58 7 17
45 26 8
38 39 8
37 37 19
25 4 22
27 20 11
56 33 22
27 38 18
30 9 -5
47 30 7
48 23 19
29 39 -2
29 12 -5
24 2 -1
34 1 2
21 2 -13
58 20 17
54 17 -15
34 35 -4
55 7 2
19 1 -1
51 24 15
18 15 -17
58 5 -13
33 8 1
29 15 -1
45 3 0
24 7 10
45 21 20
30 15 15
31 38 -1
56 10 18
52 32 20
51 24 -6
51 8 18
21 13 -7
29 36 -17
43 36 -4
32 37 -7
44 7 11
35 6 1
40 39 17
53 28 11
25 21 -8
53 16 -13
58 1 6
36 2 -3
22 0 20
23 8 21
45 22 -5
26 31 -18
53 18 12
43 38 -17
26 34 -3
40 0 7
50 36 9
56 39 -15
55 25 6
56 3 -10
51 5 -8
50 33 13
53 20 0
28 3 16
42 3 -1
27 26 7
45 23 -10
52 16 -18
51 15 -10
25 -1 8
50 22 -6
41 21 -6
35 33 21
37 13 -18
49 25 -14
30 38 20
30 8 9
22 13 22
39 25 16
53 5 -17
42 36 -18
35 26 7
45 27 19
41 17 -17
56 19 -5
27 30 7
55 18 8
21 30 5
24 17 11
45 26 9
32 35 17
45 37 12
48 0 21
45 38 -17
57 11 3
55 5 15
56 36 7
34 8 -11
21 13 -14
31 26 -9
36 23 22
53 16 -16
38 10 11
20 26 -18
48 24 14
57 31 0
52 -1 18
37 25 22
31 37 15
46 7 18
18 19 21
22 7 -5
49 31 19
56 19 17
35 13 -3
35 32 -13
48 -1 6
29 6 -8
33 18 19
34 31 8
22 12 14
49 35 -12
32 7 19
33 0 -6
50 35 8
24 21 -2
42 17 11
42 11 -3
50 19 21
51 25 21
29 1 22
26 37 -14
19 1 7
39 33 6
47 21 -10
32 32 5
58 20 -13
24 16 2
28 9 -5
48 15 1
46 35 7
53 24 -12
32 16 9
20 11 -1
44 4 -2
30 19 18
46 15 3
34 36 -8
47 17 -5
23 19 -1
34 2 19
32 6 -11
58 2 8
43 37 9
50 29 7
20 1 -8
35 19 18
44 13 13
20 23 12
27 27 -7
56 34 -8
54 10 -6
47 22 -9
38 13 -11
51 5 17
45 36 10
19 24 0
55 27 15
58 -1 2
25 9 1
54 27 -3
21 9 -12
39 30 7
45 12 -11
48 36 21
41 1 -1
57 7 22
28 16 -2
36 19 -9
53 -1 -3
27 19 -16
34 28 7
30 5 10
56 38 5
37 28 0
18 10 -14
56 39 15
22 34 -3
23 7 0
18 23 -13
27 22 -18
31 13 -15
45 21 20
18 5 2
21 10 -10
24 -1 -4
31 8 18
20 8 8
48 6 12
49 6 -4
32 38 -2
45 13 -15
47 26 9
20 38 20
26 28 -3
29 39 20
49 36 21
38 13 -13
55 15 -10
27 20 2
54 30 -3
32 18 -18
28 32 11
49 10 -18
53 36 6
27 4 17
37 10 18
38 19 13
23 16 -16
48 37 21
22 24 -10
20 30 -2
39 30 18
38 25 8
46 36 -10
30 18 -17
41 29 5
27 36 21
32 22 17
52 0 -12
45 4 -7
50 10 7
51 4 6
21 37 11
58 9 -1
50 23 15
44 10 8
31 5 8
49 19 -1
42 2 9
21 5 14
54 37 9
20 31 20
36 15 -4
51 31 -9
58 4 -3
56 29 -17
36 26 -16
21 25 20
44 25 20
44 28 -2
22 15 -18
55 17 7
28 1 11
50 16 7
51 14 12
18 28 -17
21 38 22
29 24 4
41 29 1
51 9 -11
24 12 -14
22 21 11
49 21 9
53 13 4
27 9 17
56 -1 -6
24 31 12
48 28 9
35 38 13
24 18 11
52 25 -5
54 21 8
31 34 -6
22 35 -1
21 26 7
32 0 -4
28 24 21
52 20 4
45 21 -11
42 26 1
40 14 12
44 3 -6
22 19 -11
25 17 -2
26 28 -13
35 24 17
23 14 -9
20 15 -14
34 31 15
25 31 -8
35 34 0
26 16 10
33 10 1
54 20 -2
44 21 9
40 0 -5
34 32 18
41 14 -1
58 9 13
46 23 18
19 36 -14
43 37 9
25 18 10
27 15 -3
50 5 3
46 32 17
48 65 25
27 96 20
21 65 20
37 89 22
20 85 29
29 69 35
40 89 22
33 94 37
24 81 9
49 97 43
14 60 46
20 66 34
40 93 44
20 82 46
41 88 33
38 97 30
15 82 11
26 85 11
31 74 23
20 82 20
26 85 40
38 62 39
14 88 23
29 95 13
30 70 11
27 62 35
48 81 23
35 94 40
38 100 25
26 85 15
34 81 29
15 60 37
52 93 24
25 83 27
48 87 15
39 88 14
33 72 38
46 96 47
14 83 40
26 61 29
21 71 14
27 85 38
37 64 28
30 78 14
13 88 39
29 77 13
29 91 18
28 94 39
34 100 32
14 99 22
53 65 26
28 74 20
34 92 26
43 62 41
43 91 24
25 85 47
24 93 30
27 91 32
44 85 25
44 87 17
34 62 20
47 86 9
40 96 22
25 69 46
37 87 44
35 99 24
29 87 28
43 85 14
37 70 37
28 92 35
46 80 46
14 72 14
21 64 11
38 64 47
26 86 12
16 80 34
30 72 45
23 65 13
26 93 13
29 72 34
37 67 40
32 68 29
18 91 46
28 73 25
13 92 38
42 64 24
16 77 10
30 86 14
46 89 25
18 85 15
42 85 19
25 86 36
48 62 10
41 60 29
36 85 19
42 73 49
37 67 27
42 85 30
14 87 15
47 90 48
49 91 45
16 89 18
43 61 36
40 68 24
52 72 10
19 82 32
44 98 12
49 81 36
46 68 9
14 80 38
50 80 19
53 69 29
21 71 19
36 99 18
45 65 23
42 66 9
35 86 46
40 100 46
38 95 27
29 92 46
14 68 11
13 91 21
25 90 40
30 67 31
18 92 9
46 69 36
24 91 13
39 88 33
29 85 11
22 62 28
50 92 9
17 79 28
49 92 49
33 91 48
42 69 44
16 70 25
17 88 23
51 60 17
34 82 47
27 72 20
22 80 21
49 66 30
22 64 47
42 78 46
38 86 38
44 75 9
32 96 19
17 86 18
28 70 17
18 62 45
49 98 45
20 73 19
50 70 31
40 70 34
15 89 14
52 87 39
13 98 48
20 63 16
46 72 24
36 66 29
27 85 33
44 81 21
20 74 49
14 83 36
20 82 49
30 92 24
37 75 15
43 85 48
34 75 22
32 75 11
21 79 27
35 77 15
37 77 21
24 94 20
20 60 22
29 93 23
14 84 18
40 82 34
37 98 27
16 72 40
17 91 41
41 68 11
15 70 11
49 93 25
18 99 23
19 87 20
23 79 43
44 72 41
19 68 22
21 93 19
39 62 18
20 65 27
35 84 40
27 77 48
52 95 45
14 86 41
36 85 42
32 91 21
46 72 21
13 66 21
27 83 44
23 79 35
50 91 29
40 84 41
24 72 35
44 77 19
21 62 38
29 91 42
47 68 11
14 72 45
36 82 40
31 85 9
29 96 29
24 75 17
24 97 38
37 94 18
15 90 30
25 61 32
37 67 15
30 64 12
24 100 43
46 78 34
34 82 29
19 70 22
29 88 25
41 94 27
24 76 34
45 81 11
42 70 33
40 90 38
25 69 11
52 92 24
21 85 26
21 74 47
53 66 9
27 91 15
52 86 31
50 93 48
23 84 9
17 85 43
15 75 32
37 72 29
21 90 29
30 61 33
19 88 46
31 74 38
47 93 41
15 70 18
33 66 18
38 93 11
23 66 46
21 90 45
49 93 34
29 74 30
52 91 32
24 84 29
30 79 20
23 88 44
18 72 11
44 69 38
27 79 33
33 94 17
47 90 13
26 78 45
27 61 9
48 91 29
37 82 37
32 61 48
26 88 9
37 96 45
52 89 44
36 88 12
16 71 40
24 79 24
42 94 17
42 63 36
22 98 12
38 84 15
16 63 43
24 64 31
23 70 12
13 86 49
46 81 38
13 83 29
43 87 49
32 85 24
22 93 29
15 86 16
52 72 36
26 100 47
52 80 21
50 91 21
51 69 35
13 90 35
38 86 17
36 60 41
43 62 22
29 66 19
16 77 41
52 97 34
16 79 36
31 62 48
29 94 17
26 70 31
35 64 9
13 70 13
24 90 24
25 100 13
22 98 37
37 72 13
24 68 11
18 96 15
47 60 14
31 66 40
30 62 28
49 61 49
32 72 38
46 75 27
37 75 15
21 99 40
40 68 24
29 66 35
24 64 25
35 99 49
50 95 24
48 88 32
47 84 12
40 67 45
16 85 19
32 97 49
30 79 48
35 74 46
49 67 23
45 80 27
30 82 24
50 70 16
35 94 14
19 60 19
42 77 34
23 62 33
20 97 21
33 94 24
39 72 11
33 67 44
38 64 44
23 72 16
40 61 35
35 63 37
41 98 41
51 63 12
14 60 41
27 91 19
27 80 24
20 67 23
44 62 12
51 78 17
34 66 9
21 82 44
48 64 26
23 83 13
20 60 37
25 77 30
27 69 36
13 97 24
22 81 24
49 94 49
21 78 19
40 98 31
15 83 47
35 83 40
53 98 26
35 95 36
27 87 9
43 85 42
14 73 13
27 97 48
22 98 31
17 80 30
17 80 49
28 83 17
48 91 27
30 92 36
41 97 44
53 62 15
28 76 34
32 65 12
48 96 29
13 100 44
52 90 38
45 88 14
31 82 21
15 99 44
15 61 27
50 83 12
49 81 19
42 67 36
34 64 44
36 74 45
33 88 12
52 77 15
31 83 25
44 74 20
46 93 23
44 70 19
43 64 22
43 97 46
25 77 19
37 76 10
47 66 47
45 60 43
17 77 23
38 92 16
34 89 44
23 92 22
35 64 20
31 65 34
52 100 33
51 80 22
46 79 13
21 62 11
38 72 20
32 82 27
27 73 31
38 94 20
18 83 33
37 74 34
24 74 21
17 94 12
27 80 44
31 61 34
37 100 46
28 61 33
46 81 39
14 78 27
21 100 21
40 94 48
52 61 46
33 87 32
38 86 22
16 82 22
41 91 35
23 82 44
22 99 22
15 81 22
27 90 25
40 87 48
27 88 24
37 67 34
13 100 17
46 65 17
63 60 -11
35 76 -10
57 40 6
52 76 17
45 73 3
55 51 19
40 73 -1
33 41 2
32 41 -15
59 40 3
65 40 -8
31 54 -12
48 65 -9
52 55 -1
48 47 1
54 67 -9
63 44 16
47 50 11
62 41 8
42 51 -5
41 74 1
63 59 -8
31 55 6
48 40 -4
48 36 11
54 72 4
46 42 -8
41 69 -3
47 53 -11
48 59 1
61 47 5
55 76 21
45 51 6
57 49 -14
48 59 -13
48 37 9
61 62 13
46 38 22
63 68 -2
34 66 13
32 62 -6
52 62 -8
36 63 9
40 67 20
66 64 22
40 66 21
51 65 15
65 50 -11
45 47 1
53 38 -8
33 72 -14
56 68 -13
28 57 16
56 52 -12
41 36 -6
26 42 -2
54 52 -4
53 69 17
57 44 7
31 50 -14
31 59 -9
51 39 4
32 49 6
59 74 0
60 37 1
43 74 23
30 73 -14
58 44 15
39 40 -8
37 43 14
30 67 -9
31 56 20
38 37 -16
58 60 20
55 70 4
64 63 -5
35 46 4
58 40 3
39 52 -7
44 66 22
58 42 -5
34 73 18
66 61 -13
49 61 2
56 51 10
56 53 -5
33 41 -8
64 54 22
38 74 7
49 38 14
60 56 -7
58 56 -11
34 68 -7
53 45 17
33 43 21
45 59 -16
38 60 22
28 63 20
29 60 -3
42 46 -11
30 67 12
45 43 19
65 45 22
28 61 -2
49 54 6
61 74 -8
50 36 6
61 40 -7
27 49 10
31 59 -15
60 36 -17
33 73 -14
63 57 3
38 42 10
64 74 23
65 73 0
38 69 15
49 37 15
42 56 -17
44 67 8
61 59 -14
28 48 -14
61 61 -4
38 67 8
44 38 -14
29 62 22
36 53 -12
45 63 11
47 50 13
40 39 -6
45 60 -3
59 45 -8
47 76 2
65 71 19
38 62 18
52 61 19
63 47 -8
41 72 22
55 56 -6
56 54 -17
45 67 5
64 67 -15
30 60 18
41 43 10
28 48 15
47 65 -7
58 39 12
29 63 9
52 44 13
66 40 -4
62 72 -14
65 44 6
46 45 4
59 45 -16
49 61 -11
41 52 -15
36 50 14
50 76 9
54 57 9
56 51 5
39 49 1
56 57 -13
63 44 5
28 43 8
33 58 -2
28 76 9
44 75 14
40 67 9
53 37 12
37 38 17
58 36 -8
33 41 16
58 61 21
38 65 8
65 64 -7
51 76 15
27 67 16
59 66 -7
51 36 -9
38 50 9
58 63 -15
38 57 11
28 39 -9
32 58 -1
37 46 10
57 38 -5
61 45 10
46 45 1
46 40 0
61 36 -1
26 47 -8
36 67 -8
41 57 -16
34 70 19
27 58 -14
63 45 20
50 38 21
53 37 3
34 59 5
28 47 -16
66 38 -16
54 38 6
47 70 0
44 61 17
56 37 -2
62 75 21
28 47 -10
65 60 5
50 74 -2
31 66 -8
64 58 3
47 68 1
62 62 13
36 52 4
42 69 -12
37 68 11
41 39 3
44 50 22
55 60 -11
50 48 18
58 43 -11
52 55 3
39 58 -3
31 54 -4
57 36 4
52 57 -8
62 47 3
50 62 7
54 49 3
44 49 -17
48 57 4
65 68 17
33 54 8
46 61 2
36 71 -4
29 38 -15
35 69 -10
57 70 -12
39 58 19
55 69 23
34 38 -15
45 64 -17
50 40 -17
29 40 22
52 42 19
47 42 -10
37 52 3
62 49 -9
66 40 7
54 51 2
27 76 14
31 52 4
32 66 -2
29 53 -7
43 50 -15
47 61 5
29 44 -2
32 38 9
51 63 17
45 70 -15
43 58 -1
44 57 0
33 53 19
65 65 14
63 58 -13
59 54 10
29 76 1
28 46 14
59 51 -4
60 46 21
31 42 6
56 53 -2
32 75 -13
31 38 -15
41 62 1
41 51 22
45 74 -10
59 45 19
59 66 19
40 50 4
62 61 10
32 52 -7
49 70 23
47 62 -7
42 50 -7
39 60 -13
34 54 -15
62 68 -11
28 65 18
47 42 -12
29 40 7
39 50 -12
46 45 17
33 37 17
62 40 14
43 55 2
58 59 -1
37 66 2
37 44 8
56 39 -5
37 43 -15
63 76 -5
31 64 -1
66 75 7
34 65 -1
34 64 -17
40 45 -8
48 48 12
49 40 -10
58 37 -17
42 54 3
35 47 -4
58 54 11
30 64 -16
42 74 -2
65 66 10
42 73 14
28 62 -10
49 71 -8
28 59 9
43 72 13
46 54 -1
45 47 13
39 40 8
49 40 9
48 75 -10
60 72 -8
44 43 -6
63 62 18
35 58 16
54 67 -3
31 61 12
43 54 22
42 72 17
54 38 5
51 63 5
41 65 -11
37 40 7
39 74 3
35 76 12
63 58 -8
28 67 -9
32 44 9
64 48 -13
51 43 5
28 45 -1
43 50 17
44 59 15
39 68 -17
29 54 -5
62 59 -5
66 44 21
35 70 -4
51 42 -1
66 60 6
32 38 14
61 52 2
60 45 4
66 44 -5
52 55 6
31 36 -13
64 58 2
50 75 -4
36 56 8
31 39 22
27 76 -7
37 76 17
52 57 20
27 63 22
38 71 10
65 72 16
51 62 15
61 36 18
36 58 2
50 66 18
43 62 9
41 55 -1
46 57 -9
33 38 -6
28 40 -5
31 59 -7
48 69 1
35 52 17
36 56 17
57 39 15
34 66 -6
31 53 14
27 39 -16
51 46 6
42 72 10
40 57 11
44 49 14
56 43 -1
56 65 10
63 40 -10
43 48 -7
26 61 -17
52 58 6
27 36 -6
58 39 3
28 69 2
54 54 16
65 53 3
58 76 21
52 40 -14
60 56 13
48 59 7
54 72 23
65 76 11
46 61 12
66 56 -10
65 69 5
46 50 -4
28 47 13
27 50 13
65 75 16
28 58 6
65 46 21
28 38 -5
39 73 11
63 62 11
54 75 -12
52 47 -1
27 56 -3
62 57 1
29 55 -12
38 74 10
35 51 16
65 70 -3
62 58 21
52 53 23
40 70 13
37 44 -12
41 76 -8
32 74 -15
66 75 -3
37 43 -14
32 69 2
30 64 10
39 66 11
36 68 -10
34 51 -13
48 66 19
57 60 11
31 54 23
50 63 3
66 36 7
47 75 10
52 42 14
36 47 -9
48 13 50
33 29 68
53 28 45
30 -2 61
43 5 48
47 19 44
22 -1 44
35 5 69
27 26 58
45 29 49
55 -9 44
35 0 50
23 -3 52
49 -2 56
45 -4 60
15 -7 35
39 26 41
28 19 44
36 18 60
46 -2 61
40 -3 34
51 29 44
46 14 66
35 3 45
45 0 52
45 -7 55
52 -4 38
55 -3 47
49 8 32
47 9 60
33 -7 52
45 16 63
42 22 62
29 20 41
19 5 43
44 -1 42
54 0 71
21 -6 32
52 15 46
27 15 57
55 16 60
54 11 51
37 29 60
41 5 54
28 9 33
22 -6 69
51 7 53
25 3 64
48 -1 63
40 19 57
44 29 62
27 18 47
23 28 48
55 14 51
26 25 43
53 -6 34
42 20 49
38 -4 67
32 -3 58
39 -2 54
44 15 67
18 15 49
24 13 47
37 6 51
33 -6 51
51 -6 60
32 4 58
47 2 48
51 7 69
44 7 51
27 17 43
20 10 64
52 -2 37
17 26 46
31 5 35
26 -6 57
36 7 63
38 3 54
22 0 32
22 24 68
29 -6 70
33 24 68
28 15 37
41 17 40
34 5 46
48 7 41
51 -2 41
46 17 41
29 15 64
24 2 64
20 30 44
15 26 50
21 -4 60
19 -2 65
23 -9 63
47 12 52
35 22 66
33 -4 38
28 9 65
18 7 50
28 -10 42
45 26 41
55 0 41
53 5 61
29 1 43
48 20 51
46 27 34
35 13 34
40 4 61
52 -10 37
20 4 68
49 7 50
42 8 65
20 16 49
53 13 50
19 6 38
36 16 38
33 -6 68
26 5 46
37 7 37
24 15 52
28 12 33
52 4 67
22 1 64
26 -8 44
18 11 40
31 20 70
42 4 31
23 29 51
23 11 37
15 -1 59
44 1 35
19 -5 59
30 15 69
39 -3 38
21 10 66
19 20 60
29 22 51
40 10 71
40 20 55
53 -4 50
20 19 68
20 10 55
44 -7 53
48 -1 66
28 10 58
18 24 67
40 9 49
21 9 42
24 -4 47
53 6 35
47 14 39
24 -9 69
43 29 56
17 2 54
25 -7 46
32 25 68
27 20 65
43 10 49
53 11 57
33 1 55
24 19 41
17 9 41
36 23 58
55 2 57
34 3 46
28 21 40
41 -7 51
34 13 67
52 -3 58
49 -9 37
29 2 35
33 24 63
39 -9 46
37 10 70
50 -1 49
22 21 53
55 3 44
15 28 40
21 6 56
29 19 43
39 -10 71
26 19 47
55 9 33
33 -4 68
19 30 57
32 28 51
29 27 42
49 14 60
31 23 53
44 -7 48
15 13 32
48 19 33
17 26 35
46 28 43
50 11 63
28 -2 67
22 14 52
32 -10 50
47 13 58
19 19 54
29 -4 63
52 23 69
37 -6 61
45 16 47
42 3 56
52 5 49
55 18 32
54 3 49
15 23 55
33 13 70
16 -9 64
29 14 31
24 25 32
25 11 67
37 -7 65
27 10 56
36 -8 31
53 30 31
39 25 65
24 26 55
19 0 66
16 10 54
17 24 60
34 6 69
24 6 33
26 21 42
50 -5 43
24 -10 58
35 -10 65
22 -10 66
30 0 58
38 -5 54
16 17 62
49 30 43
37 20 43
36 8 63
23 -8 43
53 -3 69
41 22 31
50 22 70
46 18 34
22 9 43
50 -8 54
33 24 45
53 4 53
55 -5 32
51 15 33
20 8 60
29 10 48
47 -1 69
53 27 67
50 9 48
31 16 48
50 -1 48
28 4 33
48 8 45
16 3 71
15 8 58
25 -6 43
17 23 38
16 21 67
39 17 46
41 22 37
37 -10 49
29 12 35
26 29 46
52 18 59
32 29 31
55 10 59
17 7 55
27 12 49
48 4 42
34 -8 65
27 4 40
29 12 39
52 24 39
38 -6 49
40 4 57
20 27 58
46 21 43
25 -6 58
50 12 61
29 28 35
34 6 44
22 17 65
38 20 63
19 18 70
15 -5 66
15 24 42
47 3 41
15 -4 31
45 6 57
30 7 66
18 9 62
15 17 31
48 -10 68
35 26 42
15 -10 56
44 2 45
43 7 42
21 -4 41
34 25 67
35 17 44
27 6 65
39 -1 44
16 23 36
19 5 37
19 19 54
28 3 64
46 27 60
22 4 53
25 17 44
37 -3 71
19 3 63
45 16 69
18 18 56
15 3 47
25 14 55
38 14 39
47 6 63
24 7 47
49 13 56
47 15 54
16 -7 41
31 20 47
16 27 40
23 -6 64
35 5 52
39 0 31
29 20 56
15 22 62
36 12 43
44 14 62
35 7 66
49 25 53
48 29 40
19 -4 62
19 8 33
51 10 52
35 3 55
39 25 69
22 1 45
33 27 65
48 -7 40
15 2 41
46 18 53
46 25 41
30 2 71
52 26 36
18 17 71
24 11 56
24 30 35
27 -5 56
55 23 68
51 -8 42
52 28 38
34 13 55
49 13 54
33 4 70
36 28 41
46 -7 71
39 8 71
48 22 66
36 27 35
22 29 57
34 10 32
41 29 49
25 3 63
53 -2 31
15 13 49
52 2 54
32 11 35
42 -5 65
26 21 35
43 -9 37
48 4 32
44 28 54
31 15 33
50 -7 50
46 0 35
22 4 40
26 12 47
53 5 41
35 12 50
41 13 62
33 28 38
44 12 58
51 11 42
38 5 41
17 5 61
16 21 54
19 18 39
48 -9 57
29 24 71
36 14 52
38 -6 69
17 7 66
37 5 63
38 23 57
33 5 51
39 13 37
51 29 70
52 -7 63
22 -6 60
28 9 32
48 26 33
20 24 63
28 22 65
21 -1 53
36 0 64
20 23 33
36 23 39
55 -9 60
53 28 46
16 17 37
33 -2 34
15 23 35
32 12 48
17 8 37
33 20 70
17 26 54
39 22 35
55 22 37
55 21 62
21 -8 48
46 13 68
32 28 35
27 15 31
38 3 34
51 12 37
25 4 58
37 14 61
29 -1 47
45 4 42
30 24 71
53 -3 44
51 21 67
32 3 64
39 5 54
55 -7 55
20 0 58
31 21 49
16 7 38
23 27 52
50 6 54
27 23 53
31 29 38
22 12 31
29 -9 40
17 93 101
6 64 108
21 103 80
5 94 75
-1 71 80
-3 91 95
11 80 101
12 101 106
-4 96 76
9 81 109
-8 81 87
17 68 103
12 97 81
4 95 99
-13 80 110
-6 67 101
19 67 77
15 91 75
9 97 73
-13 79 80
8 66 90
8 73 110
15 77 79
-4 98 98
18 103 107
-13 66 99
19 72 77
-1 83 94
2 88 95
6 90 73
18 66 111
11 79 88
10 83 94
-7 102 107
-14 92 79
19 75 100
13 89 108
-8 75 106
11 93 73
-8 98 71
-8 83 109
-8 82 75
4 78 73
20 102 108
11 96 94
1 103 88
-10 84 94
-17 95 94
-5 64 81
3 98 77
-9 75 84
-7 93 86
1 80 92
17 82 78
16 84 93
5 90 105
7 100 111
14 96 89
-13 98 84
4 98 99
-16 64 93
-14 74 79
-4 72 89
7 85 106
16 79 84
0 99 91
6 84 99
-2 101 106
-11 97 97
11 80 97
-14 83 71
21 67 110
13 93 111
12 63 109
21 90 93
22 80 89
-9 98 105
10 67 97
16 68 110
8 69 87
10 82 76
12 96 96
11 90 102
-7 87 85
-15 64 88
7 87 105
7 101 91
0 102 105
14 103 90
4 97 96
19 88 93
-18 84 110
1 77 87
12 77 103
-9 84 80
-13 71 108
1 72 84
-4 85 77
1 91 92
-4 84 71
12 68 86
10 65 109
11 70 84
-9 93 109
16 96 99
-15 97 106
3 73 97
17 95 95
-2 71 85
3 63 76
-8 78 93
2 79 83
-18 95 85
11 74 111
10 76 80
14 63 89
-9 91 110
8 98 77
-4 73 98
-12 93 109
-15 85 78
5 66 83
9 87 73
-8 86 105
15 94 101
-15 92 93
-9 72 100
7 72 77
-18 83 109
-10 81 97
1 70 74
13 67 71
15 79 99
19 86 79
-14 92 89
-18 69 106
-18 75 102
13 71 74
17 91 101
-8 96 98
11 96 97
1 80 106
-9 76 75
0 75 86
-16 103 79
-13 73 102
22 86 76
16 98 88
-13 99 99
10 93 103
9 94 95
-12 100 107
0 79 99
-5 91 79
-2 80 109
20 81 109
22 77 72
22 98 91
18 79 92
-13 66 90
5 77 79
-4 94 72
14 79 78
8 80 76
6 70 74
-16 84 79
17 97 95
17 101 81
4 67 89
11 78 79
-6 83 103
-15 99 110
3 78 89
3 93 100
14 94 87
14 92 109
-11 100 109
-15 73 90
16 94 104
-16 76 85
20 100 96
21 78 104
-7 86 85
-12 93 85
-18 69 110
22 65 95
-18 103 76
21 81 98
5 71 98
8 69 87
-17 89 87
20 64 98
22 91 103
22 75 98
20 91 81
0 77 111
6 85 81
12 69 107
-4 102 106
-1 66 81
-17 88 73
-7 79 105
-2 66 103
16 94 104
-7 98 84
5 68 93
10 100 106
-3 68 81
1 100 92
1 98 86
-3 72 88
21 83 109
4 90 100
13 70 89
-6 75 107
15 65 71
-14 71 95
1 94 93
-14 92 105
21 70 100
-8 78 94
3 91 87
13 88 105
-13 87 85
-7 75 103
17 82 86
-13 90 93
15 80 96
-10 100 100
13 85 81
-9 63 85
-7 67 88
13 99 80
-11 70 71
-5 83 76
-9 99 77
-14 70 87
2 92 105
-18 74 109
-16 89 106
22 66 80
2 95 84
5 68 97
-10 67 100
12 82 85
-14 76 90
16 70 106
6 74 104
-16 84 100
-14 78 94
0 68 84
1 67 99
7 66 89
3 70 80
22 95 94
15 78 102
15 82 73
-2 103 107
21 93 100
-1 72 80
16 85 79
9 87 91
6 74 105
-7 72 107
-10 64 87
16 93 103
13 97 87
9 82 100
16 70 80
-3 67 111
-10 102 76
-13 76 74
-2 81 76
6 85 106
-10 100 83
-12 103 88
9 79 105
-6 97 93
8 71 97
-13 84 99
-3 72 75
17 84 80
1 79 75
22 71 78
-5 103 73
-16 89 78
-14 86 94
-16 93 81
6 72 73
-7 87 88
-4 102 109
8 81 88
-11 86 86
-13 95 110
13 92 103
5 63 99
6 99 91
21 86 75
13 64 92
-15 64 101
18 100 86
21 66 71
-7 80 110
10 79 80
-14 91 108
-15 77 88
-7 82 79
17 72 77
16 89 98
-11 97 73
-11 79 104
17 91 103
15 98 94
-7 73 106
13 70 103
-7 100 94
-6 103 95
16 103 71
20 75 108
8 82 100
-11 65 94
11 98 110
-14 100 99
17 80 105
7 86 103
11 67 74
0 92 78
9 69 80
-8 77 78
7 95 100
11 95 71
-8 97 105
2 83 79
-14 83 96
3 100 108
-2 81 105
7 67 83
-12 77 93
-15 84 95
19 95 110
-2 69 97
-16 73 72
-12 84 80
-4 79 78
0 97 91
-10 86 110
12 84 97
0 100 103
6 70 107
20 101 81
6 81 106
-11 71 83
20 96 100
-6 74 97
10 72 78
-2 74 97
-17 71 111
11 76 73
-2 95 92
11 102 84
9 86 79
10 73 94
0 91 111
-10 85 102
6 71 78
7 102 105
-8 99 103
13 64 111
-15 94 94
13 66 99
-7 68 75
-13 99 111
14 89 94
-2 65 102
-7 78 109
-4 65 99
-15 93 110
-14 88 73
-13 91 92
-14 101 94
-10 97 78
-15 63 73
14 94 99
-11 63 104
-17 77 93
-16 70 110
-13 72 84
22 68 96
-11 75 99
-13 103 94
19 95 83
17 98 83
21 86 90
14 72 97
16 102 86
-14 65 95
21 67 87
2 67 82
-15 79 101
12 89 98
2 64 110
8 65 106
-15 73 95
-2 100 71
2 77 81
-9 78 94
-18 94 111
-17 101 79
15 71 85
0 79 93
18 79 82
-8 76 80
11 77 89
-10 93 110
-13 67 100
-14 84 92
-4 90 98
2 71 91
-14 63 86
3 97 72
16 87 84
13 77 110
-16 65 105
-3 98 78
-8 80 96
-2 81 79
-18 85 111
-1 81 108
0 100 87
-18 79 75
13 75 98
-18 93 94
12 92 102
-13 90 86
13 102 76
-4 70 75
-15 79 93
-4 66 79
-7 74 88
-15 77 102
-14 87 87
-13 64 88
20 71 83
1 103 74
5 99 77
15 67 96
-12 77 100
6 87 86
-6 99 96
4 77 101
111 33 44
94 49 40
88 58 30
107 28 68
80 55 61
106 32 40
100 56 47
110 38 56
88 58 69
81 46 65
100 51 56
80 30 31
100 58 31
85 60 56
93 29 69
100 56 64
83 51 61
83 28 40
82 49 48
95 45 52
105 41 65
85 26 48
103 26 60
110 35 52
104 49 53
113 30 35
111 46 35
88 52 45
96 60 48
82 56 32
102 56 48
109 38 34
111 45 66
76 41 68
80 46 66
97 59 52
86 30 46
86 57 62
108 36 48
84 45 41
97 34 55
96 38 63
97 60 39
105 39 43
87 42 45
80 45 36
74 57 35
74 45 52
106 39 67
107 42 40
108 48 40
86 61 57
102 41 61
113 43 65
92 32 68
102 55 48
110 63 57
87 40 59
105 42 53
106 39 65
88 59 50
95 39 67
109 45 56
87 49 36
106 39 51
89 38 67
90 35 68
114 54 39
95 40 65
114 48 55
94 25 42
107 60 52
75 29 53
99 45 53
104 32 64
106 29 70
78 41 39
105 54 41
74 43 69
88 33 70
106 50 67
111 39 55
113 56 30
92 23 39
80 52 44
88 31 65
78 29 48
82 39 43
103 34 64
106 63 64
105 63 33
94 58 51
102 40 47
80 46 69
98 51 41
89 57 44
106 35 44
87 60 31
90 60 48
107 27 60
74 55 53
97 41 33
113 28 46
91 59 46
93 43 40
74 58 62
89 23 33
92 28 33
86 24 70
107 33 41
113 24 59
112 62 37
106 60 66
90 61 69
102 34 61
100 58 69
75 56 45
102 36 43
94 48 34
77 63 39
88 41 54
93 54 38
82 63 69
100 63 38
107 45 57
93 32 48
108 24 43
96 31 40
84 62 38
105 37 54
82 28 48
109 42 53
111 26 32
102 32 60
111 63 59
102 27 59
87 55 44
77 43 48
78 33 52
76 46 69
110 51 68
86 25 36
112 52 60
105 48 47
75 29 50
92 48 42
75 43 45
102 42 30
91 38 59
93 32 45
88 51 51
105 35 62
74 23 30
101 47 32
102 58 44
86 61 50
93 60 44
76 61 31
107 34 66
101 56 56
88 45 52
85 48 45
106 33 48
79 42 41
92 52 44
106 45 51
109 26 54
89 44 60
101 42 32
94 29 58
96 59 70
114 35 51
102 51 51
111 26 39
87 35 70
103 34 58
81 24 38
77 28 41
98 28 35
90 35 48
83 54 40
100 27 69
84 49 52
99 34 53
84 33 34
77 59 69
98 40 55
114 25 60
107 23 68
109 50 31
77 26 61
82 46 69
108 24 68
100 48 42
77 42 31
114 35 46
81 44 46
88 23 36
114 58 57
81 35 30
108 24 42
95 58 49
84 54 60
100 47 47
111 24 42
89 54 37
94 28 67
75 41 46
97 62 34
98 61 31
113 25 47
110 42 35
74 26 69
94 40 34
81 39 46
114 47 52
86 61 49
107 56 64
79 36 60
103 55 55
93 34 36
84 50 44
91 52 51
110 60 32
111 57 34
107 30 41
101 39 44
81 36 64
104 38 34
96 29 32
107 49 34
111 59 59
106 25 67
88 35 64
90 58 51
80 35 66
84 57 64
96 60 62
78 32 34
100 46 43
102 53 37
90 50 39
87 48 49
113 56 63
79 34 36
75 25 54
113 59 46
89 51 69
90 40 58
103 49 61
110 54 69
97 43 49
97 39 53
95 42 45
80 47 42
97 44 57
93 34 44
80 58 48
76 38 69
94 53 68
90 60 41
102 36 63
114 26 54
80 27 30
107 33 59
91 63 34
84 49 70
101 34 40
94 45 32
77 29 60
90 48 62
76 48 30
91 48 31
77 32 40
113 55 69
107 34 49
114 46 51
76 34 35
87 27 68
86 30 43
108 40 45
109 40 35
111 26 45
96 62 38
75 46 67
93 61 48
100 58 44
112 43 54
82 32 64
110 56 42
108 37 61
81 33 43
76 33 46
84 25 43
111 37 50
97 39 54
110 42 52
103 47 66
111 59 60
79 26 32
107 34 70
86 37 34
110 39 57
96 57 43
97 53 62
105 57 40
105 33 62
89 58 61
79 49 31
93 47 65
81 27 39
101 41 30
92 49 32
106 62 63
112 30 64
90 32 30
87 46 64
94 30 58
85 40 42
94 61 61
100 23 31
82 26 45
79 37 63
76 39 64
76 50 46
82 62 43
101 57 56
89 30 46
74 41 55
82 60 38
91 40 31
95 42 51
81 29 45
90 44 69
74 24 55
77 53 54
96 49 60
80 30 37
99 26 34
106 54 35
94 39 40
75 41 63
92 27 64
109 62 37
88 42 57
103 43 64
86 44 41
106 58 56
88 23 48
109 41 55
100 56 45
97 48 45
81 31 30
104 61 66
93 36 61
107 57 44
85 57 53
109 48 67
101 59 69
111 57 30
92 26 44
107 49 35
100 39 68
74 63 54
98 51 67
98 30 49
78 29 46
91 23 57
101 29 54
108 61 52
84 41 30
82 55 50
80 53 69
89 59 59
96 37 46
81 38 55
84 34 37
89 31 39
98 50 50
89 54 56
74 55 70
98 43 52
102 41 36
92 52 60
85 24 64
96 44 45
98 26 67
100 40 61
83 59 34
113 63 35
96 32 69
82 36 57
109 29 67
82 47 34
76 33 37
104 35 31
90 44 54
105 40 47
81 29 34
100 58 53
94 48 50
83 42 70
100 32 39
92 35 30
83 50 57
114 56 33
79 34 54
111 61 50
88 47 40
75 30 32
114 26 61
108 52 69
108 25 46
112 57 61
96 38 43
114 55 70
108 62 31
103 36 62
111 39 64
99 44 31
80 26 30
90 36 50
106 51 54
76 50 41
106 63 65
87 60 41
107 24 36
103 58 55
101 23 61
88 58 47
108 56 62
74 52 54
95 60 42
80 56 38
93 46 53
99 42 58
83 25 32
77 45 43
84 52 68
94 34 42
77 45 57
80 53 69
82 55 40
114 58 42
102 30 53
91 57 32
93 48 69
74 58 47
111 42 30
86 55 49
13 26 -7
34 35 -5
24 14 8
13 17 9
35 47 -8
24 44 8
13 35 0
22 43 16
12 47 -18
32 19 -16
31 33 8
45 19 18
6 15 -1
35 49 3
13 23 -1
27 14 0
35 47 -18
34 39 1
19 43 14
9 15 -2
17 38 17
25 24 -16
15 44 12
31 35 -15
12 16 0
25 52 -13
9 20 -8
41 18 5
33 25 7
35 41 12
28 42 7
8 35 21
13 49 11
26 42 1
13 22 22
42 19 0
14 25 6
39 36 -9
16 29 -13
18 20 22
32 15 15
8 51 10
32 12 9
21 32 11
20 13 -14
7 46 13
8 35 -17
26 22 14
33 42 -9
11 50 0
17 33 2
36 17 3
39 15 18
11 30 -16
7 40 -1
32 50 13
41 21 17
45 31 -9
31 27 -9
36 20 22
8 51 4
21 13 20
37 46 -8
6 33 5
23 12 -2
20 30 -17
9 12 5
36 44 17
33 35 -15
35 46 11
19 34 8
36 41 -3
22 20 14
44 14 20
32 25 -16
8 48 -6
39 35 -9
31 20 22
17 40 -7
10 20 -1
19 13 21
24 12 16
12 14 0
27 50 -1
23 12 0
44 51 -9
38 14 22
13 16 3
26 42 -8
18 34 -11
43 24 -13
10 30 -7
34 31 16
25 44 21
14 41 4
17 48 9
25 28 -9
6 36 -14
25 31 7
37 23 -2
18 35 13
25 43 -14
24 28 5
18 36 10
44 45 -12
35 24 16
26 33 19
11 41 12
10 27 6
29 13 7
15 51 -16
12 27 -13
29 45 -12
41 32 -2
24 13 -17
18 14 6
25 22 -12
25 28 6
37 45 12
16 20 8
42 29 10
5 26 -1
25 20 10
30 49 -13
22 28 18
33 34 10
20 24 -3
22 26 5
24 30 -11
11 32 15
11 45 -2
33 29 5
35 40 -5
16 23 -5
41 35 -8
15 22 -7
37 26 17
5 33 -18
10 37 -8
17 19 -3
5 29 11
11 41 4
15 15 -5
36 48 0
9 31 -6
30 49 -8
34 35 5
18 39 -11
31 42 -8
25 50 1
42 18 -5
36 37 17
18 34 20
7 35 -10
11 17 -3
25 20 -17
39 17 3
32 31 19
30 37 1
5 16 22
17 27 4
24 27 17
12 15 -2
21 40 21
45 18 14
8 35 8
38 30 -5
18 27 -4
14 50 14
36 13 -7
35 40 -15
40 50 -7
20 22 22
45 37 7
29 23 13
25 23 -16
5 32 -1
11 38 10
9 43 2
32 39 11
29 49 -4
30 40 9
29 18 7
9 51 -1
8 52 18
38 16 -10
27 40 -3
16 41 16
25 37 -16
24 50 -17
11 36 2
14 49 15
30 38 -7
19 27 8
8 21 9
11 52 16
26 31 -15
34 18 -4
11 33 11
19 36 1
18 29 19
11 23 9
23 38 -1
22 32 -10
42 15 20
35 31 18
45 28 -7
34 25 5
41 38 2
33 20 22
17 20 16
32 19 8
40 41 12
26 43 6
19 42 19
30 13 3
22 50 -13
42 43 21
31 45 -8
32 37 18
34 50 -10
21 13 -10
18 23 -6
27 45 -12
14 13 7
38 26 14
41 26 -8
12 29 21
10 24 -9
10 29 -10
35 46 7
6 52 -14
44 49 2
10 51 -11
21 52 -12
33 20 13
26 14 -16
23 49 -7
41 46 -8
36 26 16
10 41 9
22 42 -7
6 48 -18
31 36 -11
29 21 7
10 29 -13
9 44 21
22 19 -3
9 27 21
40 35 22
32 45 -3
13 23 19
31 36 6
6 23 15
16 33 2
30 20 1
20 44 13
19 33 2
32 12 5
20 52 -6
39 23 10
13 19 -7
27 28 -10
6 16 -5
27 22 -10
43 34 -13
43 21 17
10 18 -14
6 21 7
29 44 -9
21 23 -3
31 49 8
39 20 5
23 24 16
45 19 1
26 23 17
8 42 -4
16 30 -18
26 49 6
33 52 2
14 47 -9
15 25 -6
28 18 -3
6 19 5
27 12 16
5 45 8
17 21 13
11 22 -9
39 23 -11
32 48 14
25 21 2
29 45 21
7 52 -18
35 15 2
32 42 -18
9 35 20
15 32 13
25 51 -6
28 30 20
28 22 -2
32 51 14
19 52 -3
6 17 -7
42 45 1
31 29 -15
45 52 -4
5 20 2
19 33 17
7 44 -7
16 30 21
8 20 0
33 31 -18
43 25 -1
37 29 5
38 50 3
40 45 16
22 52 12
29 33 17
33 30 16
32 16 6
23 42 17
31 24 -9
27 41 -7
25 24 -13
18 26 4
22 32 7
41 26 -12
43 46 15
12 48 -9
32 20 18
29 23 1
25 15 1
19 52 -1
7 25 13
21 41 7
34 44 15
5 34 -16
37 28 -16
29 35 -6
42 27 -3
26 38 -8
43 48 -16
31 28 15
27 25 7
19 25 16
28 36 14
18 14 17
28 42 -4
5 22 2
38 33 7
12 32 7
29 26 14
12 46 -8
37 23 -16
13 24 -5
29 52 -2
34 29 0
22 39 3
45 42 -14
38 38 5
45 12 -9
21 48 -9
24 41 -9
6 40 -14
43 40 -11
34 48 -17
8 35 8
10 17 -3
28 24 18
12 18 21
10 43 -7
41 18 -9
6 35 15
45 38 18
44 18 -18
7 25 -13
11 39 12
9 21 18
30 19 12
27 19 16
23 51 17
13 26 2
35 15 21
8 19 6
40 42 3
44 44 17
38 42 11
43 26 8
20 38 12
17 31 -18
34 48 -7
44 27 18
18 14 4
43 37 11
43 25 4
15 27 17
43 20 -6
33 28 6
8 49 18
37 36 20
28 31 0
16 52 -15
27 48 8
27 47 3
41 38 16
34 12 11
33 19 5
7 26 -15
12 33 15
45 34 4
27 33 -1
32 23 -8
14 50 0
44 52 -13
42 15 4
11 34 17
10 47 0
43 45 1
11 26 5
24 47 14
41 19 10
19 24 12
21 37 2
6 18 -6
6 51 20
43 23 -1
11 46 16
12 39 19
28 50 -5
25 28 -6
15 26 0
32 27 8
11 22 -14
21 31 15
15 15 4
6 52 -11
30 12 22
24 18 -11
12 46 -7
28 18 -12
29 48 -7
45 42 -6
23 40 17
28 45 0
10 25 8
6 42 15
23 27 18
26 41 -17
9 27 -4
34 45 -7
77 -2 50
59 0 39
77 17 65
83 19 41
50 26 58
75 14 39
75 1 38
47 12 68
85 0 43
84 0 37
84 27 35
59 14 68
53 10 50
50 27 32
47 13 70
54 29 55
64 25 70
52 -7 32
79 22 57
56 3 46
71 19 41
69 -10 56
57 15 63
66 -3 62
55 24 31
86 -8 55
82 -9 43
64 8 64
74 10 35
85 4 63
49 15 67
78 3 56
63 28 32
81 -6 37
72 15 59
52 1 64
52 5 37
58 26 48
83 -1 59
80 -7 48
74 21 64
60 15 61
51 6 47
57 10 57
55 17 40
77 22 63
56 19 71
59 -4 48
70 12 33
64 3 41
61 7 58
50 12 36
71 9 61
60 30 69
73 4 41
56 -1 38
64 23 40
58 0 55
77 29 35
55 -9 50
75 -8 68
77 26 56
80 22 49
86 23 32
50 7 51
61 0 38
76 26 50
52 13 68
54 8 56
64 -8 61
75 -9 39
74 -9 60
61 18 56
53 -6 44
64 2 59
79 17 59
73 -10 67
70 1 32
66 27 58
73 -1 49
46 -4 57
62 8 32
52 12 33
79 0 69
79 15 67
82 9 38
76 -10 57
79 16 66
52 4 70
77 -10 68
69 17 46
55 12 55
79 22 51
51 -1 39
68 7 55
62 18 58
71 7 37
61 4 62
58 24 37
47 6 54
79 18 54
55 -1 33
68 -4 32
82 20 31
81 5 40
62 16 57
70 21 48
78 -10 47
50 3 68
55 1 46
70 6 43
61 13 44
53 21 45
54 20 58
68 -10 50
81 -1 40
53 15 45
79 8 57
81 -4 69
70 25 49
73 15 66
46 -5 46
46 16 32
80 9 34
72 5 49
47 18 38
47 3 33
83 14 42
58 -10 36
62 26 42
71 26 45
54 21 68
51 2 45
72 6 67
57 8 40
68 29 63
60 -8 59
47 17 33
49 18 50
86 7 71
57 -7 31
52 1 55
46 6 54
75 -2 39
65 10 39
76 -10 35
69 24 38
55 4 49
51 28 62
61 18 71
65 3 66
52 21 57
74 16 60
83 22 59
62 -7 59
71 19 63
81 20 36
64 1 45
83 4 50
57 30 43
64 22 60
83 -6 63
67 3 34
57 5 67
72 15 42
82 28 64
47 20 62
76 28 41
56 11 54
53 25 54
85 -4 59
49 26 46
59 2 50
61 28 40
66 6 46
77 -3 37
56 -4 53
71 8 50
73 17 50
56 6 43
56 1 64
67 27 46
61 17 52
57 1 37
52 -1 31
81 28 47
46 18 45
81 23 50
70 -3 62
79 27 36
86 13 60
75 12 48
47 21 63
57 27 61
59 11 43
60 29 67
46 -1 33
56 4 40
51 0 60
49 -5 36
79 2 66
51 20 46
46 -3 34
67 12 68
72 17 38
85 -5 50
55 -7 33
50 14 67
53 19 50
79 -3 71
52 -6 35
74 12 54
67 -5 63
79 3 53
71 16 71
83 14 37
79 23 43
52 -10 54
51 -5 56
57 9 45
51 11 62
64 2 31
83 6 46
73 7 41
80 6 50
82 8 59
70 30 48
57 27 70
55 -5 70
63 11 64
56 28 71
54 27 51
48 -8 59
71 3 67
80 -7 68
69 21 55
56 12 61
68 8 38
75 14 60
86 7 44
48 22 34
56 -5 53
79 0 38
81 3 40
70 23 57
63 5 67
67 24 58
64 -3 59
69 -1 54
86 19 59
58 19 44
47 7 40
47 27 47
54 11 53
85 9 66
56 24 35
65 20 62
82 22 41
61 -7 63
82 0 61
50 27 65
52 18 38
79 -1 50
61 19 32
53 10 31
56 9 63
58 6 39
67 13 65
56 11 42
86 8 69
80 9 67
56 2 69
52 13 34
47 25 58
81 26 43
55 -10 52
55 -6 38
58 18 42
46 6 52
53 7 34
51 12 68
71 9 44
79 8 52
57 9 39
81 20 67
61 9 46
80 16 33
53 10 61
59 7 66
81 -2 53
50 17 56
70 22 66
71 5 44
67 30 32
61 7 42
57 -2 32
63 13 49
67 20 54
47 -9 67
82 6 65
50 24 33
79 22 61
50 -9 69
76 -7 43
70 -8 63
72 15 63
83 29 64
84 4 60
51 10 61
78 29 62
62 24 37
55 28 61
50 12 68
82 20 54
57 -8 50
56 7 67
84 21 32
59 27 57
69 6 45
64 -10 36
56 -7 60
53 30 42
61 13 57
77 30 55
65 -4 32
77 10 33
46 -8 67
67 1 63
63 -2 45
69 -1 67
82 13 50
80 7 62
84 -7 56
82 18 70
62 29 33
77 26 40
78 -1 69
68 7 56
50 11 49
65 -5 59
50 -5 45
60 9 53
60 0 43
70 18 34
63 29 31
79 30 70
47 26 48
47 25 52
75 -3 50
83 16 36
68 26 69
80 16 33
79 25 63
75 10 37
67 17 66
65 19 42
67 28 43
57 11 66
79 5 46
48 -1 64
73 26 69
77 4 55
57 -8 64
69 19 52
79 0 41
66 27 50
73 4 41
49 8 39
47 8 62
67 -6 69
76 5 43
69 20 68
76 29 51
55 -1 53
58 16 43
85 6 53
53 4 61
54 20 63
58 4 59
68 14 67
81 -1 50
81 3 50
86 13 41
53 23 68
84 -3 63
57 0 33
73 10 65
67 16 39
51 -9 65
68 26 41
79 -7 42
47 30 38
66 5 62
85 2 43
74 -1 64
64 22 57
77 4 37
76 15 68
86 12 55
58 11 66
78 26 37
72 24 66
74 27 57
82 -8 62
83 6 39
56 4 36
86 11 55
85 -8 31
47 0 44
86 14 42
76 -8 71
85 20 66
77 4 64
64 10 61
85 11 42
61 0 57
66 14 39
67 19 53
83 5 39
79 17 38
84 17 45
86 11 51
54 -8 40
48 29 68
85 8 65
54 16 64
67 22 39
51 20 70
57 26 38
73 22 41
49 30 58
83 24 69
75 14 45
67 -4 46
70 -10 39
86 -4 39
62 25 53
86 20 37
56 -3 67
63 2 58
85 10 65
54 10 32
53 30 59
80 18 41
83 10 45
84 27 37
63 26 45
65 -5 55
86 -8 61
80 8 50
15 -9 43
38 21 34
36 -7 36
31 -1 24
13 -3 33
17 -1 31
23 5 13
35 -5 43
6 21 33
29 16 42
6 14 4
10 -1 10
-2 18 22
13 14 25
2 16 33
22 27 9
37 10 5
26 18 8
9 -7 41
23 27 11
0 -6 41
-2 -1 35
33 -2 36
36 23 35
31 11 33
0 13 42
12 9 40
8 27 35
30 -2 27
33 5 39
16 29 12
22 21 34
14 31 10
15 26 39
3 5 19
31 8 30
15 0 19
22 25 25
36 28 31
29 24 41
3 14 15
35 19 28
13 10 42
36 15 8
22 6 23
36 3 27
26 21 7
36 15 21
38 16 33
28 0 25
0 4 41
21 2 3
21 24 11
6 -2 26
6 27 3
18 18 12
0 -6 14
26 31 13
35 30 36
6 31 38
25 30 18
22 9 27
35 16 28
33 0 4
8 28 7
19 -8 41
8 17 30
6 28 27
17 -8 35
27 -9 34
27 -6 13
21 -9 42
25 27 7
29 14 27
-1 15 3
30 18 28
4 31 21
26 24 5
21 12 38
-1 5 21
26 15 5
19 18 34
21 10 31
26 15 19
37 8 13
13 30 18
4 -5 31
31 24 4
16 31 22
18 6 25
38 -9 23
1 9 9
30 4 28
25 -2 6
9 -9 30
11 18 19
20 -5 31
1 28 13
36 11 40
14 -9 18
8 -1 9
23 23 15
30 17 10
10 20 30
18 2 3
17 6 34
33 14 35
17 31 11
5 -9 37
11 -6 21
12 18 14
18 25 39
33 10 16
37 9 36
18 8 33
30 -1 30
2 26 28
2 11 12
6 2 26
5 8 20
6 22 23
12 19 3
23 -4 8
18 6 22
34 -9 38
4 -7 35
24 -7 10
2 29 12
24 12 12
1 13 7
11 26 27
34 -5 6
25 20 6
31 30 9
18 -2 15
21 11 30
26 23 14
26 -6 4
10 19 38
33 24 6
1 7 33
22 20 19
14 20 9
38 22 16
12 29 32
27 -5 16
27 17 24
24 5 26
26 -1 42
10 9 9
8 21 9
15 4 41
19 28 23
30 0 43
22 29 6
19 23 16
16 -8 40
2 1 3
16 -7 23
20 15 10
32 26 9
11 30 30
27 -9 22
13 -9 19
4 12 15
33 10 11
12 -4 20
0 -7 13
35 14 34
19 3 36
-1 8 17
29 17 6
31 0 18
28 23 37
5 19 14
5 10 9
15 26 11
-2 28 30
16 9 22
3 9 36
38 24 39
15 5 6
22 18 22
5 0 34
9 21 7
3 7 21
26 12 26
38 16 31
21 -2 42
18 25 18
32 21 6
12 24 19
26 -3 33
23 31 3
1 -6 7
35 15 7
10 28 7
11 30 29
34 17 20
5 -8 42
12 18 38
28 6 3
33 12 37
17 10 26
4 -9 24
2 -8 7
32 2 28
17 1 43
13 27 28
22 24 36
14 0 34
5 1 22
12 28 34
17 4 8
10 4 43
6 6 31
-1 28 27
10 -1 23
9 12 37
26 1 14
9 26 13
13 -2 9
16 12 36
28 13 12
3 4 16
26 18 13
-1 24 19
23 12 40
24 8 32
9 23 5
0 19 16
35 -9 11
10 6 38
33 5 27
29 14 20
22 17 4
23 -9 20
-1 11 10
21 -9 37
38 20 32
7 8 34
12 -1 41
5 4 4
15 23 10
16 26 31
6 16 17
0 30 10
30 15 30
36 27 19
-1 2 24
6 3 27
8 5 36
28 15 12
20 20 15
21 31 5
27 6 43
5 3 40
23 -7 29
29 22 21
31 3 19
9 25 19
12 20 23
28 30 12
-2 1 41
18 4 13
11 -4 38
1 30 34
34 31 18
31 16 16
-1 13 17
22 11 14
31 12 42
15 13 30
-1 27 41
30 17 12
13 14 19
23 -4 19
37 0 36
7 23 7
6 -4 15
25 0 10
32 -4 18
20 27 41
26 26 8
35 -3 42
38 22 36
23 -2 32
30 6 36
30 21 16
6 -2 18
26 26 33
19 22 30
30 24 26
-1 26 35
17 2 38
32 5 36
34 20 16
21 -9 26
28 3 18
14 30 7
24 -3 17
0 28 29
19 16 9
17 -8 36
2 19 3
19 25 28
4 28 12
22 16 14
22 27 11
24 14 12
12 27 33
26 12 8
35 31 27
26 -6 15
30 5 7
15 28 21
30 24 13
14 19 27
26 17 32
21 -3 31
19 8 4
14 8 32
14 24 35
38 3 27
18 20 26
35 -2 42
14 8 28
-1 10 10
2 20 17
21 23 21
11 0 41
-1 14 42
6 -8 31
35 -7 26
31 28 24
37 -7 18
22 23 3
20 -4 18
1 8 38
32 17 32
16 30 17
29 14 36
24 11 21
23 13 25
36 -6 8
-1 27 40
24 14 11
18 15 22
1 7 8
28 2 37
3 20 42
23 6 3
28 0 25
17 9 16
19 26 4
1 -7 26
11 16 27
24 22 17
0 6 34
37 -4 22
32 19 13
3 10 28
14 22 4
26 10 7
23 2 9
-1 29 30
-1 -3 26
8 20 5
1 -1 40
7 20 28
27 27 40
-2 28 39
9 15 25
30 27 16
11 -3 23
10 25 26
28 -6 41
3 16 6
16 23 9
17 27 20
32 27 11
19 0 26
3 28 40
9 28 37
28 31 23
8 0 8
23 5 28
25 20 17
24 -2 23
10 16 3
16 13 3
6 -5 3
11 16 10
-2 28 22
19 -5 34
34 25 10
6 -8 26
10 -9 6
34 1 16
16 -3 19
35 18 24
14 1 26
38 15 22
30 -1 8
35 3 15
2 27 41
30 28 27
6 22 3
10 8 35
8 -2 24
5 -2 34
12 25 7
17 -3 6
38 9 30
25 8 26
35 15 3
10 27 26
37 0 10
11 11 9
-1 18 10
16 5 39
21 -5 9
36 11 19
37 5 21
1 -9 19
0 -2 8
3 25 42
13 31 3
31 8 9
8 -4 11
29 26 18
16 4 31
8 -9 9
33 11 3
37 7 18
21 19 10
33 15 37
10 16 32
12 -8 15
30 -1 15
18 26 10
17 4 22
28 -2 37
24 27 31
34 30 27
24 0 11
22 16 9
16 -6 28
4 19 42
23 30 27
