435 271 345
503 339 368
507 284 348
484 308 311
444 330 296
430 278 280
444 307 270
503 270 288
499 344 342
488 360 329
496 302 281
466 302 284
516 289 327
474 357 327
474 281 354
481 365 314
442 340 364
468 363 273
490 279 337
430 342 290
471 344 356
513 340 342
436 286 341
482 352 273
485 349 319
496 282 322
492 358 280
442 322 351
485 331 308
484 288 310
464 280 328
502 278 274
455 285 346
497 280 336
510 368 283
464 271 334
465 276 310
495 343 341
511 301 321
471 318 342
505 350 297
496 295 359
508 309 320
420 317 329
432 326 311
428 327 317
426 285 315
459 353 286
441 287 328
504 278 307
435 326 344
441 349 359
492 342 273
470 291 277
493 278 365
509 351 274
503 362 335
449 322 276
423 268 330
488 300 325
485 301 306
424 281 270
464 340 319
491 301 317
443 365 300
484 361 297
511 315 357
489 335 338
444 356 277
474 272 290
483 325 335
427 368 284
429 293 293
433 268 352
506 348 298
431 304 324
486 348 368
439 278 367
447 316 359
417 338 317
515 299 284
483 270 316
450 363 298
476 339 289
477 299 329
495 296 287
505 363 282
480 330 325
461 355 311
433 297 300
494 315 270
441 317 334
463 351 299
436 328 274
422 313 306
496 323 282
508 325 311
484 287 317
468 340 287
432 352 290
502 309 368
489 321 324
444 287 359
462 366 304
474 307 343
428 365 336
445 278 272
488 276 279
449 323 297
445 335 299
483 299 297
510 345 302
500 319 307
503 318 326
516 346 292
424 357 290
431 368 277
448 277 339
480 355 317
472 345 285
498 334 330
437 355 272
452 278 346
460 305 287
485 302 334
451 284 311
492 309 283
491 363 357
453 346 340
439 362 270
449 361 356
462 349 370
470 284 290
479 353 342
516 326 277
420 321 313
508 357 305
441 281 285
473 312 315
450 341 370
473 281 300
490 351 299
445 295 344
485 350 317
455 328 334
496 296 313
427 316 303
480 336 325
436 311 335
497 343 320
463 349 315
427 350 282
508 333 318
465 313 270
491 318 336
489 303 349
431 312 294
481 310 294
511 309 280
470 297 358
430 293 358
514 341 334
436 315 281
452 334 319
451 344 335
516 331 313
487 345 341
449 351 330
462 308 347
439 286 348
505 362 365
472 286 338
441 310 290
484 288 283
430 348 308
443 271 328
446 333 331
453 332 356
463 315 359
434 355 277
420 281 288
475 347 325
516 365 273
451 271 361
468 337 314
419 338 349
504 311 308
420 292 367
441 295 300
434 295 343
467 314 300
461 314 324
487 325 272
468 308 286
453 354 312
515 342 351
513 327 349
445 320 332
515 279 334
507 277 290
64 476 465
0 494 443
76 440 446
77 492 443
37 456 412
14 453 463
43 510 461
2 518 479
25 454 406
-2 495 482
65 518 486
69 498 401
80 512 394
73 496 442
1 443 468
19 524 410
10 458 488
14 453 406
84 497 417
15 482 463
53 509 459
27 498 403
88 515 411
0 492 483
13 500 441
77 464 423
6 532 465
23 439 435
47 528 434
1 471 462
27 534 456
86 454 488
21 518 455
39 481 487
46 518 479
17 507 432
55 494 449
35 464 427
6 514 391
62 499 395
80 532 477
91 496 429
92 459 480
9 481 453
69 456 421
62 525 398
44 492 398
13 517 464
36 531 451
72 490 460
2 534 481
60 536 476
61 499 419
67 483 481
30 492 442
40 534 398
98 480 422
59 534 425
88 491 451
88 467 454
-1 465 468
27 495 477
37 468 468
-2 508 444
40 477 462
83 497 461
-1 472 423
63 463 467
92 520 467
55 497 433
40 503 405
56 534 447
37 443 431
71 512 456
62 531 435
16 509 433
53 451 445
10 491 486
92 537 406
44 521 487
24 462 415
56 533 483
29 451 402
50 509 457
98 446 392
6 485 432
-2 452 401
31 481 489
55 463 436
42 443 445
52 537 447
97 482 403
62 489 467
98 489 399
92 525 458
70 496 425
47 453 416
20 467 421
58 478 420
65 533 394
21 466 452
48 538 417
47 447 445
96 445 439
77 538 475
25 481 478
68 448 438
4 469 391
54 470 484
95 502 422
65 459 409
32 495 404
96 466 452
41 505 414
83 446 489
6 526 396
76 525 486
26 534 441
96 516 397
53 465 448
14 443 439
69 516 391
0 486 401
57 522 452
81 445 394
64 462 447
84 527 479
1 509 413
29 486 396
73 467 406
96 458 465
59 507 419
-2 479 416
55 516 459
67 534 397
67 477 410
25 486 433
98 456 454
72 455 480
90 439 416
45 477 450
55 486 452
18 534 462
34 440 482
61 514 477
2 485 410
61 525 447
22 482 409
16 484 402
19 450 484
14 450 427
12 506 467
80 441 414
30 484 421
57 443 455
-2 529 448
32 493 465
91 455 420
52 451 389
18 532 486
84 483 422
29 517 482
18 462 455
34 493 410
9 492 448
47 515 437
42 446 487
54 448 424
1 473 412
79 532 392
66 526 443
24 525 481
54 487 487
45 488 470
50 478 405
20 448 427
76 532 474
24 499 480
36 460 450
23 494 478
22 487 453
77 492 422
54 536 477
53 485 458
98 529 486
55 440 485
61 469 408
56 444 448
1 491 437
3 467 444
48 481 480
12 509 418
10 508 461
71 442 409
81 483 479
93 450 461
90 527 428
32 492 423
76 450 418
43 519 440
34 172 172
7 179 180
42 194 200
79 216 169
55 182 192
14 165 232
24 150 149
53 136 153
26 165 190
75 196 197
21 148 200
15 201 162
19 206 143
89 219 170
81 207 184
2 182 188
71 213 144
71 214 178
72 164 164
92 140 191
68 150 200
-3 169 204
35 184 150
33 151 167
50 168 159
46 196 218
24 195 174
22 186 133
5 231 134
46 145 171
79 228 220
27 174 194
-4 162 212
25 223 202
78 188 203
32 222 133
44 173 218
25 146 155
90 190 163
65 230 149
52 182 159
64 177 167
66 227 165
6 162 209
69 137 139
27 228 169
48 203 199
68 202 153
44 156 146
45 192 232
79 190 172
36 218 178
87 180 160
53 173 200
24 136 173
-5 183 168
-4 178 218
25 209 228
16 196 185
2 212 219
16 181 225
-3 148 210
28 197 206
5 187 192
59 165 172
71 232 194
53 138 167
91 207 200
46 233 165
41 219 230
-6 219 133
32 207 154
50 207 220
79 210 155
87 233 193
20 199 225
52 164 208
87 160 224
94 180 172
62 183 135
66 169 215
84 158 230
67 200 215
69 179 190
53 196 223
49 212 189
80 215 154
38 163 194
87 214 206
22 195 174
15 153 167
41 203 138
50 148 196
79 223 154
46 139 140
77 173 184
67 185 149
65 173 158
65 173 227
58 134 203
0 190 191
83 177 210
75 213 156
94 224 228
3 194 141
74 152 197
10 154 181
4 146 180
66 192 211
15 150 213
83 180 148
48 215 159
35 199 229
67 153 146
21 159 187
41 144 187
36 160 137
33 172 232
90 149 175
83 174 156
70 158 161
11 186 186
6 157 173
58 138 175
28 145 206
18 164 150
22 190 151
32 223 160
44 220 184
67 166 173
78 168 176
2 227 192
40 168 195
42 198 220
27 227 214
35 183 229
92 181 204
84 215 221
28 211 183
90 232 162
82 162 159
33 146 154
42 150 154
65 201 223
24 226 226
22 145 190
29 157 191
87 141 180
8 147 214
57 141 170
60 162 195
45 198 218
49 176 210
20 212 141
12 201 163
63 144 177
54 221 178
90 142 182
60 216 141
61 221 150
64 137 143
34 161 174
66 232 192
27 161 175
54 185 169
74 174 194
91 178 159
48 210 203
20 217 209
44 203 149
-1 163 219
6 203 148
28 231 212
8 159 149
9 198 150
51 179 153
68 226 147
-2 170 205
4 204 187
78 212 196
21 134 189
88 178 178
1 230 179
10 201 143
90 182 187
37 156 176
73 136 217
73 225 231
68 223 148
78 143 226
25 225 216
-5 225 230
48 153 187
22 214 195
66 214 232
62 220 147
61 224 200
54 168 186
9 211 208
37 186 159
484 152 67
494 131 117
428 117 115
441 158 70
477 140 90
463 137 43
451 177 87
479 122 115
509 118 48
439 125 84
489 178 42
501 103 60
433 179 121
436 101 133
476 92 126
488 173 116
440 125 64
411 123 125
414 158 47
416 126 116
498 132 52
469 183 105
442 135 97
447 146 41
462 125 113
475 179 131
441 180 66
419 161 122
460 128 103
452 173 95
503 104 89
485 111 98
465 166 81
485 136 49
420 155 37
510 167 93
507 120 106
420 153 33
439 99 54
465 177 95
501 115 121
472 109 108
430 110 70
426 98 104
411 100 38
456 153 42
441 163 119
496 120 70
478 132 82
447 97 33
422 114 89
420 164 92
436 104 113
462 106 128
502 125 133
510 90 130
450 102 76
477 170 120
457 144 128
485 167 34
434 98 65
420 117 60
445 150 36
466 169 47
447 155 75
414 106 57
458 178 59
472 126 52
477 180 115
495 134 51
411 108 96
507 96 96
461 119 86
505 105 125
418 106 78
420 127 42
428 168 96
499 146 114
421 167 103
429 153 35
510 140 71
485 140 92
458 176 112
485 146 34
499 157 36
501 180 33
500 142 108
456 152 48
428 168 66
495 131 112
413 137 115
503 161 107
487 157 115
423 113 60
452 157 117
473 136 37
448 117 132
449 178 39
493 126 113
448 116 100
462 166 113
493 164 121
482 188 105
438 118 125
429 174 103
501 167 124
431 146 118
502 108 119
484 182 130
444 172 73
457 164 75
494 125 33
479 183 63
478 94 58
476 112 87
482 140 41
485 149 97
502 114 88
499 104 68
411 174 117
492 152 88
425 108 80
461 177 102
420 130 85
481 167 36
430 174 59
418 130 38
450 154 46
463 111 100
429 125 41
502 157 54
463 129 49
496 100 85
473 168 115
446 93 35
456 122 121
461 190 49
491 164 37
464 182 133
442 190 128
430 107 71
487 164 110
413 121 111
426 132 103
444 175 115
507 147 74
488 152 120
439 107 117
486 125 120
424 132 57
439 154 88
447 139 35
423 145 111
476 108 118
411 155 106
458 179 61
487 144 60
475 167 121
410 189 47
419 95 109
455 157 132
453 159 61
494 125 41
414 93 38
448 149 54
480 177 76
461 184 96
476 134 62
449 132 97
453 173 106
458 90 49
455 94 74
424 102 34
484 183 75
438 159 64
477 155 133
446 161 61
421 183 66
434 162 64
417 103 87
483 150 38
504 146 120
459 175 84
415 168 43
490 166 56
488 188 48
502 161 66
418 139 54
417 168 39
479 143 76
508 138 106
506 135 104
489 140 95
487 175 82
416 185 132
435 124 53
489 109 106
467 184 118
482 151 67
508 94 94
433 94 72
506 171 55
520 123 47
448 168 35
468 140 49
532 111 14
509 163 39
495 159 -7
456 157 41
455 120 -18
437 110 22
492 112 63
514 176 -3
465 171 -18
490 132 2
490 107 58
494 144 42
436 136 -15
488 89 -10
444 164 27
517 140 31
518 126 19
449 181 59
484 172 -9
505 117 65
437 152 28
501 128 70
469 161 49
478 180 0
461 139 36
461 126 35
461 101 8
474 120 14
521 127 -18
521 111 -20
476 170 46
442 118 70
454 185 35
446 183 44
439 90 7
469 187 77
454 170 52
453 179 56
457 111 52
470 97 13
533 158 69
485 146 30
445 168 39
449 91 1
444 99 7
456 159 68
474 114 67
455 169 59
509 182 53
491 167 72
484 171 1
485 94 44
508 165 71
441 135 -5
522 123 38
467 173 55
466 111 -4
528 87 -1
503 154 55
448 123 51
524 113 64
456 161 30
471 90 26
517 90 72
490 182 38
506 126 -4
531 117 69
499 101 67
435 116 61
532 140 23
479 102 66
459 120 32
500 166 28
508 118 20
514 112 9
488 123 -11
443 179 60
436 90 74
518 100 0
461 155 -18
462 96 -5
493 91 32
437 161 68
515 152 42
517 163 51
489 97 22
506 176 39
441 184 16
444 153 -17
490 171 18
487 102 26
461 88 -18
508 183 -12
460 119 69
476 152 -13
463 162 13
468 91 25
483 167 1
482 136 -9
526 118 -21
511 165 -6
433 156 24
469 181 77
493 94 -5
479 136 64
452 175 -23
488 96 -10
532 128 63
504 173 20
512 140 17
458 115 19
464 88 64
461 108 20
480 160 21
498 176 55
440 181 -4
497 171 51
458 158 -11
513 170 -3
452 106 42
466 108 57
459 166 47
479 173 -20
506 111 45
528 103 8
474 147 54
499 138 -18
522 179 18
475 122 51
440 109 57
475 114 -18
474 141 41
445 96 45
531 108 59
525 119 -22
462 91 14
484 171 76
462 144 -12
516 111 6
478 176 28
447 130 73
532 160 62
452 146 -3
458 114 24
498 111 47
460 104 34
497 125 39
447 97 -10
493 168 21
446 95 14
510 124 30
449 130 43
478 177 53
517 171 -2
468 128 -7
454 147 58
462 112 11
518 178 -18
437 118 62
460 159 55
467 123 -12
509 143 30
523 145 31
455 123 -14
483 146 -12
494 90 -20
449 106 -3
461 152 -23
491 183 -8
510 170 45
459 161 32
513 126 55
460 114 -18
520 167 -9
523 109 10
516 135 72
497 179 -12
500 88 -13
503 176 12
515 182 2
485 99 56
518 98 23
463 145 15
509 166 43
481 139 10
533 108 -11
510 152 66
482 119 65
481 176 50
520 97 -21
455 135 -18
485 185 61
478 117 -4
489 161 56
503 175 -8
