6 47 57
31 8 50
0 24 34
4 29 68
19 11 53
-7 18 45
29 38 35
27 15 46
0 31 53
29 37 35
7 26 65
23 18 42
10 28 61
18 47 65
28 31 54
15 29 59
10 18 32
24 31 42
18 13 65
18 45 64
-2 33 48
2 31 48
23 32 41
22 8 71
6 34 49
12 39 48
22 16 36
23 39 57
28 39 54
0 15 64
4 22 70
4 23 57
5 10 62
8 12 62
15 25 32
10 13 71
8 12 54
32 44 37
7 38 72
4 38 63
18 45 56
25 26 56
7 17 34
33 47 55
-4 21 58
6 22 59
18 47 57
13 33 71
27 48 41
21 44 34
30 47 47
14 19 35
18 27 61
-5 17 50
-2 28 69
-5 43 66
30 43 44
10 24 33
27 31 56
15 38 49
22 23 33
-2 17 47
2 9 33
23 35 70
12 24 66
7 13 45
18 39 35
32 30 51
13 10 52
12 22 33
32 22 70
15 26 49
15 24 35
-7 23 55
-7 44 36
4 10 46
5 28 34
20 13 68
-1 14 70
10 44 66
25 21 41
32 13 70
18 33 34
19 48 40
18 11 52
10 42 55
9 10 42
24 21 50
33 45 45
15 26 45
18 42 33
-7 15 61
20 22 50
20 16 47
14 35 59
28 30 56
8 25 72
14 11 35
24 27 55
7 21 53
1 40 40
25 42 36
29 43 54
-6 28 56
30 25 38
9 15 35
24 12 61
14 10 36
17 10 33
15 44 35
23 45 65
31 38 34
23 27 65
26 24 53
1 8 64
30 19 64
14 13 61
18 43 38
-3 48 52
26 18 51
28 39 71
-1 21 53
7 40 70
0 38 43
26 37 57
8 17 40
-1 32 34
22 43 61
17 11 52
-6 47 57
22 20 68
17 38 59
5 21 43
28 34 54
30 39 44
32 10 44
26 48 61
17 15 36
15 37 38
19 15 57
5 10 56
11 18 54
18 9 69
0 34 63
29 11 46
15 39 53
-6 48 39
30 24 56
17 42 34
-1 44 55
23 10 60
-5 40 61
33 10 52
16 19 38
24 42 48
21 9 48
-4 31 54
-6 42 51
3 40 58
29 41 35
-3 45 55
-1 10 69
-1 18 48
-3 23 55
20 24 40
5 35 72
8 43 58
7 20 44
21 35 52
19 47 48
22 33 45
19 21 36
2 27 32
0 33 50
1 38 50
-3 9 52
8 8 35
-3 42 44
6 27 49
26 11 70
12 38 62
11 9 70
-4 8 65
30 33 53
14 26 62
16 25 65
0 34 36
8 10 69
15 12 39
31 25 51
-3 35 47
1 18 54
19 31 49
9 10 69
31 44 67
8 12 67
14 41 40
10 32 52
15 47 40
11 26 54
2 44 70
33 41 43
15 11 67
18 47 59
7 31 67
11 23 53
20 17 65
-1 41 66
26 30 67
2 14 67
20 37 72
-7 30 59
-3 15 36
27 44 43
22 40 45
33 11 36
15 16 39
2 42 54
8 37 44
27 10 54
-6 25 54
1 25 45
29 13 53
32 31 43
15 22 56
2 36 47
-1 9 42
26 9 58
-5 29 57
7 33 50
29 33 57
5 15 65
9 28 35
7 9 43
7 35 55
30 38 35
-1 46 63
23 20 39
12 38 34
32 28 72
-2 34 71
12 21 51
17 8 32
-1 16 48
16 27 62
10 18 66
25 48 54
22 27 39
24 16 43
15 45 40
33 17 59
13 20 69
-5 33 61
5 36 58
30 39 71
9 32 50
2 24 47
20 32 53
21 28 44
9 21 59
0 31 44
7 9 58
5 44 71
15 29 66
1 45 65
17 17 43
1 28 32
7 31 43
29 18 39
1 21 48
20 37 56
14 38 72
30 17 69
16 31 43
-2 43 61
30 34 72
-2 11 34
12 11 38
21 11 59
13 47 42
-2 33 46
18 27 62
22 25 44
-2 29 64
7 42 58
23 25 39
20 31 71
17 26 68
15 36 58
32 32 44
21 13 43
9 23 32
-7 30 60
15 42 65
11 24 44
4 42 51
-3 42 48
23 18 60
15 14 37
-6 41 65
21 13 36
6 32 64
30 8 69
33 44 71
17 36 45
30 22 35
12 20 46
-3 35 56
6 30 33
13 37 64
13 31 59
25 37 59
-4 44 39
33 34 58
13 22 40
8 33 34
26 43 33
10 19 68
7 26 38
32 48 40
11 33 67
26 16 59
26 16 66
-6 25 69
23 42 34
9 22 63
-6 46 50
-5 44 42
12 43 42
26 22 63
-6 42 40
20 9 64
1 20 67
2 11 34
22 19 71
30 34 33
20 44 48
24 36 56
23 33 45
8 31 64
22 19 69
2 30 49
5 15 52
33 29 59
4 31 69
7 42 64
2 41 50
16 37 49
0 42 60
31 47 45
31 28 41
24 47 42
-3 18 46
17 31 35
17 8 62
8 31 63
31 38 62
18 38 66
-5 44 56
-5 34 38
11 47 40
25 48 38
-3 15 41
11 36 63
-6 20 60
28 30 37
33 24 63
27 24 33
1 16 67
25 15 52
14 43 56
3 26 57
22 35 47
0 45 44
23 10 48
3 14 68
10 8 53
29 26 63
6 42 63
12 47 35
2 42 64
28 21 37
2 14 59
9 36 52
-3 27 58
31 19 63
33 39 71
33 35 36
5 40 49
28 33 63
-4 42 64
1 37 63
27 23 35
26 35 67
20 9 52
16 33 56
32 18 45
7 26 70
-4 8 32
4 9 50
11 42 42
15 30 45
25 39 40
-4 33 50
16 18 37
4 26 44
17 12 68
-6 19 49
33 43 33
-6 36 62
33 22 46
20 28 40
11 38 45
10 17 53
18 33 55
20 42 58
0 9 46
7 34 63
2 45 38
-6 33 47
0 47 46
-7 11 63
8 22 51
20 31 63
14 17 67
17 19 42
33 45 65
23 38 37
-4 48 53
22 37 39
28 34 50
18 20 46
-7 9 36
24 34 61
16 28 54
3 38 60
22 22 47
7 21 53
23 25 45
13 32 43
22 9 59
-1 38 33
7 43 41
12 8 42
33 41 59
0 46 68
18 28 62
14 21 54
-7 28 57
22 20 35
4 38 66
25 18 32
17 29 72
17 9 59
0 44 56
24 20 32
0 44 37
21 13 72
33 19 38
26 35 51
3 19 62
33 25 50
15 20 64
21 19 35
-4 24 56
19 25 46
2 13 46
27 46 57
28 35 64
-5 11 53
-7 26 32
8 29 39
31 36 49
7 35 60
33 18 41
9 12 39
1 22 63
8 27 57
29 12 41
33 16 66
-1 24 40
4 13 67
1 13 66
17 40 69
11 18 39
-1 17 61
24 25 38
19 36 63
-6 45 71
17 12 58
32 21 44
0 26 61
29 31 58
0 11 66
-2 48 67
32 42 65
20 46 47
6 18 48
-4 11 63
18 16 61
17 36 63
16 10 67
26 46 51
30 9 71
33 31 45
6 29 34
23 18 38
23 26 37
24 34 32
-3 32 52
20 18 57
12 27 41
16 9 51
-2 29 44
13 34 32
24 46 52
4 26 50
-2 41 68
15 34 67
-6 13 51
4 15 42
32 29 40
29 31 60
1 25 45
8 40 66
13 48 33
2 45 38
10 13 44
17 34 54
16 45 46
-7 40 40
15 31 52
4 18 70
10 19 35
33 28 58
22 29 63
18 48 48
6 41 45
32 30 47
12 45 59
3 33 62
30 9 55
26 47 71
-4 22 64
1 14 52
23 22 39
23 31 64
20 41 70
26 18 67
6 31 55
19 34 63
4 23 67
3 11 47
3 29 59
23 43 71
13 41 67
1 9 70
-1 9 67
10 31 61
9 30 68
25 14 53
16 48 70
31 23 67
26 14 62
4 31 32
19 15 46
16 10 46
30 35 67
-3 19 52
11 23 40
19 12 71
27 17 61
9 35 65
0 17 49
31 48 67
6 23 60
10 34 52
33 10 65
27 37 49
22 48 33
16 16 57
30 37 61
-6 27 32
-1 46 60
16 8 57
30 31 32
-1 20 69
31 11 55
21 46 58
-5 42 62
6 8 32
4 26 66
21 30 34
8 9 42
-4 39 61
4 19 60
15 28 48
18 14 66
16 31 46
27 10 48
29 31 35
29 25 65
15 11 55
9 34 56
22 17 47
8 23 72
6 35 32
5 11 43
21 21 69
10 15 43
2 29 72
8 10 44
-7 21 45
2 46 39
23 39 47
9 13 42
14 10 44
-6 34 68
24 11 36
28 30 33
14 42 48
24 29 63
14 16 48
-3 44 72
31 45 41
2 31 40
2 24 53
24 36 65
1 34 56
12 45 53
23 33 38
9 34 60
23 10 45
1 43 52
2 23 66
23 32 46
4 45 57
21 48 72
14 35 50
7 9 54
25 16 72
26 48 72
2 36 39
8 31 34
19 44 43
-7 28 49
6 41 40
0 41 41
7 38 38
25 43 61
14 39 44
9 39 58
10 20 49
-5 27 37
20 47 60
19 12 71
28 23 64
7 30 56
12 24 49
32 13 49
32 13 48
6 17 36
27 15 47
-4 11 68
-3 9 38
11 20 49
27 20 40
3 17 33
14 22 60
19 29 61
17 32 65
0 20 66
2 25 53
25 18 39
0 48 70
16 33 59
24 42 38
0 18 71
33 16 56
6 8 40
14 32 34
-2 11 35
31 18 52
20 44 45
14 47 33
28 42 62
0 41 51
20 44 32
16 33 43
33 29 71
-5 18 61
32 47 72
-7 20 38
28 11 43
0 41 42
14 10 47
-6 8 40
7 29 41
33 23 48
20 27 47
25 13 49
-7 11 35
4 27 47
22 21 55
8 44 52
-3 9 48
25 43 66
-1 44 47
32 19 46
5 39 67
10 24 52
-6 40 46
27 18 41
22 27 51
3 40 59
-3 21 64
-6 37 58
22 36 32
21 41 54
18 43 50
14 40 47
12 39 44
-7 15 54
29 16 63
1 18 69
29 20 52
6 29 50
6 19 59
2 24 70
9 17 66
2 40 36
6 39 54
8 8 51
12 46 32
29 31 34
1 17 38
23 22 36
8 23 72
-6 36 63
21 25 36
5 38 64
1 19 69
12 25 52
9 9 52
11 35 44
11 19 50
21 41 43
11 32 42
4 40 57
25 45 68
-2 20 72
23 48 48
30 9 67
-6 8 46
29 47 48
12 47 61
19 32 71
25 25 72
-6 34 55
9 10 32
27 14 63
-4 38 49
29 39 32
10 43 69
1 25 69
30 46 61
7 33 49
-4 21 32
7 41 42
7 17 67
16 22 44
0 12 44
18 33 50
23 33 56
29 34 67
20 28 72
1 28 43
29 33 46
-1 46 46
18 15 44
6 14 64
28 35 57
31 19 54
-5 41 43
31 36 37
30 8 53
-3 42 62
25 30 43
22 36 46
24 15 41
0 35 41
-3 15 45
23 12 71
27 40 52
33 32 72
15 26 38
16 11 62
5 9 57
-1 27 71
25 36 69
33 17 64
16 29 71
15 32 60
17 21 52
16 18 67
9 39 39
-5 34 35
4 16 61
29 18 50
31 12 71
5 14 54
21 30 69
21 14 46
-2 35 60
13 28 39
15 20 38
0 43 59
9 47 44
15 32 57
-3 12 41
-2 40 45
5 27 70
30 36 67
11 24 32
5 29 59
1 23 58
2 39 46
4 10 58
5 40 51
10 48 59
-1 40 62
27 32 43
3 25 52
22 21 72
-4 30 47
17 43 69
0 37 64
5 16 67
-4 16 38
14 19 34
4 48 36
-2 39 42
21 35 53
29 11 45
18 48 55
0 19 49
23 17 41
8 41 54
-2 46 56
6 23 51
-4 18 63
-4 37 65
2 27 67
4 13 61
27 33 54
19 38 65
18 40 59
23 37 60
13 22 56
19 46 64
30 31 47
0 41 37
1 21 54
9 47 51
19 36 67
15 30 67
3 45 69
0 19 70
4 40 64
3 22 34
26 27 69
-5 46 51
1 11 35
-1 32 44
-7 39 32
13 29 66
4 29 64
28 37 65
15 31 44
12 32 41
21 11 45
-1 46 68
16 40 59
25 23 50
-7 37 55
-2 30 42
5 44 46
32 31 43
4 42 33
6 40 42
27 42 35
6 14 65
4 15 43
-5 20 64
30 19 50
24 8 46
12 37 49
24 10 65
22 30 51
29 31 44
4 32 72
22 13 55
33 18 46
18 12 63
32 45 46
-1 28 63
24 24 58
4 27 57
26 47 62
20 19 71
16 32 32
27 25 44
12 29 64
6 25 51
8 41 55
24 16 50
4 46 62
22 16 33
24 13 35
32 44 59
-4 10 42
15 10 38
7 10 71
18 41 50
28 22 42
11 48 37
7 44 37
21 35 33
21 30 67
0 33 63
18 27 50
30 16 63
-1 30 72
7 19 46
9 39 58
-5 16 48
24 20 45
26 18 69
-6 14 38
5 23 34
12 28 34
31 47 34
31 41 39
31 10 43
-1 44 63
2 9 53
14 9 50
24 46 70
6 24 53
16 26 55
24 40 35
20 40 38
10 39 38
9 29 69
32 17 65
31 12 35
17 42 57
12 18 70
-1 39 58
-6 45 56
11 32 60
14 37 38
21 34 69
-5 29 40
22 9 47
13 41 52
4 34 55
27 41 33
25 12 58
-6 9 63
31 43 56
-3 17 43
12 43 70
-6 24 40
14 16 32
15 28 42
4 33 54
31 26 34
31 47 61
14 16 47
-5 42 46
22 46 54
12 27 60
22 21 42
23 20 68
11 10 63
-1 18 41
10 29 35
16 17 44
33 11 33
23 22 58
30 18 43
11 8 57
22 17 58
-5 12 41
20 9 65
15 23 53
6 17 49
-2 40 55
32 30 60
-2 39 58
11 9 51
4 48 40
5 31 50
31 18 70
10 24 59
10 45 62
12 31 70
23 27 62
5 47 55
0 11 32
23 34 71
18 43 70
9 18 43
10 28 37
26 8 66
7 48 43
20 9 64
9 36 59
4 31 57
2 9 43
27 26 34
10 38 43
-6 36 37
4 34 62
13 35 61
20 21 71
26 8 70
30 8 71
11 20 65
-3 35 57
3 31 44
23 44 50
1 20 69
-2 41 40
19 16 64
10 16 51
7 36 71
11 18 42
-3 21 71
-7 29 61
15 42 50
0 41 47
33 24 46
32 37 40
11 30 51
6 8 70
9 10 48
5 19 39
25 10 68
14 38 63
26 42 53
14 30 54
33 37 67
-1 18 46
11 24 45
33 16 33
1 37 65
-4 42 69
1 46 62
24 46 68
23 13 55
5 27 66
4 22 68
28 19 71
9 31 60
19 24 44
2 10 38
-6 27 32
11 27 56
22 25 38
11 46 55
23 28 55
24 21 56
3 17 39
21 41 51
30 32 43
-3 47 67
-3 19 55
-6 43 51
29 19 34
-3 30 69
-7 8 37
13 30 38
30 33 68
-1 39 57
-5 24 38
11 16 40
33 48 64
-3 15 46
15 48 40
20 38 42
-6 9 54
29 22 71
8 44 40
-3 32 70
6 41 51
-7 12 47
0 23 36
-1 18 35
-6 13 40
21 20 56
32 13 55
-3 32 58
23 35 72
20 40 71
30 17 61
23 44 68
6 8 44
30 23 57
0 38 40
7 24 52
2 46 68
13 41 46
-3 25 39
0 39 70
3 20 34
18 8 62
3 14 70
29 38 54
15 46 61
30 38 39
4 25 50
33 16 63
-3 21 63
31 40 38
-2 24 35
32 40 70
21 29 64
21 46 51
14 14 66
29 40 49
24 21 57
20 20 36
23 33 37
18 28 55
33 29 65
-7 24 65
17 10 64
2 20 65
29 17 62
28 25 65
15 22 47
21 46 45
14 36 69
13 19 71
27 11 38
6 36 42
13 32 49
16 11 34
10 31 67
26 12 50
17 33 60
-3 28 59
-1 15 53
4 22 60
23 37 47
26 10 52
27 35 59
-3 24 53
-1 37 49
1 8 41
19 17 50
20 15 39
23 14 32
8 39 65
9 14 42
10 43 40
9 45 41
-2 21 63
5 34 53
7 19 72
7 14 47
23 31 42
27 14 55
9 48 51
22 38 67
7 23 44
23 44 51
27 31 46
31 22 66
1 12 39
0 35 51
14 41 36
0 27 56
-5 30 35
9 36 35
7 44 69
32 26 32
9 45 48
33 48 42
13 12 54
28 15 52
12 32 53
22 22 37
16 22 65
6 9 43
5 17 71
32 39 66
2 16 46
-3 13 55
5 17 57
15 28 54
20 39 57
0 9 32
-1 44 63
20 36 57
10 36 62
4 45 51
7 29 50
14 10 70
31 47 56
15 22 44
7 41 58
11 22 36
-6 22 42
-1 33 48
-1 38 68
0 28 65
-4 8 35
14 42 64
19 21 68
31 41 41
24 18 37
15 19 39
5 35 37
11 48 36
33 33 43
23 46 57
30 17 62
-6 27 42
10 20 34
20 8 33
-3 35 51
-7 26 62
15 39 45
-2 35 41
33 45 37
9 42 50
32 48 36
-3 35 39
31 31 55
-7 31 51
6 42 52
23 39 42
31 22 34
14 42 50
26 28 34
17 14 36
7 17 66
29 29 38
24 47 41
-1 36 72
-4 47 39
14 33 37
3 24 65
1 27 42
8 47 59
29 38 41
9 38 55
1 28 61
6 43 49
12 29 54
1 36 65
12 26 70
18 21 50
11 25 49
3 13 61
5 45 53
7 14 44
6 12 40
6 35 56
2 14 65
26 29 40
-4 38 62
31 43 60
-1 21 47
23 38 65
18 40 61
-7 9 32
-3 44 72
-2 42 44
28 22 55
33 39 56
28 15 70
3 45 46
25 44 50
-7 22 51
14 23 50
17 36 39
8 25 52
10 15 45
-1 42 60
24 39 40
30 43 50
16 14 36
-3 36 33
19 37 46
2 18 45
11 39 50
-1 27 49
17 42 36
10 42 70
29 15 46
33 22 64
8 13 67
22 44 33
-3 25 46
6 26 47
27 46 44
29 39 38
32 27 62
-1 32 54
9 47 72
6 33 60
-4 46 41
-5 38 64
30 11 51
17 25 50
-6 37 60
15 13 58
7 22 45
29 46 44
12 41 45
26 15 43
19 36 52
27 47 43
-2 26 50
0 43 38
31 9 37
19 29 56
28 15 46
10 33 47
5 29 70
21 16 72
3 24 58
31 29 55
0 26 55
3 41 49
0 10 54
-7 15 39
-5 21 68
20 12 47
14 30 34
1 14 69
23 15 52
24 32 72
24 16 32
24 16 68
15 48 42
12 31 32
26 34 35
19 9 57
18 33 67
19 23 68
24 18 58
10 33 42
4 47 48
13 10 43
24 46 40
11 11 36
-2 36 50
31 10 57
17 32 57
10 46 34
4 44 51
12 35 50
27 39 58
-3 48 38
-3 31 64
31 35 64
16 40 36
24 27 47
31 47 35
32 45 35
-6 30 62
24 31 66
18 39 66
27 25 37
-6 27 43
12 48 45
9 34 41
21 31 39
3 37 45
7 19 69
-6 30 49
10 27 44
8 43 42
20 8 59
5 45 67
1 43 64
25 30 67
27 23 68
22 40 64
11 32 54
26 31 56
-7 9 70
12 27 55
19 10 32
3 12 56
9 9 64
7 17 33
22 33 56
-7 24 65
4 38 39
-6 13 47
25 46 50
25 9 65
13 11 56
6 31 54
-4 33 39
-6 42 41
-1 13 32
-1 47 43
-5 19 59
31 39 58
33 15 69
24 47 33
31 34 45
23 33 52
-5 18 61
24 25 36
1 45 60
21 48 38
11 41 58
33 16 70
1 16 65
4 28 40
22 41 69
-5 8 58
-1 31 54
6 19 72
6 33 32
19 40 37
8 20 36
-5 30 33
-2 22 48
10 24 66
28 32 45
5 17 44
25 42 49
16 18 60
-7 25 70
33 28 45
10 14 39
6 16 54
12 44 58
-5 28 67
8 33 67
15 31 56
17 42 55
16 34 68
33 20 53
27 42 41
26 42 36
16 10 63
17 8 53
31 36 38
-5 34 64
4 22 32
-4 46 69
17 25 42
33 10 51
32 45 42
30 27 34
8 17 68
4 10 54
8 21 67
31 27 43
31 45 61
10 26 67
21 29 58
5 27 41
15 44 55
27 9 37
21 36 69
17 14 57
5 32 46
25 9 58
29 15 65
14 14 72
16 18 34
2 46 58
13 19 39
-7 13 39
31 36 35
17 46 43
3 34 64
0 37 36
17 36 53
-3 12 52
24 47 69
25 33 65
26 9 36
-6 11 72
8 29 34
14 17 62
-3 11 62
11 48 66
24 33 67
-2 10 71
30 30 63
-5 29 56
20 41 60
15 44 44
-6 21 46
3 47 68
18 12 41
8 35 43
7 37 72
5 36 72
15 37 34
10 9 68
10 34 70
16 26 59
10 20 47
8 32 47
5 12 44
32 40 40
26 47 37
2 35 52
15 11 56
14 37 49
14 35 55
-6 47 61
20 24 70
30 30 56
2 28 69
2 12 38
15 16 35
13 34 53
33 38 48
15 42 62
28 47 52
16 24 52
32 10 72
6 30 66
27 48 35
8 43 64
-4 42 57
-1 23 59
25 23 66
8 9 49
-7 41 65
28 12 51
18 44 54
16 14 45
29 29 52
0 14 70
3 9 65
28 25 33
-7 14 69
14 48 61
9 42 43
2 24 57
21 30 38
-5 20 34
2 27 32
3 33 55
-7 13 45
32 44 59
17 34 32
-1 37 58
27 22 50
-6 30 60
2 28 35
14 41 61
5 24 34
26 19 55
-5 15 64
25 48 42
8 47 68
33 26 46
20 45 65
3 18 32
27 47 35
13 34 48
20 19 63
20 41 40
10 29 42
2 19 35
-6 24 32
6 47 43
18 20 60
-5 32 38
26 15 33
25 27 69
8 22 41
7 34 35
-4 35 71
32 30 63
14 33 42
-4 44 42
2 37 41
-1 23 34
24 42 46
11 45 52
20 16 47
24 41 65
19 8 46
14 12 35
-4 42 60
-2 8 56
-2 46 70
28 28 66
12 35 69
19 13 36
1 46 44
30 18 62
20 37 68
-5 30 59
15 10 56
3 38 33
0 19 49
8 36 40
30 18 32
1 33 61
-1 35 46
24 23 46
13 26 63
-1 36 63
14 17 70
6 41 61
12 47 46
4 13 61
26 38 36
-7 28 71
6 15 66
1 37 69
4 24 57
6 12 71
-7 9 53
19 34 53
-4 32 33
7 33 40
1 16 59
15 36 63
-2 27 59
10 12 33
14 39 64
0 17 50
24 48 68
1 20 48
24 21 57
15 21 64
9 44 32
19 10 49
-5 39 43
26 19 61
24 14 56
25 10 32
11 14 62
10 31 65
21 12 36
9 15 58
18 26 60
5 15 33
12 38 32
-7 40 47
29 27 40
6 13 56
7 40 46
-5 12 49
10 17 55
-2 48 55
-4 28 48
10 8 54
30 10 64
13 28 57
26 12 45
24 44 34
-6 39 64
16 47 53
32 41 48
22 35 59
30 11 38
15 44 70
8 34 62
3 10 38
14 37 62
8 8 60
-1 16 35
21 9 65
15 19 61
20 35 49
24 37 59
17 43 54
-5 40 68
16 47 43
26 12 39
33 45 71
14 19 52
-5 20 42
11 20 67
31 18 37
8 39 52
30 23 70
9 17 65
-3 43 48
17 10 58
18 9 60
24 16 72
11 28 53
20 48 53
15 17 57
19 47 50
12 8 35
26 42 53
2 40 69
25 25 72
23 27 59
-2 24 37
6 47 69
5 16 69
31 10 67
-7 14 40
6 32 40
3 48 41
21 39 72
-5 30 53
33 39 32
12 20 36
9 15 43
7 11 68
25 25 41
23 36 70
16 12 63
24 23 56
13 38 48
20 47 70
4 20 39
33 25 43
29 19 63
1 9 41
0 33 49
-6 16 67
16 26 62
-5 42 68
21 16 35
4 16 55
28 14 72
16 30 67
23 20 47
19 27 45
2 43 57
27 18 45
33 26 61
18 28 62
-3 32 71
-1 16 71
9 43 59
1 29 67
16 48 39
28 12 54
-1 20 32
23 48 36
2 48 52
-6 33 54
15 24 39
9 12 51
21 48 35
29 34 53
12 47 45
5 43 57
22 30 69
20 41 38
29 29 50
0 8 47
29 29 47
29 43 62
17 33 66
13 41 34
23 45 45
17 18 52
22 46 54
23 22 70
18 34 65
33 22 60
7 35 65
19 40 67
-3 47 35
20 40 39
-4 24 34
5 37 53
20 31 72
27 11 58
18 44 52
31 19 53
-7 37 48
13 22 60
6 44 59
-5 11 53
31 29 69
22 32 53
-2 31 41
-7 39 63
-7 11 36
21 41 39
1 36 65
10 46 61
11 9 62
20 37 54
8 32 59
8 36 61
15 14 57
23 28 57
18 33 54
28 46 64
0 11 54
16 48 38
6 43 49
26 33 41
16 13 35
-7 43 51
31 14 60
33 31 58
-4 43 71
14 39 41
-6 12 57
11 14 38
9 12 66
2 37 56
24 15 49
29 42 64
17 22 51
31 34 49
1 37 46
10 40 65
24 9 54
30 8 42
7 22 40
-6 41 67
2 20 62
18 42 43
-2 8 69
24 30 61
28 25 39
30 40 52
12 24 46
25 41 34
21 40 70
16 47 46
12 17 32
-6 43 44
1 17 70
20 45 61
9 15 57
2 27 54
29 40 32
24 47 36
18 43 51
5 48 60
21 13 35
-3 37 35
28 20 51
31 46 55
33 21 66
16 38 65
-3 13 43
17 32 47
11 42 67
16 33 47
22 48 44
22 39 54
-1 32 54
23 48 63
6 18 69
5 40 44
16 35 59
15 45 64
-3 10 72
28 40 32
5 13 72
23 26 36
18 28 46
10 41 37
28 37 39
-6 23 57
15 44 42
30 32 59
27 33 55
9 45 59
21 42 63
23 13 35
19 45 53
10 11 66
18 28 56
28 21 33
1 18 37
-6 47 65
-2 39 55
27 35 39
-4 46 38
7 37 34
-5 35 53
24 9 37
23 26 32
-3 20 55
-7 40 42
26 40 40
14 26 57
19 40 47
2 13 72
14 44 70
19 17 62
28 11 56
32 42 40
20 17 60
19 41 35
15 13 60
26 47 71
30 12 42
-7 15 57
15 42 52
-6 8 62
24 24 48
24 26 55
-1 26 48
-6 35 39
24 28 46
26 32 51
-5 21 45
18 19 63
26 9 35
5 14 71
-7 29 49
15 43 54
26 47 59
25 32 69
19 27 36
33 45 38
6 35 52
-7 34 43
20 14 33
29 41 50
23 33 41
18 22 58
4 32 42
14 32 68
6 18 38
16 16 56
8 18 33
32 37 42
9 24 58
0 13 50
23 40 41
20 43 59
22 29 56
-5 12 39
0 27 42
20 25 47
24 44 63
17 32 60
14 15 40
13 43 47
30 13 52
8 15 33
7 8 41
4 29 33
2 22 32
27 38 65
-6 41 39
14 29 38
28 48 58
31 45 60
-2 29 48
-1 34 35
8 13 56
12 12 63
22 32 68
18 26 36
7 33 47
27 13 56
12 43 72
33 30 61
-4 19 46
26 48 36
18 22 72
26 24 44
32 42 63
4 22 34
6 32 70
14 43 35
-2 10 67
25 19 46
6 14 70
31 31 65
11 43 35
12 10 62
1 30 43
16 27 33
29 43 62
11 27 51
25 48 60
5 30 34
30 28 39
26 24 42
4 15 66
28 16 55
1 43 52
37 70 3
48 60 -8
48 54 15
51 84 6
55 62 -7
36 63 -6
54 66 20
58 69 22
45 67 28
50 51 7
25 53 9
36 85 18
28 48 -8
27 65 -7
34 48 15
51 57 12
25 53 1
44 86 21
27 85 13
32 50 25
27 59 26
59 53 3
46 78 1
38 50 -7
22 64 -12
31 84 3
43 63 2
22 66 -5
27 68 4
54 81 6
39 60 -7
42 66 20
30 66 -6
25 83 24
55 53 -4
43 70 11
35 69 22
24 48 17
35 72 -6
27 63 -9
50 58 19
40 77 13
27 68 -7
39 87 -3
48 70 22
38 51 -6
41 69 -3
58 55 7
49 61 26
38 51 20
46 63 4
23 88 -7
22 53 28
43 52 23
44 67 0
33 72 27
40 53 15
28 70 -3
43 70 -12
25 56 19
56 86 21
23 64 6
19 65 27
43 83 -1
46 65 19
46 69 27
26 58 -5
31 84 20
42 56 14
54 54 26
39 70 2
53 72 25
32 61 5
55 56 5
42 54 28
47 65 -9
27 74 6
40 60 4
55 49 13
36 74 10
20 52 7
45 56 18
34 55 24
50 50 -2
26 79 23
20 60 22
51 78 1
37 51 2
24 74 22
27 86 6
29 87 15
43 74 28
35 70 0
38 79 1
46 81 15
23 48 8
39 53 -11
50 61 26
21 70 5
47 79 -7
23 88 -12
36 74 3
54 54 -7
38 67 15
52 82 -9
42 74 20
35 87 7
49 73 2
59 76 11
59 78 22
34 69 27
27 71 14
19 50 7
29 48 -2
52 87 0
48 80 19
42 87 3
22 86 -10
37 65 27
47 58 -8
31 84 7
36 77 4
35 58 -6
29 82 25
49 63 5
50 60 23
31 71 6
43 87 26
23 58 -5
52 50 11
47 59 27
36 65 15
58 57 16
48 78 17
37 58 24
43 79 15
26 79 -3
49 84 -1
48 78 -11
36 75 24
58 80 -8
48 79 23
29 48 -1
29 80 28
37 49 23
29 75 9
55 67 23
34 51 1
46 48 -2
49 83 -3
57 74 22
46 80 -12
32 63 -2
39 50 8
34 73 21
49 67 -12
20 66 -3
29 53 3
45 62 -1
20 76 -9
59 83 0
37 69 -9
36 82 13
25 78 16
27 66 27
48 63 27
22 58 16
25 58 -10
37 56 -9
48 80 10
22 85 -3
47 84 -9
36 56 27
51 57 -6
20 69 -1
59 79 9
34 48 -2
22 59 16
33 84 1
26 85 -11
35 65 27
25 78 5
26 64 5
47 49 10
42 69 0
40 60 14
47 61 11
59 56 4
50 82 -8
55 88 1
30 55 15
43 57 -1
25 67 8
56 81 28
29 87 -11
35 62 -7
21 76 5
45 77 1
48 62 -5
32 53 28
57 62 23
34 67 7
20 56 15
32 58 25
20 88 6
25 83 5
49 76 3
49 80 -6
57 53 21
38 86 21
53 65 21
53 71 10
56 78 8
27 50 13
57 68 -7
32 74 25
58 49 7
22 84 19
49 71 10
35 51 20
24 48 -8
35 63 20
44 76 -7
46 57 17
36 69 7
57 51 26
54 69 23
37 79 11
22 61 -3
57 58 15
20 87 27
26 57 -11
58 50 25
47 83 23
37 72 23
22 51 -10
45 62 27
34 69 17
27 74 -1
31 50 16
48 56 15
44 56 -2
22 50 -7
46 48 27
54 75 15
50 69 -6
42 64 -4
56 58 2
52 82 6
22 49 22
30 61 21
21 64 16
42 82 -6
55 48 5
51 63 2
58 82 27
54 51 0
24 75 1
20 60 -4
50 85 15
51 82 -6
57 58 24
49 54 -3
39 81 23
53 51 16
22 79 19
25 69 12
53 64 -3
23 59 21
42 71 24
29 82 -12
23 64 -4
41 74 22
37 54 3
39 66 1
33 62 25
25 58 3
46 48 -6
40 72 7
19 67 -7
54 71 -9
52 52 23
45 82 -7
56 53 -7
47 50 12
36 59 -6
26 83 19
22 75 25
30 71 -2
30 61 21
35 88 10
38 80 6
43 72 28
19 85 -5
30 56 5
19 82 3
54 79 9
22 78 11
56 66 22
42 66 1
44 60 -9
49 76 24
30 87 -10
33 85 15
55 68 6
40 76 7
30 74 22
24 77 -11
38 57 24
53 80 26
29 82 18
36 67 11
56 73 14
31 48 11
45 67 26
54 86 8
56 52 -3
21 70 23
20 74 6
30 70 8
48 87 9
35 49 -8
53 74 -7
52 86 19
50 50 -6
51 88 26
57 55 9
32 80 18
53 62 17
44 68 3
53 78 27
30 61 -5
42 55 13
44 66 8
55 68 8
42 73 23
58 66 24
54 88 -2
33 60 23
47 77 16
23 55 18
45 66 3
41 51 -8
37 78 23
50 61 4
48 77 23
23 55 7
24 50 13
45 82 16
20 76 12
44 88 -3
24 74 4
49 59 1
49 83 14
52 85 -10
41 75 -2
59 62 4
19 68 -11
47 70 -7
57 65 1
47 68 26
25 69 12
42 51 0
21 66 24
51 67 -3
59 48 -7
50 52 0
28 85 11
23 54 7
33 87 -9
48 86 -4
43 84 3
36 71 -2
58 52 23
45 58 14
49 69 23
59 65 3
54 60 25
32 48 4
24 87 18
34 58 5
25 62 11
25 69 20
28 65 21
57 61 25
59 79 -3
25 88 -5
56 73 24
49 61 25
23 56 27
22 60 20
41 81 -4
46 81 5
27 64 0
41 71 -8
33 88 -8
39 56 5
53 87 23
27 53 25
23 70 -10
27 49 -11
20 83 10
28 62 -11
49 85 19
22 59 -5
47 49 5
34 73 -4
51 49 -7
43 57 28
36 69 16
50 76 2
35 79 27
55 58 -11
23 65 11
38 66 14
52 73 17
37 58 22
19 73 8
23 49 28
27 59 27
57 55 5
43 76 -9
45 76 6
21 62 -4
21 74 -9
50 75 4
31 76 2
34 66 17
25 77 14
30 87 2
22 67 -1
46 48 18
25 68 24
43 70 4
47 78 3
59 68 -8
21 85 10
52 66 25
39 58 -2
32 63 1
36 67 21
55 62 16
27 49 0
40 80 22
36 48 -7
24 61 -11
42 66 13
51 83 6
22 71 2
51 85 14
32 82 25
22 63 8
20 71 1
59 60 0
45 56 7
49 66 -10
39 56 -1
59 60 28
27 79 -2
35 50 4
37 76 24
57 62 16
26 56 21
43 79 20
28 85 28
58 72 12
29 49 20
48 49 -12
19 74 8
32 71 -7
44 77 3
42 73 11
37 70 -2
43 77 -6
37 48 19
42 80 14
23 77 2
30 68 12
54 51 -10
21 81 -6
39 49 5
20 49 -1
45 77 -4
59 59 18
39 80 -3
58 65 28
32 55 14
46 67 -6
57 50 28
40 54 -1
22 73 1
21 73 2
44 60 4
19 55 27
33 56 18
31 68 9
47 83 -9
28 48 -5
49 73 19
24 69 15
38 87 -9
54 50 -2
33 72 17
46 54 -9
32 55 18
40 88 -7
59 72 -3
43 49 5
35 64 20
45 72 24
19 82 3
50 66 7
46 77 -3
54 88 25
25 59 13
23 74 9
27 77 15
24 64 19
56 58 13
25 88 15
48 84 2
19 74 4
33 74 -8
20 71 23
23 82 6
32 55 24
52 50 24
29 87 10
59 75 7
51 78 14
59 68 -11
23 67 -10
27 54 -4
45 83 0
36 71 -6
30 87 20
59 64 5
54 51 -8
51 86 -4
58 86 17
40 67 -4
21 74 7
42 71 -2
26 80 18
56 83 16
27 65 28
29 62 -7
22 64 12
33 71 9
48 64 8
52 82 0
58 77 27
39 61 -4
54 79 -6
40 64 22
45 78 18
27 76 13
36 57 -1
29 49 7
21 50 6
32 71 -11
29 60 -12
47 70 27
44 50 6
49 77 11
55 77 27
55 55 -5
27 76 4
46 50 17
58 58 -1
39 56 13
30 48 -1
47 79 24
33 58 10
31 48 -1
43 66 -10
49 52 26
44 75 13
43 75 26
24 72 28
49 83 5
26 49 4
56 49 0
30 56 7
21 51 14
46 73 7
33 48 -3
39 56 7
33 56 -11
53 70 5
31 80 -12
25 83 15
36 84 25
35 82 22
39 81 5
23 56 28
36 49 9
23 65 17
23 64 25
27 68 15
54 66 28
24 52 -6
58 69 16
49 64 26
44 87 -5
44 85 6
21 55 3
47 69 -5
51 63 -4
37 56 5
39 73 -10
45 57 1
37 54 18
55 80 26
45 57 -9
39 77 28
20 63 18
19 71 -1
31 48 21
27 77 8
37 66 -6
47 57 23
45 51 9
38 81 20
32 69 -7
27 59 15
33 55 16
20 71 4
19 67 -11
33 74 -5
37 74 24
51 62 17
53 56 14
58 64 1
26 86 3
56 83 27
49 48 16
28 53 10
39 67 14
32 85 2
34 73 19
28 60 10
43 88 21
21 83 -10
46 66 13
26 80 -11
53 77 -1
48 55 -12
36 81 8
20 64 0
47 86 18
34 76 2
19 73 26
26 55 -1
44 62 -7
25 54 -6
52 79 -4
27 57 15
26 80 3
29 73 24
53 66 0
30 52 -1
40 55 2
35 53 -3
38 75 0
32 73 27
35 82 16
42 63 14
46 59 2
21 54 8
23 51 7
59 59 1
37 49 -6
29 75 24
47 67 27
50 84 28
43 82 23
46 73 21
42 74 -4
51 52 -11
58 55 25
21 74 19
57 68 -5
34 67 -10
27 62 -11
56 85 25
20 56 17
56 75 -11
44 83 -3
49 69 4
28 50 -7
24 49 7
58 65 5
56 55 -8
36 64 -6
21 66 -1
29 62 -10
33 77 -5
45 65 25
58 74 -4
40 52 4
57 87 19
40 73 3
38 65 17
33 79 -5
27 58 18
56 56 21
45 55 22
28 75 -2
59 48 17
39 73 5
58 67 17
59 52 9
45 78 -9
39 62 1
23 74 -6
38 77 -7
48 69 14
49 49 -5
59 59 13
30 61 0
42 60 -6
26 86 -2
33 67 25
30 51 -5
48 70 -1
53 81 -4
29 60 -3
37 88 -5
35 76 -9
58 52 7
29 63 14
22 76 26
36 86 10
50 81 -4
59 81 2
59 56 6
32 59 -6
32 60 11
46 54 23
44 71 6
56 49 11
43 59 7
32 72 2
45 83 5
41 80 -10
41 51 -10
38 57 18
27 86 -4
39 72 12
19 50 20
52 63 -1
47 67 14
47 57 8
27 62 14
51 80 -9
35 88 -5
29 49 -3
28 61 27
54 74 1
53 52 12
39 65 7
52 72 24
55 83 5
50 72 -3
43 51 -3
37 76 -7
43 83 -7
41 78 -5
34 69 8
45 60 25
39 58 4
34 50 -3
40 82 27
54 52 18
25 78 5
57 84 -2
25 70 3
21 79 20
49 57 21
33 77 13
39 56 8
27 75 2
34 77 2
51 52 5
58 64 17
20 61 22
57 50 -7
46 69 -7
51 78 6
46 84 2
42 81 -10
20 52 16
34 88 -12
27 78 -7
30 65 -7
57 69 19
56 86 6
37 68 0
36 72 3
37 57 18
45 54 18
35 54 26
56 84 22
23 50 -5
47 71 -2
58 76 16
52 60 18
28 75 16
55 70 -8
23 51 9
31 59 17
31 57 11
39 54 12
33 83 27
46 84 -3
40 81 16
28 49 10
54 72 -11
44 71 -1
48 57 -7
31 67 1
56 75 19
44 68 22
42 68 -3
21 70 0
33 58 13
22 79 -2
37 68 17
58 87 22
47 70 22
45 71 9
51 79 -1
26 80 -10
34 79 -7
31 58 -1
23 57 24
25 86 12
42 87 18
23 54 12
21 71 21
48 63 28
43 57 16
47 81 18
25 53 -5
57 56 21
23 86 -5
52 48 -7
40 50 28
30 78 27
30 56 28
25 81 -2
38 80 18
41 52 -12
53 76 -7
35 72 -5
34 79 11
23 76 8
37 63 3
33 63 1
34 75 24
43 62 0
49 57 10
37 58 2
27 73 16
56 68 14
48 72 6
43 83 -1
41 75 12
47 63 -11
25 85 -7
27 60 10
21 67 2
33 60 -1
46 63 23
49 81 6
25 73 24
30 72 0
20 71 -3
22 86 22
26 64 17
23 79 19
24 73 16
24 85 -8
44 69 18
53 76 8
57 83 20
36 74 26
53 62 2
21 87 -11
39 65 10
52 48 25
57 67 22
56 58 4
59 67 10
24 57 -2
55 65 -11
21 86 15
40 79 24
23 67 22
37 55 25
48 76 3
20 55 12
48 69 7
33 73 -8
25 86 8
58 63 17
32 69 5
53 66 -8
55 79 -4
44 68 22
52 70 28
34 48 23
40 68 25
19 80 0
59 49 -8
28 52 27
34 88 5
46 58 5
54 49 3
27 69 5
50 64 -12
56 66 27
34 84 19
44 54 11
39 66 6
38 50 28
24 77 10
34 53 6
45 71 18
25 73 24
33 69 -8
19 73 -1
59 85 5
34 63 1
56 59 19
41 55 27
45 59 19
38 83 16
29 52 11
37 65 0
34 68 9
26 81 21
36 76 25
38 57 12
42 83 26
35 58 2
51 55 -8
41 70 -12
55 53 27
30 65 6
55 63 20
40 66 20
30 86 14
46 48 7
41 68 6
31 84 1
45 66 24
32 83 27
26 70 -11
36 76 -4
19 65 28
21 86 -6
25 60 1
28 63 -12
46 75 7
56 65 22
50 71 5
46 73 4
31 63 -9
59 57 -2
52 50 17
24 56 5
53 78 18
33 79 -4
35 53 13
59 78 -3
57 75 18
41 52 -12
25 72 3
31 62 11
57 55 21
21 75 0
19 50 17
28 55 3
22 77 5
36 49 11
57 65 15
41 50 3
30 86 26
48 57 23
30 52 28
22 48 3
49 50 -5
36 61 28
55 65 14
27 86 6
26 65 -10
20 49 11
37 55 25
35 73 25
41 87 -12
22 83 27
30 62 9
33 62 14
48 68 -8
29 56 19
49 57 16
26 73 -8
22 51 22
20 87 -1
52 59 22
22 72 -10
48 49 3
30 76 -5
52 80 7
36 80 4
55 59 19
19 56 -5
22 50 -12
35 83 -12
37 78 18
56 84 7
32 77 6
44 83 -6
50 67 2
28 88 -11
43 80 25
54 73 -8
47 66 26
28 56 8
46 75 1
34 65 -1
47 52 23
34 66 -1
55 53 9
22 78 22
41 66 9
28 79 22
19 86 16
35 72 24
49 55 10
52 49 22
43 51 6
26 63 -1
38 69 11
53 55 -4
42 55 -3
49 84 -10
41 67 20
26 83 -8
41 75 -6
28 54 14
25 63 13
39 86 10
54 49 0
39 80 0
22 66 -12
21 83 14
26 74 23
55 67 24
36 60 17
56 57 28
58 56 28
42 88 15
23 58 24
20 48 23
24 79 7
32 69 20
30 73 -11
48 65 13
54 48 -12
40 72 19
20 54 19
47 59 15
33 88 14
42 48 26
37 80 -1
51 70 22
39 78 -3
28 55 14
54 56 13
24 70 14
22 62 -2
20 86 15
45 71 12
59 88 7
26 79 -12
54 84 25
49 68 -7
27 48 -3
52 71 17
47 76 -8
33 71 22
44 74 5
48 67 14
34 74 -2
37 87 7
55 60 27
54 79 8
29 55 28
59 64 -2
39 57 18
41 56 -1
40 83 13
57 78 13
33 57 27
37 69 0
23 77 -1
22 81 12
41 50 23
26 67 24
36 58 -11
50 82 20
47 64 2
59 63 1
37 58 -8
55 76 0
42 88 1
57 66 13
35 50 -12
20 53 4
56 55 -4
40 78 -5
31 57 20
53 85 11
35 57 21
26 80 20
39 57 20
55 49 2
53 75 -2
51 56 6
38 68 12
41 58 4
44 82 -7
29 74 15
24 80 -10
21 53 -8
57 85 -10
53 49 26
20 75 11
56 55 23
25 83 -8
47 61 1
45 67 -9
48 86 6
49 73 5
51 78 11
33 74 6
49 78 10
48 71 3
36 58 17
23 86 12
40 80 5
35 86 9
50 71 21
26 51 5
47 65 -10
50 76 -9
28 60 19
59 58 11
38 48 0
43 76 20
29 75 -12
38 61 -8
24 79 15
20 70 -8
35 64 -12
27 68 13
23 78 11
36 65 22
20 64 11
55 54 9
25 52 -4
43 58 4
25 82 -4
54 67 -5
30 55 14
33 72 -10
43 50 7
54 52 27
20 59 8
37 85 18
25 51 -6
38 85 6
59 83 23
52 85 18
52 48 14
44 65 25
57 61 26
38 80 -5
21 86 -4
44 70 3
40 75 21
34 52 16
25 87 0
24 58 17
32 54 25
43 79 -3
28 54 22
57 53 2
49 88 -5
57 49 -12
25 70 17
27 82 19
22 56 0
55 83 17
31 74 26
34 51 27
57 55 24
25 72 -9
25 82 -3
57 48 8
42 58 24
25 82 3
20 54 6
59 81 -10
36 72 28
21 86 8
40 75 -6
26 55 22
42 87 19
51 67 3
24 66 17
50 88 5
30 77 10
46 83 26
35 57 3
37 55 21
40 54 6
19 78 19
38 49 -4
37 71 8
20 67 -5
47 71 -4
40 60 19
35 84 15
22 62 0
40 74 27
20 61 21
26 49 5
22 62 -5
50 54 21
25 71 -11
45 78 -1
32 88 28
59 85 -6
41 64 8
33 61 14
21 50 -10
36 59 13
34 48 10
23 50 28
41 48 -10
52 84 0
44 73 26
48 75 3
54 55 14
47 64 -9
26 53 12
24 83 28
52 72 25
38 64 -7
21 54 -2
55 54 12
55 66 7
48 60 1
55 88 -5
28 77 3
31 84 23
24 84 -7
37 82 -3
34 86 21
25 84 25
28 88 25
53 71 -7
19 59 25
46 70 -4
35 69 18
20 74 -8
24 78 -9
33 76 -7
52 68 -2
47 71 1
42 56 -6
42 76 18
25 57 18
25 83 4
33 81 -1
50 50 18
37 55 -12
28 56 -2
28 53 19
24 52 0
35 80 6
31 63 7
29 62 24
28 48 22
59 56 -12
41 87 11
48 58 -11
46 51 26
28 60 21
50 84 -1
58 51 -7
32 51 19
50 63 14
53 85 -2
35 51 23
46 61 -5
19 63 -6
36 84 19
47 67 28
52 51 22
44 66 -9
45 52 -11
29 61 -9
51 62 8
24 86 13
53 70 -3
53 61 14
46 87 -8
23 83 -10
26 61 26
37 70 15
25 87 24
26 72 6
35 50 12
43 49 23
33 86 -2
33 50 -9
40 76 3
45 79 0
36 83 8
32 68 26
54 87 25
45 67 9
35 60 19
47 79 11
55 59 18
41 76 -2
44 49 -8
25 56 28
38 63 27
23 50 24
28 65 -2
58 64 -6
55 76 26
34 50 28
31 86 10
28 49 7
22 80 7
50 68 27
21 54 24
33 60 -6
33 78 -2
31 80 15
55 53 27
46 88 -11
29 85 3
30 66 1
26 61 17
46 59 23
51 48 -2
22 57 22
49 57 8
53 50 28
45 77 3
50 84 -12
43 84 22
43 51 23
53 59 -9
23 80 27
41 60 6
44 61 8
40 79 -12
34 87 19
31 76 -6
29 74 -11
35 83 18
55 83 8
26 61 0
35 87 1
30 55 -6
31 88 12
55 82 -3
56 85 0
41 49 -7
37 79 -11
58 78 25
29 66 27
31 56 26
52 72 21
20 73 21
28 79 16
38 78 0
33 72 -8
40 68 -7
42 76 19
51 55 -9
46 77 8
41 78 27
20 80 17
37 55 9
21 84 5
38 66 16
54 55 -5
53 56 -11
35 74 17
46 64 -7
49 70 3
22 57 9
58 71 11
44 63 9
23 73 18
45 64 24
23 79 -4
30 51 22
55 48 11
37 71 28
23 70 4
38 50 -3
38 74 14
27 61 -7
39 87 6
20 69 16
19 88 28
46 65 26
22 60 18
55 51 -11
28 79 -2
35 83 26
40 76 -2
20 66 10
43 74 8
53 73 -4
58 64 -5
40 54 1
47 61 2
29 69 -5
26 52 28
34 84 -12
38 72 6
36 82 3
23 48 25
20 65 22
30 58 -7
39 67 14
57 57 -5
46 69 10
34 59 24
59 58 27
21 71 4
51 86 15
56 60 15
39 78 18
23 85 19
40 68 18
30 84 -9
57 51 12
45 67 0
59 68 18
48 80 1
43 81 16
54 49 23
54 84 26
58 49 3
37 62 -3
36 70 17
19 74 10
24 76 17
42 58 2
22 68 19
26 66 26
58 61 -3
29 55 3
25 75 6
50 80 27
34 78 10
26 62 20
59 73 9
22 76 10
41 55 22
19 62 3
39 52 -10
19 52 27
55 64 5
59 69 -1
55 72 16
43 59 1
48 61 -8
52 88 22
35 61 26
24 49 27
40 88 -1
38 61 5
41 84 4
38 58 18
39 75 20
32 49 -5
39 83 -11
48 65 21
36 77 26
57 88 -8
40 54 5
40 54 -2
52 78 4
26 80 -7
53 86 15
31 51 0
45 83 9
51 48 15
39 63 27
59 51 19
46 68 18
23 68 16
36 50 -4
58 73 14
44 67 6
37 70 13
30 69 -9
32 51 9
27 50 13
41 58 -8
58 52 24
56 84 -8
56 58 -1
52 59 25
52 51 -11
52 84 6
39 51 -6
26 61 4
48 62 13
40 61 26
41 82 7
55 74 8
46 87 -10
34 85 4
50 60 22
20 52 12
47 77 -8
29 63 21
40 54 -5
45 76 13
22 76 3
23 56 -12
54 75 -5
26 83 -9
21 67 -1
24 79 3
56 83 -3
42 56 -9
26 54 26
28 57 13
30 72 6
52 68 18
43 75 25
52 65 19
53 62 7
35 86 1
19 77 21
57 54 2
34 68 -2
26 77 1
51 58 13
50 65 23
38 65 0
59 60 15
31 79 -7
39 87 6
52 73 24
31 52 4
48 59 6
47 75 23
41 55 21
45 57 -9
33 67 2
40 48 -10
55 65 5
22 74 -6
43 65 -4
27 49 28
26 84 6
43 54 -8
59 77 -9
19 51 21
50 51 8
44 53 26
41 88 2
56 59 21
54 62 21
53 85 17
20 51 -6
48 65 -3
19 51 -2
56 85 11
42 84 14
47 63 11
19 48 -12
24 88 14
38 63 -1
55 75 -5
24 60 -5
58 84 -12
42 57 25
52 52 1
23 66 13
25 59 -10
41 69 7
45 49 16
33 61 17
30 69 10
28 71 7
28 75 -6
37 84 22
34 59 12
45 77 18
34 78 3
56 55 28
32 52 -10
30 86 -8
22 87 -8
35 70 9
49 78 -3
54 48 -3
28 65 0
39 68 27
29 76 -2
19 59 -11
41 67 27
53 78 15
54 68 -12
42 52 18
37 59 -7
39 67 -4
26 57 19
49 85 -12
47 50 21
53 66 11
23 74 -2
20 84 2
23 67 -9
36 58 18
57 61 -7
32 66 13
32 62 21
49 49 28
19 74 -12
57 70 17
22 73 -4
39 61 -1
33 51 -3
33 73 -1
49 84 19
19 68 22
21 63 3
19 52 13
59 86 17
43 52 16
45 88 1
19 75 -9
34 78 3
40 62 -5
26 65 15
46 66 -7
19 63 23
46 49 -5
48 64 -4
51 87 21
34 75 -3
41 50 28
21 70 -10
42 57 -10
57 51 9
48 64 2
42 52 -3
25 51 11
23 59 7
29 51 -1
54 59 12
31 77 25
32 48 21
29 84 22
51 72 -10
52 73 14
19 79 6
29 84 3
47 63 6
34 64 25
40 75 12
31 59 5
29 60 12
39 64 5
35 81 24
32 49 18
27 59 27
57 61 24
24 78 -12
28 52 -9
25 57 0
42 87 -10
31 83 10
25 71 -1
34 72 -1
33 60 25
24 76 19
36 87 2
42 59 22
54 79 12
34 68 -4
58 68 2
50 71 20
23 73 -9
51 78 9
47 65 21
50 77 -6
25 58 14
42 49 17
49 80 19
58 48 -8
41 72 7
43 72 8
53 87 13
33 73 27
38 80 4
56 80 28
52 60 -7
35 76 -4
50 77 9
32 75 12
46 56 24
35 51 21
30 78 26
52 62 19
30 53 10
57 55 18
29 77 2
41 68 5
45 67 -4
50 67 11
21 81 21
43 80 -9
44 82 1
43 85 27
38 72 24
58 57 20
55 74 6
31 56 -3
30 78 23
19 48 8
59 78 -7
47 79 27
50 57 5
19 74 16
53 79 -11
21 53 9
31 52 16
51 80 -1
47 59 2
50 73 -9
30 57 16
59 86 -8
33 76 -11
33 50 -6
45 70 25
26 56 -6
35 60 6
31 64 19
53 49 20
43 49 -3
38 87 -11
37 67 4
32 87 15
23 81 14
36 72 16
20 54 -2
36 76 8
56 79 5
20 60 -1
42 79 -2
41 53 16
36 59 21
51 84 20
30 57 7
33 84 3
25 75 1
27 60 6
58 80 20
25 56 -7
21 69 -7
56 52 1
48 52 11
36 87 23
42 48 27
40 67 -12
33 48 16
45 65 26
26 68 0
34 69 18
27 57 -1
55 52 4
45 82 27
40 55 -10
19 73 -3
25 65 10
21 60 -10
38 86 3
43 58 27
22 57 -4
56 57 28
20 83 20
53 78 25
43 62 11
49 84 -1
53 48 7
38 75 3
26 51 28
56 63 5
51 70 18
57 48 -8
29 55 10
26 71 16
39 82 -4
22 50 17
57 52 2
55 65 -11
34 61 -12
49 58 28
24 84 20
55 77 1
50 85 -9
39 79 2
19 63 -6
31 50 4
30 63 18
51 49 -1
55 88 18
21 64 -4
27 71 13
36 48 19
57 62 24
27 80 1
57 81 -11
51 61 1
34 85 -1
31 76 2
59 57 14
47 85 8
34 55 23
34 68 27
24 71 -1
57 70 15
19 85 24
23 51 21
26 83 -3
36 65 4
23 51 -6
34 59 19
55 71 20
33 72 16
20 86 8
42 88 3
41 79 11
59 74 18
45 82 23
32 85 19
23 69 11
43 75 28
42 71 23
50 84 14
48 54 11
53 72 21
46 60 -8
51 80 8
33 60 -6
22 50 21
49 87 -1
25 85 17
21 74 9
51 50 5
40 83 13
43 50 -2
40 66 5
26 86 4
38 72 18
30 78 21
57 77 6
42 87 -2
46 75 6
32 82 -3
35 80 -6
48 79 20
32 76 -4
26 56 23
41 79 26
37 72 25
51 48 2
23 70 7
24 66 20
46 50 -8
40 69 23
56 70 17
19 63 2
44 64 2
21 75 -8
43 83 -10
20 52 -8
53 85 18
33 87 -2
43 81 25
38 63 -3
22 56 24
48 50 -9
49 53 20
53 81 -6
59 67 0
42 63 10
35 74 7
48 66 4
20 64 -9
43 57 25
19 88 13
43 73 24
34 68 20
28 55 -10
25 83 -11
28 65 -1
23 53 9
28 66 8
42 70 11
45 49 -2
52 86 16
41 80 0
32 54 20
20 75 20
51 59 28
21 53 -12
21 84 -10
28 78 12
31 68 17
51 66 14
22 85 15
47 57 12
59 56 -8
22 65 0
21 55 8
55 71 5
23 80 -2
48 64 7
55 62 13
53 87 24
36 51 23
20 52 -8
32 88 13
33 74 -2
35 85 -6
30 69 4
50 76 0
50 79 27
24 64 16
43 73 9
57 57 12
55 55 22
38 49 -11
43 64 -10
55 83 1
54 50 26
32 65 26
42 48 6
41 48 17
19 72 25
23 63 27
19 76 0
34 77 27
42 56 2
59 67 13
39 87 -5
29 51 -10
24 65 17
30 87 3
56 65 17
22 66 10
26 57 2
36 88 27
54 52 26
51 60 8
54 48 0
35 75 2
23 58 23
30 86 -1
46 48 -7
24 84 19
46 48 15
41 56 -12
38 74 10
22 61 2
20 66 -8
49 72 -6
54 54 17
41 61 13
11 86 35
7 113 25
21 84 5
21 80 25
23 98 26
4 108 33
-8 106 12
22 105 12
11 87 8
13 108 3
3 91 8
16 94 -1
-8 98 28
-5 100 2
11 79 7
29 105 5
28 108 24
31 85 29
19 108 -1
-3 105 14
11 112 32
-3 81 22
2 86 32
-7 111 2
20 82 23
15 93 7
2 111 12
10 105 22
31 93 -1
5 89 5
13 105 15
16 104 24
-1 113 1
17 101 6
26 92 33
15 86 2
-4 101 16
6 90 32
31 89 25
-4 93 23
15 109 23
19 83 21
20 110 33
4 95 5
0 80 26
27 89 13
-7 92 4
-4 91 17
6 104 10
16 77 1
15 89 23
11 85 30
19 79 19
13 81 1
27 78 27
1 97 37
-3 76 29
27 90 34
6 112 37
12 85 27
1 91 20
-7 81 19
32 104 30
18 87 8
26 104 7
-1 94 11
-4 115 17
7 104 13
31 106 8
32 104 33
-8 86 11
17 112 31
10 98 24
0 97 7
1 91 23
-8 97 32
8 85 10
-8 115 25
28 91 32
-4 106 17
6 97 15
26 106 28
1 94 39
22 111 0
-1 87 2
-3 103 38
28 87 17
-1 108 11
28 115 26
5 92 23
16 84 2
4 105 21
2 90 29
8 109 3
14 91 9
27 77 30
32 106 9
20 97 8
7 87 1
22 79 23
-3 111 9
-2 79 32
13 106 19
21 80 26
9 108 1
0 96 33
-1 105 38
26 81 12
-2 100 32
15 114 30
-7 88 33
24 84 6
6 107 33
13 95 26
0 85 34
-5 115 22
31 77 7
-7 103 27
12 81 31
1 93 3
2 106 31
27 115 21
30 89 35
-6 100 28
-8 90 34
-7 80 23
-3 106 19
2 108 20
21 103 0
25 87 0
22 87 10
0 111 39
15 82 35
-6 85 28
4 84 20
16 79 31
2 110 3
27 111 35
5 95 13
-6 110 11
3 84 -1
12 85 24
10 80 36
3 97 23
15 93 24
22 101 33
2 87 32
31 96 23
24 99 7
1 96 -1
-2 96 19
-4 80 17
-6 96 1
-1 83 9
4 111 30
19 91 19
-6 81 25
13 86 17
21 111 37
24 115 20
18 88 17
11 107 31
-3 96 22
-6 105 19
17 112 4
-6 101 16
4 75 32
27 101 14
6 112 28
6 87 13
22 94 25
30 83 25
20 81 6
-1 83 16
-5 98 3
21 77 30
21 110 28
13 85 11
-6 115 16
13 115 36
30 111 34
11 101 38
10 113 22
-2 94 15
1 110 13
9 92 18
1 85 10
0 103 15
14 111 20
6 82 28
4 113 0
20 94 28
15 108 35
32 115 17
-8 77 32
29 78 28
26 97 38
22 87 5
22 75 32
5 112 30
26 86 -1
-6 93 36
32 107 33
20 99 8
12 82 20
3 104 21
4 102 25
0 76 14
16 93 10
14 76 26
30 80 15
1 89 9
16 82 29
5 88 18
3 87 10
11 80 6
15 95 30
10 77 35
9 115 7
-2 107 5
4 93 8
12 111 11
31 110 34
25 103 24
14 82 13
-7 106 0
3 97 36
13 87 35
-8 100 5
16 84 -1
20 91 28
-5 91 1
21 93 -1
15 113 15
23 107 29
4 88 29
17 85 17
-8 95 29
7 84 36
13 75 11
23 87 27
12 87 33
-6 83 16
20 89 21
20 79 4
16 101 22
25 85 7
15 77 32
29 75 3
0 87 27
25 92 34
30 104 13
4 103 1
1 89 18
3 96 22
-2 105 30
17 111 23
23 89 35
-4 89 21
-4 111 0
20 84 9
-5 95 3
21 80 12
-1 115 18
23 103 23
22 106 12
-2 112 22
-6 109 25
12 104 11
31 112 11
30 95 4
16 96 39
10 97 26
13 104 27
12 76 37
4 76 4
0 105 10
-2 97 21
29 101 7
-3 78 13
-2 80 9
17 93 10
-7 109 31
21 113 28
1 79 4
1 94 9
21 84 15
-5 113 31
6 94 16
16 102 6
22 94 6
28 98 16
-4 111 18
-5 78 16
10 110 2
-2 111 27
17 94 11
16 115 39
22 114 8
23 91 -1
-4 83 -1
1 94 15
18 84 25
27 83 14
27 109 29
15 83 20
14 84 9
30 100 24
11 82 21
2 100 34
6 100 20
12 86 17
24 105 18
4 98 13
8 92 6
1 75 38
26 87 25
21 87 36
0 93 4
-3 75 25
-5 108 21
13 102 -1
1 89 22
-3 102 -1
8 112 7
19 95 16
15 80 22
12 75 31
4 105 6
30 92 0
2 76 11
-5 104 -1
5 115 39
13 83 25
24 77 33
17 77 34
14 115 27
32 78 15
28 105 13
17 75 0
15 112 12
-6 103 26
13 115 25
12 96 19
-6 98 7
3 87 5
20 82 14
0 105 20
25 76 14
17 88 10
28 88 30
5 98 24
5 81 14
27 114 6
7 109 39
13 113 30
28 84 12
-8 102 3
14 92 27
24 87 23
32 86 27
2 75 7
26 115 -1
-1 105 0
3 92 35
13 86 -1
14 107 34
3 84 31
23 87 13
24 93 21
27 89 30
11 75 14
25 108 18
20 82 35
3 102 2
-1 113 33
11 104 7
0 100 9
10 85 3
28 100 2
24 82 28
-1 77 9
8 75 7
-6 106 4
-4 112 28
29 83 37
9 107 3
27 79 18
6 108 4
8 88 35
9 110 28
31 76 2
26 112 4
30 96 17
-3 84 28
15 79 22
11 82 14
25 87 11
24 81 35
25 96 28
9 78 20
3 86 9
27 112 38
-3 90 31
25 85 20
17 82 13
0 106 23
11 92 4
16 97 35
23 77 15
16 78 15
0 100 16
-6 99 33
-5 92 15
6 109 12
27 109 23
32 85 2
-2 96 2
9 89 38
2 108 33
19 98 35
24 105 6
13 115 1
26 101 5
14 101 39
10 112 24
9 96 26
19 108 33
-7 105 31
11 113 21
7 100 13
15 95 20
30 95 4
-4 88 8
12 93 39
-8 110 2
31 87 23
13 102 16
-7 95 7
6 84 1
32 89 2
26 93 10
16 105 15
29 104 37
-8 98 14
7 81 34
-3 91 37
-1 81 18
3 91 13
16 78 38
31 85 22
-4 104 6
3 81 5
31 79 34
1 105 8
9 106 -1
28 85 21
4 93 26
16 111 18
14 104 30
30 85 12
32 107 12
14 102 35
-5 84 1
1 101 26
14 111 12
4 85 13
18 85 29
21 107 32
29 109 25
0 103 35
-1 104 31
-7 111 20
32 95 3
11 84 6
18 97 19
23 98 39
-7 88 29
-5 87 34
15 103 31
-4 94 1
2 95 13
-3 87 28
11 91 9
-6 78 29
23 108 10
21 89 30
25 75 8
21 89 37
2 96 1
1 76 0
12 85 37
16 102 34
2 94 6
18 78 34
2 93 28
26 98 16
18 107 17
-3 78 14
17 75 2
12 84 33
13 89 15
-3 98 20
27 76 14
15 100 20
-5 78 25
18 86 23
26 85 18
26 111 26
8 89 38
2 93 12
22 101 30
22 88 5
29 91 7
32 76 12
-8 114 0
18 92 28
-1 89 25
-4 93 27
22 81 16
31 87 33
6 78 23
3 97 28
-5 102 27
20 109 28
1 103 30
27 90 22
1 96 33
-4 75 39
1 114 10
21 76 2
27 88 20
22 80 6
22 76 30
-1 104 23
1 87 21
-5 83 14
23 86 24
27 106 10
32 108 12
5 95 2
-2 104 36
4 94 18
17 84 2
2 84 9
30 83 39
-8 83 4
25 111 36
19 88 14
7 109 3
-1 95 2
30 92 27
17 77 27
8 104 15
6 79 13
-8 106 37
-2 82 29
4 83 32
23 102 23
22 85 26
15 75 6
-2 85 3
28 82 8
6 111 16
29 102 17
-7 81 1
16 76 26
11 114 12
19 93 38
30 75 23
4 93 1
25 82 -1
32 88 19
-4 108 13
15 103 1
25 114 26
0 114 20
-4 77 11
25 75 11
-8 89 15
13 110 2
20 78 37
15 101 13
30 113 8
27 115 6
2 102 10
0 98 1
0 107 1
-1 95 24
-1 85 9
-5 111 35
15 84 11
11 107 4
32 87 32
-2 104 36
32 79 14
28 86 7
16 100 32
23 100 28
0 93 1
1 98 17
0 101 11
20 90 19
17 79 29
21 107 10
31 112 3
9 111 21
29 114 38
3 98 8
0 98 20
1 105 16
18 108 16
1 89 0
8 101 19
1 92 1
4 108 7
2 86 38
32 81 12
13 86 25
25 86 18
-7 88 19
15 107 7
25 97 33
17 94 22
-5 82 26
27 94 4
13 96 11
-3 94 9
1 82 31
27 112 21
30 106 17
6 102 1
28 77 29
-2 79 20
11 79 33
4 103 2
9 98 21
9 93 15
31 81 23
-1 114 13
23 106 22
3 98 14
5 114 6
0 101 0
-3 114 10
12 78 11
0 107 9
14 113 36
10 95 4
2 93 9
23 97 10
-2 87 16
32 98 5
6 103 10
3 96 11
32 81 4
26 104 30
21 75 28
23 111 20
29 103 5
-3 80 26
9 86 16
32 77 16
13 75 34
-8 83 9
-7 88 -1
-6 107 11
7 81 12
13 113 33
19 97 17
13 82 14
10 82 37
8 104 6
5 80 34
10 83 11
20 97 15
16 96 29
13 75 21
1 88 39
8 76 19
8 90 8
22 90 39
20 106 19
22 107 5
29 100 4
-7 83 14
26 113 28
-2 81 12
32 113 19
25 79 30
0 114 13
14 85 29
-1 77 38
18 96 1
29 99 39
22 81 31
26 98 39
12 80 14
-2 92 25
12 89 29
11 111 31
19 100 19
2 78 20
-5 77 19
4 85 8
7 102 0
12 75 11
25 82 11
-2 94 16
22 92 26
26 89 12
10 96 8
28 95 5
5 90 32
24 104 7
16 113 6
20 112 37
-4 77 19
27 101 4
9 114 31
15 92 3
28 115 11
13 112 35
0 84 7
10 102 32
-1 109 9
32 97 26
2 97 19
5 78 28
25 88 5
0 108 35
-6 91 24
25 88 20
21 79 36
19 112 3
17 75 39
-7 99 38
14 108 11
2 95 28
6 88 37
20 113 34
19 81 28
16 77 33
0 85 33
5 97 -1
3 104 35
20 114 26
12 75 -1
3 86 24
15 114 34
27 81 4
-4 106 18
12 77 39
6 106 21
19 94 26
25 75 31
3 111 19
15 89 20
6 112 29
11 76 39
31 106 26
2 100 39
15 96 7
14 76 18
9 81 38
0 76 5
24 79 16
-8 112 26
-2 104 13
32 79 0
2 79 19
28 81 38
18 90 18
1 109 33
16 109 13
-2 107 35
20 93 20
4 76 22
-5 79 24
27 106 18
8 103 3
-6 81 4
23 85 16
2 92 32
0 115 19
2 81 35
6 77 18
0 106 5
4 109 23
-8 77 2
-5 100 14
30 78 15
24 97 35
14 88 24
12 114 6
-3 108 29
5 94 18
7 81 18
23 94 6
-6 102 29
-7 81 2
32 89 11
-7 106 27
30 78 19
29 91 39
1 110 30
-8 81 12
31 112 27
26 96 28
-3 108 7
19 88 3
29 97 8
17 93 34
12 98 9
-4 77 9
29 104 7
7 114 12
3 92 34
2 107 39
9 76 3
13 94 12
2 87 19
-5 77 34
23 112 15
16 98 7
19 108 8
28 75 11
29 80 5
32 88 10
25 109 30
13 105 32
-6 85 34
5 108 36
5 75 12
32 111 3
26 106 20
-4 111 8
-1 107 3
23 102 24
31 81 14
30 93 17
4 92 3
-3 113 16
30 109 15
30 79 22
-3 80 15
-4 95 -1
30 105 7
31 102 11
4 76 23
25 103 32
16 100 16
8 100 30
16 102 15
8 90 22
18 111 19
1 92 14
2 98 39
32 96 23
3 108 6
5 91 23
-1 86 24
4 88 33
20 102 3
-8 101 22
-1 82 9
17 93 20
16 90 22
12 90 3
-5 110 14
1 98 18
5 91 9
17 95 38
8 78 7
-1 100 -1
25 104 39
-5 82 38
-8 78 20
2 85 20
10 97 29
8 91 8
22 106 7
12 80 8
-2 105 13
-5 80 35
19 108 13
-4 85 4
-4 75 26
14 94 0
7 91 37
9 112 2
28 79 0
10 89 18
21 78 6
27 114 4
23 96 14
18 106 36
-6 84 11
25 98 18
11 108 31
21 83 35
16 110 15
-5 79 21
1 77 39
28 112 34
20 81 11
-2 105 20
3 114 21
-8 79 3
0 95 21
6 94 3
16 112 16
3 77 6
-1 115 30
-3 111 12
-4 85 10
11 112 23
28 94 10
6 97 20
18 107 2
19 79 31
7 82 37
19 103 20
32 84 25
-1 97 34
28 77 24
24 105 15
-3 82 15
-2 92 11
25 99 9
10 93 9
-8 91 0
-7 110 36
-6 106 11
24 102 39
21 84 36
25 100 25
-2 90 10
-7 99 30
15 103 3
20 84 11
12 103 26
5 105 9
4 79 3
14 112 26
1 89 28
31 79 7
5 81 29
32 102 9
27 104 4
-7 108 13
13 109 8
10 85 20
-2 85 39
21 90 29
13 83 16
32 101 9
8 110 32
13 86 24
8 105 7
-6 79 8
22 97 23
-4 82 26
19 77 20
-6 103 34
14 113 16
30 102 12
11 98 38
18 87 25
13 100 36
-5 107 23
0 80 2
18 98 34
11 75 39
11 109 10
6 90 22
28 91 39
4 109 38
-4 85 35
-1 99 21
18 78 35
27 115 36
16 97 23
20 94 34
10 100 17
29 82 9
22 95 9
19 77 20
-8 91 36
-1 115 5
-1 102 9
28 99 11
-6 106 28
-7 113 4
19 95 36
12 103 17
7 90 3
27 85 3
-1 103 27
13 97 27
-5 86 35
29 104 28
12 110 7
-5 77 30
-4 102 28
-1 105 25
16 115 11
16 85 19
32 95 30
18 108 17
2 109 12
3 114 3
9 100 7
20 108 18
23 103 10
-5 106 28
-6 115 26
0 89 10
3 112 10
25 101 2
19 83 28
16 112 34
-7 113 30
28 107 13
5 79 20
28 108 37
29 105 -1
24 91 -1
28 104 15
-1 99 13
17 110 36
26 91 3
-1 97 8
11 83 4
0 98 31
11 114 34
5 86 39
22 111 10
9 101 3
15 75 3
4 103 37
19 110 27
19 99 38
18 107 38
-2 75 39
13 87 14
27 85 5
-6 80 38
-7 98 6
12 111 18
11 107 1
21 76 17
4 113 22
7 79 2
-4 97 17
6 111 20
23 77 19
23 89 1
27 109 14
8 98 24
25 78 24
6 113 25
22 109 14
13 101 2
15 106 36
-2 100 10
1 100 38
9 101 18
22 81 26
11 104 12
1 106 28
31 100 37
-6 81 28
20 109 2
-7 90 34
-2 79 25
18 106 3
0 100 32
31 109 2
20 103 31
-1 113 12
3 107 20
-7 90 21
16 91 26
24 109 28
26 111 33
21 100 12
10 100 11
-8 107 18
-8 102 30
9 95 17
-7 113 13
24 80 4
-5 96 6
1 114 31
25 111 32
18 101 0
20 94 22
27 107 12
11 99 1
5 76 12
2 114 3
9 81 31
-1 105 9
-6 114 27
2 92 37
32 79 17
7 82 14
14 108 38
26 111 20
30 76 6
-3 100 29
8 112 5
10 115 23
14 110 36
3 105 28
11 110 11
-3 80 18
-8 103 4
9 90 6
0 92 4
21 80 32
-1 106 34
32 109 18
16 79 9
-3 93 8
21 88 30
19 88 27
22 115 25
28 108 1
18 104 31
-6 97 9
8 104 23
29 78 22
20 87 22
17 107 0
12 85 36
28 98 33
24 83 15
-1 97 23
10 88 36
19 108 17
27 95 15
9 101 -1
8 77 34
28 83 5
25 99 17
3 75 39
-8 100 7
32 110 28
26 90 39
-3 81 31
12 109 34
-4 107 33
20 99 9
7 81 18
22 83 39
13 97 8
-3 90 27
31 87 20
25 98 28
24 104 13
32 111 18
19 109 25
1 113 17
12 78 31
22 107 26
4 110 36
0 87 20
6 88 23
27 111 37
17 85 -1
16 109 38
8 115 30
5 99 7
24 112 38
31 112 36
1 89 18
-5 102 18
2 80 22
8 112 -1
30 77 37
-6 102 26
15 82 5
-4 90 -1
2 115 26
27 108 7
16 88 39
20 78 5
10 111 31
22 79 18
-5 75 11
11 103 26
22 95 19
2 99 37
26 90 5
6 77 37
-4 84 3
30 108 5
13 95 39
7 115 31
32 109 3
25 81 37
29 76 36
-3 110 6
5 102 22
1 115 26
30 104 16
-5 97 6
19 108 22
12 82 6
15 105 -1
25 86 27
9 87 -1
1 85 29
22 97 36
5 95 10
23 105 8
-4 112 37
6 87 30
19 94 31
28 115 5
29 89 10
30 79 26
24 98 5
31 79 2
21 114 15
31 104 37
17 107 11
4 86 26
22 78 39
16 104 23
-2 112 25
7 113 5
32 105 4
11 92 6
14 108 17
21 75 14
3 86 9
13 76 38
27 104 15
-1 76 35
9 102 30
11 85 26
13 101 28
6 95 14
4 111 12
27 95 0
1 81 16
19 110 26
23 92 6
-7 108 9
13 100 30
27 84 32
5 97 21
26 82 -1
28 88 8
-7 78 36
14 93 15
-2 112 24
-7 108 35
1 93 18
22 99 6
16 88 13
-8 95 36
26 104 23
30 77 33
13 81 7
-5 112 15
0 85 32
7 107 39
27 102 4
19 77 24
-2 75 23
29 97 8
8 110 27
28 97 37
3 101 29
32 91 36
10 77 0
-7 109 26
20 75 27
18 82 33
0 105 16
28 109 14
22 81 5
-6 80 32
-8 113 18
17 104 9
28 101 23
16 104 34
-1 80 30
11 89 34
31 79 37
31 80 2
24 93 16
0 98 14
12 101 6
20 75 28
13 96 4
26 91 30
-5 104 32
-1 94 11
-8 77 -1
16 100 5
7 76 37
4 115 16
-2 87 27
27 112 20
15 94 17
20 92 12
23 86 35
14 114 20
16 95 33
11 101 4
-8 110 34
12 76 20
13 77 21
-5 99 24
3 105 16
22 99 11
-3 104 12
31 77 31
27 107 21
-6 82 19
27 100 13
-5 80 25
15 79 4
12 101 32
5 104 14
15 78 34
9 76 17
19 112 31
-6 86 39
24 107 39
29 85 21
29 88 10
-6 93 6
-6 79 23
-7 99 5
13 81 24
25 113 23
31 100 36
31 94 19
7 80 1
30 111 0
16 78 32
12 106 16
-7 84 6
27 88 32
5 91 31
0 93 19
11 107 4
-2 86 16
-7 98 5
21 106 28
-3 110 1
28 80 28
27 78 23
21 99 4
16 85 33
29 85 19
28 75 14
-5 83 31
-3 81 37
-7 93 37
11 80 12
-7 84 8
8 115 15
13 114 4
21 110 39
-5 93 19
6 111 18
-4 90 21
12 106 19
32 114 29
5 105 37
1 95 6
6 82 31
12 91 6
27 98 27
-6 107 16
16 114 33
19 108 4
6 107 21
-7 108 19
29 78 34
-6 93 29
26 86 18
20 110 37
31 93 6
12 111 6
-2 87 15
7 88 3
15 99 1
10 88 0
7 95 31
13 104 8
11 107 37
24 88 23
1 96 21
-7 114 11
18 112 39
28 108 32
12 78 26
15 80 19
1 83 33
6 90 17
29 89 0
32 79 21
2 85 5
25 82 30
-8 112 0
25 112 32
18 76 19
15 102 29
30 107 36
0 90 9
26 88 28
-6 109 27
5 112 30
1 96 6
-8 106 12
29 76 30
17 111 11
3 108 11
-7 76 7
-1 115 33
-6 103 27
-8 80 9
-4 76 14
-6 114 11
16 94 32
-2 113 6
3 108 9
-3 104 25
27 115 8
23 106 23
-7 112 14
29 110 15
-8 104 33
-8 104 8
9 103 23
-3 102 36
11 76 18
26 87 5
16 86 14
25 103 36
6 99 0
28 98 2
17 109 17
24 81 21
-6 104 12
0 105 20
32 102 14
-8 87 6
8 81 26
20 112 21
-2 76 24
-4 112 37
-2 110 22
-6 91 25
9 86 24
-5 114 1
24 75 28
3 115 35
-8 108 21
8 115 35
18 78 -1
20 108 5
4 78 36
-7 108 0
19 100 37
12 101 37
-4 96 -1
24 80 19
16 107 10
17 95 19
-6 104 26
22 98 37
28 103 33
12 115 36
0 96 27
-3 107 14
20 78 11
9 106 20
7 84 16
31 77 1
25 103 11
24 80 0
23 101 17
-7 80 25
28 87 33
25 99 23
-7 109 25
-1 85 1
16 98 5
30 98 31
13 82 25
23 84 13
13 99 18
16 103 17
5 106 10
9 86 26
12 108 5
-3 103 23
2 102 30
11 84 0
29 103 8
2 92 19
12 88 39
1 104 12
-7 107 39
-8 105 1
13 89 23
28 114 11
7 112 19
19 86 24
18 79 0
23 83 34
9 98 9
5 105 21
17 108 13
12 110 26
2 108 25
1 88 36
14 88 17
8 115 -1
13 105 21
27 103 31
5 86 10
14 92 20
27 78 17
4 87 38
30 112 31
31 84 25
25 103 8
21 88 33
22 87 23
-7 94 18
-3 78 39
13 95 30
6 108 13
4 102 11
29 107 37
7 87 10
26 114 30
23 85 37
-3 103 29
1 85 26
11 76 33
4 85 38
4 115 38
17 75 24
-5 83 27
16 96 37
0 76 27
31 85 36
28 113 17
30 111 17
28 96 26
7 88 13
-8 114 33
20 86 2
3 111 25
29 113 12
2 94 15
27 101 28
8 113 24
-1 92 2
15 113 29
6 75 35
21 109 14
8 103 9
19 83 3
8 115 2
30 85 2
-2 115 35
13 79 18
10 115 17
-2 100 26
15 87 16
29 105 29
10 111 -1
2 95 23
9 102 19
-8 105 24
30 85 2
32 91 31
28 112 20
18 84 30
19 79 37
26 78 6
19 87 15
20 94 16
30 111 29
-6 77 14
6 81 7
-5 85 35
-1 77 10
-5 85 2
2 105 21
24 108 19
-5 85 12
7 87 22
11 83 0
22 106 7
-7 104 36
31 109 20
0 115 13
-2 114 22
-7 108 30
7 109 35
30 108 29
24 83 27
1 107 3
5 113 20
12 100 25
-7 107 13
31 100 6
4 85 6
-4 94 10
5 96 21
27 100 10
31 87 32
-6 88 16
10 113 15
20 100 8
23 102 34
8 96 25
12 83 26
8 79 30
13 99 3
11 110 38
-3 97 39
10 92 3
16 87 9
4 86 4
21 95 11
18 99 12
16 107 8
-4 83 9
-6 115 5
-5 87 24
24 101 1
7 93 7
21 91 19
26 81 10
2 109 39
14 106 29
17 96 38
0 76 11
10 104 37
15 91 11
32 104 26
27 104 2
26 88 30
22 105 8
26 99 23
27 79 20
12 113 32
13 87 1
10 110 1
-4 82 4
32 83 34
23 115 10
15 87 8
3 104 9
4 82 18
23 76 17
9 99 22
20 87 13
-2 75 23
13 105 33
7 107 11
-3 93 39
5 108 39
8 115 0
-8 85 18
13 106 33
24 99 -1
5 102 14
29 77 18
26 78 1
2 99 15
23 100 26
-4 76 0
10 114 15
8 103 30
-7 87 13
30 98 33
31 100 3
3 114 5
9 101 21
-8 97 13
-2 94 14
31 103 0
29 107 23
14 107 2
7 107 28
22 83 34
31 102 39
18 95 4
26 88 20
27 82 1
28 99 36
-8 80 6
2 113 29
-7 100 39
20 84 23
26 94 38
-7 105 17
32 90 27
5 98 32
19 114 26
2 77 3
27 110 37
31 77 -1
10 81 25
12 75 20
-3 104 22
21 111 26
30 91 38
-6 87 2
9 108 17
7 80 33
-6 111 10
11 114 25
10 77 20
28 83 31
10 92 10
16 78 29
-4 81 30
22 80 10
25 89 20
-1 80 10
0 80 7
-4 113 9
18 82 36
7 94 11
-8 94 19
3 79 12
4 82 17
-1 80 28
20 114 38
-6 104 19
12 75 12
3 76 33
-5 98 28
6 76 6
23 92 4
25 100 9
19 111 35
18 109 39
-5 98 16
-5 99 37
28 95 28
13 81 6
16 106 0
1 109 14
-1 91 39
23 78 5
-8 80 14
4 81 35
12 107 2
19 109 34
23 81 8
5 112 18
5 100 35
19 79 29
8 80 1
32 83 11
-5 105 21
20 110 29
5 78 35
30 113 29
16 113 33
25 108 17
29 92 23
-7 110 26
9 103 39
29 96 39
12 84 19
16 97 4
18 113 23
3 82 8
13 91 30
-1 107 29
15 90 20
13 97 13
19 97 36
30 77 33
15 105 33
21 89 14
32 87 39
17 97 22
-2 112 36
-2 95 24
18 89 21
19 87 20
21 97 16
23 91 4
8 98 30
8 105 29
1 101 32
17 86 5
29 95 4
1 115 7
25 115 2
23 107 35
24 115 35
17 89 37
-7 90 7
8 102 10
26 96 24
20 81 6
10 75 39
-8 88 29
6 96 1
30 96 32
13 97 39
-2 110 23
20 81 8
10 78 30
23 91 35
27 98 6
17 93 4
3 106 21
6 98 9
26 99 24
21 103 24
24 99 27
15 89 2
3 82 33
29 105 23
14 83 33
13 88 5
29 92 39
12 100 16
0 91 29
-5 91 10
14 98 37
27 91 5
-6 97 0
27 109 19
11 112 11
18 80 2
24 110 22
10 86 38
4 107 8
8 76 9
5 114 12
11 80 32
8 78 33
14 87 35
28 80 23
4 92 32
25 90 28
30 103 24
-5 99 34
32 90 29
1 98 38
28 105 9
15 95 6
4 113 13
20 82 37
4 83 6
11 98 10
10 88 33
-2 92 1
17 104 7
5 98 5
20 111 15
30 86 21
22 95 17
4 86 3
7 103 13
3 78 24
26 107 20
-6 82 15
30 109 10
-1 92 29
8 102 24
1 87 7
9 91 0
4 89 23
-8 82 31
-6 95 38
-7 101 30
-4 85 33
-8 91 4
4 86 39
21 115 9
26 94 28
10 111 35
-8 111 2
-4 105 -1
31 110 2
10 104 33
2 115 25
0 86 28
24 115 29
26 99 14
4 80 16
-8 86 15
24 101 25
12 101 27
29 104 1
32 104 1
13 93 33
32 91 15
30 75 16
30 90 33
20 114 8
32 77 22
17 84 2
23 105 -1
31 103 8
15 85 20
-3 76 3
10 87 33
30 94 26
-6 108 20
24 82 35
0 98 8
-3 85 15
13 112 9
30 87 10
5 89 31
10 106 37
16 101 13
6 78 3
13 95 19
-6 87 7
29 99 21
18 114 23
30 78 12
4 100 20
11 106 8
25 103 0
1 89 30
29 75 39
2 109 35
10 75 22
5 83 22
0 114 4
18 102 31
28 95 18
20 99 1
9 86 20
26 94 9
27 82 32
30 76 17
30 108 10
9 94 9
29 84 7
9 81 -1
28 107 13
22 91 -1
13 84 18
18 91 5
7 89 8
28 82 11
4 89 37
21 75 32
11 103 29
22 103 19
8 103 9
-7 106 23
14 90 9
4 115 35
17 87 10
2 115 22
18 80 3
24 82 37
3 80 27
-8 105 2
25 94 22
10 75 38
24 97 28
29 103 13
13 79 10
-8 107 3
1 110 12
-7 101 7
21 76 11
20 89 12
27 110 33
27 110 4
9 103 23
30 105 15
-8 115 13
14 80 37
-4 91 13
13 107 30
10 111 10
-3 89 8
14 95 23
-5 113 0
8 113 14
48 51 91
45 42 69
38 33 78
41 29 72
62 51 85
71 53 84
48 27 77
41 45 71
67 22 66
73 46 67
74 31 85
59 49 96
59 44 83
73 37 71
35 49 95
41 33 80
70 42 89
61 21 94
56 53 82
46 36 77
43 18 70
71 51 99
36 45 96
53 34 69
53 50 61
46 43 73
35 36 97
68 50 81
73 45 63
56 40 80
62 42 69
39 45 65
57 52 73
58 43 76
37 39 63
55 34 94
66 33 89
64 25 87
73 42 71
46 29 87
67 55 70
52 38 97
50 33 89
65 33 80
65 31 79
40 45 65
53 30 77
66 37 81
61 26 72
42 17 62
52 38 67
36 24 90
72 52 71
43 36 66
58 22 61
66 53 65
47 37 75
74 56 61
44 52 66
42 31 96
68 18 100
44 26 90
63 41 86
54 33 96
41 49 83
70 18 80
74 23 66
71 29 79
42 29 87
49 40 99
75 19 60
39 44 62
72 18 90
54 19 91
54 47 99
51 36 81
43 34 93
59 30 94
75 48 75
38 30 94
59 27 88
63 37 61
35 41 93
53 17 73
48 36 81
43 20 73
45 54 81
71 44 83
42 24 60
59 47 85
67 35 60
71 39 74
52 23 94
52 55 67
40 32 60
39 34 94
58 51 96
66 39 79
48 42 93
35 46 96
63 23 84
65 42 82
51 48 82
36 28 67
75 35 64
43 40 72
62 55 62
57 29 88
75 56 65
35 18 72
57 52 95
71 30 72
38 34 89
70 50 97
48 17 96
42 49 61
56 19 91
38 17 65
45 48 70
68 54 100
55 40 95
70 18 82
51 23 100
46 51 61
46 32 69
42 17 96
63 50 68
62 20 67
50 47 75
68 23 61
68 28 84
74 35 85
67 32 83
63 35 92
51 46 88
38 51 100
37 39 62
71 26 68
39 31 69
66 43 75
63 45 95
75 47 71
46 47 77
57 31 93
43 29 87
54 42 67
53 38 76
75 24 87
61 24 87
69 30 84
62 26 67
72 57 71
75 35 62
35 28 100
42 40 76
52 45 74
56 41 68
37 49 80
62 19 73
48 43 73
59 20 82
47 46 78
48 42 71
52 56 84
66 52 97
44 36 63
75 46 63
55 52 63
62 40 98
42 54 97
53 53 69
67 18 94
37 55 61
74 37 67
48 46 76
46 21 91
75 18 89
49 33 95
48 32 99
44 51 77
70 20 70
54 20 60
60 31 99
74 26 72
49 41 85
41 27 65
59 34 65
38 52 94
53 22 84
48 56 91
59 50 62
66 56 93
56 44 87
62 34 80
69 24 65
55 56 71
67 31 86
50 53 94
64 26 81
59 35 98
59 42 96
72 28 86
47 45 97
59 32 78
43 22 82
70 39 76
47 21 70
46 29 62
46 54 60
44 52 67
55 29 91
49 25 60
55 50 93
55 28 100
52 48 87
63 42 100
57 46 81
71 34 83
38 50 88
60 48 76
37 48 83
37 32 77
39 36 98
57 26 100
48 57 86
73 18 75
54 25 99
52 36 83
59 27 83
55 18 86
35 29 98
50 32 82
71 52 84
70 34 87
62 57 93
66 21 88
60 57 78
67 26 66
71 52 80
46 49 88
74 26 73
52 39 62
58 49 89
67 47 77
72 43 82
49 41 84
46 19 63
74 25 95
47 42 94
41 23 79
75 47 95
54 18 67
65 42 86
66 51 88
36 31 83
38 31 99
40 43 83
75 39 61
48 42 92
61 36 99
72 26 66
54 21 65
46 18 95
49 35 79
58 47 70
60 34 60
43 23 61
43 27 89
43 25 74
61 20 73
51 25 83
46 22 62
51 50 98
40 27 62
55 34 88
36 36 95
67 31 95
67 45 60
75 51 93
49 52 90
49 22 83
53 45 95
40 57 100
56 45 62
44 56 96
72 50 65
50 34 98
61 54 60
47 45 80
38 54 98
68 43 88
72 25 69
40 47 81
62 40 82
39 22 91
66 41 79
60 55 96
44 53 91
69 57 85
40 49 73
54 46 70
60 34 89
46 32 81
42 36 71
66 48 68
58 57 89
44 36 92
44 57 72
70 33 86
49 22 75
55 23 81
55 41 81
44 54 69
52 20 96
43 47 81
72 37 93
56 48 94
59 24 90
72 25 68
35 22 90
75 26 80
44 30 91
38 33 65
67 17 66
56 41 100
70 57 94
46 42 66
40 38 91
44 35 100
75 32 62
50 20 88
38 21 73
67 23 60
59 34 66
67 23 70
62 40 89
38 39 94
55 34 94
45 35 97
69 21 71
61 53 96
49 38 80
70 40 87
48 48 76
74 18 90
72 18 96
44 52 89
67 43 77
41 30 90
35 29 83
71 52 86
73 48 67
64 32 100
68 48 98
41 38 88
36 28 78
57 43 64
75 50 81
36 50 83
48 43 77
67 26 65
58 28 67
73 17 75
75 56 60
50 25 67
36 43 71
51 29 70
70 47 97
74 23 74
39 50 60
48 37 61
55 42 69
46 19 77
64 54 82
71 46 61
37 19 71
40 31 92
68 47 63
69 57 61
40 39 92
74 47 84
60 21 81
45 40 91
64 21 100
74 37 67
36 35 63
52 38 60
66 49 67
66 54 89
54 33 84
49 53 92
68 21 91
40 26 88
42 37 77
67 27 96
47 54 77
73 20 97
40 29 100
46 29 71
35 22 84
52 18 66
36 22 87
49 22 67
54 21 76
47 37 67
51 49 60
44 33 73
71 46 100
65 20 69
69 29 98
40 39 84
40 19 66
61 29 65
66 31 70
64 25 99
44 39 98
52 43 65
37 21 70
36 50 91
64 37 79
64 30 68
57 41 88
37 42 79
36 34 61
52 30 79
41 37 82
69 43 91
44 43 75
51 46 92
51 40 69
73 47 64
52 48 99
36 18 75
69 38 81
73 18 77
51 40 63
38 50 76
71 54 66
37 36 64
71 54 82
40 27 63
47 41 89
53 41 67
35 39 74
40 47 95
42 31 87
75 42 74
57 32 62
43 54 61
38 52 87
72 53 70
41 22 99
72 36 91
47 40 61
67 22 93
57 26 89
67 38 82
69 32 95
69 47 66
40 25 68
38 51 99
38 26 65
51 27 64
57 48 98
44 48 87
60 30 100
66 45 87
69 27 74
53 53 100
70 43 98
63 24 70
50 29 92
72 38 80
36 27 80
63 50 93
38 18 68
71 47 87
51 47 91
45 45 87
44 36 78
72 47 77
71 57 93
52 21 68
75 30 91
75 46 83
49 56 97
38 45 65
45 21 99
36 45 80
74 17 80
59 57 77
68 35 66
35 37 93
70 55 79
45 51 97
40 27 73
52 43 85
37 42 74
61 53 62
74 57 87
58 27 92
65 33 63
64 28 82
56 53 62
51 32 63
47 39 63
46 19 66
43 34 72
43 47 95
54 57 64
68 41 99
70 28 69
49 28 75
64 48 89
38 53 75
51 26 83
70 34 71
41 52 78
49 26 62
35 35 61
40 54 79
72 28 94
35 34 77
49 31 92
54 49 89
42 38 99
39 54 100
45 22 67
39 24 63
64 35 75
36 20 84
40 54 87
53 55 95
70 56 88
58 17 83
60 38 74
71 56 74
54 45 67
68 26 92
51 46 83
74 24 85
54 35 61
37 22 74
64 49 79
36 20 90
45 34 89
72 18 91
42 40 88
68 21 65
35 49 95
74 50 83
56 30 60
67 22 97
50 48 76
66 56 71
37 52 85
73 47 66
74 49 99
54 35 74
60 50 93
61 17 62
39 54 99
46 47 83
41 25 64
56 49 79
60 23 97
48 48 80
73 35 60
44 38 82
47 45 92
51 28 81
49 53 68
49 32 74
54 56 97
68 51 91
60 45 91
66 41 76
69 31 63
65 53 78
75 43 70
54 43 68
41 55 93
36 39 68
51 50 76
60 52 72
61 51 94
60 56 61
57 42 61
38 33 84
47 49 96
55 55 99
69 38 94
65 28 69
50 25 76
61 51 67
62 38 94
57 44 99
57 40 61
70 21 62
65 40 82
54 25 61
58 38 62
42 55 96
58 44 86
56 29 76
73 37 84
47 56 76
69 25 90
72 52 99
42 45 94
38 34 91
49 37 91
36 33 68
61 55 95
62 39 88
59 33 82
54 37 77
60 23 66
65 25 66
72 44 64
47 57 65
36 18 76
50 54 67
62 33 84
38 53 76
43 21 94
46 45 62
36 48 89
53 47 97
49 22 97
72 31 91
65 36 100
42 47 68
43 40 98
67 17 69
69 35 99
56 17 88
73 34 81
49 21 99
55 19 66
74 36 95
47 17 81
52 26 67
66 18 95
47 39 98
71 18 78
37 40 67
66 34 99
48 35 80
68 17 70
38 24 78
43 45 63
62 50 89
44 38 96
54 57 96
66 44 100
64 40 62
61 42 100
41 32 81
49 51 66
71 33 92
61 40 82
52 43 80
50 23 96
72 30 67
53 23 98
64 53 82
66 33 85
71 39 84
36 56 74
51 28 60
70 43 73
53 18 61
75 20 63
43 29 84
50 53 97
49 29 99
70 33 91
52 27 99
70 31 88
55 41 61
59 51 74
50 40 64
74 18 92
56 35 88
39 49 72
47 51 69
44 17 93
63 21 85
43 48 68
65 26 69
51 53 91
38 40 80
46 38 94
53 38 97
72 52 99
60 56 87
39 53 84
53 39 100
57 41 85
42 34 92
66 18 98
61 20 75
45 18 71
61 50 79
37 19 63
49 25 85
56 48 60
57 44 94
43 44 68
38 42 70
54 19 83
67 56 86
51 41 98
53 39 82
54 40 83
50 33 77
75 24 93
55 19 70
45 17 77
44 31 84
71 18 97
65 45 84
37 52 80
70 26 93
46 35 85
70 56 94
53 33 70
70 24 90
55 33 88
40 53 66
55 44 90
49 47 93
43 29 95
42 56 61
55 37 91
66 30 96
73 34 94
51 49 63
64 27 90
71 21 61
74 26 87
56 32 78
70 33 95
69 32 73
60 52 87
39 40 87
43 44 100
53 27 100
75 36 86
63 56 66
50 51 87
71 30 66
73 46 100
61 47 82
47 32 88
49 17 64
59 30 63
37 27 64
51 38 97
73 27 80
44 43 85
48 24 67
72 47 65
43 20 100
70 52 94
66 37 60
42 56 72
73 37 72
45 37 83
55 47 97
59 36 71
47 43 79
72 55 60
61 39 81
51 24 76
70 36 90
74 30 67
40 20 78
43 39 61
35 41 94
55 31 69
39 26 94
75 34 85
62 55 90
46 30 85
37 47 91
66 49 67
48 50 60
37 50 78
37 48 63
67 41 64
46 40 74
66 23 77
54 25 81
56 46 72
53 41 63
61 34 81
35 51 65
43 17 60
56 46 97
58 36 86
70 35 71
59 53 61
66 44 94
75 41 72
63 23 88
38 38 60
60 29 92
37 30 66
40 42 77
73 53 61
73 52 90
70 36 61
58 24 97
64 51 87
35 38 64
73 27 77
36 56 73
48 17 61
72 37 70
70 45 97
74 18 81
53 29 79
56 56 66
62 56 70
44 30 88
66 28 71
39 57 90
61 40 74
43 49 66
61 35 89
53 38 71
70 55 68
60 28 70
57 49 83
65 18 89
39 55 70
54 38 65
67 30 100
37 51 70
52 30 72
74 32 61
40 46 64
51 18 60
53 45 74
52 48 60
61 31 87
37 24 85
67 48 65
43 26 79
48 41 91
47 53 92
67 20 74
51 51 79
49 19 99
62 53 79
68 45 87
66 33 90
61 35 67
42 18 79
38 50 94
71 57 87
52 27 92
64 51 87
52 41 80
65 24 78
57 27 62
37 26 89
43 34 64
68 48 84
51 34 71
54 41 77
45 44 91
53 57 92
71 34 92
38 45 83
50 54 86
60 49 63
47 52 84
74 40 99
72 18 73
60 19 69
37 46 75
47 49 83
52 33 72
64 18 71
55 17 96
40 20 86
54 49 62
61 27 81
51 23 99
72 51 90
63 38 79
63 38 67
69 50 60
69 17 68
65 34 63
72 49 79
55 21 80
40 56 90
56 44 81
43 54 60
69 26 70
44 34 90
73 22 78
72 29 76
58 42 64
44 31 60
46 56 94
49 48 72
52 23 65
47 46 85
35 54 65
39 22 61
57 28 60
71 32 85
74 35 77
53 41 75
67 37 62
62 25 94
46 41 88
45 17 76
54 24 99
40 39 71
45 29 93
46 26 94
67 57 91
57 26 84
40 29 77
59 46 72
65 42 79
66 45 80
65 20 71
62 21 92
74 45 72
74 20 70
56 37 82
35 46 76
69 31 68
72 54 92
64 23 67
68 49 83
58 56 87
70 49 87
74 29 91
47 19 83
62 21 79
51 34 89
41 24 82
64 31 85
47 17 79
38 45 88
57 43 65
49 45 60
55 38 60
58 33 96
47 21 73
39 27 92
73 20 91
52 39 62
74 44 76
41 36 83
56 42 80
47 40 65
58 23 72
68 18 67
40 56 65
67 26 87
36 54 81
47 52 84
69 54 68
52 25 64
67 37 94
46 24 79
69 17 91
42 39 85
46 56 66
72 51 76
40 31 79
69 40 71
73 50 97
56 22 73
73 27 69
48 41 82
70 42 84
52 18 94
75 40 85
58 31 72
70 56 90
44 33 90
46 28 99
56 53 92
42 23 80
71 31 81
45 56 100
57 43 93
72 53 79
36 22 93
45 17 80
70 22 81
56 20 85
58 34 80
73 33 80
67 45 71
50 19 94
40 29 81
35 48 100
62 43 79
45 38 88
44 39 66
70 50 84
45 29 88
42 28 68
65 25 61
39 57 61
67 27 68
71 54 71
69 26 60
70 34 80
52 40 76
41 51 69
67 57 96
50 22 71
53 45 80
44 33 70
38 28 99
72 36 83
66 29 61
45 38 80
66 19 62
37 34 85
48 52 81
44 26 84
47 55 83
73 34 81
70 55 75
73 50 92
66 51 98
71 22 69
67 48 75
72 26 63
40 44 65
35 44 67
56 44 65
49 42 65
43 38 68
40 40 71
65 51 67
45 48 99
52 17 60
40 53 60
70 29 97
40 34 83
71 30 77
75 27 81
75 31 62
67 22 91
74 42 99
61 54 69
43 52 75
35 34 65
54 39 95
67 32 60
46 40 92
66 31 92
58 39 67
38 36 64
73 43 93
56 48 72
42 47 65
74 41 93
72 37 74
67 46 98
39 46 60
63 48 76
72 32 60
37 57 64
37 40 90
75 30 84
56 22 90
55 50 84
66 44 76
40 41 75
38 36 99
41 23 67
63 33 77
67 43 76
46 36 82
47 47 84
43 37 76
41 48 91
63 39 64
43 34 83
75 32 73
69 21 65
70 51 98
52 51 93
67 27 71
49 42 83
63 54 99
44 31 62
56 55 70
43 49 75
45 44 78
68 28 72
68 31 99
43 30 93
49 38 100
48 46 65
60 52 88
69 31 72
57 27 99
65 37 99
39 53 72
41 33 81
72 25 61
53 22 88
61 17 60
56 19 74
41 30 69
73 18 97
49 20 61
35 56 93
63 20 86
67 25 86
75 45 90
63 43 83
44 51 74
57 26 91
39 46 67
75 50 84
60 48 97
48 21 100
53 55 77
73 20 61
37 19 82
51 40 72
53 27 100
39 25 62
49 31 60
67 31 86
74 30 78
58 48 95
74 57 86
72 49 95
49 29 76
42 26 99
49 46 84
36 35 79
65 48 66
54 44 99
45 43 75
41 19 80
66 23 71
75 50 70
36 53 79
35 49 95
74 47 78
73 47 69
47 52 73
39 40 74
74 39 79
62 47 92
56 38 97
36 48 97
59 50 91
64 47 65
46 20 78
72 33 64
75 31 66
43 53 87
50 55 67
61 51 72
58 55 98
37 21 94
50 29 76
68 42 73
48 51 77
55 31 86
44 35 82
65 42 90
75 33 99
51 32 64
53 53 92
50 22 98
54 25 85
71 34 77
66 43 76
63 55 96
58 37 88
39 41 80
37 45 92
72 45 77
73 37 99
37 37 85
59 33 86
70 26 75
47 26 75
69 54 96
38 36 78
74 34 92
53 54 91
44 51 92
42 49 99
52 40 61
64 41 93
70 37 95
38 22 81
64 54 79
54 35 82
61 33 91
53 46 70
60 39 97
39 51 85
54 31 60
61 41 70
43 22 89
74 35 86
69 52 70
58 26 60
62 47 76
47 43 84
52 38 70
70 34 68
44 25 65
73 37 90
40 29 91
41 19 67
64 50 78
54 40 72
39 26 64
45 33 66
62 53 84
36 40 62
52 40 68
54 33 60
71 40 71
49 46 100
41 52 61
74 33 65
75 33 96
58 33 76
65 40 77
59 37 73
56 40 62
72 55 92
57 22 60
52 50 85
61 49 91
74 36 77
48 50 94
70 47 94
37 31 88
69 19 73
40 22 67
62 19 79
69 32 93
69 35 64
65 20 97
40 49 70
39 17 88
50 42 98
56 44 61
66 31 73
59 38 66
45 40 66
67 48 72
54 38 88
36 37 62
70 36 66
35 56 68
60 25 100
70 18 77
53 54 90
52 54 77
72 36 80
60 36 90
40 24 63
52 35 64
53 35 63
73 57 89
75 33 77
50 52 87
38 27 94
45 27 70
66 25 64
38 33 80
62 52 96
72 39 86
42 22 92
56 36 95
56 34 88
44 35 79
49 55 70
61 23 92
75 36 89
74 36 71
49 57 92
43 47 66
37 36 96
42 47 84
54 18 62
42 31 90
49 31 65
49 26 67
64 42 76
39 48 91
55 52 85
44 56 90
65 35 93
69 52 68
56 45 69
73 34 95
62 25 62
37 35 67
40 38 86
68 51 93
61 57 71
59 32 92
74 35 72
60 24 73
39 47 71
66 34 80
63 47 71
40 42 61
52 39 88
60 57 78
65 42 83
72 54 95
39 39 60
66 35 91
49 36 91
37 31 97
46 29 78
67 41 77
73 27 86
38 45 66
68 36 89
61 20 91
40 50 60
65 21 98
45 33 71
60 24 85
36 52 80
75 26 99
51 42 70
42 45 83
68 54 94
75 24 69
59 34 81
43 49 77
61 46 80
75 48 83
43 40 75
39 47 84
58 36 85
51 18 94
53 50 98
48 56 72
66 18 64
38 56 88
45 17 81
53 44 69
41 42 61
71 29 88
38 41 64
67 23 99
56 20 78
48 45 71
62 54 94
58 30 71
68 54 84
48 38 67
36 48 61
49 39 78
62 54 81
48 54 81
51 52 84
52 39 73
73 55 81
46 38 98
39 30 88
59 35 89
55 46 78
48 18 65
68 30 83
75 52 82
59 49 66
41 20 91
74 18 97
71 31 99
37 28 90
42 57 81
61 27 75
41 21 94
44 42 80
36 18 99
74 28 97
61 19 61
73 50 63
36 35 76
46 18 65
67 54 91
41 17 88
46 18 76
72 57 98
54 49 66
52 23 64
41 52 75
65 46 91
67 18 73
68 17 71
66 22 81
47 37 81
69 17 77
43 36 82
35 22 71
67 26 70
57 22 82
36 49 85
65 36 95
35 24 87
49 19 99
57 45 79
38 22 100
43 19 84
45 30 64
69 47 87
53 53 96
72 30 85
75 38 87
57 33 94
39 33 65
49 34 76
55 20 92
67 45 66
41 49 88
43 52 87
35 52 88
42 26 78
70 51 99
65 30 70
55 43 100
41 45 99
74 56 68
50 18 92
70 49 68
57 22 69
53 52 70
67 50 69
35 38 82
58 47 85
74 51 78
50 40 95
67 35 99
53 48 80
39 55 65
70 46 86
62 21 74
56 35 88
58 25 100
53 47 84
70 36 65
49 18 66
60 30 60
41 17 71
64 18 96
50 41 89
53 53 70
59 29 86
74 41 63
60 46 67
59 57 61
46 44 77
44 36 92
37 17 91
39 38 89
52 31 70
68 17 93
58 42 70
42 36 68
74 44 92
61 52 81
73 20 64
39 41 94
61 53 86
44 56 94
37 19 65
58 30 60
45 20 91
37 36 98
45 36 84
40 34 80
58 21 86
73 18 77
52 45 61
49 57 75
46 21 85
55 54 91
68 28 97
37 20 82
47 54 80
75 49 96
37 47 94
39 29 69
45 42 100
63 54 70
55 23 76
75 41 91
74 23 65
40 23 71
36 44 75
60 37 96
56 32 89
41 23 78
59 50 72
68 52 63
43 46 78
74 21 74
35 42 84
40 31 66
75 23 100
43 45 62
65 53 91
48 54 70
53 33 86
71 33 94
66 56 92
41 44 84
53 38 89
42 33 79
40 27 69
37 44 95
38 28 78
37 34 69
62 24 71
70 44 91
57 20 81
52 24 86
60 27 78
45 31 78
50 52 100
42 29 60
38 20 100
37 52 96
74 23 96
66 21 98
44 45 88
40 41 63
74 26 80
43 53 82
61 32 90
48 42 81
44 20 95
75 42 63
71 34 98
59 35 69
42 27 60
53 52 86
44 40 69
64 27 73
69 39 92
61 21 87
38 46 99
54 50 94
69 17 94
51 56 76
37 32 94
44 25 70
37 31 86
59 50 99
46 52 78
57 41 91
70 21 75
67 51 84
40 26 89
42 45 81
35 53 71
59 28 93
59 21 75
35 18 90
45 38 78
69 32 94
43 24 69
41 52 97
35 26 77
72 39 80
40 22 77
61 26 95
70 23 86
53 50 89
47 49 89
60 52 87
75 53 100
61 22 72
66 41 67
67 28 66
61 17 96
38 44 89
61 53 91
67 36 72
68 51 80
67 56 92
48 44 94
41 29 92
74 19 63
50 21 71
55 32 62
49 57 60
37 40 82
70 27 85
52 43 74
72 47 77
58 17 90
50 50 66
51 25 78
46 50 75
42 52 63
47 21 71
59 32 79
61 28 96
71 36 62
73 27 91
47 49 70
43 24 77
54 45 100
46 33 99
45 53 66
67 33 64
73 52 87
68 30 61
35 28 100
61 33 89
73 48 74
56 54 94
71 30 89
47 27 72
72 18 67
40 27 64
37 34 99
68 51 73
53 35 100
53 25 90
54 35 95
56 49 81
59 47 76
35 20 74
66 28 78
64 30 78
51 49 63
57 31 73
67 44 81
72 46 72
70 44 85
63 30 83
58 34 71
49 24 96
41 18 84
54 48 63
65 43 88
64 51 95
50 22 70
47 53 89
67 29 95
39 53 62
75 36 97
70 32 81
57 33 61
69 40 98
71 37 98
57 51 95
70 30 62
55 41 64
51 39 75
66 21 67
44 25 65
74 38 95
69 27 73
69 26 85
47 40 83
57 19 74
61 45 85
36 35 97
55 49 86
69 41 61
53 23 97
40 40 71
38 21 85
54 57 77
53 35 77
70 25 65
61 28 95
39 28 73
55 17 73
36 32 88
53 28 97
64 49 71
65 39 63
53 37 87
66 35 94
74 34 76
60 28 100
74 22 77
74 18 84
44 46 87
73 48 86
75 51 93
50 39 73
51 42 60
47 45 72
69 34 96
37 44 92
57 56 65
60 43 69
71 51 60
46 45 98
63 21 85
35 18 60
39 45 84
35 40 83
59 23 67
36 45 67
64 46 63
70 57 83
72 30 77
39 19 98
38 18 99
59 26 100
72 20 74
55 17 89
68 23 77
54 24 74
43 46 70
58 18 77
52 33 68
69 26 62
67 19 91
47 49 60
41 52 74
55 51 87
62 46 84
42 56 91
48 28 90
50 34 79
67 46 91
63 51 78
60 18 62
37 43 87
72 19 95
72 46 89
45 55 74
67 55 87
49 29 82
58 23 83
54 36 93
38 18 83
54 27 65
65 37 80
69 32 96
62 20 100
36 48 90
70 38 69
48 30 77
35 29 99
51 23 79
73 25 79
62 48 79
40 55 68
66 33 72
72 22 88
48 32 92
70 31 77
57 20 98
67 20 65
66 39 90
55 24 66
50 20 82
41 32 92
52 49 60
37 54 76
37 45 75
54 34 95
74 33 86
68 25 84
53 56 84
71 49 97
66 57 66
45 42 94
66 19 60
49 31 73
67 44 83
46 48 98
38 48 95
40 52 72
72 25 93
54 32 69
59 39 98
65 26 95
50 43 71
49 50 80
58 48 87
52 28 88
41 29 61
37 47 77
57 36 98
50 26 89
65 21 67
64 55 73
57 18 94
46 32 70
62 18 78
72 47 74
39 35 67
59 26 60
63 53 81
56 25 85
38 26 72
35 18 96
38 17 90
73 18 94
51 25 77
41 20 68
51 38 61
50 19 97
54 31 91
64 32 77
52 32 99
70 32 75
36 27 92
50 38 78
54 29 85
60 47 93
36 55 68
59 42 95
44 22 89
70 17 69
53 22 72
67 53 67
41 30 100
69 45 68
69 53 65
74 32 74
73 42 73
48 43 98
73 33 89
57 29 81
75 21 100
52 55 78
56 35 60
64 36 98
55 36 90
36 34 99
75 26 92
62 22 82
41 45 78
75 45 62
75 47 93
48 27 69
46 29 69
56 44 81
43 53 83
59 48 62
41 33 60
57 34 78
53 51 94
35 53 99
55 23 68
36 25 76
74 41 100
48 23 96
68 17 62
65 54 73
36 27 67
71 26 98
39 30 80
47 22 87
57 57 81
71 44 85
40 41 73
59 25 60
39 44 72
64 49 75
65 32 78
65 52 71
69 19 87
47 27 91
67 30 71
70 46 87
57 36 100
64 39 76
70 45 67
60 29 64
56 21 73
68 47 61
60 23 84
49 25 93
64 31 99
51 40 70
48 41 98
45 24 83
65 40 86
70 27 86
51 29 95
63 34 99
50 41 71
61 40 84
64 39 88
47 19 92
72 18 91
44 24 64
74 28 78
67 25 77
56 40 73
72 44 88
55 21 67
50 29 84
57 20 96
51 22 60
67 52 69
72 44 71
60 20 64
51 18 64
50 27 76
35 27 91
48 30 87
69 46 72
46 32 62
57 41 99
72 25 99
59 34 73
68 53 67
40 36 79
60 21 75
71 26 61
66 42 97
44 43 96
56 43 68
66 33 88
54 57 69
52 20 86
62 20 82
60 28 69
43 37 80
71 18 72
43 41 64
43 36 76
68 29 93
42 34 61
73 30 87
44 43 89
61 57 86
64 56 62
50 35 69
44 49 91
60 28 67
67 36 62
62 17 93
57 30 71
70 38 90
65 49 75
57 35 61
47 41 92
46 17 85
44 32 66
51 48 74
68 51 97
43 23 100
42 45 71
75 57 69
53 57 94
42 33 80
50 19 92
67 21 83
65 45 71
64 47 85
52 18 75
40 48 81
50 42 85
42 26 90
58 27 66
39 44 81
75 57 76
61 17 76
51 38 65
67 23 92
73 42 88
63 23 68
59 56 65
63 28 97
54 37 94
35 53 99
70 45 73
59 50 68
45 54 83
44 57 70
36 26 60
70 22 79
42 25 79
59 38 66
71 79 54
101 67 39
76 82 49
95 95 56
103 66 42
109 89 67
96 69 35
88 83 42
75 88 56
95 76 32
82 87 71
73 80 58
73 90 50
98 79 33
96 70 59
95 81 53
83 81 63
94 84 57
82 79 44
83 61 31
86 59 45
79 69 56
74 89 37
73 69 57
72 72 48
111 69 66
77 82 57
71 58 39
101 66 32
97 85 31
95 88 63
71 59 57
89 57 48
97 83 52
108 63 38
107 84 64
108 67 42
96 62 66
81 59 42
85 90 56
72 82 49
72 73 55
92 61 57
96 93 46
85 74 46
102 59 63
110 82 44
81 85 44
102 94 37
101 71 51
101 70 68
111 58 55
73 61 47
109 97 51
105 62 53
111 71 43
93 66 32
75 67 62
98 80 46
93 80 43
95 85 69
99 64 62
103 84 38
79 97 46
85 94 60
111 95 39
103 76 32
96 74 62
104 71 55
81 84 64
106 95 37
88 76 36
110 71 49
97 95 62
103 70 58
110 93 43
88 77 40
89 94 55
91 92 44
76 75 60
71 95 60
85 84 69
93 67 39
104 66 34
106 68 37
83 78 43
107 82 41
72 83 55
106 77 66
101 76 65
73 71 45
85 71 69
79 59 58
73 95 52
73 76 65
107 68 71
87 63 46
92 63 65
107 89 53
98 69 33
106 77 62
88 92 33
92 91 37
111 62 33
72 72 52
82 67 34
85 96 64
85 82 49
98 58 69
83 75 63
79 96 31
91 76 68
104 57 56
110 93 59
75 87 35
71 78 41
99 78 34
108 94 67
81 83 46
75 78 50
110 63 54
75 83 33
83 73 48
89 85 69
87 89 65
109 75 40
85 88 65
109 97 55
100 89 34
107 65 39
111 77 40
84 68 42
85 72 40
96 69 53
74 68 36
88 78 49
75 81 38
83 78 50
76 90 50
73 72 56
109 59 51
91 90 53
76 78 33
80 79 49
75 80 41
82 80 62
110 58 59
93 94 67
93 77 55
84 67 47
78 88 56
84 74 60
106 57 47
110 85 67
87 88 40
97 57 60
71 66 33
78 94 62
101 97 67
74 80 49
76 61 51
101 57 71
104 73 55
72 74 49
89 65 44
79 59 31
85 79 43
111 96 58
110 59 70
108 95 47
82 63 43
87 57 52
86 57 50
71 85 56
103 77 49
73 92 32
93 88 34
101 79 58
101 86 44
93 68 41
89 86 56
103 81 41
84 80 52
104 71 40
83 81 60
73 74 48
108 95 49
102 74 71
84 94 71
103 67 66
74 95 38
71 70 69
84 61 47
93 68 67
86 82 61
92 97 61
80 82 69
106 70 53
76 70 39
88 73 33
88 60 66
98 97 68
103 76 60
95 77 41
88 59 32
96 80 41
106 84 45
104 69 43
107 93 54
107 73 55
103 91 54
87 76 46
93 73 70
88 80 56
92 79 53
93 65 62
94 66 55
77 89 36
83 78 34
92 77 64
82 78 55
87 95 40
91 63 35
94 94 40
99 75 53
80 68 34
110 74 45
111 57 36
87 78 41
98 76 54
73 92 35
75 89 35
98 57 33
89 96 71
99 79 48
77 87 64
111 77 68
73 88 54
88 78 33
87 94 69
100 68 63
88 79 44
98 84 49
81 82 55
89 90 52
86 91 58
106 78 31
96 68 55
72 57 38
88 81 40
77 70 42
80 96 44
89 94 66
77 79 62
94 94 64
109 95 35
83 93 63
101 58 31
110 84 38
86 66 32
88 63 54
78 78 39
110 79 66
106 72 71
96 57 34
76 64 50
105 90 71
74 71 43
84 63 71
89 78 35
79 96 40
86 84 52
81 74 49
109 63 46
94 67 54
74 78 59
89 73 57
96 94 47
93 57 35
87 65 58
111 61 60
110 97 33
71 73 56
77 67 43
100 83 68
84 73 52
99 93 67
81 87 47
104 75 59
100 87 37
95 81 51
87 89 40
79 64 64
99 78 60
91 73 44
96 77 52
78 91 56
80 79 51
109 60 49
95 92 59
106 87 53
73 69 54
89 79 66
77 64 42
83 64 61
103 92 51
82 67 45
83 87 61
109 76 70
85 81 41
93 81 71
89 89 59
84 63 69
109 77 60
102 78 44
91 59 50
111 73 37
111 69 66
100 58 55
78 64 67
108 73 64
109 71 43
72 69 49
94 75 32
91 90 45
81 81 33
97 84 47
101 88 36
86 76 40
84 57 47
74 68 60
71 78 57
106 84 42
99 62 37
86 93 33
105 89 64
110 80 42
84 97 59
87 73 48
76 61 36
106 95 37
76 58 51
109 67 53
79 88 49
85 96 41
98 63 70
101 76 53
103 85 60
104 79 56
86 92 41
105 79 55
109 94 50
71 74 65
84 79 37
83 95 51
101 93 39
111 80 52
91 77 36
79 61 35
105 65 33
106 81 44
93 67 39
80 93 34
103 80 66
82 89 56
109 62 44
101 60 63
102 74 55
97 61 51
103 72 71
101 59 40
95 83 64
77 78 70
92 74 58
110 78 37
75 86 60
89 85 61
81 66 46
91 64 63
79 57 67
89 92 65
110 68 56
109 95 56
109 78 38
105 69 57
98 94 55
105 76 44
86 65 61
96 73 38
111 66 68
97 57 34
99 59 46
108 70 67
72 88 63
105 75 70
80 85 53
82 63 45
92 84 41
102 67 56
111 57 32
98 68 54
110 97 69
87 92 61
97 68 39
106 75 61
91 62 38
79 59 70
99 85 35
76 61 66
100 88 50
91 90 56
83 68 48
104 75 45
81 70 34
74 61 31
100 82 61
86 58 62
94 61 52
94 87 32
94 73 46
80 67 66
73 97 62
78 71 31
106 68 45
98 59 40
77 71 70
102 88 68
92 87 37
97 62 54
104 95 58
75 74 40
100 71 63
103 61 68
84 67 34
106 74 36
83 70 60
111 79 56
85 76 42
92 96 64
89 60 64
77 85 48
80 94 70
97 95 36
88 95 52
84 63 44
105 68 52
87 80 36
76 71 65
74 82 38
105 93 49
91 73 46
97 71 36
86 79 69
75 70 34
106 70 32
74 76 46
91 70 52
101 87 66
83 74 58
105 93 63
83 77 71
88 72 46
78 78 62
77 91 32
73 76 61
104 65 42
89 90 52
99 67 36
110 87 49
78 73 38
83 92 53
110 79 31
106 94 35
80 80 40
101 89 70
84 57 63
92 69 71
81 95 51
108 78 40
105 94 59
97 77 69
102 82 47
101 79 45
85 60 55
107 58 56
83 91 43
72 73 36
72 63 56
77 92 41
75 66 33
75 96 38
85 64 46
78 74 39
99 64 34
82 85 51
82 93 59
102 82 62
93 61 46
78 78 47
98 88 39
86 63 38
102 91 62
90 64 48
87 82 35
76 60 41
85 77 57
97 84 33
93 71 50
110 66 44
104 92 64
93 94 60
106 75 43
97 61 50
94 64 55
108 80 61
82 92 51
81 73 61
77 63 64
96 87 58
102 81 50
75 86 67
80 67 37
80 87 60
110 85 54
81 72 37
96 69 34
100 70 47
103 89 52
98 68 52
79 93 69
106 86 35
103 59 42
99 60 65
98 66 40
106 72 49
102 78 50
93 58 64
79 82 37
72 71 40
89 58 61
82 67 33
88 93 41
106 69 33
73 61 69
77 84 31
106 88 47
97 67 53
102 89 48
107 94 49
108 58 71
99 81 45
96 81 38
102 65 48
100 91 45
80 73 33
78 91 60
71 87 34
71 84 67
108 64 63
81 85 45
87 77 41
105 71 45
104 87 37
110 85 44
75 60 42
77 93 42
100 89 32
87 83 38
86 93 46
97 90 59
77 90 43
76 63 70
107 95 34
104 65 53
97 66 35
97 86 39
79 95 67
98 64 45
85 62 31
86 71 46
75 82 60
96 67 64
104 82 58
91 72 33
90 61 64
103 69 45
105 82 41
106 58 54
109 85 50
102 82 44
73 72 53
87 75 65
90 72 66
75 82 56
89 88 46
109 72 44
101 86 52
98 78 42
84 86 60
88 97 57
71 61 41
72 81 32
101 64 31
98 79 40
101 87 49
89 91 36
93 86 56
71 71 48
89 77 49
72 57 44
95 59 38
97 84 32
103 79 69
93 69 53
85 60 55
108 69 44
86 89 62
97 91 39
83 72 62
102 63 37
106 87 64
109 84 31
72 75 32
107 68 45
93 88 53
78 69 46
99 84 67
87 96 39
86 86 68
111 95 46
76 77 35
103 92 67
109 86 69
107 83 54
111 69 37
95 57 65
83 95 54
110 91 35
109 72 67
99 76 64
88 64 40
85 57 48
104 67 38
85 71 70
82 89 56
79 66 50
82 84 60
102 93 47
84 94 50
101 72 49
108 70 70
107 67 44
96 83 36
99 57 34
92 81 58
109 81 68
84 96 59
107 78 57
100 71 70
74 62 42
88 65 38
80 62 35
93 72 31
101 70 62
76 72 69
74 57 47
90 92 40
89 67 69
100 63 53
100 92 52
85 74 37
78 86 69
97 62 44
94 94 71
78 75 67
103 86 60
71 76 58
72 61 32
75 79 60
97 77 67
85 72 43
90 60 49
98 95 61
96 72 69
108 83 49
83 97 34
78 78 31
86 92 45
85 92 33
73 92 46
86 62 69
85 66 31
105 87 65
95 61 43
108 89 62
97 63 57
82 80 55
84 95 66
78 70 38
97 64 50
97 79 71
87 75 40
93 85 50
104 85 48
83 64 49
81 78 60
80 63 61
104 65 52
104 82 52
89 65 59
93 75 51
99 95 35
107 89 48
104 62 53
103 82 56
100 74 63
93 80 70
103 75 36
81 58 45
101 64 57
94 82 47
94 58 59
94 91 35
73 79 50
86 95 36
109 91 57
105 70 63
103 57 70
105 82 68
95 59 44
94 86 54
95 85 54
105 79 54
77 85 60
86 91 50
109 86 66
80 83 39
72 71 53
94 59 70
102 70 54
83 79 56
103 57 32
98 83 50
111 74 44
96 82 38
81 80 70
79 80 52
104 93 70
107 78 62
95 79 65
100 61 47
100 94 45
105 64 63
74 65 45
107 82 49
83 89 53
88 86 34
103 95 52
97 69 57
78 76 69
102 59 69
71 66 34
72 84 48
96 72 67
81 59 41
78 60 36
97 83 63
84 59 60
108 80 59
102 71 69
84 65 68
111 90 31
86 93 59
97 79 47
84 64 32
108 66 46
91 73 45
75 62 43
80 65 56
96 64 37
96 79 52
86 84 40
87 78 41
90 68 54
84 86 66
77 75 38
97 57 54
78 84 69
77 94 45
110 91 71
94 79 47
80 92 53
93 88 59
96 93 46
99 89 53
102 78 43
85 76 58
74 66 34
87 87 35
109 95 47
110 77 43
103 64 48
108 96 48
83 83 66
88 88 69
73 63 34
81 94 70
83 90 66
89 87 71
98 81 65
88 83 33
80 97 63
111 64 46
87 71 60
106 89 71
74 64 64
92 60 47
76 63 67
74 66 31
77 84 48
99 91 42
111 70 50
73 66 47
110 66 42
78 75 57
83 80 53
73 68 42
99 90 34
99 83 42
88 94 68
110 89 50
108 63 68
75 75 31
98 97 37
83 72 52
97 89 68
100 87 59
105 95 58
79 95 69
72 91 35
100 81 71
96 78 42
98 66 50
88 65 68
91 69 64
101 57 59
104 85 58
71 79 34
83 84 62
84 66 47
77 84 41
106 71 55
79 78 41
111 88 57
80 85 54
79 81 41
96 62 69
99 96 43
94 79 41
72 89 59
79 97 55
91 61 59
98 76 34
97 95 32
99 94 61
83 95 55
107 66 66
83 63 46
94 69 62
81 94 64
72 86 61
71 63 62
97 76 36
90 61 56
84 95 49
106 97 47
100 97 45
72 73 66
81 68 53
90 68 32
84 80 50
89 76 62
81 72 50
90 87 61
109 81 46
89 74 35
96 87 55
80 75 36
105 95 57
104 86 49
96 77 34
109 86 50
109 64 62
86 85 43
105 97 71
107 58 56
85 63 47
103 69 56
105 81 50
78 97 48
73 74 48
93 82 37
87 88 55
111 64 66
91 66 37
93 76 57
100 97 68
107 80 63
84 66 56
90 78 50
105 76 71
99 84 36
98 58 55
87 61 60
102 80 41
96 67 34
87 88 41
78 76 69
107 73 60
103 88 31
102 71 51
104 65 71
95 73 37
82 68 70
85 86 63
91 84 40
98 81 64
75 81 63
75 77 32
97 88 45
99 66 63
85 60 56
95 65 42
100 76 32
91 64 52
97 71 66
111 57 43
107 68 48
86 80 55
109 67 52
109 76 58
90 84 47
97 71 62
110 73 43
105 87 68
78 78 39
77 85 54
77 74 70
80 59 53
93 89 37
98 94 31
77 89 31
75 61 49
86 77 34
103 67 59
84 80 53
84 73 67
96 81 57
83 58 54
108 78 69
102 59 49
96 66 35
109 94 61
83 86 44
108 94 34
100 61 34
87 88 71
85 65 58
78 58 48
110 74 45
97 62 65
105 61 58
71 58 31
94 86 69
80 92 35
88 94 60
109 78 68
83 77 43
86 66 33
93 66 70
74 76 60
86 65 63
86 59 69
97 97 53
96 89 39
80 63 36
83 78 53
107 76 53
71 77 50
81 62 67
106 94 55
109 86 66
74 94 68
97 73 43
89 95 36
71 69 36
103 96 65
88 73 36
98 65 34
110 60 70
103 63 49
87 84 50
77 84 63
98 86 65
83 87 65
96 87 68
96 71 33
92 61 70
94 62 36
76 87 37
77 60 52
100 85 55
95 78 36
88 66 57
80 86 35
98 84 46
90 76 59
101 89 56
84 63 50
101 73 67
107 62 57
82 89 59
94 95 66
95 83 38
93 97 44
73 64 60
79 67 38
93 64 40
91 62 45
110 73 54
95 89 49
106 84 49
80 82 39
104 63 51
71 96 71
92 87 69
75 58 67
92 82 58
95 96 59
81 67 56
83 74 70
75 66 54
107 75 62
77 76 31
96 57 35
108 80 52
82 89 42
84 81 37
110 63 36
98 82 41
107 77 60
109 68 53
106 91 49
107 72 50
105 67 45
101 59 69
109 77 45
74 75 31
100 89 57
99 70 45
92 68 64
71 70 42
91 68 48
78 81 50
96 73 45
80 58 68
89 81 58
77 69 58
73 75 69
93 71 38
100 95 55
84 68 50
89 74 61
96 57 49
78 86 66
82 86 38
105 60 36
92 89 56
84 60 44
106 66 51
94 70 50
107 81 44
97 97 47
107 79 52
80 86 46
79 71 49
78 70 32
97 74 31
99 66 69
81 66 69
88 83 42
109 67 57
103 92 51
78 93 33
85 67 41
91 66 35
71 85 47
89 66 64
111 72 49
84 82 41
89 94 44
82 66 44
79 79 42
108 59 44
83 68 58
89 62 57
109 89 68
104 93 45
95 92 55
110 72 55
72 89 43
79 72 71
101 60 63
86 82 38
94 93 34
98 87 34
95 74 44
83 90 55
99 65 64
96 78 58
73 59 52
83 66 40
93 79 56
82 60 41
86 63 65
93 70 45
73 97 42
98 77 61
103 95 52
99 79 69
77 87 56
77 81 65
99 97 55
79 61 53
103 72 48
105 73 54
110 83 60
86 66 40
101 86 31
75 81 61
71 81 48
75 86 53
91 74 67
79 84 56
73 93 47
89 74 45
78 68 35
99 76 63
99 82 69
73 90 44
91 57 63
83 97 53
77 78 32
101 60 32
92 76 52
85 90 56
81 95 38
99 74 49
101 61 38
111 77 33
79 74 47
78 95 35
105 93 55
96 59 37
108 83 42
101 79 49
108 67 63
95 67 47
109 59 67
101 85 67
85 75 60
107 69 43
94 85 50
79 71 32
108 82 37
99 71 64
76 87 70
77 77 55
82 88 64
80 89 36
100 60 36
94 61 41
105 75 35
92 92 54
87 81 55
77 62 37
110 75 40
104 62 37
106 69 38
80 82 37
99 85 61
100 89 50
85 60 56
87 80 68
90 95 44
74 64 66
77 72 37
103 65 56
95 92 31
107 58 31
108 87 48
78 91 48
72 74 33
110 73 70
82 93 66
73 57 35
99 58 47
71 76 38
86 96 45
83 60 48
82 97 33
92 97 53
92 67 62
96 68 71
92 59 45
97 81 34
94 95 51
111 71 33
104 61 47
107 82 51
80 62 42
84 67 58
78 71 51
72 92 64
107 84 57
106 77 58
94 73 31
96 75 66
99 68 62
102 74 55
84 73 51
72 71 63
79 76 51
91 59 69
88 74 48
86 92 38
101 90 60
109 83 69
103 60 32
77 74 59
98 96 64
72 57 64
102 67 65
73 89 41
81 59 58
90 95 34
89 66 62
101 62 31
107 64 42
106 59 38
110 84 42
109 63 54
75 81 57
96 81 42
97 72 66
74 63 54
79 59 36
84 64 33
88 94 31
71 60 38
106 69 64
96 94 54
91 85 41
107 88 62
109 93 62
78 75 52
106 77 43
83 64 46
109 89 50
93 72 62
103 62 56
86 63 42
85 59 40
98 67 51
94 87 54
89 70 66
90 81 43
88 91 45
84 87 71
74 94 67
108 89 34
102 75 41
109 80 36
76 86 32
102 82 40
94 90 57
78 69 42
106 76 66
91 93 54
80 73 50
84 84 71
94 97 49
76 57 34
99 94 64
109 72 44
84 91 68
81 81 56
101 95 66
91 63 70
78 91 41
104 68 52
103 74 31
96 71 42
91 81 51
81 75 64
96 74 35
80 97 71
105 88 61
73 87 51
71 65 35
102 63 65
101 70 67
109 65 49
76 78 70
109 88 67
79 86 42
86 74 68
96 60 66
84 68 57
71 86 48
80 69 40
77 68 40
87 89 35
97 66 55
111 85 67
100 63 48
98 65 67
109 68 52
73 92 49
100 88 69
94 89 47
84 71 59
107 62 60
105 88 64
88 64 34
104 97 38
88 89 43
105 78 57
92 77 42
88 73 57
78 90 57
91 89 69
99 96 34
107 84 55
91 93 57
91 79 57
84 59 48
71 58 64
85 86 53
74 67 56
109 61 34
110 78 41
97 89 47
108 80 44
111 57 36
108 72 37
88 94 69
103 95 42
102 59 60
92 81 53
106 81 48
72 69 32
89 94 68
97 59 42
90 75 46
99 76 48
108 78 50
93 95 70
110 79 40
81 86 39
104 69 52
93 91 61
87 95 34
104 93 51
97 87 63
82 86 38
89 82 38
95 85 70
92 95 48
101 64 45
84 97 61
91 67 40
87 83 47
96 61 36
86 94 52
81 93 53
111 70 66
75 89 71
76 81 48
82 84 33
91 71 67
76 93 44
85 88 57
93 89 69
110 59 70
82 71 37
87 87 53
83 80 49
89 89 33
94 81 45
109 76 47
87 88 31
103 58 43
81 70 40
74 64 33
74 74 58
101 62 52
107 65 36
74 92 48
102 76 68
109 87 33
80 91 49
109 60 56
100 90 47
79 66 65
78 88 55
81 67 50
72 57 66
75 93 42
92 91 45
103 79 47
106 62 38
100 74 55
98 74 55
98 78 39
83 64 35
109 70 64
83 82 65
72 74 65
90 59 60
106 74 68
110 82 46
111 91 31
108 77 51
72 77 45
84 71 66
103 57 52
85 78 66
111 69 52
108 77 45
83 90 33
101 74 44
78 70 49
89 87 60
102 92 57
81 87 45
100 84 68
75 81 70
106 76 57
88 82 36
105 94 42
90 90 57
108 86 38
90 89 39
77 79 31
89 87 32
108 90 44
109 70 48
82 59 33
100 63 48
72 92 69
99 67 55
102 58 35
79 90 48
74 61 51
85 83 57
111 86 57
83 72 58
81 91 57
103 76 57
104 89 46
97 93 34
86 72 35
79 94 36
94 74 31
110 66 69
78 94 68
88 85 35
78 82 57
101 76 39
84 89 39
82 81 44
109 74 63
74 86 46
103 96 56
101 58 66
85 83 37
99 60 33
99 97 41
94 76 67
107 90 43
75 61 48
88 81 59
101 88 64
81 89 61
102 96 33
73 75 42
95 84 48
104 90 48
101 85 50
81 65 61
88 58 62
77 95 33
75 76 55
84 67 63
108 76 33
110 77 60
88 74 57
87 88 50
85 89 54
82 84 68
87 85 44
78 63 70
103 58 40
71 77 43
76 86 51
72 88 44
84 71 68
87 74 44
108 65 68
92 87 36
89 94 50
111 89 63
82 64 53
105 84 50
104 66 60
101 73 41
108 75 39
95 82 70
78 77 56
82 96 66
110 83 66
73 91 68
102 81 42
98 85 36
81 97 32
111 75 48
107 76 67
90 88 64
105 70 64
107 90 64
111 60 52
74 83 60
79 83 66
75 87 58
71 64 61
91 80 57
74 91 60
83 87 58
83 81 39
81 72 69
107 61 34
100 84 49
101 66 43
84 64 67
82 96 58
73 81 69
107 89 49
74 59 68
89 89 70
99 76 67
75 92 71
82 80 37
77 72 59
94 88 70
96 89 68
103 64 47
71 87 67
87 90 57
82 77 65
79 88 33
103 61 47
102 84 71
92 91 45
71 68 34
97 75 53
76 89 66
91 85 62
103 74 41
82 78 51
79 69 69
91 59 48
110 60 50
86 94 54
100 79 61
92 87 33
99 86 52
95 79 35
79 57 52
100 83 66
79 81 36
71 92 44
77 92 45
86 71 46
77 73 47
74 95 64
84 74 69
82 60 53
94 69 56
93 90 34
94 72 59
84 78 32
102 80 60
89 94 32
71 69 42
88 83 55
105 86 66
82 71 53
93 70 33
72 77 64
106 68 38
83 75 38
104 69 45
71 94 56
93 76 66
108 75 35
73 65 53
73 61 64
76 65 52
78 59 55
99 93 66
83 68 67
87 89 48
81 62 43
93 97 66
111 86 52
93 64 40
83 68 43
81 59 33
109 86 64
105 69 44
103 96 58
87 79 35
111 59 55
97 75 54
97 66 32
74 91 32
98 60 47
94 94 34
89 77 46
82 63 32
73 58 37
111 76 61
92 70 60
89 83 44
81 60 71
108 84 38
76 59 47
102 79 56
102 67 40
109 60 70
81 93 54
105 86 48
102 97 39
98 96 67
103 76 38
94 82 65
90 60 55
98 68 48
98 88 49
94 95 32
88 83 34
87 62 59
97 77 54
108 94 53
103 96 39
95 83 60
89 62 42
74 89 56
85 59 40
89 79 50
72 71 55
98 59 39
91 70 54
105 85 37
72 68 63
95 88 57
105 58 58
110 97 50
84 70 40
111 58 56
81 80 58
105 77 70
106 89 65
104 75 66
73 90 46
106 57 60
105 62 52
89 87 39
72 71 44
111 97 34
86 83 64
92 70 61
76 72 50
83 64 43
97 77 44
79 74 31
85 69 51
101 97 47
96 79 69
84 96 47
100 67 53
99 92 58
107 89 42
103 83 43
105 91 62
111 77 50
103 68 38
87 64 64
84 96 56
107 65 33
85 93 56
72 94 35
91 92 61
77 72 71
91 82 66
94 77 70
81 87 54
91 71 60
93 59 62
72 61 36
101 89 55
84 96 36
89 90 70
79 75 53
93 95 46
71 87 34
98 95 62
81 76 43
79 72 49
84 87 66
100 65 62
88 89 58
108 80 69
98 68 47
79 57 60
106 84 51
76 63 64
101 65 61
96 78 63
92 90 57
79 58 52
93 81 51
91 74 35
110 97 35
106 60 67
101 80 36
95 67 70
81 76 51
83 81 32
104 97 54
111 78 68
75 76 31
80 84 43
96 92 35
75 59 51
105 95 63
95 76 31
94 81 46
84 64 35
87 78 62
106 68 36
106 79 46
90 90 53
77 68 44
82 82 54
96 66 44
84 88 43
83 90 38
107 70 33
109 97 71
84 87 48
92 65 38
80 83 41
107 59 32
73 65 50
83 96 56
88 93 55
92 81 58
99 57 69
94 78 64
91 95 56
74 65 37
71 59 71
107 59 45
110 58 40
102 59 61
76 59 44
77 86 68
97 89 59
107 60 65
81 85 50
80 66 55
111 63 49
74 69 47
99 67 65
98 73 47
100 90 62
88 89 43
98 67 45
84 63 33
108 73 49
90 84 48
93 58 52
111 88 46
74 76 70
110 90 52
72 89 48
78 84 34
81 84 42
89 86 56
111 63 49
75 76 63
74 67 32
73 94 68
74 79 60
90 67 38
86 59 39
95 95 52
83 74 37
77 91 43
88 60 41
109 88 62
102 88 33
84 74 65
99 64 44
86 62 64
99 87 57
73 84 49
106 67 41
86 70 34
76 75 68
101 79 60
94 69 31
87 63 60
86 63 41
75 68 48
90 70 69
93 95 56
74 67 40
101 71 68
74 77 51
77 77 59
77 95 56
71 75 51
97 84 37
72 83 48
76 59 55
104 93 46
99 81 36
108 80 66
91 90 40
100 75 44
77 78 60
109 93 67
75 84 71
92 76 60
110 65 56
110 68 58
88 96 57
96 94 31
88 63 55
88 62 61
84 73 63
108 96 61
91 73 47
74 83 71
73 81 32
102 71 38
71 57 58
78 95 65
82 59 47
71 81 45
71 88 39
84 70 45
89 93 61
103 72 33
103 77 66
71 73 46
81 70 40
96 76 68
87 65 60
94 95 69
75 61 37
89 96 67
98 84 44
74 85 42
105 91 53
109 87 58
82 65 40
93 71 34
102 61 42
103 64 58
73 72 53
99 67 45
84 84 56
107 71 63
108 91 48
86 57 50
106 86 32
73 89 51
102 63 71
107 92 69
80 76 63
79 95 35
91 78 62
98 66 64
81 84 57
95 84 45
87 62 53
86 82 59
93 86 47
100 92 32
110 82 47
100 91 49
99 69 71
89 90 67
95 92 36
94 82 56
90 86 66
81 84 45
95 68 58
101 71 48
84 97 51
85 77 54
76 64 32
71 61 66
85 86 54
99 71 39
108 70 35
97 60 66
75 74 43
106 73 32
109 63 62
72 61 51
94 59 49
104 67 66
89 64 57
73 81 64
98 82 69
106 94 68
107 79 50
96 71 58
86 82 36
101 84 32
78 83 58
85 65 62
87 77 50
102 91 41
109 94 33
89 68 47
94 60 48
102 64 41
73 72 39
110 82 64
91 91 44
100 91 37
73 71 54
102 82 54
90 83 49
71 90 32
83 84 32
102 75 46
85 97 57
72 93 69
104 83 68
81 84 53
111 77 66
95 80 53
79 83 38
109 77 32
101 92 67
88 74 35
108 89 48
86 89 56
99 76 49
78 82 49
89 62 51
99 86 52
101 69 66
72 67 57
103 83 58
97 80 66
105 68 58
75 83 56
98 84 40
83 92 60
72 73 39
75 65 37
96 70 58
78 91 69
83 75 43
78 79 60
105 65 62
91 78 46
104 57 43
109 86 51
89 67 71
97 76 62
106 58 70
