34 97 55
29 110 58
49 113 36
43 97 48
16 92 54
17 110 19
21 98 23
26 83 49
39 116 59
28 89 43
43 84 21
33 81 29
26 91 26
27 103 27
49 85 23
16 95 21
47 103 47
47 102 49
49 80 47
48 105 24
34 110 36
29 111 25
47 90 32
24 102 47
36 87 28
16 88 33
28 88 44
35 107 23
26 79 31
18 118 39
32 92 19
24 115 57
18 88 21
24 80 28
45 83 41
20 116 33
38 80 30
29 87 45
21 95 31
31 94 21
24 115 38
18 80 30
20 92 23
15 100 42
47 105 33
12 111 20
19 94 36
16 102 47
23 118 55
30 119 40
13 113 26
40 82 30
32 117 34
49 103 30
46 80 32
40 118 21
52 110 45
28 97 43
23 104 34
30 88 47
40 90 42
43 86 38
21 87 59
49 117 58
24 80 57
51 82 56
43 105 31
25 81 33
17 84 31
33 83 28
17 82 26
24 83 55
42 106 24
18 102 25
52 96 57
29 97 25
49 103 20
28 82 48
20 100 52
30 92 27
35 118 41
29 119 38
28 81 23
37 85 32
40 95 25
18 95 38
44 109 29
17 87 40
15 89 46
25 87 47
18 98 55
26 79 51
15 89 58
35 116 51
37 92 44
48 90 51
24 114 27
36 96 38
37 105 44
17 106 48
27 99 54
32 117 25
26 91 36
27 119 31
48 85 42
29 118 22
21 118 43
22 82 27
19 119 35
21 91 43
43 115 51
39 104 48
44 79 54
24 86 50
15 98 51
16 85 33
15 93 49
22 117 39
21 104 40
15 97 30
27 119 53
28 95 55
17 109 38
50 109 43
37 115 33
20 86 43
24 79 24
41 111 41
34 101 41
40 113 21
40 104 58
17 87 46
35 100 48
38 108 30
48 110 49
39 95 48
39 118 20
21 86 35
46 105 30
17 100 22
29 86 50
44 102 28
51 82 59
35 95 36
27 105 49
48 118 28
48 111 48
20 97 27
30 90 37
26 79 22
34 94 51
23 107 49
16 80 26
50 103 46
45 114 30
51 97 39
27 114 20
28 90 31
25 98 48
50 93 31
26 88 31
52 117 52
52 81 52
33 100 36
50 106 55
13 96 38
46 86 56
12 108 52
13 99 52
45 117 41
50 110 21
17 104 54
51 89 35
15 97 27
12 109 32
13 92 37
25 113 23
16 110 21
22 79 33
14 93 54
13 92 41
51 118 58
42 117 38
47 106 39
43 111 53
41 99 38
47 115 26
52 93 46
14 118 27
17 95 34
39 90 36
50 82 26
13 104 47
22 117 34
17 103 52
21 93 25
32 86 27
52 87 28
15 91 38
20 119 49
20 109 53
42 86 46
36 115 40
23 88 30
40 99 36
52 118 34
39 95 25
35 112 55
50 85 53
37 115 48
13 103 21
51 114 32
51 96 31
48 89 28
42 80 48
19 112 35
14 119 43
13 109 36
13 115 20
15 95 24
46 90 51
30 102 34
16 103 19
29 110 36
15 88 51
23 83 22
39 99 27
49 117 40
15 88 56
50 116 59
40 119 59
15 102 42
45 114 54
17 95 24
42 86 36
47 88 20
12 99 28
52 116 41
30 108 31
41 86 21
21 90 25
18 79 44
13 98 47
42 82 51
42 108 28
43 112 31
12 115 45
14 102 59
38 109 59
31 92 40
16 118 43
50 92 51
23 84 59
17 79 34
40 98 41
46 119 44
40 93 39
28 86 36
45 107 43
44 89 53
15 86 34
48 80 27
41 79 57
23 110 40
18 95 42
31 110 43
17 87 49
22 106 29
44 100 27
39 95 41
27 79 55
51 113 50
16 88 38
19 117 42
32 92 36
21 100 43
34 94 44
31 92 50
40 95 53
23 113 29
29 86 56
38 80 51
13 104 32
44 100 25
52 95 28
28 92 21
49 117 31
16 84 51
41 99 30
36 103 48
21 114 54
47 103 28
39 86 25
14 117 40
34 117 32
22 80 55
29 85 30
33 117 52
29 85 37
36 81 37
40 85 21
44 89 45
12 98 51
17 90 34
39 108 28
25 96 29
42 94 53
13 110 57
13 102 46
41 97 46
33 103 57
36 102 59
17 86 54
18 94 41
49 103 55
35 83 54
19 115 48
51 112 50
51 112 55
29 95 48
41 85 46
47 109 50
48 80 54
12 112 20
27 100 45
38 81 38
47 93 46
45 91 24
21 110 38
29 80 53
42 101 25
15 83 39
22 83 40
35 96 19
37 105 31
45 118 53
17 95 31
34 86 24
38 104 19
37 116 58
36 117 42
12 115 53
20 101 26
26 99 25
44 103 55
33 89 22
51 83 35
52 79 57
50 117 49
43 116 26
41 116 38
44 95 26
33 100 40
48 119 26
48 107 48
50 106 21
29 119 22
26 97 48
31 115 33
52 108 55
29 102 33
33 117 50
15 79 45
13 94 31
49 119 42
23 116 28
38 91 38
12 118 21
17 94 56
24 119 56
51 90 56
27 113 37
22 83 50
49 89 41
34 96 59
50 99 42
52 104 47
47 101 58
24 114 40
50 116 49
24 102 34
44 85 45
17 81 27
26 100 40
23 111 38
20 80 59
51 111 49
25 118 28
30 98 50
45 101 58
13 93 49
33 97 45
47 114 41
29 112 22
24 83 50
30 97 55
33 79 54
26 113 28
26 92 30
21 90 22
35 95 79
22 101 77
19 76 51
53 77 48
47 74 53
28 93 55
24 77 66
33 99 68
38 97 78
24 108 73
22 107 75
43 111 63
43 93 43
51 85 48
31 99 54
41 105 71
26 97 51
32 88 54
31 108 67
35 98 49
53 110 74
32 85 77
45 97 41
41 108 69
48 100 57
34 84 55
24 84 69
33 111 42
31 79 79
46 104 66
45 107 62
43 89 57
36 89 73
36 111 41
26 81 76
25 102 58
35 76 67
46 94 52
15 99 57
20 83 73
24 108 43
27 104 69
32 78 46
22 76 58
15 79 79
33 97 59
39 101 63
31 89 53
33 103 65
49 88 67
51 86 47
46 76 56
55 87 52
44 103 78
32 81 71
45 100 52
41 88 42
54 107 57
39 92 42
52 95 69
53 100 70
30 102 59
16 76 43
51 103 48
34 113 41
37 89 56
27 105 55
21 96 69
22 94 61
34 78 60
17 112 67
24 97 42
22 85 72
29 85 48
55 75 50
54 90 45
17 84 46
51 112 66
55 90 60
36 99 47
42 76 81
53 88 44
48 74 61
21 106 48
45 109 41
54 81 79
29 108 79
50 94 57
54 88 55
48 80 81
31 73 52
26 93 69
46 83 60
26 90 76
41 76 73
25 98 66
45 86 57
47 86 47
17 87 68
46 105 57
55 94 65
45 76 46
35 108 57
22 107 44
32 95 47
24 93 81
48 103 78
48 83 75
34 112 51
22 107 49
42 81 77
34 110 51
46 88 54
27 101 80
36 111 73
16 104 43
38 89 73
49 81 70
27 90 61
48 95 66
48 98 63
54 83 57
24 89 59
24 112 81
43 91 60
18 74 61
55 107 78
17 94 45
36 83 57
52 104 63
41 78 50
23 99 41
39 104 47
44 84 64
28 84 42
26 90 50
17 103 41
34 82 71
17 75 46
30 102 57
38 75 58
33 109 62
44 79 68
54 77 57
47 106 52
39 101 64
32 108 66
19 76 80
23 104 75
40 76 63
38 107 45
31 80 60
54 104 47
19 99 43
48 105 57
29 99 78
34 103 53
27 95 66
30 93 76
29 101 42
41 111 49
35 86 60
39 77 64
37 109 43
30 101 64
46 93 69
52 113 56
55 86 76
31 103 42
37 110 75
24 98 41
37 73 60
31 101 50
46 78 51
49 93 78
32 86 43
19 110 57
45 97 79
40 82 46
42 93 66
25 73 80
40 105 50
46 112 60
43 82 51
23 74 52
33 79 79
25 110 75
25 100 64
20 113 59
20 82 47
18 98 42
29 112 70
20 83 78
43 104 73
20 103 58
49 84 69
47 108 59
34 110 64
18 94 62
36 98 67
20 97 51
44 110 57
26 73 55
29 108 66
19 109 59
16 87 58
38 86 51
36 92 43
49 86 50
35 88 61
37 78 78
41 77 50
26 80 55
44 76 66
54 91 69
26 84 48
28 98 67
41 83 74
28 79 60
21 74 67
44 76 64
52 84 69
39 86 52
29 75 63
55 96 41
16 98 80
50 92 65
52 83 80
48 77 52
47 78 74
25 81 43
34 96 59
37 78 77
30 95 49
48 89 57
15 93 58
46 81 81
44 112 67
15 73 67
27 79 71
47 100 66
41 105 51
45 101 76
15 84 48
46 94 60
36 105 43
45 76 60
48 82 79
51 76 65
49 105 58
49 81 76
21 79 66
49 79 75
41 73 51
22 85 77
42 93 72
17 108 43
37 100 64
46 92 60
49 91 44
38 110 78
51 75 59
47 105 74
27 94 58
48 113 74
29 94 52
46 105 69
17 107 79
45 78 69
34 74 48
31 78 72
27 85 55
38 82 48
16 106 49
17 106 81
35 103 55
46 110 50
22 93 53
25 112 55
29 78 81
25 95 73
46 78 77
28 79 66
18 91 68
17 83 61
34 78 59
21 88 61
37 107 61
19 105 50
40 84 51
33 102 53
31 111 53
29 81 46
25 84 53
25 113 49
30 106 76
41 91 70
35 77 74
25 83 69
42 83 79
17 93 78
43 78 49
24 111 49
46 97 59
45 105 73
33 110 48
55 97 50
39 103 81
44 105 48
31 106 70
40 94 42
40 94 54
31 106 49
55 82 58
47 94 81
29 103 63
23 81 64
17 88 56
19 74 47
52 110 61
37 107 56
31 78 51
54 113 76
24 107 78
35 93 59
47 74 57
26 93 42
34 110 62
42 93 66
34 85 81
18 104 61
41 86 71
49 87 63
34 110 75
46 84 76
23 84 69
47 93 71
47 110 79
21 99 61
15 110 44
41 106 41
51 93 67
45 78 44
38 89 56
55 92 79
22 97 60
39 94 62
30 99 50
27 84 64
31 81 51
45 90 79
55 97 77
17 83 60
45 102 44
19 91 73
41 103 41
38 78 68
29 87 67
48 106 59
27 80 74
15 78 73
18 91 45
30 76 61
34 103 61
36 88 42
40 80 52
22 73 53
44 109 81
25 91 73
52 113 59
52 96 57
44 109 69
42 84 79
19 109 72
27 92 51
23 107 53
35 106 78
51 86 41
17 103 51
47 80 47
51 94 74
16 92 65
44 88 71
19 108 74
21 102 51
15 112 48
40 73 70
15 110 69
42 80 51
27 97 69
30 78 42
44 106 57
44 90 69
20 96 72
37 73 61
27 76 72
36 82 79
21 79 43
45 96 69
53 73 73
30 87 113
14 72 77
29 96 98
34 72 79
21 80 110
18 95 99
26 72 99
18 68 97
36 84 78
26 87 92
22 69 113
19 98 109
37 61 91
26 70 93
16 69 96
22 95 96
28 93 89
31 92 102
16 70 95
21 59 108
32 60 77
18 76 79
50 88 102
52 63 113
34 60 94
33 96 78
19 96 84
33 93 81
39 85 75
50 76 103
45 81 76
17 98 77
16 85 113
48 72 81
35 84 74
49 80 74
47 78 101
51 76 106
52 81 81
36 98 83
20 77 92
44 86 99
48 95 80
25 65 74
51 82 78
50 63 81
30 76 76
13 92 73
32 64 74
37 74 106
26 76 97
24 87 77
42 98 105
23 93 113
12 96 100
44 65 102
18 60 107
30 60 83
18 72 86
15 67 87
35 72 73
51 63 99
24 95 100
15 62 86
33 97 78
16 59 106
39 88 107
48 97 107
14 74 107
19 72 102
29 79 82
49 91 110
42 71 93
47 68 94
33 87 92
26 61 81
21 63 91
26 65 80
24 95 75
43 60 105
25 94 73
13 62 101
14 93 112
44 60 85
13 70 112
20 77 80
15 86 104
26 91 109
47 61 79
47 59 99
39 87 95
30 95 107
25 84 84
17 70 83
41 60 103
14 80 91
12 85 97
39 94 97
23 90 106
22 68 77
52 97 84
27 60 88
45 73 103
52 78 97
29 86 111
31 80 107
36 88 94
36 71 102
33 94 101
49 75 82
32 60 87
26 94 75
52 76 76
39 76 105
14 96 84
46 78 79
14 73 98
36 91 112
46 90 89
29 96 94
14 98 89
44 85 84
34 75 80
36 62 77
41 75 76
45 77 88
45 65 113
14 88 84
19 85 92
51 75 96
49 96 108
51 76 92
39 65 75
43 67 75
13 97 73
45 80 90
49 87 108
12 65 78
51 67 74
29 60 113
20 89 113
18 99 92
45 94 100
41 70 87
36 66 96
50 79 78
51 65 107
36 79 93
46 63 99
38 74 103
26 62 76
31 70 105
29 98 97
20 94 73
43 75 90
42 87 92
32 67 105
43 90 109
30 81 82
26 65 101
41 99 87
13 99 83
34 78 73
37 83 78
36 96 104
29 77 93
22 72 104
27 68 84
49 72 111
31 63 85
41 66 105
48 97 79
28 59 86
46 94 99
41 95 89
19 72 73
20 91 111
24 77 74
46 63 77
26 61 87
16 85 111
42 69 100
31 86 104
44 96 77
38 79 112
30 67 83
20 79 94
34 76 113
18 68 79
22 87 96
45 89 107
23 88 80
16 60 90
20 66 92
25 80 102
17 97 109
26 62 81
15 75 95
27 76 102
30 70 87
33 87 106
22 92 109
43 93 105
22 84 92
29 93 92
50 71 81
24 77 83
22 99 108
43 91 77
16 72 107
28 92 91
17 97 105
26 76 75
45 64 98
33 91 94
36 74 77
29 77 82
39 67 104
35 99 84
20 81 111
39 79 90
47 89 76
52 68 97
42 80 89
45 87 79
50 78 113
27 84 96
26 76 109
18 98 110
29 99 99
31 74 85
27 70 91
33 63 112
50 89 74
52 78 77
29 91 83
48 82 98
29 66 100
23 95 79
27 94 75
17 62 106
14 80 91
13 98 91
24 99 93
14 75 90
50 77 86
27 87 79
46 71 92
23 62 98
41 61 107
31 63 88
31 70 98
27 94 95
33 70 78
46 62 113
21 98 111
23 94 93
47 84 91
34 97 89
25 68 88
21 63 103
17 84 90
19 76 92
31 68 99
24 76 99
29 89 102
43 86 101
42 98 82
47 62 78
15 93 84
26 85 106
23 59 96
44 60 74
46 73 107
45 95 94
47 84 109
47 60 106
43 65 106
45 70 95
37 91 80
21 85 85
52 62 86
18 85 96
40 69 92
41 64 81
22 76 91
49 76 87
39 85 97
26 94 76
47 73 91
32 84 78
45 66 112
44 62 104
45 59 75
40 91 91
35 88 97
17 78 75
12 61 100
38 67 105
32 75 76
39 84 100
39 73 77
30 96 92
31 69 83
12 72 94
42 95 110
48 84 100
18 73 113
40 87 73
33 84 79
37 67 98
19 87 84
41 77 107
27 76 77
15 84 106
35 90 83
31 80 78
49 82 93
16 81 77
27 84 89
18 87 79
41 82 81
14 64 77
13 89 111
28 71 113
21 72 79
17 71 113
31 98 86
34 84 76
43 71 100
22 75 95
33 65 82
39 89 92
20 70 109
12 84 76
25 70 96
17 82 92
18 98 73
24 78 109
14 96 89
51 99 74
12 61 74
35 92 92
16 99 82
46 83 92
12 90 88
40 65 83
39 66 104
48 71 105
29 88 75
12 97 108
30 98 76
16 60 112
16 84 97
30 79 108
17 76 99
32 86 102
50 73 112
41 59 88
52 73 104
29 98 109
43 70 80
26 73 91
24 75 96
14 62 79
25 61 84
39 77 81
22 75 75
46 64 87
28 70 95
52 94 110
33 83 110
17 79 89
16 87 98
24 70 92
23 94 99
24 91 79
24 86 101
38 88 105
37 99 82
16 59 88
33 59 76
21 93 102
37 63 79
36 85 106
40 63 111
46 88 91
36 85 99
21 94 86
48 92 89
24 75 94
15 83 113
37 86 80
47 68 84
44 80 113
38 92 88
48 86 82
48 70 103
14 84 85
41 89 109
42 18 69
57 14 61
35 37 62
34 13 69
31 13 48
28 5 74
33 22 56
36 30 48
22 38 64
37 27 70
39 30 60
49 5 64
51 22 52
44 -1 42
54 17 54
49 13 37
38 12 66
60 3 38
43 24 47
37 2 44
28 15 35
44 21 71
41 36 61
25 34 55
52 22 46
26 23 52
57 34 36
36 23 36
53 3 75
22 31 60
58 -1 44
56 32 50
24 36 55
62 19 50
44 20 45
38 -1 75
45 -1 45
59 25 55
33 13 37
49 13 62
59 26 70
42 37 41
54 13 70
55 -1 35
31 22 39
53 13 74
36 30 65
23 16 55
38 21 47
32 13 73
56 24 50
43 30 49
55 33 40
48 19 75
30 12 41
30 31 69
23 7 44
30 21 75
51 32 55
61 32 52
60 22 64
51 29 70
22 28 53
24 4 74
39 12 43
47 18 59
52 22 36
52 -1 63
41 22 72
35 21 55
48 28 69
22 8 65
62 -1 58
23 31 72
43 12 62
43 20 41
43 32 65
50 39 66
53 12 41
37 10 73
55 8 75
53 26 58
56 18 62
41 0 63
39 2 57
43 18 43
38 31 44
53 25 45
54 22 59
35 -1 44
31 1 70
52 27 62
36 3 48
34 26 48
42 7 44
33 16 44
54 24 44
58 13 70
29 32 41
56 32 64
62 -1 65
51 39 53
28 14 44
56 15 44
41 1 39
22 35 67
44 6 47
35 -1 52
59 13 43
44 35 46
31 16 45
54 3 66
35 12 71
50 32 38
37 28 48
30 27 36
23 13 38
53 30 54
60 3 44
22 37 55
56 28 69
25 1 58
23 1 45
37 11 69
31 37 62
25 37 50
44 9 74
35 12 61
32 37 59
60 7 67
60 5 48
48 32 54
52 20 58
30 7 60
28 25 69
43 37 37
54 19 56
39 3 75
62 3 64
62 19 43
51 28 70
48 4 47
35 33 51
60 9 75
43 26 60
57 18 55
45 11 41
54 35 54
32 15 67
48 35 72
56 12 43
33 38 68
61 12 35
62 16 35
45 38 69
26 8 35
45 20 57
30 20 56
55 8 61
59 39 42
46 22 51
26 16 64
23 35 71
47 11 47
30 30 40
45 1 70
42 4 61
33 22 62
43 15 55
30 16 38
42 8 40
38 34 40
61 14 38
30 2 53
57 39 58
31 18 39
44 14 74
54 3 51
54 16 49
41 31 37
36 22 48
38 31 48
49 13 42
61 29 62
52 11 74
45 2 38
58 2 51
62 36 51
35 14 72
48 6 47
30 7 58
40 2 45
25 31 70
52 36 75
49 27 35
31 6 72
33 38 51
33 9 41
29 25 59
35 33 51
27 33 47
34 4 62
46 36 39
45 21 47
28 16 40
48 12 64
37 0 36
58 39 68
38 6 46
29 7 66
62 5 53
26 3 65
57 4 67
37 23 36
33 19 73
32 24 54
54 37 51
34 38 46
27 14 64
58 0 44
37 38 49
28 36 71
56 2 54
35 4 58
44 10 67
25 2 50
51 34 73
37 19 69
29 37 58
37 4 56
62 25 74
28 33 57
35 21 73
52 33 58
57 5 36
50 16 72
60 26 39
28 18 49
30 19 65
42 17 43
44 38 46
51 30 36
22 9 44
30 3 59
27 37 41
41 18 51
30 13 42
60 37 43
23 20 75
40 4 49
34 3 35
40 34 54
50 17 41
46 34 56
28 13 53
33 35 39
59 32 69
43 6 43
43 2 40
60 24 35
47 24 48
53 -1 58
25 38 72
22 29 46
61 2 39
25 38 66
53 26 74
32 14 74
49 22 70
35 30 52
51 5 60
50 13 41
22 9 60
27 29 61
31 12 35
46 11 50
55 31 70
24 31 59
56 22 39
26 9 45
27 0 70
51 35 43
62 5 43
61 31 47
31 11 67
24 37 69
52 26 53
60 23 69
39 26 72
22 4 68
47 27 43
39 39 66
60 2 54
30 7 65
37 26 58
24 38 55
22 16 47
25 8 47
37 18 57
53 13 55
60 0 73
53 4 43
26 32 40
33 30 72
31 8 75
27 21 59
57 31 37
22 8 62
50 4 53
23 29 35
29 3 69
43 5 45
48 27 68
28 6 64
40 21 71
54 14 59
49 28 64
56 27 63
42 14 57
32 37 57
47 38 67
31 -1 67
33 17 38
58 31 57
61 7 56
54 5 45
42 36 37
27 36 57
58 30 69
37 25 72
29 19 52
33 30 37
46 6 48
42 29 41
44 35 66
25 22 54
47 1 70
46 30 45
49 6 61
45 26 49
30 2 45
51 34 72
33 15 60
48 13 39
59 22 64
41 13 49
61 16 65
49 9 45
45 33 73
43 10 75
49 30 60
34 10 40
61 29 35
53 10 35
37 16 58
51 29 63
41 30 35
25 11 58
41 3 70
27 27 74
49 14 44
32 -1 63
55 26 71
32 6 75
46 19 42
34 30 35
39 15 52
42 29 43
36 18 36
41 20 57
39 0 65
29 31 48
35 7 61
37 25 38
59 1 64
51 3 54
50 25 39
31 17 75
40 31 40
46 4 62
56 18 61
50 19 72
25 15 55
32 19 44
57 15 71
33 15 67
51 28 47
51 -1 75
62 20 67
52 16 57
35 33 35
28 23 41
60 15 58
34 11 36
50 21 51
23 5 57
58 -1 74
36 3 70
59 31 70
42 37 42
73 89 31
63 77 49
50 92 34
85 86 29
52 84 36
59 91 27
62 83 46
75 90 46
66 94 46
66 71 25
74 81 27
77 63 47
54 98 30
48 89 33
65 60 37
55 77 51
58 80 34
85 97 29
86 71 34
86 60 29
54 86 39
77 74 43
85 77 52
55 99 58
72 95 25
82 89 46
61 89 34
57 79 35
49 79 45
80 84 26
48 91 23
77 62 26
75 70 21
55 82 52
56 89 23
67 75 57
50 91 41
53 95 56
65 75 33
76 87 26
46 88 20
47 86 22
79 60 22
56 68 45
80 65 28
81 84 52
69 97 29
85 84 47
66 79 20
83 83 27
48 76 32
55 65 34
85 70 26
58 81 41
56 82 54
66 83 57
54 77 44
58 98 20
79 76 59
78 72 50
54 84 34
79 73 23
73 83 60
80 83 41
56 97 46
55 95 38
46 85 27
73 97 55
64 78 31
60 60 35
51 98 46
65 89 27
62 65 33
69 79 48
81 94 29
73 64 58
73 86 54
72 72 56
72 90 56
70 88 51
70 84 26
52 83 49
81 96 50
57 85 41
86 88 28
57 60 34
77 60 23
80 89 57
84 62 36
50 69 29
69 71 31
48 60 43
69 76 21
63 60 24
72 91 23
46 73 51
86 76 46
79 60 57
84 59 36
62 93 51
76 94 56
54 73 30
59 68 43
53 67 60
79 69 26
51 81 56
74 93 24
62 97 24
79 70 41
54 95 54
47 77 28
86 94 55
76 80 34
64 70 43
85 91 29
46 84 51
63 63 40
46 72 45
58 82 31
46 96 23
86 98 37
82 62 54
81 90 35
55 59 37
62 62 24
64 95 29
64 99 56
59 78 53
59 70 55
58 83 56
68 75 60
51 82 27
68 84 40
57 81 23
65 91 44
71 84 55
52 62 40
62 73 35
77 62 30
68 78 52
70 75 51
83 65 31
65 60 27
82 73 28
81 85 55
73 80 40
51 78 23
61 74 35
84 99 29
54 70 21
70 96 42
65 82 26
83 99 49
61 65 20
57 95 41
73 79 29
52 92 54
74 93 39
78 86 43
72 65 25
86 75 52
52 62 54
72 64 47
75 61 29
67 59 28
61 98 33
63 88 51
71 93 58
56 76 54
84 75 34
57 72 50
74 99 50
75 83 39
47 61 42
64 94 23
50 66 30
63 98 50
61 68 45
83 91 38
56 96 39
69 83 31
82 83 43
57 96 58
46 79 52
47 70 23
70 61 45
84 88 30
62 85 41
71 95 42
70 61 36
50 91 55
75 81 22
55 69 44
69 59 56
72 59 20
73 82 49
52 84 33
73 92 24
83 99 47
71 67 28
53 97 53
62 88 56
52 75 41
79 87 49
84 87 23
48 81 29
54 83 53
47 86 48
69 71 24
60 92 35
72 99 52
52 62 59
48 61 54
81 64 24
52 79 21
71 81 44
84 75 51
63 61 47
70 61 33
68 94 37
86 97 52
53 64 24
50 76 44
60 78 47
76 84 50
82 97 27
54 69 52
83 96 25
59 92 42
74 63 56
52 79 47
80 70 51
62 66 23
57 63 36
79 82 27
47 71 50
51 60 58
78 96 42
74 62 31
50 66 53
56 80 41
62 74 53
49 94 40
81 84 50
80 70 29
57 59 22
60 97 45
48 95 38
64 79 60
84 99 37
76 59 30
77 59 23
54 91 50
76 93 25
50 86 29
69 62 20
48 69 26
51 74 47
72 62 37
49 93 20
51 92 34
64 99 24
74 88 42
58 77 26
71 86 50
60 65 36
69 68 48
52 76 24
74 65 49
50 74 32
78 93 32
54 66 54
47 66 36
64 82 32
53 60 56
49 77 36
77 92 57
48 88 29
70 91 47
49 79 49
68 84 23
77 98 58
58 89 51
58 91 24
46 70 54
54 85 59
63 87 32
71 63 28
81 97 47
73 94 38
49 75 28
66 86 39
67 66 42
86 69 21
77 68 28
58 95 56
63 62 22
57 95 35
77 59 29
72 59 38
84 65 34
51 76 34
81 59 28
60 90 33
58 81 25
78 97 51
49 87 40
61 95 48
46 70 36
52 67 52
47 69 57
64 90 23
73 99 38
71 61 34
46 86 39
49 70 39
72 81 52
59 75 47
86 93 49
80 59 58
80 86 31
77 72 39
76 93 46
68 79 41
81 78 49
51 94 24
73 80 27
57 78 57
58 72 46
48 66 26
47 90 36
66 75 25
56 61 54
75 82 47
73 59 22
70 90 42
83 59 51
78 87 51
58 92 24
69 84 26
65 83 56
62 76 26
52 99 35
58 59 51
63 93 59
62 95 50
47 60 22
47 92 45
71 71 28
67 63 29
80 86 45
53 71 50
49 73 34
71 67 54
69 78 22
73 90 59
46 62 49
47 73 56
84 88 40
67 73 22
68 82 31
46 79 41
79 96 36
72 70 32
48 74 35
70 99 43
79 73 22
51 61 41
75 92 54
50 83 38
83 83 28
49 66 34
85 63 40
75 90 44
64 78 29
69 76 38
59 77 29
76 86 27
47 97 36
81 60 44
77 85 52
86 89 35
55 89 32
54 80 56
75 91 44
69 91 26
80 89 27
49 62 36
56 99 42
77 65 55
57 76 59
49 87 59
54 61 46
66 96 34
75 73 20
65 88 36
66 91 48
49 83 32
47 79 32
52 74 26
