450 319 363
464 263 361
367 260 382
406 254 314
414 301 332
372 298 365
406 308 360
421 278 310
378 302 331
451 224 316
368 276 358
453 250 363
438 307 335
461 238 366
455 264 406
447 281 330
406 307 371
437 269 343
403 229 345
393 229 364
420 224 331
409 231 324
406 262 371
389 242 365
377 280 361
394 284 336
444 260 331
460 309 337
401 234 369
418 303 314
425 241 367
395 237 380
448 297 315
429 262 408
415 281 376
436 283 319
456 314 350
378 252 329
464 272 351
377 270 405
372 306 312
456 242 342
415 265 361
449 279 317
456 225 361
368 288 386
432 294 390
461 224 354
401 261 340
401 288 370
392 315 336
464 258 404
432 301 387
390 284 313
435 312 357
462 224 345
450 225 378
433 296 399
386 262 404
385 254 392
462 319 397
454 224 388
394 232 386
434 233 358
393 254 391
404 314 330
455 236 387
386 261 364
395 289 336
411 275 345
463 268 356
377 224 334
364 252 368
457 271 340
371 297 389
443 291 316
369 228 351
368 275 324
382 269 336
390 296 317
445 322 385
455 288 397
423 248 400
441 230 387
398 303 337
434 253 321
451 320 386
414 287 370
426 299 322
428 244 310
413 236 383
373 288 399
441 245 388
385 271 329
437 248 388
422 274 313
367 277 390
364 244 334
449 305 403
463 274 360
367 226 391
411 230 409
414 308 313
450 264 332
463 250 403
401 238 390
414 243 354
389 292 354
403 233 350
393 268 336
398 256 327
433 241 332
407 280 331
444 237 395
441 268 373
408 304 403
458 322 391
375 259 350
441 284 372
406 309 350
394 230 370
423 235 339
366 262 396
419 298 310
414 246 380
385 307 372
405 276 319
374 243 392
445 309 348
448 303 363
374 247 329
426 298 355
429 281 403
460 284 393
385 236 322
462 294 407
373 303 351
440 311 408
390 289 339
453 313 389
379 321 404
386 315 360
430 259 327
439 313 346
384 245 361
424 316 329
367 272 382
448 241 403
372 265 340
384 226 319
398 223 369
390 236 338
414 226 329
452 289 317
402 290 384
434 311 342
431 237 336
370 258 320
367 258 403
411 225 399
370 226 377
369 246 374
431 227 349
390 311 385
437 318 337
446 234 320
426 257 364
369 313 355
395 275 324
382 281 386
367 244 398
437 241 325
421 230 404
456 319 323
415 296 322
409 238 351
399 254 394
403 250 331
393 274 331
461 260 340
408 321 381
424 247 330
460 281 396
403 283 327
452 231 384
388 298 405
435 256 373
381 253 408
393 322 370
392 315 382
395 269 395
383 291 362
460 267 355
413 231 327
446 255 342
413 254 353
424 253 328
442 256 326
433 275 379
384 251 340
439 256 355
440 247 336
397 222 379
405 289 349
422 274 390
454 226 401
416 280 381
458 270 337
464 266 390
396 307 348
428 278 321
454 258 347
456 308 346
459 248 360
438 310 329
452 276 318
452 292 377
402 230 353
413 229 376
457 238 343
394 295 360
436 237 367
397 235 342
456 238 389
377 319 353
373 300 337
369 255 355
446 294 363
443 260 341
448 321 387
411 319 353
373 300 334
458 226 372
389 287 386
438 242 401
456 292 407
395 305 398
382 272 325
462 306 363
424 270 340
385 226 340
407 275 325
367 249 390
392 263 358
379 254 388
425 287 382
424 222 346
451 264 311
373 303 336
394 313 406
382 255 349
461 232 319
441 284 372
368 249 318
410 228 323
436 314 378
438 282 329
405 319 370
441 322 376
387 314 347
382 226 316
423 241 331
452 233 321
420 234 376
458 226 370
387 245 337
454 247 355
409 281 355
459 304 383
419 228 376
399 278 399
392 309 324
384 237 357
434 252 348
456 287 357
424 235 390
443 287 322
364 305 311
416 304 337
418 259 404
418 319 345
406 270 365
378 295 325
401 275 329
432 298 346
364 270 326
430 256 383
422 299 310
412 256 332
366 308 362
404 314 311
375 248 380
402 228 379
399 307 377
419 294 392
404 288 387
392 234 407
444 245 342
386 290 370
457 271 320
460 312 393
460 263 385
445 315 382
411 225 380
370 244 332
432 277 343
376 307 314
451 317 336
400 231 406
395 300 388
388 270 336
423 274 363
390 224 382
373 298 324
443 260 405
423 239 390
425 239 400
401 279 371
372 291 336
412 281 316
448 267 327
442 319 312
378 303 402
458 267 401
369 248 325
448 244 364
422 236 311
381 315 330
420 283 386
383 315 346
420 259 370
437 305 394
464 224 342
423 269 319
401 259 340
381 305 387
441 225 338
368 229 371
368 319 352
460 253 309
436 245 355
386 251 366
369 274 381
431 276 340
461 299 343
447 291 397
393 254 342
445 271 338
446 280 395
374 250 377
454 239 312
440 237 386
453 239 362
385 295 337
456 297 382
438 286 392
456 308 348
418 260 399
365 278 378
379 261 320
404 224 370
402 311 329
448 312 320
432 284 393
458 233 348
414 271 327
408 304 352
370 238 318
391 308 398
453 307 325
401 294 319
442 264 400
436 305 378
445 245 343
448 287 343
383 240 354
453 301 327
411 280 338
388 259 313
368 297 355
420 254 316
436 233 312
401 227 341
431 253 395
386 222 367
376 313 337
427 261 406
461 248 332
406 280 315
393 293 406
378 250 398
372 267 339
404 303 358
449 301 409
447 277 325
431 233 359
449 304 392
409 309 383
367 294 309
458 231 381
457 271 371
423 322 359
454 285 396
448 244 331
435 234 365
412 317 342
405 307 329
381 258 369
368 306 404
394 271 364
386 315 383
416 250 396
458 291 329
367 299 330
413 267 395
376 303 338
365 267 371
449 298 333
452 294 314
416 233 361
367 286 332
415 307 399
386 273 399
458 280 359
439 289 377
365 284 401
426 292 380
422 225 374
438 247 391
462 248 371
430 318 404
443 302 339
424 312 385
386 226 350
448 286 337
369 310 370
437 290 355
371 248 323
420 305 362
393 250 360
438 246 388
448 258 331
445 296 326
395 247 366
418 314 361
386 229 322
414 276 378
454 236 398
367 227 332
405 317 332
433 260 348
397 278 326
409 282 316
425 301 333
373 289 323
376 273 344
431 242 388
391 313 404
414 278 387
391 226 374
412 266 398
456 248 373
448 231 395
463 263 380
415 267 353
399 280 343
449 302 336
390 293 377
380 244 382
449 282 385
388 245 322
444 322 357
394 225 359
423 227 332
440 254 380
392 305 314
366 286 392
408 230 368
461 318 324
452 295 364
394 236 330
412 315 317
396 255 329
451 228 328
428 250 384
432 276 376
455 316 379
450 304 338
423 266 351
443 278 364
441 238 321
445 223 337
454 242 393
412 239 331
458 276 380
411 258 368
379 247 329
403 318 337
456 228 385
425 244 394
413 288 330
397 250 334
423 320 345
459 246 316
374 320 402
368 291 349
416 223 329
438 299 390
449 299 386
405 247 309
375 231 379
388 230 396
389 263 373
451 316 322
462 281 383
382 290 332
422 290 331
380 270 357
462 297 313
435 248 361
374 264 403
377 248 349
408 280 371
461 232 377
423 321 330
422 237 316
381 243 332
436 273 375
407 310 345
390 290 328
419 277 331
404 291 327
375 320 395
454 247 395
429 226 398
450 275 352
398 308 384
366 284 339
453 294 364
431 255 356
427 236 400
367 320 402
431 239 409
380 296 400
424 242 389
414 287 328
397 223 314
428 256 380
422 291 386
418 314 342
422 303 372
456 238 382
454 301 348
366 274 370
386 274 376
458 318 371
397 245 336
455 302 391
424 274 323
445 249 337
445 247 333
399 257 355
383 288 334
455 265 373
449 282 317
365 303 317
397 257 347
371 311 356
383 320 318
437 279 317
380 245 352
386 318 344
435 238 395
387 285 354
433 255 329
409 294 339
440 292 367
436 270 343
378 263 316
428 295 361
392 240 344
436 269 372
441 312 394
456 280 376
383 241 360
431 305 376
397 222 332
402 317 348
419 223 310
370 230 339
420 243 363
463 237 338
381 269 331
399 312 338
443 281 329
401 286 332
427 235 347
428 269 329
445 253 330
426 228 391
-7 177 442
3 235 425
-5 216 373
-6 182 370
11 210 406
31 178 455
48 233 407
62 228 398
-8 187 435
68 217 442
53 150 432
55 235 450
6 152 386
75 203 452
4 219 369
17 143 447
67 222 413
49 235 362
16 203 414
31 152 413
10 175 390
-7 197 395
6 182 445
-17 193 454
12 200 366
70 215 419
49 144 421
-13 176 428
-7 151 410
-15 179 417
24 200 374
55 168 384
33 210 436
6 199 447
11 145 377
25 224 459
32 205 424
60 233 392
39 164 435
35 198 405
-18 199 448
33 168 453
5 152 374
53 220 436
47 153 361
29 221 415
47 165 451
51 158 457
22 232 411
50 182 410
-6 235 416
-10 153 452
-22 226 400
28 171 453
8 198 412
-11 168 408
-15 206 384
-3 198 375
45 150 458
10 163 405
-10 233 390
-20 173 404
40 208 393
16 149 371
25 226 391
26 235 385
35 212 395
-2 194 434
11 237 360
42 210 458
-7 163 439
70 193 383
1 202 446
-4 214 359
24 147 440
21 160 458
37 229 447
6 196 425
-14 198 382
10 238 404
5 152 409
65 178 440
51 232 429
60 220 400
24 235 371
5 189 414
1 148 390
63 158 378
76 218 408
39 234 366
73 237 365
21 197 397
29 163 394
19 182 417
44 176 392
73 188 441
-4 174 394
-15 162 413
54 183 388
-24 163 419
21 190 366
65 203 363
23 181 438
58 149 441
-10 168 447
63 212 391
39 222 440
26 222 429
8 227 361
56 157 445
37 189 379
38 180 444
76 164 441
63 195 433
-17 190 420
56 200 447
31 233 438
-10 145 425
0 172 404
-17 231 371
10 197 400
-14 147 397
4 234 428
25 234 392
0 155 437
58 208 432
-22 218 367
10 214 406
-3 164 400
17 157 424
45 216 422
55 164 415
20 175 459
47 208 359
62 215 359
40 233 413
-2 168 446
-23 239 437
13 199 436
32 170 436
-9 202 378
62 200 366
27 148 445
50 169 374
24 231 427
40 224 434
2 165 370
-19 178 386
75 168 414
-14 202 457
20 166 392
74 186 375
45 152 360
54 197 418
20 198 441
34 193 448
3 223 443
29 171 394
55 163 403
-9 146 369
51 150 408
-3 177 362
12 239 364
25 191 426
-12 167 444
42 212 443
74 152 452
60 162 383
1 191 441
30 221 379
-11 206 360
-4 160 364
56 238 425
74 164 447
-10 146 416
58 224 425
55 208 452
55 175 405
48 187 414
8 231 410
-16 236 415
10 156 363
21 160 429
33 154 388
47 169 381
74 232 423
-17 162 382
-9 240 439
76 171 372
-12 174 366
5 191 403
60 212 366
43 230 459
6 163 405
55 171 364
19 178 360
-4 173 435
59 210 376
19 158 447
54 142 415
-24 177 455
64 151 416
57 210 406
66 207 363
-20 186 417
48 155 425
59 154 406
-6 175 377
6 172 363
31 178 459
38 147 419
16 174 408
55 180 402
27 141 449
15 190 441
-13 180 395
45 141 403
17 144 420
6 219 366
42 218 456
-10 195 448
70 213 373
9 184 438
28 148 441
51 174 438
48 144 396
52 225 396
36 228 368
-6 186 408
70 187 444
21 172 452
11 177 422
36 189 389
10 193 439
73 225 458
66 193 422
-5 221 373
67 142 416
26 147 389
68 174 456
67 200 446
41 224 426
67 198 443
24 235 374
53 163 447
69 147 390
38 220 427
41 169 431
18 143 416
46 227 383
53 181 410
75 162 373
33 240 420
-19 229 457
-5 216 415
-14 192 382
13 155 396
49 146 440
65 234 423
2 226 412
23 194 406
-19 168 451
19 216 427
-4 186 366
34 239 376
-5 207 420
45 149 397
62 156 416
-11 165 388
37 236 399
-15 187 448
-24 178 402
50 209 415
55 219 415
-5 198 395
17 205 372
-19 152 406
55 224 418
9 143 390
-11 184 413
-20 219 406
38 168 407
4 212 401
54 212 389
73 140 429
8 208 430
57 226 364
66 152 433
-16 163 418
34 140 409
42 157 445
54 219 419
-7 158 452
60 224 369
19 144 369
-22 181 443
0 148 444
66 230 412
-18 223 436
72 229 402
53 156 389
52 223 455
76 223 445
49 224 396
62 192 393
45 224 384
46 147 448
35 197 414
72 166 436
47 225 409
18 163 360
64 166 434
68 159 438
0 142 443
75 156 410
21 178 366
50 194 458
1 208 393
47 155 447
66 162 452
-15 177 368
65 238 366
-4 236 428
-2 159 415
4 170 418
46 231 401
69 148 426
30 178 459
39 210 420
-23 170 439
56 142 414
56 227 377
35 197 383
67 157 360
22 152 457
43 182 438
64 159 443
4 190 454
-6 153 408
76 228 393
38 220 422
11 197 422
25 211 396
40 151 426
-5 238 379
-23 171 420
4 227 440
27 195 446
36 148 362
-6 177 448
27 189 416
-16 154 426
-16 141 433
28 149 431
74 218 391
0 197 432
16 221 367
-21 223 446
58 237 392
67 205 374
75 174 392
35 205 425
75 143 440
4 229 403
49 145 374
44 165 420
63 180 367
46 214 403
-8 150 363
42 199 385
21 210 436
67 152 412
4 177 451
19 175 410
56 147 448
-11 206 409
37 187 440
10 201 455
38 223 364
29 200 375
66 181 458
71 197 403
-11 168 387
67 149 410
7 182 399
-3 238 436
2 168 371
23 239 374
15 209 377
6 169 368
61 215 457
32 235 433
-7 203 434
51 231 459
42 207 451
28 187 371
67 176 437
21 163 378
66 155 368
12 199 385
7 168 424
62 200 415
1 213 372
18 173 440
66 217 419
16 202 384
57 165 371
34 197 361
15 178 383
54 229 456
-18 237 365
35 196 438
-4 149 448
53 239 382
-16 197 410
17 191 422
6 184 383
9 209 411
16 240 374
22 140 379
61 216 363
72 169 422
71 175 441
14 170 408
7 229 374
-9 234 450
35 185 425
-14 190 374
27 182 385
-17 192 440
24 208 400
34 195 369
-8 144 441
30 179 435
56 159 360
67 174 381
37 231 389
48 178 377
-1 209 376
-24 169 425
9 203 421
-10 216 388
60 217 380
16 164 457
58 151 378
69 170 376
73 213 359
33 212 390
-14 217 369
-19 206 400
48 145 393
4 184 456
76 160 417
33 165 437
50 151 399
58 223 459
63 176 452
3 192 359
46 167 395
40 155 411
10 163 416
25 170 371
10 174 445
53 220 389
17 231 443
70 199 385
9 209 416
-3 160 402
32 192 399
21 175 430
14 166 405
23 158 455
20 185 408
64 177 393
-17 206 401
72 152 402
47 175 430
71 149 444
40 171 444
-17 163 395
-6 206 373
5 215 453
58 202 393
25 198 381
76 240 408
-8 165 445
-18 151 444
-2 189 444
65 158 430
23 197 454
19 151 377
32 156 360
64 178 455
76 197 434
70 210 411
63 212 365
69 175 440
11 230 401
13 170 423
73 195 445
26 186 438
-15 148 455
-23 230 440
41 190 442
16 179 451
-19 226 450
71 224 379
27 228 383
-14 203 367
45 190 409
69 228 394
57 152 427
61 168 429
-9 179 369
58 206 433
55 155 428
69 211 427
-7 200 389
76 185 418
42 182 381
37 174 432
-22 153 447
72 196 459
-7 190 361
32 196 405
-2 232 359
31 220 394
18 213 387
17 173 454
-13 200 394
-19 232 450
56 144 421
49 153 446
-15 196 412
68 210 372
20 220 433
-20 151 435
46 154 391
-15 154 455
-16 150 423
36 204 361
52 157 432
45 236 455
15 149 394
-5 233 455
27 224 397
12 195 412
-21 178 433
15 171 403
72 157 385
48 212 419
2 206 407
25 157 424
-18 150 374
69 225 447
-24 212 451
70 166 370
41 224 457
-15 152 431
55 234 417
9 202 376
55 174 417
55 156 402
76 151 428
7 149 363
-7 238 391
37 216 446
22 195 408
42 167 413
75 234 413
62 184 378
50 163 443
-18 165 393
68 142 377
58 166 400
-11 225 387
-7 148 430
52 179 377
27 203 370
54 232 397
-12 227 387
10 173 451
73 185 436
60 148 446
59 219 446
13 175 421
33 177 424
-21 153 427
22 154 395
13 145 369
38 194 378
62 234 390
7 188 431
-7 192 411
-19 231 434
32 228 436
25 207 383
-4 159 400
20 224 403
23 211 401
130 47 357
137 107 322
96 48 360
91 125 344
86 36 301
111 37 304
137 93 335
112 69 332
72 89 375
51 62 289
111 120 376
51 119 312
135 113 296
79 100 347
88 121 319
64 92 317
48 96 327
46 75 356
53 116 328
94 127 374
136 79 363
45 125 299
44 92 321
110 133 360
69 122 299
72 72 344
85 73 295
55 72 318
58 88 368
56 124 288
89 63 353
111 86 287
81 53 372
46 50 293
108 93 294
77 58 299
96 50 330
124 123 313
71 90 361
66 50 350
132 110 331
67 92 379
48 129 304
86 94 365
67 65 349
90 70 370
72 54 341
54 125 296
106 43 324
100 105 285
135 45 350
69 54 377
95 127 281
59 106 357
125 92 358
46 112 362
134 34 298
100 51 312
94 34 379
58 114 362
53 107 380
75 52 318
67 119 368
112 36 356
113 103 379
48 92 321
115 74 296
43 51 307
87 54 338
64 66 363
116 102 323
54 58 374
44 76 373
72 83 353
84 39 307
115 127 306
71 88 313
100 132 324
46 129 293
132 59 311
57 73 312
135 75 304
98 106 299
109 133 320
80 86 374
114 74 377
40 55 370
130 121 377
47 45 320
109 59 342
65 83 303
109 36 347
81 33 337
43 81 312
75 91 346
51 127 321
123 116 319
75 109 312
134 119 336
72 116 355
58 68 325
105 83 377
140 103 360
68 92 378
95 125 379
138 57 304
58 122 283
69 74 318
115 130 322
114 59 281
48 84 295
61 95 361
140 41 309
58 107 371
82 65 376
80 118 305
129 42 339
129 82 293
103 50 313
93 106 317
78 69 357
55 69 302
68 43 288
74 36 313
109 132 367
64 112 321
116 93 305
105 99 331
127 81 316
61 132 316
103 133 347
133 61 321
76 77 351
99 92 311
118 133 324
126 48 356
73 39 365
129 64 324
123 107 295
69 37 295
112 98 332
138 99 376
96 95 287
108 50 300
81 59 359
127 39 356
41 77 337
80 127 299
40 35 341
99 90 290
118 103 310
100 48 283
42 106 363
105 86 303
80 77 282
117 53 300
133 70 311
78 51 346
75 41 357
139 74 367
98 108 317
117 80 312
82 57 339
123 71 354
114 48 282
128 131 292
108 121 300
72 107 350
48 38 290
105 111 303
128 83 374
108 35 367
70 114 360
138 91 296
125 87 379
43 111 311
97 115 322
64 84 377
54 132 322
44 43 346
112 96 301
129 36 289
69 61 359
96 95 337
118 81 286
53 128 302
53 101 319
129 100 369
64 52 302
79 111 335
117 101 378
92 60 370
94 124 289
91 54 357
100 76 367
100 51 370
101 37 354
56 71 297
53 90 357
67 82 299
114 132 352
128 100 286
105 126 362
70 72 285
87 33 353
97 112 316
66 56 308
101 110 304
127 52 342
127 108 355
136 116 374
51 52 369
65 59 285
96 120 368
120 131 326
69 84 368
108 111 287
44 129 285
92 106 280
85 90 282
126 114 349
61 40 370
126 78 341
74 43 331
136 70 334
87 74 285
40 68 317
57 133 322
136 101 370
56 69 355
59 97 345
46 133 328
61 51 353
77 67 325
115 107 303
47 94 361
61 104 332
123 67 291
66 119 306
140 70 301
92 88 353
83 85 347
60 44 298
136 87 347
124 64 307
134 63 295
114 93 325
52 115 309
137 73 309
84 90 362
85 46 283
104 55 349
60 94 280
66 60 314
127 91 361
136 132 334
117 47 299
61 60 340
110 70 370
94 66 304
86 105 356
131 124 332
52 105 297
72 96 368
135 63 289
136 108 310
124 95 331
129 109 351
104 77 366
115 97 301
45 73 319
113 98 333
89 124 320
57 78 309
79 73 366
130 37 301
71 99 326
117 97 340
89 56 375
102 132 289
102 93 315
47 104 350
115 101 343
115 93 326
93 41 347
70 65 318
80 71 356
139 55 309
86 118 331
112 34 281
107 42 332
120 73 304
69 96 346
138 95 312
68 41 316
70 75 316
109 56 299
109 124 350
123 49 281
64 47 302
116 72 295
85 131 336
46 70 369
91 105 348
54 82 345
112 90 352
43 121 343
91 44 321
76 72 342
52 54 345
59 42 320
79 104 327
71 52 361
129 90 307
125 43 317
132 111 333
114 120 378
65 43 311
97 117 373
103 123 312
51 107 315
52 112 380
87 126 379
138 85 300
115 74 312
101 46 339
83 100 364
47 76 291
103 94 356
137 35 347
73 75 378
76 66 336
86 35 301
59 96 329
131 60 315
92 86 324
92 67 323
87 86 355
93 103 372
122 112 372
63 58 318
70 89 292
50 61 367
69 102 335
104 110 327
114 131 343
121 120 347
126 45 303
47 102 360
133 51 322
126 105 348
101 120 297
132 75 293
46 67 325
133 107 361
49 99 312
49 77 310
125 71 346
52 126 338
82 51 338
126 41 328
140 112 338
91 93 299
139 94 341
100 78 305
91 38 357
42 70 322
59 94 288
42 125 356
105 40 313
53 116 345
52 41 297
59 60 311
49 50 312
44 103 370
109 48 354
44 54 312
59 47 342
72 80 351
55 115 282
75 123 297
46 95 342
78 35 365
88 124 288
95 36 310
70 113 349
67 112 299
48 70 366
87 100 314
107 69 335
48 68 365
55 81 353
49 45 302
110 68 312
97 67 350
133 129 319
75 79 307
52 79 285
58 63 377
137 73 328
65 36 360
41 33 357
100 106 369
45 92 283
138 60 355
109 67 320
57 51 379
110 101 371
113 114 283
40 105 335
113 101 311
49 64 311
59 105 333
137 78 326
86 90 344
104 53 369
77 38 332
137 66 311
71 47 295
88 51 289
129 78 298
90 67 341
97 94 361
90 89 377
42 127 323
104 115 369
113 122 347
58 111 367
75 107 351
61 104 343
45 52 282
68 91 293
46 76 304
107 83 313
94 97 326
94 65 311
40 46 292
41 99 310
134 130 332
49 47 296
71 34 377
62 54 297
63 53 317
105 124 326
109 133 328
112 89 373
91 57 343
58 51 325
103 118 342
62 53 301
87 43 355
133 72 308
127 103 310
83 113 359
62 99 285
73 72 357
119 113 379
106 42 375
128 76 318
91 69 299
77 87 327
87 119 346
95 128 313
84 131 327
80 41 310
76 36 311
45 131 363
121 87 377
110 63 339
87 79 297
99 130 305
61 101 380
61 132 325
76 47 355
106 128 297
74 56 335
83 127 380
129 33 326
79 78 355
129 125 350
81 69 286
101 76 326
66 123 280
54 67 295
104 119 297
108 51 369
117 57 284
118 76 331
111 133 301
102 40 336
135 50 317
76 108 343
93 126 375
56 97 286
129 131 293
124 103 371
124 133 290
113 61 344
80 57 297
46 105 311
120 122 349
115 112 352
136 133 379
133 64 336
43 51 340
44 80 379
105 88 349
46 86 315
85 118 330
55 52 301
111 76 378
125 108 293
75 69 284
121 52 348
54 123 298
48 113 282
111 115 281
136 70 325
131 60 303
51 64 341
114 56 304
72 100 301
73 81 352
119 120 320
101 96 321
106 110 357
98 61 345
64 91 322
48 85 376
77 123 380
109 77 299
103 64 290
110 108 361
138 69 328
112 76 327
118 98 372
124 125 287
72 48 379
115 63 371
42 48 345
98 129 342
74 102 360
66 100 355
49 60 320
120 69 370
120 60 288
71 91 300
58 65 374
42 49 290
68 75 340
77 59 322
80 87 343
71 87 371
89 51 288
66 132 365
57 79 320
55 65 362
51 43 380
75 88 379
51 121 327
51 106 364
90 89 342
63 50 367
90 97 317
50 100 335
120 124 291
140 132 315
71 92 332
41 95 377
43 44 345
90 99 314
56 69 305
121 116 288
122 103 324
56 67 361
43 90 348
45 51 373
139 124 280
79 117 352
119 127 316
58 69 326
61 85 351
77 87 340
59 43 299
118 91 285
125 79 350
128 92 309
129 37 302
112 95 333
109 34 341
113 130 284
75 35 356
94 113 320
65 39 329
108 104 303
126 131 343
52 130 341
125 58 377
63 133 342
113 46 339
343 239 182
312 295 180
291 223 145
279 285 241
259 238 222
300 290 146
320 260 200
350 266 171
336 212 143
270 300 150
344 222 226
286 285 195
320 253 229
323 272 237
324 287 165
281 252 194
264 240 229
347 214 150
307 253 222
355 213 220
320 244 239
299 273 159
268 261 208
299 225 229
268 282 150
281 205 207
257 240 225
264 264 170
328 278 201
288 262 206
259 212 177
334 267 205
274 285 184
324 215 210
261 277 242
345 237 221
279 299 216
262 220 161
309 273 207
335 290 182
352 276 184
281 201 153
277 248 237
343 237 176
288 291 197
277 258 156
280 275 153
330 220 144
279 210 180
258 242 216
258 284 143
353 244 196
351 203 202
257 247 149
291 268 203
348 201 180
322 261 159
316 236 167
305 258 215
307 205 215
302 271 220
290 204 224
318 285 216
299 240 195
354 209 243
306 243 241
280 283 156
325 273 188
318 258 235
334 229 187
321 279 242
318 200 147
318 262 240
310 212 155
350 226 202
335 237 222
311 255 148
356 214 191
300 227 178
297 245 169
350 277 148
338 229 161
331 249 232
311 222 149
327 244 227
295 271 204
287 280 196
324 218 240
297 253 181
297 217 211
355 240 152
288 230 215
269 276 189
316 294 223
298 282 181
304 255 210
348 216 183
329 275 171
287 237 218
292 216 143
329 216 243
338 220 176
273 240 237
272 281 197
355 269 166
347 232 231
282 215 169
283 236 170
277 255 214
293 234 193
296 203 189
259 255 239
269 266 194
279 274 211
283 217 201
333 223 143
352 297 225
315 219 233
332 208 218
332 220 154
267 201 231
256 277 238
339 295 199
346 265 177
307 291 225
331 276 151
312 241 198
305 246 201
282 237 146
258 202 193
297 290 235
273 256 164
288 229 208
323 271 159
320 248 239
329 299 181
311 230 241
355 297 242
346 298 148
303 224 229
333 214 158
294 267 195
280 250 198
346 268 167
321 279 190
294 211 207
332 295 158
316 287 187
307 230 217
258 253 150
321 263 151
271 298 205
304 228 224
303 268 163
345 257 229
328 251 182
268 201 176
286 255 165
299 217 147
264 295 220
313 228 207
355 221 230
350 202 214
335 266 241
289 297 207
346 235 148
305 277 175
281 260 203
318 280 213
293 241 168
326 277 206
283 232 162
323 269 188
295 214 237
327 240 181
291 294 177
352 249 213
256 288 191
271 227 217
314 299 175
334 271 168
268 284 158
339 214 180
311 220 187
262 204 144
317 289 165
300 210 181
351 224 223
352 227 151
283 255 222
270 257 166
347 240 165
342 245 151
260 200 193
331 219 224
305 264 176
283 283 211
352 221 231
316 225 192
323 269 155
265 273 226
278 229 191
317 233 166
343 235 198
339 220 189
327 249 221
334 238 210
257 280 217
285 237 168
328 278 173
292 254 222
328 233 198
282 247 228
327 262 215
300 300 207
346 219 173
311 266 214
299 261 144
268 234 143
330 245 187
295 245 173
324 291 185
287 273 154
272 225 222
315 231 197
280 276 239
349 235 240
263 239 182
273 203 194
324 269 161
343 248 228
335 272 225
315 212 197
273 298 234
260 242 163
263 244 208
270 273 162
311 298 187
300 293 176
257 253 209
279 270 202
313 267 229
284 207 163
260 297 144
314 274 160
324 246 178
302 263 216
304 213 173
337 299 191
353 213 203
279 260 184
340 262 169
339 242 179
264 257 184
316 217 210
311 239 212
336 262 180
325 225 168
334 267 203
278 215 233
271 291 155
315 214 194
264 213 235
316 205 176
353 278 176
328 282 165
315 267 243
311 209 230
256 220 156
312 220 219
278 292 163
287 227 166
285 210 230
286 292 154
258 281 224
277 289 224
341 202 190
262 265 227
264 240 223
273 255 236
338 216 153
354 297 181
307 265 212
324 267 198
344 263 197
290 275 170
307 251 175
334 269 228
259 287 187
328 217 227
307 264 183
279 298 230
316 292 239
304 246 157
338 289 230
305 270 232
303 280 195
346 235 184
333 288 195
295 262 228
296 252 221
339 210 228
280 210 238
296 265 170
284 297 167
322 278 154
290 265 243
275 247 164
308 269 165
314 209 188
317 241 173
304 291 184
274 263 186
353 285 180
264 227 190
324 215 152
257 218 216
274 232 236
264 221 159
344 261 152
350 212 200
312 226 166
277 208 235
345 200 229
340 278 154
283 272 159
295 203 230
347 289 188
328 258 236
331 285 179
294 247 168
289 251 201
292 285 214
337 214 231
263 209 147
353 254 199
356 207 189
323 274 154
304 294 242
329 292 234
293 205 189
345 214 171
314 260 207
281 286 218
270 209 206
283 287 179
287 286 214
286 291 159
330 271 205
265 228 187
328 295 190
356 293 143
293 243 242
265 244 195
261 285 161
337 260 211
297 214 169
314 230 229
296 275 143
263 298 183
334 273 207
270 285 214
302 227 186
313 243 180
273 288 202
292 271 213
276 236 174
265 237 192
321 244 190
348 288 225
277 205 209
265 271 236
258 272 165
333 283 180
295 254 179
321 217 155
344 236 152
259 251 235
266 246 239
311 218 237
277 289 239
261 213 150
257 219 186
340 215 203
342 242 209
343 236 173
318 273 176
263 293 235
258 252 188
327 267 163
333 300 191
353 297 163
257 273 145
324 224 239
344 249 242
297 222 193
285 295 186
328 236 214
329 294 211
307 295 186
317 268 161
303 278 147
324 276 209
291 204 241
333 269 206
289 257 147
271 254 157
313 281 179
287 290 199
333 204 173
356 240 241
257 261 220
307 289 239
279 267 220
320 242 160
279 210 152
326 281 193
295 206 202
308 285 210
354 281 173
320 247 214
289 284 153
317 230 177
278 232 203
278 246 156
263 274 201
355 244 176
349 233 185
282 247 192
310 235 191
307 228 201
306 300 144
259 229 206
294 224 216
261 268 154
261 291 243
334 264 144
316 272 150
270 250 150
331 223 228
268 254 195
294 260 236
269 254 184
285 207 241
314 257 163
308 295 184
345 244 187
325 286 227
288 242 149
319 274 189
281 262 163
332 204 151
282 238 195
295 257 175
344 212 156
297 290 169
279 245 190
281 270 166
333 287 227
263 202 239
273 204 235
326 266 200
297 218 154
278 255 210
331 225 213
292 246 188
297 207 224
333 233 180
348 213 200
322 295 220
355 212 230
297 233 143
315 257 234
263 250 170
265 288 195
295 251 219
338 218 221
304 210 236
321 288 203
267 278 168
290 219 171
317 281 173
295 272 182
308 299 186
321 298 145
326 263 232
330 235 193
319 246 185
281 272 179
267 288 220
257 277 220
324 234 151
282 210 204
296 265 156
293 296 165
318 257 148
338 279 210
306 206 217
268 251 168
297 248 204
294 204 213
294 230 218
345 255 204
308 299 163
301 289 156
274 287 178
289 283 156
339 284 227
306 292 190
295 226 152
344 242 178
286 200 151
324 260 229
305 204 238
261 218 164
289 289 184
318 225 222
325 226 195
293 268 240
299 206 205
257 244 231
282 209 237
312 222 176
322 239 188
283 208 206
323 264 145
313 247 150
279 209 180
336 296 164
263 288 179
313 243 170
349 296 153
293 210 175
263 280 229
355 290 237
268 245 209
301 266 237
294 246 170
334 211 143
313 228 144
273 211 189
306 271 214
356 289 222
316 204 184
261 249 232
348 259 235
289 227 194
290 283 176
296 250 178
343 259 239
349 266 229
316 254 193
301 264 192
260 264 202
350 238 210
282 226 170
258 232 210
287 218 211
321 267 187
354 266 196
335 290 216
280 204 194
347 212 237
321 252 166
346 208 160
354 237 205
303 230 214
306 271 197
277 258 168
285 291 180
338 239 233
272 230 241
319 267 206
285 278 165
299 268 211
332 295 186
339 257 167
288 220 189
295 212 233
268 249 184
280 218 234
321 288 221
351 226 174
349 215 184
314 269 147
275 264 215
308 300 199
350 250 184
356 294 242
324 228 207
263 251 165
355 297 220
345 201 222
303 289 158
324 221 158
337 233 162
272 227 173
267 267 149
346 243 220
289 275 156
1 420 88
23 466 91
-17 452 168
-24 485 107
-27 503 104
26 470 89
46 455 180
31 490 144
-24 496 137
-12 437 185
63 465 96
70 473 147
46 433 138
8 430 155
63 421 133
52 448 161
-3 479 90
-22 465 94
43 465 120
13 490 124
43 451 162
-18 442 103
22 421 145
-6 506 127
4 421 140
10 443 151
63 440 126
-4 479 160
-15 436 134
14 498 151
51 446 116
37 451 148
3 498 182
24 490 176
15 465 169
-12 501 136
24 420 181
-8 450 95
41 484 143
-19 430 107
15 450 92
63 442 167
60 420 126
-9 450 114
59 471 123
-1 450 92
62 442 149
44 464 115
2 413 121
61 467 185
22 420 132
58 425 98
-4 439 114
11 506 177
42 471 151
27 456 178
6 491 111
-15 433 98
-26 414 171
44 465 169
14 491 135
-28 431 92
65 416 109
58 435 128
5 449 111
38 419 98
-2 471 155
1 411 93
-1 467 145
-23 493 106
-3 507 172
-28 486 149
45 496 167
70 420 157
29 507 147
10 489 182
26 464 111
2 489 130
18 409 163
-24 505 114
23 440 172
63 411 171
55 489 155
-15 467 167
-17 468 91
14 451 92
14 446 166
34 471 129
12 422 158
39 422 137
-7 416 136
11 493 140
60 465 87
-5 498 149
-24 469 124
-17 438 120
-23 501 134
52 436 128
22 455 146
8 473 103
48 426 175
70 424 162
69 428 159
-10 493 127
36 477 153
-1 438 116
-17 478 184
70 496 133
-11 477 157
5 472 179
29 423 144
25 445 132
45 476 174
59 494 164
-29 428 150
-19 456 99
29 453 92
59 448 175
-28 411 110
55 491 117
41 468 110
30 440 137
-1 492 125
61 468 133
-21 428 148
62 436 159
-28 459 158
-19 457 110
60 489 124
-18 445 160
42 485 177
-23 434 182
69 506 93
-26 447 141
-23 412 164
32 442 172
3 488 140
-30 428 108
53 447 113
11 475 123
-24 411 162
10 459 121
60 441 148
-22 503 175
1 462 159
0 460 89
37 438 177
40 475 151
1 486 179
12 415 117
68 478 140
54 448 168
34 478 132
42 441 155
17 457 174
12 501 158
3 462 160
28 488 108
16 467 152
6 436 103
3 413 158
22 506 136
-10 428 168
9 437 158
39 509 87
-4 410 132
3 456 87
43 490 110
19 450 129
-7 495 184
38 443 171
57 500 184
14 427 155
10 460 149
62 415 161
31 459 127
65 448 96
44 460 173
32 419 118
48 462 149
61 448 93
-24 459 167
13 507 116
4 490 152
-14 451 160
-25 452 134
69 481 99
8 478 155
0 451 163
20 423 123
28 466 91
-9 501 175
28 423 147
17 507 94
-1 431 157
9 418 150
-17 449 164
15 483 108
-7 475 137
11 446 136
52 423 169
-3 490 100
7 433 168
5 430 182
39 481 110
27 422 106
-6 497 144
43 473 156
39 483 145
41 464 165
67 474 160
53 472 175
5 474 106
1 469 182
38 444 122
6 486 158
-19 468 115
45 427 126
-21 449 183
37 483 163
33 426 150
44 492 135
-19 503 123
37 490 108
67 417 119
-7 509 186
35 509 105
-19 443 91
-29 475 98
64 438 150
2 484 154
-21 416 133
48 477 187
0 426 171
36 493 185
18 442 185
45 426 107
28 493 153
10 448 176
-30 409 182
-24 432 185
59 490 121
33 467 175
-17 456 176
32 494 178
-18 431 183
58 477 118
30 426 90
-15 469 114
7 466 137
-20 475 141
-22 462 182
63 467 161
-28 506 97
-18 419 164
16 485 114
27 479 150
39 483 105
48 498 89
46 414 101
32 430 90
57 476 107
-15 490 107
14 448 170
-10 483 127
-22 432 180
16 495 142
9 433 108
-11 454 123
30 483 140
35 504 155
33 454 101
3 477 118
-5 439 181
58 459 144
23 441 118
43 463 117
38 409 115
39 494 122
-5 509 106
17 452 181
14 466 162
53 447 163
31 477 119
10 464 185
-24 435 165
20 411 103
-29 506 168
59 444 107
5 482 97
30 490 101
18 438 109
-18 410 165
-19 446 185
-17 415 116
14 452 154
25 438 127
62 466 161
49 432 159
3 469 140
41 451 172
70 468 112
62 502 157
38 428 182
40 423 171
-21 424 147
-19 509 110
-23 481 162
-14 461 144
13 437 124
24 413 185
27 497 154
35 412 98
49 423 129
10 465 89
22 507 184
64 490 99
6 505 98
22 495 149
48 436 167
17 480 146
-11 448 157
60 495 159
32 428 134
70 487 168
39 448 156
-24 485 133
50 478 186
-19 441 112
-30 441 132
-15 430 171
66 419 139
53 465 151
24 463 157
-23 490 167
55 492 158
50 474 151
35 433 169
-26 497 137
-11 509 103
0 420 159
54 482 183
11 493 167
69 423 179
36 411 157
-24 477 145
28 440 148
41 485 88
60 448 100
-5 457 158
51 439 91
34 414 127
21 428 168
-8 438 121
58 481 124
66 467 144
-17 451 158
40 435 144
-28 495 127
-9 462 176
69 509 122
11 431 109
39 491 117
53 480 165
-17 469 115
36 415 146
-17 448 179
7 457 100
64 444 179
-20 441 163
1 434 144
62 501 183
5 446 98
33 447 123
63 489 162
70 445 142
44 454 110
-27 486 175
17 468 94
51 425 183
40 424 171
61 494 105
69 439 174
11 475 144
66 478 164
49 451 157
69 487 135
24 503 132
55 454 97
-10 506 157
-7 416 146
52 433 127
-23 431 95
36 478 107
22 473 123
-25 426 140
-3 503 101
65 464 151
34 473 106
70 504 116
55 471 144
48 492 168
24 456 170
23 482 137
70 482 127
62 476 94
-26 468 148
8 492 172
54 463 110
10 450 126
18 475 133
44 495 176
5 454 126
27 430 99
56 420 176
3 489 99
61 481 142
10 410 181
32 423 87
12 418 156
35 478 166
65 475 103
6 505 170
-20 455 119
36 440 135
17 413 107
5 427 90
44 467 127
-24 462 143
-16 492 164
-19 448 173
-23 501 93
-22 500 141
54 421 160
48 446 117
37 485 157
56 453 184
31 493 89
60 462 175
-1 488 139
-20 435 111
-1 424 127
-23 497 153
5 507 100
47 425 159
29 432 177
-28 505 155
54 455 104
24 453 112
-3 462 185
51 496 130
28 409 91
19 458 122
68 449 103
-26 498 158
57 481 120
27 491 140
2 509 129
24 411 98
8 423 154
18 446 175
-7 462 138
31 476 111
53 450 125
-22 427 184
52 506 131
3 507 132
-30 467 135
-25 438 137
-6 465 132
37 486 161
-3 436 113
29 419 155
44 496 178
67 466 128
61 469 169
59 461 109
65 504 155
69 498 95
50 454 91
-11 495 149
14 469 127
-10 455 152
62 483 143
47 490 129
2 454 158
57 501 161
-28 505 175
40 417 157
11 460 153
-11 504 141
27 493 109
8 496 158
1 486 137
6 445 123
68 411 125
14 454 170
32 501 168
37 462 174
62 441 155
-10 442 111
18 478 149
51 438 95
47 499 149
2 431 111
23 501 159
-11 463 147
-18 478 109
-13 494 97
69 430 87
-2 507 178
14 432 144
-6 429 104
46 468 162
-22 430 103
32 500 126
53 459 162
-28 416 143
8 474 110
17 443 157
-15 484 178
30 508 152
13 467 132
17 425 137
-15 459 152
-17 495 175
27 437 179
51 495 135
69 439 133
2 483 120
-8 413 148
-28 445 182
-30 488 116
-7 454 102
19 498 146
63 502 136
31 439 153
50 493 115
12 488 126
70 486 90
6 503 127
66 501 124
-29 425 179
15 426 133
1 502 106
44 468 132
-23 480 100
-1 465 184
-29 479 104
-19 410 106
-11 478 110
63 413 124
56 444 149
57 417 167
51 439 150
47 466 178
70 443 156
52 447 125
1 429 114
54 498 134
-28 429 99
30 478 99
-27 472 93
-19 410 163
13 420 158
18 423 125
67 467 101
51 411 163
-26 426 89
40 445 98
22 412 92
65 414 131
67 509 185
-7 444 147
28 409 97
15 486 152
52 465 95
41 418 173
13 436 121
66 463 180
0 422 140
40 447 187
37 476 109
65 442 178
23 486 100
42 461 154
67 467 135
20 485 128
26 438 148
37 497 135
-5 490 140
2 460 162
-25 509 99
-4 487 176
36 453 102
15 481 127
-1 500 178
-17 456 107
62 430 168
-29 469 108
