152 148 7
108 115 44
119 140 37
90 126 37
132 98 28
139 154 56
101 119 47
95 134 2
140 97 -11
71 75 47
100 81 31
116 104 63
107 97 53
136 138 3
109 111 28
154 119 40
155 96 -4
90 76 22
125 68 45
157 157 -4
159 145 -31
143 145 -25
79 134 9
100 117 67
160 107 22
130 77 35
100 127 19
78 95 61
100 117 25
138 146 16
120 132 50
153 90 27
132 130 20
89 68 59
104 116 3
166 161 20
144 73 0
82 140 21
151 84 52
103 141 62
100 95 12
164 111 47
127 94 65
156 159 -26
150 161 60
145 99 -32
107 138 -29
168 121 -16
90 155 35
119 101 10
137 68 -25
120 158 52
151 115 23
69 158 16
116 93 40
84 132 1
71 79 39
92 112 -1
156 164 12
144 162 41
123 166 11
81 79 -24
75 96 33
77 99 24
91 93 -13
106 138 -15
142 130 -20
118 139 15
128 164 -18
142 97 -7
162 152 -28
137 68 33
117 76 54
98 119 13
166 116 12
155 84 58
110 96 -15
84 75 5
75 80 40
130 154 62
73 136 28
70 73 17
152 137 26
118 143 8
162 110 -30
128 86 5
137 133 15
91 68 -16
75 76 -30
129 117 -6
119 69 47
158 126 43
105 95 37
87 90 -6
80 140 54
122 122 39
131 158 -14
152 154 -11
81 121 30
134 162 15
112 75 -11
71 144 62
162 130 -12
99 162 15
76 124 61
104 98 29
124 165 -28
150 101 29
85 155 26
149 81 17
168 155 13
135 106 -22
133 112 50
153 95 62
84 158 -17
76 94 4
166 123 4
100 159 0
164 68 40
157 94 42
160 110 2
169 68 42
153 159 -17
110 68 52
140 162 12
97 112 0
108 113 -12
152 91 -23
144 154 14
86 109 48
98 158 5
165 148 6
116 116 19
133 138 63
144 147 19
119 92 6
156 165 37
76 71 -24
154 162 -31
83 166 -3
131 140 -4
76 135 36
79 144 -13
80 90 12
124 80 -9
165 88 -23
106 157 45
79 109 27
95 130 -8
162 76 -33
136 134 -15
151 122 66
78 110 -21
142 74 -3
89 130 41
162 88 34
101 136 7
95 69 -30
74 86 -1
130 80 27
149 85 48
72 86 50
154 110 20
137 130 -22
87 118 37
112 76 -6
144 127 58
113 161 4
141 144 54
135 164 39
70 80 42
96 149 -26
116 82 24
110 115 6
142 77 9
148 127 52
90 85 -33
101 70 -10
126 115 9
159 91 29
123 160 -24
116 83 48
147 84 -26
165 110 54
160 82 -18
154 116 19
168 111 63
74 88 -26
164 107 17
169 132 59
69 77 -25
138 72 16
141 115 -16
117 91 65
147 156 10
147 104 -24
116 122 -14
144 97 54
107 118 3
105 89 48
90 154 19
141 163 55
162 159 -30
148 76 34
138 70 -3
156 107 -11
126 99 7
100 91 44
104 119 21
81 93 53
150 87 -27
89 80 67
80 70 -9
72 119 52
104 106 66
87 128 14
108 168 -30
86 108 52
149 115 50
121 115 59
144 88 27
101 145 47
128 107 36
82 98 -16
98 118 65
126 125 55
122 168 -8
136 149 -25
140 95 23
99 86 -25
128 141 54
70 84 47
90 88 -16
150 77 20
100 94 65
70 123 9
100 107 -11
148 137 -24
89 136 -4
113 146 51
110 104 8
165 136 10
157 151 54
70 114 -26
134 102 66
105 107 36
150 72 58
76 73 27
125 136 33
138 156 3
107 140 -29
145 126 35
77 132 3
95 163 28
113 131 9
93 126 61
84 165 -9
114 124 33
119 145 -13
153 145 30
163 123 -32
143 91 -13
119 104 31
81 162 38
167 140 -6
133 90 48
120 151 -14
141 117 -24
95 116 59
147 103 13
93 119 -15
83 164 14
85 93 11
148 161 18
85 110 -2
142 120 55
143 105 -11
127 131 -3
133 114 -11
120 144 -24
90 125 36
73 154 -33
144 126 63
147 129 36
139 108 30
108 69 67
70 165 32
110 137 66
118 138 -12
98 69 64
112 90 -9
106 148 19
87 101 -24
93 88 64
120 103 -30
144 158 35
138 98 66
128 132 21
121 144 58
157 163 -31
165 125 47
120 70 -15
74 83 2
84 127 59
81 154 6
169 157 6
94 121 24
165 85 -2
86 120 41
79 86 12
140 125 33
96 105 0
139 82 28
113 140 21
168 89 27
77 145 -15
102 150 43
112 120 -21
122 155 1
91 154 51
149 132 -20
146 159 31
96 79 63
99 98 -32
80 81 25
160 87 -7
73 117 -12
91 115 52
87 83 43
76 163 43
89 146 32
130 83 10
104 78 67
120 144 0
78 99 -3
129 120 38
103 73 -27
80 104 -11
118 157 23
168 151 6
100 82 45
126 126 -29
111 108 -18
152 140 7
80 86 8
70 148 -32
124 132 57
124 134 60
149 95 28
105 84 -14
149 145 50
147 148 -4
76 142 49
126 137 61
78 150 -6
80 114 -31
76 139 12
70 91 -23
97 129 -9
101 133 13
104 97 33
149 164 1
107 152 -21
85 151 35
78 146 50
160 110 36
143 93 37
166 104 -3
126 97 51
70 72 -20
125 89 9
130 155 53
135 78 -4
159 130 0
93 73 -27
76 116 26
106 160 -28
144 129 55
103 135 36
133 82 29
154 121 -1
69 145 10
110 85 -18
144 135 -15
130 83 -29
126 86 37
73 69 21
158 94 9
97 149 -16
168 147 9
161 93 37
149 114 -28
103 77 52
130 162 12
107 96 56
100 122 5
108 88 50
78 96 62
74 96 -18
92 91 -16
76 135 12
94 143 35
119 95 -10
99 135 -23
162 137 30
72 156 41
82 113 -33
153 142 35
115 113 42
162 112 -6
118 147 -15
73 73 27
146 97 58
96 131 8
133 69 -18
100 162 23
96 112 53
139 90 26
103 90 28
129 72 61
168 96 45
166 167 -5
168 81 11
166 160 -23
77 100 2
80 96 -1
75 163 37
143 117 1
93 104 -9
75 159 -24
106 151 1
147 155 17
156 148 44
69 101 60
90 166 -1
76 122 46
95 143 -19
112 76 29
141 113 12
124 168 61
112 69 57
149 70 3
141 143 17
134 97 0
145 72 20
88 99 62
105 119 -22
143 160 30
80 134 2
73 153 -2
107 152 35
136 95 23
108 163 22
147 119 -17
166 117 47
109 163 32
142 70 16
108 168 4
131 144 9
91 128 -28
133 148 7
117 69 -11
169 91 12
163 129 -30
93 123 63
94 151 17
113 166 -28
76 153 53
135 141 -25
142 164 -33
143 142 18
112 113 54
133 155 -7
121 83 -8
152 74 5
158 134 0
82 132 -16
116 75 35
109 95 -24
130 154 65
132 113 14
136 117 48
71 96 -29
143 129 18
149 76 14
143 83 48
102 88 -30
80 129 43
146 105 19
133 110 30
88 122 55
154 156 -31
124 105 45
116 78 31
148 74 -6
124 155 -4
95 130 24
116 106 5
72 118 41
84 100 -15
104 126 17
93 94 -28
97 102 50
91 68 46
159 167 45
167 96 60
162 123 -14
74 163 9
140 163 -6
108 167 6
94 90 19
113 156 6
116 168 19
126 144 53
88 163 44
85 127 62
90 68 43
81 85 -20
162 73 62
123 76 60
156 97 -3
71 145 34
126 111 3
93 69 6
97 148 -5
104 140 54
149 90 46
164 133 54
95 72 -1
150 117 8
120 126 6
130 85 4
77 133 30
99 82 24
88 76 -22
97 157 -14
155 136 5
118 101 12
106 158 -5
75 95 55
150 146 2
158 130 -31
151 81 62
169 143 2
157 141 11
70 74 -25
164 85 3
102 123 30
118 107 24
153 109 -12
142 113 21
141 118 37
167 78 31
142 97 12
100 97 -19
103 135 -20
167 110 60
152 94 41
158 97 13
84 95 35
168 162 40
96 93 -9
98 78 -22
121 120 24
168 101 44
100 127 29
71 106 -9
165 116 41
158 90 38
99 162 -24
162 125 -21
123 104 4
166 77 23
161 71 35
131 145 23
144 104 -1
102 106 -32
151 84 35
127 126 46
158 77 18
101 157 0
129 100 13
133 128 -19
123 161 57
139 104 28
72 128 38
126 118 11
90 132 14
96 98 -11
101 125 -24
167 100 28
145 165 55
110 160 66
106 132 27
92 167 -23
161 88 13
115 110 34
72 94 6
122 79 13
103 162 22
131 147 46
78 70 23
90 146 9
124 79 -30
152 168 55
128 141 -5
72 158 -20
100 164 -30
103 125 -24
148 90 -12
78 166 26
70 92 29
141 81 34
168 127 -15
153 137 16
118 99 6
93 75 -9
125 127 -17
146 164 3
164 129 17
145 103 45
138 115 20
105 131 67
69 91 63
134 115 -10
110 103 -16
169 80 -9
77 115 11
162 128 7
90 123 63
127 148 21
153 85 21
146 95 -19
85 158 14
152 88 56
127 108 54
136 119 61
71 129 11
76 144 22
142 96 11
80 79 -6
124 117 26
146 119 38
143 142 10
80 127 65
89 74 0
112 117 55
154 168 32
157 73 -27
106 104 -32
135 97 21
83 118 57
156 134 -13
163 111 -22
71 87 -28
83 76 6
78 147 43
151 93 55
73 113 37
146 77 -18
134 128 -22
104 81 -4
140 74 19
143 73 7
99 89 -15
142 121 27
160 86 46
164 77 36
149 148 -6
158 99 21
107 131 6
113 148 54
149 78 51
139 151 52
161 135 -31
126 124 58
78 89 20
138 140 29
114 104 2
87 101 3
91 159 -4
122 77 57
79 143 45
110 86 37
74 80 31
130 129 20
71 73 0
120 159 -32
114 144 35
166 135 6
110 109 65
124 131 2
113 88 37
122 82 66
70 115 63
92 120 -31
103 78 43
148 124 2
162 137 43
114 163 8
154 132 27
96 141 5
169 72 -2
108 142 -18
159 91 66
133 131 10
143 150 2
133 88 21
120 154 3
108 124 30
141 119 -13
124 72 -29
73 90 39
104 101 57
111 80 58
128 113 33
80 75 17
130 143 33
106 142 -19
109 90 29
100 162 17
156 68 5
95 162 41
161 95 -12
147 149 34
88 146 38
99 68 15
137 158 4
120 102 -25
144 168 -22
81 76 -33
109 154 4
134 87 -31
90 91 7
152 153 24
131 119 20
128 133 49
158 95 -7
145 136 -22
101 68 -3
155 122 10
160 74 67
142 111 48
73 153 44
120 87 20
90 124 44
79 155 48
107 98 -33
95 144 -3
76 119 -17
87 102 -16
94 154 67
158 86 -14
156 82 -1
128 99 47
90 107 57
89 69 52
150 98 50
122 161 5
135 148 52
165 127 47
163 110 31
144 114 46
112 98 62
166 121 -17
110 138 -14
85 134 28
100 95 42
131 166 22
109 101 41
150 102 65
71 136 -24
115 168 -28
116 103 -19
82 126 13
146 89 47
107 127 48
76 160 55
103 165 64
107 73 26
117 87 16
104 167 -20
160 123 -31
93 75 36
72 82 7
113 156 64
154 140 45
151 107 43
73 103 46
146 161 31
146 133 -28
159 140 60
127 89 23
92 104 2
83 94 -9
156 83 39
86 154 -32
128 79 13
165 157 12
132 135 -19
432 80 507
447 73 535
423 52 507
460 56 483
404 32 526
372 46 481
388 63 455
446 57 483
365 75 501
377 36 460
400 30 463
443 14 456
412 19 496
371 32 475
399 89 501
399 22 473
416 59 527
445 18 527
454 21 445
434 55 499
455 93 445
391 101 469
418 108 460
452 73 445
364 82 486
397 79 513
396 57 527
384 35 462
363 93 457
389 75 478
365 67 507
408 95 472
430 64 497
412 70 526
407 99 500
387 18 536
455 26 500
360 35 464
385 28 521
397 72 476
399 86 505
453 104 489
377 71 516
420 77 499
456 53 472
438 85 540
413 74 537
407 11 453
360 80 463
407 89 532
451 55 492
401 36 533
429 96 523
436 90 507
419 81 475
413 82 442
382 26 464
387 88 523
440 97 451
440 69 530
409 52 496
374 52 497
455 17 488
411 76 500
403 17 459
413 33 536
363 109 525
453 79 445
417 45 458
389 104 518
421 76 523
385 85 486
411 43 483
445 46 497
381 48 509
439 45 482
403 28 534
438 37 445
369 53 474
414 30 489
426 80 499
377 73 517
404 55 464
374 102 527
411 60 462
459 76 519
428 99 527
406 40 506
374 16 524
368 17 513
379 21 471
410 52 498
444 106 503
383 83 519
395 66 489
441 19 452
365 30 442
453 50 514
413 71 461
394 45 463
411 26 537
408 75 448
450 30 533
400 97 469
366 96 525
453 62 469
448 104 538
424 24 474
369 73 471
405 95 504
402 33 541
432 95 503
454 94 513
414 55 529
428 88 496
369 38 467
442 42 489
452 67 510
443 31 467
389 66 513
366 14 512
420 82 450
410 108 539
454 24 489
403 69 536
430 34 529
398 79 507
421 66 496
452 97 516
421 26 480
380 47 520
441 25 503
399 16 533
425 38 517
444 83 462
360 36 513
427 30 533
440 79 477
371 72 468
423 22 506
372 32 485
363 103 449
426 14 539
399 76 472
444 12 441
362 65 514
416 31 496
431 59 446
392 110 472
457 14 466
390 62 501
409 40 501
430 79 487
385 62 533
367 18 443
406 81 462
428 52 522
451 12 466
389 43 468
370 46 493
401 94 517
408 79 490
429 92 539
457 51 479
378 53 460
390 94 456
429 67 450
440 59 449
371 93 539
445 104 518
399 80 527
364 18 529
374 98 474
418 36 512
413 22 476
361 39 530
362 54 489
382 46 496
416 75 441
432 61 476
408 72 446
411 80 480
427 111 493
449 70 526
366 30 532
404 39 530
403 87 468
393 105 461
412 17 461
382 61 449
392 29 486
412 23 446
368 45 476
385 68 463
394 74 452
371 69 487
459 67 491
400 12 484
423 55 490
382 48 491
431 57 481
439 90 460
376 17 525
403 35 447
384 12 449
413 53 494
392 43 446
364 84 519
401 16 538
406 76 452
443 45 443
454 32 506
427 105 513
394 31 442
408 35 486
377 42 447
384 68 537
452 51 540
453 32 447
426 32 498
411 75 485
369 87 489
369 35 496
411 27 458
399 94 540
370 77 530
408 55 470
367 74 490
453 75 482
392 85 522
384 26 526
371 70 452
434 21 450
414 43 496
379 102 530
388 54 538
367 90 444
367 71 457
401 81 451
448 23 522
433 96 511
429 76 473
440 14 448
370 104 468
396 59 451
433 82 507
395 110 524
421 18 487
431 46 534
380 101 530
410 30 502
454 53 501
452 65 463
435 34 502
400 92 518
402 24 516
432 73 497
390 92 491
452 100 503
365 33 500
398 56 510
442 97 516
410 45 509
452 21 482
444 23 474
394 11 454
449 47 512
362 82 499
384 56 484
412 79 490
379 48 505
435 101 511
406 54 458
368 21 453
413 93 493
450 44 443
393 41 471
401 21 527
430 83 539
424 93 476
446 21 520
400 20 465
401 36 486
389 67 461
388 22 496
395 16 441
380 98 482
384 53 450
440 87 518
453 78 447
447 17 451
393 74 506
409 25 447
431 60 515
372 46 519
459 39 489
413 89 527
405 89 485
408 59 519
443 90 468
412 17 494
441 72 488
364 19 451
426 67 451
370 86 472
401 108 465
390 31 446
411 57 497
416 23 466
403 28 472
447 104 522
444 87 516
367 44 535
409 35 535
458 56 522
433 36 475
457 49 505
418 62 452
395 68 455
429 59 476
424 95 484
448 48 444
385 37 475
421 87 443
435 36 479
435 81 524
409 96 504
411 75 463
441 12 497
459 34 469
398 44 469
417 32 475
405 64 512
425 88 504
421 87 463
429 100 469
401 88 525
443 50 502
410 68 483
372 18 521
433 98 443
389 84 466
398 94 456
447 95 511
379 111 455
455 41 444
441 56 511
399 110 476
455 59 520
401 97 504
360 72 528
448 84 502
460 13 452
418 40 468
396 51 445
394 95 511
381 70 487
423 53 479
441 89 480
432 71 485
434 18 458
460 97 516
446 45 473
437 93 527
422 107 519
448 30 498
451 71 458
405 37 497
379 88 464
389 70 496
445 11 512
413 111 447
380 109 496
441 107 520
406 71 448
378 90 464
376 82 457
384 110 500
372 33 450
380 36 470
460 85 502
407 19 479
411 54 454
408 46 462
456 96 522
439 85 521
421 33 454
410 69 509
363 50 472
400 11 540
363 102 475
450 97 448
428 60 531
384 42 513
380 47 475
387 103 466
451 70 475
364 46 451
430 78 442
368 103 502
376 55 464
418 40 495
444 25 492
365 99 477
399 65 525
454 92 466
404 97 484
415 70 513
450 101 541
428 103 513
435 39 512
402 75 519
457 72 472
372 88 463
360 87 508
448 24 442
426 18 535
436 96 493
372 73 517
458 91 516
416 39 521
380 92 503
375 40 478
456 41 505
365 48 468
399 95 532
427 32 534
448 14 498
441 72 468
360 39 466
439 35 505
361 89 483
363 29 449
452 14 451
414 74 535
362 39 490
443 55 510
370 88 513
396 77 532
365 106 540
406 66 489
423 107 469
394 71 463
371 83 513
445 54 487
389 24 475
446 106 445
434 74 523
421 35 507
460 50 451
368 109 485
376 78 516
438 57 457
428 63 541
364 12 522
430 72 454
387 94 509
363 47 520
400 56 535
384 26 478
384 61 487
431 63 506
460 103 489
404 48 453
360 46 510
453 33 532
422 13 501
408 64 471
435 40 465
388 25 458
412 71 536
389 18 497
431 92 483
377 80 540
419 58 518
460 71 523
420 73 510
459 96 456
393 77 441
372 30 517
365 79 520
383 50 500
459 108 513
438 82 509
434 36 470
372 44 477
414 30 466
418 100 507
455 83 441
416 94 491
375 26 485
425 109 509
435 21 517
385 67 491
452 24 477
362 72 456
428 19 497
407 30 536
460 52 500
398 89 465
424 78 442
370 27 479
361 78 483
394 105 540
442 73 482
394 70 535
367 72 464
373 92 492
400 35 501
455 93 518
383 111 510
371 75 499
365 41 464
427 45 532
426 22 497
391 61 461
360 92 470
388 19 465
450 95 472
437 32 522
390 52 473
387 72 493
431 107 450
448 14 530
414 110 485
440 37 533
379 94 527
404 32 471
392 32 519
363 84 443
436 17 540
380 47 535
361 27 467
388 59 533
362 49 517
423 67 473
362 101 462
379 24 475
445 84 537
380 63 498
374 102 517
380 43 522
362 37 529
370 43 500
383 85 472
369 35 481
459 88 522
448 41 539
420 24 455
409 12 469
396 78 490
373 95 527
439 89 509
435 62 525
368 92 452
430 95 525
403 92 491
426 100 470
396 76 449
459 13 501
435 49 467
392 60 513
445 98 485
385 107 442
374 53 454
397 39 531
390 29 523
432 37 486
443 75 462
407 55 494
409 71 442
446 104 496
428 47 477
449 78 537
390 74 533
435 57 471
420 46 496
406 107 513
413 78 441
388 24 524
428 52 447
451 41 453
431 78 486
385 74 479
373 68 509
416 62 456
432 33 525
437 92 510
453 62 457
431 66 516
385 106 444
445 86 539
394 77 474
376 30 487
434 37 504
391 89 539
457 74 452
434 80 466
414 68 471
453 95 540
371 57 479
378 111 507
374 90 510
430 28 521
434 75 463
402 97 499
423 97 441
458 29 490
423 103 452
428 59 475
430 82 451
383 28 472
414 100 486
432 57 481
368 21 489
383 41 495
366 108 472
420 68 538
402 93 537
453 91 512
380 60 525
438 31 443
366 73 470
438 60 525
402 48 508
414 111 502
405 26 513
402 60 476
423 95 538
435 14 464
395 79 516
384 24 444
393 20 523
448 95 531
382 40 500
391 18 451
428 105 460
446 79 513
432 87 499
364 74 462
373 41 473
459 87 538
362 80 488
453 18 524
379 45 515
434 39 520
361 111 457
438 79 529
454 23 528
426 106 489
397 97 531
375 41 481
399 111 498
419 92 496
411 110 505
380 85 474
455 30 452
369 14 477
407 98 475
433 86 502
422 25 503
366 56 505
390 25 521
451 26 483
441 108 534
373 81 474
436 103 515
406 109 482
433 69 456
382 41 474
441 92 535
399 111 519
447 32 478
431 76 453
445 108 475
409 49 497
433 85 442
427 85 522
422 109 447
448 76 489
449 22 509
392 75 471
414 67 531
430 88 498
447 107 461
460 15 505
364 104 486
393 51 449
403 62 443
421 64 459
443 21 489
420 94 512
453 37 462
451 64 484
414 67 473
436 62 481
456 14 529
453 75 529
422 38 473
411 23 533
381 27 537
406 38 474
450 21 458
435 52 470
435 50 457
401 80 479
437 68 528
436 45 497
410 65 525
363 42 493
397 29 499
416 107 453
427 63 495
425 60 529
394 79 477
409 104 541
381 14 533
395 111 507
446 52 487
401 49 468
458 11 495
364 63 463
399 111 467
373 50 516
457 42 540
420 66 486
423 90 480
414 106 469
443 21 511
372 33 489
450 32 473
448 47 483
367 19 444
419 19 507
459 88 500
404 67 537
413 62 499
369 91 455
367 69 504
401 29 448
388 14 495
443 26 497
443 92 491
413 19 491
389 50 524
443 99 486
362 95 441
389 88 483
454 93 461
398 99 463
374 83 486
385 59 484
410 104 500
407 66 499
406 51 512
386 100 464
405 106 450
432 76 491
423 98 500
415 66 503
440 50 528
379 51 526
389 53 496
407 41 487
445 92 466
373 12 448
360 42 505
405 52 500
455 102 536
437 96 449
423 76 446
373 108 541
380 70 493
420 74 520
365 87 442
437 83 503
402 87 507
363 91 515
407 17 458
397 81 505
432 57 505
410 20 528
360 67 465
433 96 456
395 29 522
438 59 487
403 87 490
397 38 458
376 75 514
449 36 520
385 51 508
369 54 489
395 63 481
425 69 455
401 69 504
434 98 532
390 39 470
366 106 535
413 93 457
424 47 480
153 396 58
185 451 65
128 415 31
154 379 63
203 408 102
181 426 75
174 445 44
212 419 80
201 385 62
191 427 97
211 388 50
153 455 22
154 420 23
123 426 79
214 401 69
125 443 17
136 413 50
203 433 52
191 468 25
175 377 52
177 406 54
193 450 34
183 398 56
183 380 46
131 408 58
172 392 112
207 445 75
182 467 107
206 433 113
140 388 71
196 436 98
145 454 47
130 404 35
164 417 104
118 392 72
182 467 27
117 431 102
193 376 73
178 376 110
185 396 39
191 428 28
175 432 110
129 458 69
201 442 68
129 413 51
151 412 19
140 434 54
152 398 84
122 416 43
133 449 44
132 374 48
189 406 106
156 438 51
199 468 59
149 447 107
143 391 108
126 381 23
158 444 107
214 385 67
170 450 117
172 392 26
152 429 51
195 446 60
185 431 76
131 386 65
138 447 34
117 429 18
185 439 72
152 450 113
202 462 33
196 396 117
216 452 87
131 438 70
118 399 116
144 418 97
197 391 30
152 455 75
210 429 110
205 391 117
179 371 86
124 436 35
157 375 115
180 434 101
150 451 43
217 416 20
153 444 19
143 424 86
214 406 69
173 446 69
184 407 78
158 376 108
160 388 96
208 431 76
185 441 113
195 432 102
177 415 52
118 398 104
121 373 108
197 451 98
201 370 102
210 425 101
117 468 115
192 417 19
212 440 25
172 383 49
121 442 57
118 434 43
214 385 60
119 369 57
206 378 35
163 417 87
169 460 65
151 451 113
130 385 67
182 462 84
142 414 34
128 438 55
134 459 86
194 456 69
202 458 36
118 415 70
155 382 116
140 401 88
143 410 112
209 425 66
205 413 58
180 420 106
129 463 41
166 462 84
145 382 17
160 400 69
194 418 107
159 413 36
120 377 20
120 412 94
141 438 37
166 401 29
140 395 85
182 425 95
180 414 62
212 398 71
210 447 85
171 389 26
178 421 79
186 389 31
179 370 27
161 452 106
192 443 117
120 419 87
186 420 47
198 448 61
216 398 79
165 434 92
162 434 57
122 391 81
125 376 115
141 371 45
143 395 90
184 450 48
210 384 59
201 413 112
158 395 114
171 396 31
180 460 54
121 437 88
142 393 80
170 439 29
217 370 55
140 438 36
127 381 27
137 383 60
133 372 18
134 404 61
194 413 30
140 457 98
124 406 61
199 418 94
134 406 56
192 450 63
155 368 68
144 432 83
151 454 84
193 425 52
169 397 58
127 401 92
134 451 64
178 436 102
217 413 21
148 442 17
122 451 80
170 381 44
209 410 70
122 413 81
174 422 71
189 439 111
191 422 80
121 460 66
171 402 90
121 375 25
120 421 110
143 428 70
159 436 98
135 468 90
134 457 109
169 412 22
179 465 60
131 410 36
198 432 72
140 460 112
131 459 105
214 413 72
143 425 49
182 462 57
167 456 56
145 442 32
154 455 64
145 393 63
154 419 35
152 437 38
166 425 24
172 423 36
148 433 112
155 422 72
212 442 106
192 466 42
181 380 33
183 437 25
149 368 72
210 426 64
186 393 50
171 435 77
198 410 83
169 372 33
210 370 76
216 426 94
195 407 46
195 428 46
195 400 65
118 419 113
178 375 97
201 437 49
195 414 113
202 455 52
166 428 52
152 370 74
169 422 96
146 458 62
181 445 89
131 417 25
132 420 81
143 450 114
172 389 103
167 451 41
126 413 64
135 462 71
197 398 75
128 462 107
134 376 113
166 425 43
212 374 39
123 391 90
144 456 107
129 406 73
178 416 50
130 400 74
152 462 101
126 409 84
209 413 63
208 389 19
134 372 67
157 383 60
134 391 75
122 370 17
124 395 84
173 395 83
146 387 113
130 443 108
141 397 72
122 457 41
192 451 29
203 452 84
202 409 72
210 426 70
188 438 77
212 392 83
137 426 73
128 444 26
145 388 55
131 459 73
168 416 73
158 419 34
186 463 18
191 371 89
150 412 63
117 389 84
174 452 104
188 414 66
195 414 30
168 386 81
168 415 57
150 425 21
118 415 28
187 422 62
179 416 113
135 394 108
171 403 62
169 444 75
166 376 90
117 392 89
160 429 57
149 440 44
138 454 107
191 429 53
204 460 38
162 378 116
150 425 116
183 382 48
211 421 32
191 398 30
151 403 53
127 443 68
123 437 28
191 434 117
183 434 115
210 398 80
170 445 52
129 368 34
158 398 115
191 438 68
157 402 58
118 454 22
138 375 87
120 407 36
185 438 55
153 369 34
162 417 87
212 427 28
160 466 101
136 419 90
140 404 18
215 433 75
201 381 77
199 432 26
197 401 112
168 378 34
202 411 30
162 421 40
207 399 112
187 428 22
127 379 63
132 423 54
170 420 18
127 406 112
207 368 101
159 451 113
134 435 66
212 448 107
141 402 21
212 441 110
123 369 116
208 387 116
206 374 26
151 433 34
202 430 17
155 392 104
154 399 58
173 413 83
139 420 99
186 371 101
125 417 109
180 454 49
147 451 76
148 405 59
198 453 20
143 464 98
136 412 95
143 410 69
160 383 76
124 437 24
139 379 19
214 409 104
120 397 34
161 379 38
187 410 102
181 409 91
147 423 23
140 396 67
131 432 98
182 425 27
163 419 92
160 451 78
131 423 21
124 440 78
208 465 94
121 413 36
121 397 85
217 439 32
177 449 84
171 462 24
148 370 117
183 464 71
140 431 45
152 414 113
158 467 52
211 370 55
205 405 76
157 405 57
187 415 117
191 407 99
191 392 87
209 443 60
199 421 58
177 442 60
205 441 70
182 466 109
205 391 49
155 400 109
195 411 53
171 401 111
208 438 77
216 388 59
136 425 72
172 389 104
179 379 70
155 381 103
163 370 95
171 377 75
173 440 110
217 379 78
153 466 89
177 381 29
190 467 58
188 466 83
202 433 114
123 375 19
181 405 20
212 388 22
205 451 98
200 392 111
195 384 102
120 434 112
179 422 102
172 456 52
191 445 41
200 468 79
173 399 52
204 463 60
158 430 80
179 398 56
208 463 70
159 377 33
156 376 72
152 398 45
198 369 52
183 450 20
163 378 83
206 415 117
177 394 68
122 417 101
175 436 91
139 382 32
194 432 18
119 394 25
127 402 111
174 416 62
151 418 43
213 419 57
198 436 36
157 418 41
188 402 34
164 417 117
197 370 49
159 380 68
172 396 52
213 408 47
186 453 27
197 410 42
124 392 40
203 427 48
146 452 55
148 370 35
209 412 84
119 409 68
162 396 101
144 438 82
191 404 76
135 397 35
127 459 80
188 393 81
136 412 95
130 414 52
158 438 66
133 421 77
216 373 37
185 411 66
158 407 110
145 378 27
194 411 75
173 447 116
203 453 20
160 452 73
206 415 102
212 462 103
213 417 72
128 413 95
125 427 83
141 393 66
201 389 67
202 428 95
182 420 58
124 396 47
173 430 105
153 425 64
159 461 34
205 387 113
150 428 88
185 392 44
177 468 37
186 433 111
126 432 111
181 459 84
189 451 62
201 448 66
203 452 62
213 438 27
148 450 55
150 405 44
187 437 64
211 415 38
203 464 65
205 452 70
160 386 33
166 422 39
180 417 35
138 423 57
148 384 69
134 468 106
138 379 84
134 379 113
131 397 36
167 461 113
153 389 50
129 419 80
154 435 71
194 426 45
185 448 22
131 450 92
193 369 46
211 454 40
127 407 100
144 440 78
142 390 70
133 395 108
201 408 102
165 394 30
173 455 103
133 416 83
119 393 31
151 466 49
207 412 83
151 403 107
122 422 38
212 372 21
133 392 105
209 421 63
198 419 36
152 448 79
140 368 54
174 412 100
126 426 38
183 425 61
215 461 28
147 435 32
137 448 22
210 437 45
134 387 105
182 374 35
147 416 48
188 429 34
123 443 44
214 386 65
212 443 65
149 372 112
196 448 69
153 428 38
156 449 69
211 370 37
161 459 63
209 468 24
152 397 101
187 455 50
120 379 50
182 457 32
146 440 103
143 400 55
134 423 91
216 403 64
132 439 78
192 461 34
124 374 105
190 467 94
159 387 41
173 446 51
150 388 70
146 378 37
151 413 91
134 466 32
150 404 60
189 400 26
117 383 71
160 451 111
119 445 74
131 448 117
181 436 78
173 454 110
171 390 117
180 432 39
214 463 90
135 425 73
199 398 99
165 375 85
167 397 17
159 386 99
175 416 34
144 419 98
173 372 20
126 443 28
194 400 90
136 421 105
175 448 98
134 378 90
197 411 39
192 415 106
190 387 99
191 374 97
178 397 104
129 467 82
121 450 112
165 394 53
130 441 104
216 393 110
168 414 46
214 439 46
146 436 84
216 428 27
180 402 48
210 405 64
154 378 29
162 430 72
137 455 117
186 405 93
209 393 71
181 441 24
171 378 74
175 465 80
162 389 108
117 465 30
156 443 53
118 375 37
123 398 74
194 413 51
172 452 32
142 380 63
168 392 85
192 426 78
124 439 54
161 424 90
211 422 29
179 383 40
150 405 116
117 373 77
127 416 75
187 418 63
188 451 62
133 415 110
156 369 112
147 465 71
167 464 21
198 398 89
183 385 51
169 382 49
166 377 86
151 419 19
124 389 55
130 399 39
206 461 110
176 394 41
177 428 78
180 397 73
128 368 86
199 406 52
188 394 22
172 445 51
204 423 75
151 372 32
125 439 25
149 382 79
145 461 98
181 466 78
150 379 50
204 376 61
206 371 99
166 435 84
146 413 21
159 409 78
187 448 31
132 394 31
184 445 26
203 420 79
187 406 31
147 436 75
117 433 66
194 418 116
147 423 79
202 368 37
120 456 64
201 374 78
125 460 41
200 442 69
205 426 64
167 391 30
126 398 81
168 452 78
142 466 58
120 395 84
133 420 54
199 433 61
166 391 51
213 425 61
140 419 67
160 427 35
176 463 109
169 418 73
117 387 58
215 375 93
198 394 35
170 453 90
148 426 75
168 373 19
124 413 82
143 467 99
188 400 44
155 427 82
212 435 40
190 408 45
173 456 42
189 420 56
140 427 72
198 376 33
204 391 62
169 407 89
208 422 27
132 399 98
204 381 52
147 420 25
144 448 88
192 420 80
166 374 25
139 436 82
132 439 18
146 463 90
131 454 43
172 404 46
215 391 57
201 402 30
160 379 17
145 417 31
123 463 93
139 368 74
117 455 95
179 446 40
160 443 70
185 389 34
168 385 104
197 459 60
204 429 112
163 451 44
128 418 35
142 463 116
213 452 104
167 418 99
142 418 100
176 414 40
131 462 31
207 398 99
217 391 63
141 468 106
194 453 22
118 444 24
211 390 76
191 421 22
163 382 76
170 444 103
191 415 113
181 404 49
123 426 116
165 445 116
120 396 80
194 458 69
142 442 69
188 165 77
184 158 45
151 108 94
165 170 70
238 97 39
176 103 46
160 78 81
151 95 65
153 110 34
217 169 56
156 104 0
227 117 76
202 83 25
243 88 6
168 92 32
216 81 76
182 170 2
175 166 33
161 123 25
174 82 -4
226 151 89
184 98 27
160 139 53
193 107 45
221 108 49
210 79 70
214 136 39
150 141 10
222 108 70
192 83 2
196 173 95
234 167 3
167 117 63
227 127 48
222 121 94
192 140 69
190 109 85
217 145 40
227 177 56
182 78 31
148 158 70
192 165 53
155 174 55
240 89 78
143 145 27
169 156 45
240 143 30
153 78 48
206 88 1
193 162 28
232 162 72
236 100 6
144 90 30
176 168 89
203 118 68
228 148 66
150 92 94
164 108 14
175 174 90
195 107 81
222 147 56
212 150 72
184 139 51
187 98 43
167 154 83
149 95 95
206 86 60
178 165 60
154 175 25
230 152 74
160 158 5
188 88 7
209 107 69
236 80 11
214 108 85
196 95 43
220 107 27
235 83 60
222 87 -3
180 143 93
202 157 60
148 169 -2
239 102 40
233 169 56
176 158 91
183 127 6
143 117 43
228 87 25
219 143 69
185 80 72
178 115 89
204 129 38
172 146 -1
169 96 31
162 89 11
226 158 68
163 175 83
158 98 39
176 167 24
152 91 44
208 85 43
168 138 69
223 104 68
210 136 9
188 131 17
185 144 53
186 82 74
183 128 4
206 113 67
145 101 10
183 136 6
170 80 89
205 95 2
175 173 -5
243 141 67
240 150 72
215 122 59
173 125 0
203 143 11
219 77 93
222 120 81
213 149 66
188 92 31
213 156 56
205 133 90
149 121 25
236 171 -1
144 126 44
200 101 67
168 156 -1
186 132 93
224 153 71
209 131 -4
190 139 93
187 92 10
161 102 37
190 136 72
179 159 37
234 137 11
200 169 64
143 83 36
162 139 35
194 128 85
189 176 66
148 108 33
212 142 8
185 146 1
182 110 -1
208 83 33
186 125 40
243 135 69
194 142 13
162 177 -4
175 95 -1
154 171 38
148 88 14
158 141 73
172 103 8
239 131 -2
201 177 16
240 170 42
146 131 35
152 134 75
234 157 27
146 84 81
150 101 28
155 139 89
227 137 68
150 94 67
215 173 15
196 152 48
166 144 17
150 123 58
190 121 5
156 131 49
193 134 70
187 156 -3
229 77 40
237 130 40
241 89 62
207 156 19
242 84 16
186 154 24
200 81 20
220 83 56
204 156 86
174 159 39
219 106 38
221 131 43
183 107 69
166 176 61
154 135 75
241 82 47
233 129 49
158 159 1
192 81 78
149 84 40
160 176 0
206 165 33
184 89 50
203 137 86
237 166 31
169 162 25
190 79 3
164 127 11
161 79 91
187 108 70
197 153 5
243 115 84
188 87 34
176 132 28
166 108 85
186 144 36
173 104 8
203 113 9
234 100 81
169 147 52
182 95 84
227 122 39
231 169 50
231 89 79
153 170 -2
196 157 84
215 156 7
187 151 36
155 171 50
232 161 85
207 104 13
207 156 39
215 171 12
168 175 63
228 132 73
233 80 34
201 164 90
183 93 22
243 159 12
232 124 21
220 134 83
179 104 6
159 162 4
242 134 76
230 113 48
237 146 37
220 83 78
167 176 13
176 157 92
159 144 89
145 125 42
152 112 47
193 156 15
213 142 17
229 97 -1
166 121 51
188 156 42
190 170 30
148 148 59
171 125 74
159 163 52
214 91 49
193 171 11
228 159 2
167 125 52
154 77 43
202 93 93
148 166 35
151 167 49
226 143 8
165 173 1
170 143 19
187 172 55
228 150 51
222 88 7
223 110 20
202 88 43
188 143 21
220 136 18
198 131 27
198 154 36
239 132 9
240 105 89
225 124 28
149 171 49
186 106 73
236 139 74
231 174 67
240 123 58
221 160 66
237 162 12
201 161 87
181 151 5
158 133 75
200 140 47
184 126 86
235 107 4
196 158 91
161 172 65
231 129 58
189 91 11
175 122 74
167 95 39
201 78 45
202 142 17
146 90 37
156 172 54
176 153 4
233 124 50
194 119 43
234 90 15
210 133 -4
217 168 78
175 163 88
159 135 13
171 131 66
209 115 12
169 87 58
224 138 6
230 78 21
207 109 70
173 111 56
152 91 2
162 141 32
187 166 53
219 98 58
179 156 50
225 92 49
201 77 24
235 175 29
150 155 69
212 78 14
146 104 87
163 159 72
196 96 53
228 160 42
210 91 26
207 126 6
243 138 58
144 93 31
218 95 2
155 101 89
211 131 63
226 132 -5
178 106 72
229 151 17
185 78 70
215 116 -4
171 108 75
239 152 47
181 79 23
173 141 57
239 119 11
191 90 23
189 101 57
166 133 83
225 110 43
217 86 87
232 177 -3
197 157 11
177 135 9
238 89 84
166 79 5
218 90 40
153 103 78
218 168 38
207 105 3
194 140 21
214 164 -4
169 107 39
159 151 15
205 133 91
225 163 44
158 124 19
204 125 82
217 82 83
205 128 16
206 131 19
181 108 3
202 170 38
208 108 19
226 93 27
193 111 23
181 105 90
238 90 49
178 116 44
165 131 -2
196 77 41
171 150 43
192 78 14
232 111 77
189 83 78
192 114 43
229 96 24
143 122 84
224 149 83
179 93 12
197 96 34
217 98 -5
196 90 28
243 91 24
229 175 28
202 131 74
190 154 76
203 145 80
199 165 95
231 104 35
227 82 71
187 158 63
195 138 82
160 139 65
187 86 49
216 138 27
154 136 58
201 107 8
239 142 91
179 98 77
145 151 74
171 157 9
154 157 41
242 80 39
166 133 2
181 135 -5
198 97 76
160 159 73
220 143 15
166 85 1
221 84 9
181 152 33
201 105 46
167 91 78
227 135 61
237 112 90
170 125 26
228 87 -5
243 129 57
150 149 8
217 125 74
237 86 13
238 83 90
210 160 84
165 150 34
219 170 9
199 99 60
153 140 91
214 137 -3
209 110 -2
221 147 74
212 167 32
201 132 55
225 126 39
172 134 73
164 138 92
191 110 19
145 94 82
174 163 11
154 134 70
165 111 27
172 119 74
171 83 56
208 122 12
224 108 -2
231 112 -5
231 121 72
217 109 -4
226 143 1
207 151 91
227 134 72
172 119 57
225 81 27
190 168 22
216 157 92
156 122 95
177 128 47
218 125 6
193 94 2
184 152 89
224 100 40
237 160 60
182 116 10
160 107 84
199 85 45
243 103 57
182 157 6
182 109 30
166 112 75
165 152 85
202 166 6
243 103 36
210 89 40
194 157 71
180 144 85
240 134 82
213 77 88
218 120 9
214 130 85
223 147 61
229 90 -4
173 155 32
215 157 -5
212 163 49
197 92 93
191 107 32
180 114 56
213 117 27
144 118 1
205 122 44
151 128 61
205 162 95
153 162 90
187 159 35
206 151 38
202 145 39
144 102 22
243 128 4
213 122 45
239 135 20
219 163 -5
185 168 16
185 149 55
216 151 27
147 134 36
194 97 30
147 91 89
187 173 50
152 173 65
143 108 86
143 137 68
236 169 68
177 144 47
173 152 62
166 126 65
180 97 74
181 91 -4
178 79 58
213 112 78
171 172 30
182 177 48
223 90 64
204 86 -4
166 79 63
201 140 20
150 142 14
204 150 69
160 102 9
172 137 19
229 136 21
215 168 7
233 95 21
217 97 59
199 132 39
159 156 12
240 112 78
223 158 51
164 89 26
207 172 26
221 114 52
203 170 29
197 138 9
215 177 52
235 84 84
163 151 86
160 148 11
227 86 54
234 172 6
186 165 67
188 165 54
174 165 89
146 155 12
157 168 63
203 124 33
215 133 20
199 136 68
223 113 49
172 141 51
239 152 31
150 86 23
186 89 51
198 99 18
242 150 14
210 117 54
218 164 26
217 173 -1
186 85 93
156 156 54
224 110 60
200 110 88
238 110 37
164 139 21
177 109 61
225 96 48
223 113 93
210 122 90
163 94 82
151 134 86
190 82 71
169 97 25
240 78 55
155 137 -5
176 85 70
233 79 87
168 155 68
170 155 44
176 121 -5
211 128 4
227 144 11
194 167 49
195 174 0
233 77 77
174 131 60
234 154 89
231 171 36
193 117 2
169 136 9
241 155 70
210 158 65
243 133 61
196 162 63
172 141 35
189 81 23
216 172 70
194 144 85
214 126 -5
206 176 88
213 161 76
169 148 19
228 160 12
211 107 15
175 119 10
214 110 77
168 159 84
179 80 18
231 145 67
176 81 1
216 78 93
220 130 35
207 124 81
185 96 -4
174 81 30
149 153 66
162 108 58
169 163 -3
184 149 67
184 162 80
161 141 48
164 127 20
226 82 48
216 100 93
228 113 36
199 135 46
236 123 46
186 105 49
182 175 40
153 171 76
223 101 85
153 116 -5
221 133 29
200 173 77
235 146 7
147 135 51
212 118 11
222 147 49
211 154 8
171 140 23
172 98 85
201 126 55
228 124 17
168 121 35
206 135 28
144 99 12
234 158 0
170 87 71
166 145 29
193 114 44
217 139 -5
173 158 86
207 167 13
180 128 36
166 90 20
148 97 88
226 112 90
218 132 3
186 125 9
186 161 86
175 111 53
175 130 -1
156 140 48
161 127 65
151 162 69
215 98 52
160 146 47
201 157 19
201 99 54
200 157 46
225 174 14
196 92 1
217 174 37
195 176 59
157 86 94
188 139 8
220 163 39
169 147 88
201 139 55
233 150 91
224 89 47
151 126 10
148 134 77
230 104 66
185 176 33
233 108 30
229 174 94
213 171 82
222 154 85
162 84 18
180 130 80
218 78 39
174 103 -3
237 128 63
198 153 38
234 106 0
170 88 51
144 100 80
233 107 3
224 175 21
147 108 40
227 92 30
164 148 34
166 162 55
234 160 55
229 100 43
199 144 34
200 134 67
243 156 7
180 111 84
154 122 42
181 98 3
220 106 52
240 134 22
182 146 84
172 85 80
224 143 69
186 175 4
229 93 70
216 139 23
209 87 70
228 158 82
146 114 46
223 173 47
173 154 62
192 127 41
236 82 88
170 114 64
199 87 85
143 88 57
180 175 85
191 147 67
243 100 78
173 88 84
167 157 56
160 154 63
182 109 64
152 136 89
174 123 5
178 161 42
163 149 3
239 137 44
204 153 83
193 91 5
184 143 63
174 97 90
158 146 84
197 83 -4
167 137 3
190 125 55
191 134 62
181 78 85
199 110 90
221 112 57
236 148 52
172 166 20
167 133 10
153 132 83
242 139 77
143 117 18
186 151 85
232 144 -4
223 127 80
158 156 70
196 132 84
176 148 34
205 175 24
212 135 25
190 124 78
180 137 39
180 137 43
167 84 5
165 93 20
241 167 31
227 80 -2
201 146 9
217 118 21
143 102 94
172 78 22
269 281 267
270 275 217
307 236 214
294 314 231
254 237 289
322 227 199
297 237 267
337 305 256
279 244 208
252 295 222
319 248 261
340 305 193
296 257 279
255 325 196
256 279 199
262 263 207
283 258 218
303 236 212
338 310 285
303 268 220
323 281 291
314 237 258
293 293 250
315 308 258
251 252 214
309 312 284
290 236 279
286 228 289
277 304 268
250 245 215
310 276 220
282 268 289
318 282 206
318 229 268
328 307 262
295 250 198
345 294 241
282 238 277
301 250 242
325 321 268
317 244 195
266 234 278
281 289 215
300 260 276
314 249 214
280 294 231
335 287 269
264 302 257
283 243 237
308 324 216
268 234 286
253 316 215
254 246 229
258 229 231
280 296 199
319 282 224
304 260 249
292 290 232
304 259 272
256 253 278
267 291 278
257 322 213
255 248 228
302 248 249
318 268 224
277 319 225
293 254 221
299 283 260
268 274 259
272 270 210
257 255 221
269 288 269
269 227 245
255 289 262
320 310 212
292 318 286
291 230 227
270 226 219
289 248 207
311 324 218
279 291 194
344 278 262
326 226 225
332 271 286
291 233 234
324 246 209
295 241 274
258 294 266
340 298 290
330 239 199
326 263 197
260 225 234
330 233 213
338 230 191
305 289 253
310 313 244
325 240 203
293 273 245
264 253 217
286 290 238
324 279 242
320 255 207
332 268 201
346 240 267
325 285 288
257 262 205
306 238 234
346 257 261
344 322 210
325 319 198
280 306 207
256 291 259
295 235 238
308 257 232
265 305 199
335 291 206
285 300 231
338 246 217
281 286 268
334 239 219
286 312 286
262 311 283
331 229 283
293 275 241
266 312 258
349 265 283
344 269 281
293 311 218
344 318 198
312 316 210
256 301 274
269 274 263
291 306 241
325 302 258
259 260 275
319 306 230
269 277 213
317 243 270
347 246 241
291 297 199
269 228 242
321 262 271
346 252 254
274 247 287
262 243 267
335 312 235
349 316 233
341 245 224
325 242 234
327 242 240
262 286 218
323 311 291
326 233 262
293 235 281
284 288 226
253 294 278
349 310 286
264 317 287
269 290 221
256 305 239
321 309 221
303 316 268
296 255 198
301 229 212
276 317 266
250 263 288
299 239 204
271 313 216
301 267 243
260 316 259
296 232 206
264 324 213
293 259 204
322 316 210
268 271 252
350 246 263
252 250 239
280 279 213
332 295 225
342 324 243
333 227 275
308 259 217
272 227 228
262 243 263
269 315 192
257 237 277
261 281 234
261 269 230
329 284 199
348 252 193
296 300 237
311 232 204
338 281 199
280 324 193
336 303 241
271 244 225
267 310 276
265 266 283
287 312 205
325 242 279
300 240 281
278 252 233
255 274 264
311 315 227
286 311 225
342 300 285
287 260 268
348 253 290
253 254 199
275 240 243
302 314 261
294 297 284
256 256 245
295 322 263
254 229 245
325 253 220
319 308 213
347 261 211
252 281 207
294 304 207
258 270 240
263 323 286
344 305 291
274 249 267
252 301 215
250 252 232
324 256 211
305 248 287
284 302 231
262 252 208
274 301 213
305 255 214
300 314 202
311 294 255
340 233 208
278 298 224
253 234 285
270 324 209
285 319 217
281 319 267
279 310 194
327 236 248
310 312 262
350 307 235
322 293 235
279 313 207
305 302 241
263 275 242
308 251 285
260 273 227
322 244 218
343 266 267
328 228 264
341 281 271
314 235 208
250 247 219
287 294 238
309 279 218
271 305 210
307 230 203
336 283 287
250 237 249
342 229 283
252 232 255
270 271 257
282 312 283
265 250 238
308 239 282
316 297 212
250 263 257
329 247 274
315 288 273
314 292 248
299 233 227
307 267 273
348 314 286
299 250 268
298 300 251
259 294 214
285 273 264
341 297 220
253 283 274
307 271 268
335 279 226
337 243 269
347 271 270
348 236 221
305 244 196
285 277 273
315 268 259
262 225 239
265 277 256
307 304 270
257 321 191
275 318 207
324 265 284
260 254 259
313 240 287
276 311 194
279 279 258
318 268 239
303 259 215
270 281 255
300 320 216
291 261 241
264 311 213
311 304 286
300 308 270
314 259 202
322 254 212
302 312 223
271 294 273
258 251 258
308 288 238
316 273 215
329 313 203
321 244 254
329 280 274
285 318 265
327 305 220
317 239 236
269 225 264
311 290 280
309 300 196
268 308 269
322 296 203
326 261 209
295 323 223
335 282 268
263 244 204
257 288 254
340 294 250
253 234 271
343 298 271
298 252 253
322 301 192
321 250 278
269 227 258
321 234 236
304 276 241
265 319 287
300 316 266
314 266 201
272 293 258
290 285 199
305 260 192
293 248 197
311 279 279
323 291 283
337 325 276
261 318 228
299 237 241
267 270 204
285 295 264
337 299 215
261 300 194
294 246 230
322 233 223
251 244 255
298 304 259
265 321 279
331 266 209
261 287 271
341 265 288
299 235 233
338 232 291
262 316 238
345 259 219
264 320 282
317 300 281
312 282 218
315 322 198
334 274 192
311 262 220
282 313 204
277 323 221
323 279 256
330 240 271
259 235 253
342 252 194
349 311 194
264 272 203
291 236 289
323 229 248
267 237 256
323 290 252
322 308 216
312 299 213
280 260 231
298 291 223
306 286 228
278 285 269
251 256 269
331 258 252
271 304 279
275 311 234
316 262 195
293 274 273
347 293 270
291 267 215
297 314 288
319 322 206
343 285 290
332 241 252
283 240 211
256 314 226
303 273 206
304 299 267
258 298 238
328 310 196
275 316 288
338 287 240
255 295 225
285 284 219
341 261 270
345 308 245
308 287 237
320 293 231
275 274 287
302 237 235
316 289 250
297 292 286
260 276 255
301 299 272
263 292 224
309 236 203
313 229 238
261 244 210
339 260 258
305 239 226
340 313 244
347 318 283
273 253 274
270 237 251
312 313 269
273 280 191
278 229 273
257 293 224
335 268 220
307 322 245
294 323 226
332 228 236
302 316 229
335 289 250
250 319 195
345 300 191
328 238 231
309 268 291
328 235 243
278 246 214
315 231 276
299 275 236
327 302 282
306 261 247
311 272 285
252 234 247
300 259 227
323 227 288
262 309 249
292 269 228
289 312 220
272 253 234
318 310 235
327 321 271
349 231 276
344 240 216
305 311 235
314 316 273
275 249 226
326 316 194
282 225 234
285 253 218
274 255 284
309 240 289
269 284 207
327 300 255
326 263 201
316 324 219
336 302 288
273 277 281
308 263 261
263 281 240
264 291 223
308 304 194
296 227 224
315 234 268
281 301 255
325 297 223
344 265 222
303 235 209
338 310 204
347 302 222
269 244 216
284 230 233
308 308 225
309 302 204
251 261 213
287 297 207
322 262 283
299 276 206
324 250 286
261 314 275
309 285 261
280 239 247
285 263 279
250 233 213
307 323 250
320 228 218
274 317 208
308 251 212
280 292 249
346 293 228
288 316 256
315 235 194
344 301 196
322 264 249
313 262 280
342 252 290
324 314 265
326 324 253
337 279 258
328 321 204
307 299 216
341 307 201
316 309 282
318 303 229
346 270 247
335 294 226
315 249 192
317 319 206
284 293 284
278 304 254
257 257 225
329 308 281
274 268 282
293 312 261
341 269 275
266 229 287
320 286 236
339 273 208
337 290 291
306 283 246
284 296 278
253 293 259
320 283 255
317 306 265
283 308 207
332 303 237
261 251 266
346 247 232
303 271 242
265 244 253
269 276 265
333 325 209
331 313 213
333 264 208
315 234 290
272 225 225
317 297 229
344 262 239
300 230 273
350 286 226
264 259 248
336 300 193
270 240 261
261 245 204
255 314 232
345 305 208
312 233 283
321 230 280
260 249 245
327 250 226
322 268 249
257 237 211
289 235 220
279 247 225
280 289 202
269 273 205
283 242 278
275 243 248
348 264 268
304 238 211
306 263 264
256 248 203
290 228 202
330 243 193
334 271 197
345 284 273
349 247 256
298 324 208
269 247 221
255 265 192
347 301 265
284 285 242
334 261 221
341 285 246
297 230 211
324 258 258
315 254 218
312 303 274
250 268 232
310 254 265
264 292 256
294 256 231
269 293 202
297 281 196
295 276 195
285 262 272
272 250 247
316 313 285
319 289 238
344 310 250
259 257 266
315 306 210
321 287 219
275 300 223
292 229 192
319 250 283
333 286 266
291 231 287
288 281 288
344 295 206
345 318 246
250 323 205
303 275 283
274 300 230
279 234 266
287 310 192
273 227 253
318 275 271
273 299 260
261 299 217
339 282 268
256 250 254
339 259 222
330 286 207
313 321 195
277 267 260
350 256 192
309 312 236
263 293 222
332 271 250
298 225 196
297 270 277
344 259 241
254 249 216
340 287 260
313 228 204
265 242 261
277 264 215
263 231 268
314 264 280
306 242 192
348 272 245
321 251 221
336 269 229
269 270 257
321 295 216
286 304 247
273 297 204
310 233 249
250 303 233
318 297 225
287 312 234
318 291 225
334 282 253
319 251 238
314 296 254
252 280 275
320 245 230
299 320 267
256 273 195
345 258 280
345 317 213
276 284 234
325 298 195
293 233 266
276 313 284
328 234 247
273 261 249
289 317 287
304 231 280
305 271 200
317 313 199
296 228 197
273 227 269
323 292 227
261 274 242
264 268 206
273 271 203
254 274 211
338 238 252
267 296 211
289 274 266
254 233 194
303 301 271
252 303 204
256 306 282
323 256 238
253 309 245
300 259 274
290 283 219
345 319 205
316 229 282
281 249 257
338 228 215
273 230 270
347 292 236
281 260 195
268 252 211
285 232 191
318 230 213
260 318 291
284 239 245
320 279 278
292 260 198
258 319 232
300 285 249
300 228 217
296 235 276
300 288 193
268 245 288
333 270 243
307 260 259
328 263 270
289 270 192
280 286 259
286 323 249
269 318 216
349 287 259
255 271 259
316 291 212
298 226 290
294 258 192
275 239 270
289 293 212
303 282 270
268 241 250
336 227 213
256 282 245
345 303 250
269 250 289
346 325 277
262 315 252
326 276 194
291 322 226
330 269 260
274 317 198
296 288 191
302 294 213
292 260 201
275 297 214
289 278 210
350 279 219
300 263 212
307 264 262
335 241 283
294 297 290
254 273 260
309 315 228
318 312 219
288 318 277
318 226 278
259 306 266
321 302 240
259 230 220
255 317 256
301 257 193
304 250 209
310 303 291
266 282 225
283 313 249
271 264 283
342 271 218
340 291 282
331 306 225
288 271 270
342 271 237
294 297 207
335 226 281
300 309 240
302 276 270
255 225 213
312 289 243
325 264 212
311 225 249
295 265 206
258 270 263
271 262 221
252 264 197
296 292 283
299 273 270
267 265 232
342 301 227
260 232 240
294 324 264
263 314 289
332 293 193
338 295 193
342 233 269
