226 124 162
227 128 169
206 127 192
199 160 112
220 87 111
227 126 113
130 80 155
150 109 108
175 98 123
171 137 172
177 79 118
155 163 161
222 154 109
155 85 149
209 148 194
128 82 157
143 131 172
159 156 205
130 145 133
128 99 188
184 165 177
163 139 147
181 159 178
218 92 124
183 76 163
193 110 108
212 81 149
131 112 195
206 139 109
156 80 112
143 99 170
199 143 197
221 106 162
161 99 112
130 94 157
223 119 122
135 78 121
137 97 191
147 77 150
189 97 154
223 114 180
214 133 196
178 140 181
196 88 208
135 85 118
143 112 112
152 134 121
175 149 167
222 123 167
131 149 122
179 134 194
199 76 206
188 155 187
212 142 150
148 145 116
166 125 181
157 161 145
195 100 198
198 151 109
130 101 122
203 161 206
204 124 137
148 96 180
154 85 129
130 163 114
227 150 147
191 108 184
135 156 121
204 147 116
170 90 134
207 90 207
132 95 152
219 121 147
210 116 189
134 131 117
142 96 208
191 79 175
177 69 152
179 85 181
190 166 157
164 88 131
157 129 145
190 159 122
207 144 199
175 137 205
190 164 141
135 119 135
173 139 110
171 142 163
158 74 128
200 77 161
223 116 116
156 78 118
172 100 182
137 124 171
203 107 174
228 163 114
167 135 199
151 137 203
193 106 143
146 100 128
216 81 199
205 94 174
142 147 179
221 150 160
225 70 153
148 113 146
159 155 174
128 121 201
162 97 140
133 144 172
209 155 173
206 160 114
168 85 193
222 126 119
211 143 133
209 154 123
143 117 176
161 153 185
211 102 165
201 95 199
196 108 203
134 69 179
185 165 153
192 137 127
151 71 157
221 76 146
163 131 190
220 82 124
192 120 134
165 90 143
173 101 142
200 79 141
192 162 111
183 118 178
183 165 192
161 101 164
182 135 131
135 73 143
174 113 146
153 140 143
224 137 183
141 91 165
219 118 167
208 155 159
180 102 164
173 136 143
157 138 138
148 80 172
134 91 160
147 69 150
198 110 168
225 94 141
209 133 153
201 92 169
203 107 156
141 112 132
131 154 120
197 115 141
196 167 125
160 110 113
139 144 195
184 92 113
196 122 195
162 140 120
145 98 133
141 115 113
163 133 198
210 108 180
193 108 144
191 82 130
218 84 179
177 107 147
148 116 178
206 149 127
143 147 137
160 124 141
216 106 188
135 167 188
185 95 178
210 83 174
207 120 153
129 129 163
190 168 205
145 70 192
195 72 198
160 68 191
176 89 174
141 129 138
202 124 165
210 97 111
202 135 180
188 82 205
200 136 196
196 95 174
156 76 166
148 137 110
207 104 197
161 152 162
221 157 187
194 139 150
148 167 200
195 120 198
166 111 110
158 86 197
132 153 140
170 142 126
206 91 177
210 134 121
197 121 118
177 117 183
170 117 166
207 97 197
149 151 159
183 71 186
135 136 169
178 97 179
186 110 154
211 141 134
151 96 125
182 68 163
206 156 153
170 142 186
213 97 202
219 134 178
163 134 208
217 157 125
212 122 175
185 126 166
194 123 147
211 146 118
155 132 121
158 140 143
143 68 198
141 112 152
205 102 149
189 71 143
210 105 124
144 102 117
165 165 186
221 91 152
212 103 150
188 116 190
181 158 128
223 78 186
195 133 200
228 127 150
148 81 110
148 80 148
202 89 128
169 128 194
180 156 135
177 143 179
164 147 117
151 98 108
186 129 145
159 139 196
213 121 140
148 140 151
218 130 202
150 106 203
170 162 204
217 150 164
200 89 139
142 76 148
219 131 167
220 99 189
169 103 138
200 77 171
151 144 154
129 136 153
160 118 150
162 112 133
160 100 147
144 148 141
169 141 178
153 80 205
163 117 132
204 119 195
218 105 133
180 94 184
168 113 134
160 135 111
200 73 177
189 141 108
163 164 112
170 159 165
143 102 157
166 103 149
172 160 137
210 109 197
177 152 208
144 108 200
158 160 137
172 95 126
150 68 162
210 87 194
144 93 129
182 167 152
214 168 184
137 73 152
131 138 171
130 150 128
137 140 138
205 114 198
188 127 184
144 87 109
211 89 163
214 120 173
185 113 159
186 82 145
181 79 135
221 156 119
223 91 188
184 93 123
198 131 115
191 168 158
197 91 170
141 132 180
149 159 179
206 82 133
180 92 150
164 131 165
211 100 179
195 84 153
201 126 143
195 119 115
144 90 152
159 93 182
175 124 197
142 130 202
193 81 160
191 141 175
219 77 154
170 157 155
129 152 118
205 88 150
223 90 198
140 78 131
149 161 187
144 100 201
212 167 186
183 140 159
184 79 208
164 93 185
166 151 171
146 164 159
193 115 143
155 142 155
187 127 131
136 112 126
202 157 189
178 90 146
223 156 119
152 113 119
217 103 109
175 147 120
163 83 110
204 107 173
214 165 122
189 99 112
175 102 117
134 128 125
156 155 204
219 107 181
200 134 189
172 114 166
179 106 167
177 119 154
183 129 193
149 118 109
159 87 114
146 134 118
220 103 204
184 94 129
143 131 199
187 138 170
161 79 135
139 134 117
205 69 183
188 99 169
159 99 172
224 70 148
200 108 191
180 101 185
193 69 127
181 98 147
143 94 197
142 96 159
180 157 147
141 94 207
137 142 112
184 114 123
159 120 173
196 162 187
160 83 113
193 131 194
147 127 185
157 138 188
185 84 174
201 78 185
198 120 172
186 139 193
191 155 152
162 151 162
203 154 155
179 116 140
218 148 205
144 108 158
218 89 208
220 133 146
214 130 135
202 112 111
141 76 202
174 90 125
161 118 150
186 163 131
193 132 167
164 160 202
201 95 121
225 80 131
178 164 206
164 78 138
215 74 155
185 166 119
212 144 197
158 70 126
137 118 139
169 121 175
130 93 195
211 77 178
225 150 117
183 96 197
213 145 154
183 148 126
163 101 136
153 84 115
168 80 138
227 75 205
228 95 190
177 151 147
163 106 114
190 99 182
193 88 112
145 125 173
158 101 110
144 141 192
156 117 142
199 95 164
174 150 181
152 107 178
193 95 147
216 79 119
144 76 161
173 154 160
153 149 186
141 73 189
186 167 138
200 96 208
139 138 137
160 89 179
142 167 152
137 102 149
156 139 152
228 98 149
194 152 122
226 109 124
131 154 122
172 113 144
183 76 151
165 94 115
176 134 146
203 124 150
166 133 145
172 158 140
197 115 163
139 103 192
167 104 125
160 117 173
227 101 138
191 74 138
181 86 155
202 150 160
142 137 193
191 128 182
156 104 126
146 116 192
172 135 175
187 123 152
166 119 192
171 82 152
169 118 172
214 123 140
227 69 108
203 78 113
184 160 143
186 99 150
153 144 173
132 82 128
221 122 184
201 133 122
166 119 159
132 145 135
178 71 120
207 149 147
212 118 201
195 124 157
192 114 121
196 164 147
200 82 165
195 152 203
202 129 114
146 92 160
216 103 176
193 109 190
163 157 112
165 128 125
180 88 139
175 147 154
214 135 138
135 97 110
196 103 199
137 75 168
188 90 142
145 155 147
216 114 194
141 90 108
220 130 182
147 113 162
186 128 143
151 143 194
201 79 121
204 103 130
178 137 172
218 112 164
224 146 185
159 73 145
205 77 206
192 112 181
176 72 172
207 99 191
161 138 126
134 79 192
191 132 148
147 152 151
135 88 167
174 110 153
190 112 134
156 149 137
130 133 126
191 140 149
163 121 159
133 145 164
175 135 174
226 129 166
150 124 199
196 164 146
207 136 155
197 101 160
191 162 113
133 136 178
196 111 199
183 122 153
228 166 174
195 89 119
145 160 176
180 151 166
205 165 189
197 99 157
185 119 188
181 161 131
215 96 118
210 80 185
221 115 123
138 76 142
150 125 205
172 131 170
152 71 122
138 90 124
186 71 168
209 86 136
143 109 162
221 157 112
224 159 173
183 133 150
202 149 159
150 105 180
153 128 120
225 85 190
225 76 152
227 76 164
200 109 143
181 162 134
149 70 127
144 124 120
182 157 140
162 165 175
200 165 127
218 164 161
141 132 128
193 148 194
179 125 173
129 128 154
217 141 154
213 154 127
143 141 185
136 99 173
210 111 149
224 138 148
196 134 188
215 75 188
204 126 153
150 134 136
163 168 181
193 70 108
205 124 181
175 69 150
157 165 167
197 128 176
180 89 142
223 161 146
188 114 174
130 158 188
225 89 190
173 116 185
130 165 158
142 119 133
194 94 204
219 158 175
129 168 121
168 86 205
159 79 157
179 116 154
147 142 196
220 165 160
215 92 186
134 165 139
195 75 159
200 86 120
192 124 195
167 166 187
167 161 173
182 132 195
197 74 124
200 150 205
150 101 172
227 136 183
168 142 174
206 164 191
195 154 193
196 119 162
163 120 131
169 79 159
136 152 151
134 122 133
176 110 187
175 128 152
212 149 202
137 95 139
192 117 164
128 118 190
198 95 121
222 113 168
202 105 173
216 82 133
179 130 154
195 116 181
202 82 135
159 117 160
212 115 201
200 102 204
223 157 146
132 150 139
186 114 183
205 156 153
218 99 115
205 87 194
157 113 115
202 159 131
197 76 205
192 152 175
140 124 127
199 86 204
196 125 126
175 141 123
169 156 123
148 149 181
198 128 170
132 164 195
158 153 202
222 105 173
170 122 185
167 85 160
216 91 170
162 72 196
198 165 116
130 98 110
193 143 178
153 108 144
221 111 158
160 157 167
219 153 203
177 106 199
136 134 124
215 156 157
144 165 130
227 151 157
178 158 136
208 143 111
223 68 119
227 127 133
191 125 206
205 99 166
132 84 206
188 122 169
228 102 185
130 133 111
214 126 186
174 114 146
218 124 154
200 128 208
223 132 108
146 92 136
178 129 112
162 83 180
227 96 196
178 106 173
128 156 168
211 118 115
186 76 170
166 72 185
192 156 157
161 121 147
138 91 203
224 142 111
162 109 198
200 112 114
188 154 205
139 82 136
149 150 122
153 98 186
225 136 141
213 148 110
152 163 181
215 84 178
158 132 208
150 90 162
227 104 163
145 125 165
194 94 204
180 108 159
170 74 111
194 99 168
133 73 207
178 140 108
211 134 139
151 110 170
193 144 112
207 89 120
196 140 201
160 130 165
159 83 168
168 87 193
192 111 191
164 108 187
215 164 206
142 106 143
198 166 164
198 158 203
228 95 207
140 87 112
225 124 188
203 136 144
146 71 139
189 143 125
143 111 195
163 125 157
180 87 122
219 88 185
136 69 200
196 91 173
153 93 204
156 92 138
166 113 197
170 118 190
215 116 131
133 87 163
202 139 174
166 76 113
199 160 132
205 112 132
147 93 186
181 142 110
226 124 189
223 70 193
222 112 129
175 76 188
195 146 126
161 139 121
211 70 171
214 111 200
158 73 176
216 110 181
178 97 204
225 152 171
188 122 165
225 118 188
177 72 155
194 132 169
153 82 144
209 79 128
154 86 144
190 74 196
155 102 166
208 155 111
193 126 161
215 87 177
192 134 152
166 77 184
224 136 176
202 96 142
219 81 163
166 102 118
154 164 150
214 80 160
184 113 178
200 118 146
146 68 137
158 137 171
206 86 153
170 122 182
129 118 110
182 152 204
158 71 200
210 165 131
221 126 131
196 129 145
151 143 150
205 76 199
208 126 158
202 121 202
146 108 148
169 108 199
208 70 160
142 161 175
225 131 175
163 136 144
178 126 181
213 69 151
223 145 147
174 99 169
181 161 156
214 89 177
187 74 147
182 148 122
143 75 125
199 102 185
222 69 127
149 108 161
160 106 200
189 148 164
222 144 120
197 123 207
145 165 175
225 96 151
181 104 174
138 153 111
169 161 119
192 86 193
139 133 165
184 121 164
146 146 114
207 115 172
188 138 190
193 106 204
177 159 189
221 157 137
153 163 158
194 157 200
135 114 122
132 87 140
131 110 206
172 165 159
224 138 118
155 87 183
157 86 156
148 114 164
145 80 182
219 77 116
166 119 152
132 89 125
141 131 111
220 140 115
206 162 118
224 151 202
130 86 134
228 113 152
188 105 137
199 143 162
147 93 109
145 122 193
217 151 169
139 159 108
223 76 173
192 77 133
147 153 198
128 113 166
226 157 180
165 157 131
189 167 151
226 96 151
170 143 137
189 162 121
151 117 194
181 94 193
129 102 177
138 150 116
219 140 180
164 141 203
202 130 168
176 123 111
154 150 193
168 139 163
173 142 130
154 111 112
128 117 182
188 80 161
134 74 136
137 155 187
182 78 163
161 122 169
179 84 127
157 100 150
194 142 137
165 68 115
157 90 165
189 84 179
172 113 123
129 140 208
159 90 192
163 86 116
179 138 192
187 99 199
180 124 142
167 129 113
147 128 180
187 145 186
226 126 196
151 109 188
225 76 203
154 134 185
166 140 165
194 97 108
216 114 146
156 139 193
178 162 182
195 152 190
198 85 199
196 155 202
148 85 172
208 113 182
146 168 176
175 80 125
177 150 144
212 79 150
185 137 147
218 97 128
191 78 115
146 153 185
135 106 172
206 99 114
187 70 149
190 123 147
147 74 193
221 125 176
171 103 159
176 144 160
128 104 164
185 142 165
161 104 203
148 132 125
182 130 121
180 157 124
206 74 144
135 70 130
131 164 163
224 121 176
227 107 183
191 119 111
187 122 191
151 116 193
182 102 132
146 162 199
226 68 205
135 110 171
182 163 115
187 98 193
188 80 130
228 76 152
160 93 127
145 185 202
127 203 130
158 205 202
161 198 175
197 205 158
204 228 147
204 227 221
120 230 157
114 262 207
160 257 126
170 165 186
117 191 162
179 244 125
186 232 219
195 226 192
163 179 183
174 246 131
208 215 185
110 259 150
130 182 127
199 190 225
139 201 132
209 211 178
127 167 179
177 255 131
113 167 168
163 179 164
111 167 139
191 241 209
157 182 137
160 215 193
113 219 212
140 176 204
172 191 194
176 185 152
186 252 215
134 263 128
129 207 146
166 202 176
203 184 159
160 179 225
180 260 188
202 225 158
163 218 221
120 163 154
180 169 200
195 166 222
147 170 136
176 174 186
122 205 127
203 193 157
179 261 200
111 190 190
173 178 134
189 166 143
140 226 157
165 178 137
210 244 203
126 219 203
192 213 155
185 200 204
201 180 152
123 199 182
167 236 173
154 220 217
152 170 176
181 216 180
193 202 194
112 230 170
163 238 193
197 191 215
147 242 164
202 174 181
147 254 207
174 246 210
188 258 135
193 245 156
156 188 148
201 232 198
143 253 215
156 167 168
140 211 135
157 197 223
189 263 132
201 234 176
190 200 135
148 238 203
168 190 154
158 234 204
191 191 170
161 208 208
138 205 153
124 246 156
156 225 176
135 190 146
157 186 136
184 247 224
163 169 162
190 203 198
185 255 170
155 193 151
161 215 170
126 215 181
128 177 225
140 177 188
152 213 171
164 199 190
204 173 158
153 213 127
189 168 168
188 164 125
139 178 133
110 165 134
170 211 140
176 200 168
189 206 206
202 192 134
151 186 216
208 232 219
199 177 127
110 243 210
207 228 164
165 181 196
162 168 158
158 232 224
209 243 158
111 201 188
127 256 170
202 218 162
192 186 172
209 258 197
112 226 148
141 225 158
112 180 174
194 166 168
135 179 203
175 247 179
166 235 162
118 196 125
150 218 154
208 173 182
167 216 207
144 237 127
203 252 215
159 263 174
152 218 125
137 226 151
132 163 214
153 182 204
129 230 198
138 164 190
188 174 137
129 224 132
125 178 139
157 174 154
137 222 167
169 256 177
136 234 151
132 217 179
130 163 133
182 190 163
125 199 200
199 199 210
200 184 171
170 192 211
127 240 222
189 256 178
208 216 175
199 258 224
134 236 151
182 238 162
118 212 180
154 195 213
177 201 206
190 214 153
110 212 218
203 231 216
192 219 143
156 206 178
186 169 187
179 231 201
209 263 190
113 232 191
135 202 140
148 251 170
174 231 157
176 255 141
172 250 177
193 240 223
133 193 178
149 251 212
209 174 156
180 190 147
165 168 143
210 179 125
164 234 160
179 177 127
182 186 146
194 185 196
190 221 170
197 184 184
188 185 138
130 262 138
154 186 163
138 235 130
203 210 126
120 237 165
151 227 140
116 194 149
120 256 195
188 190 196
208 207 125
187 165 158
187 221 162
145 246 198
173 256 185
182 187 194
210 175 178
121 222 140
144 244 180
141 254 204
195 263 173
166 184 177
202 235 137
178 250 199
210 206 153
163 221 146
127 223 217
191 245 206
135 205 225
161 169 140
190 235 221
185 201 154
118 189 193
181 212 148
145 187 142
167 192 158
183 227 168
132 230 138
193 251 163
133 231 203
138 178 184
125 254 200
143 192 178
133 244 206
147 218 194
124 211 137
163 218 161
154 238 200
180 205 155
167 174 174
131 181 215
134 236 213
190 202 196
132 219 165
119 230 187
185 192 163
189 177 146
149 182 126
138 180 125
110 218 190
209 215 225
204 177 216
147 173 190
118 236 206
179 183 189
113 213 145
193 206 143
206 200 140
132 203 211
152 210 214
141 241 217
143 192 166
116 195 156
117 165 177
130 196 148
135 181 154
133 239 195
125 200 165
151 190 136
189 236 177
140 177 159
148 190 161
119 217 152
158 248 196
141 191 167
139 260 175
124 222 154
184 174 127
170 206 173
184 262 222
188 221 211
201 252 175
173 197 178
156 192 155
182 183 208
173 225 199
136 209 125
141 262 127
177 258 183
113 166 170
145 195 194
200 247 127
198 165 163
170 238 157
171 185 187
158 256 126
113 180 129
141 231 218
189 215 161
154 196 198
198 164 129
118 250 175
138 216 139
157 243 162
200 225 138
169 210 171
132 188 209
132 217 160
118 185 154
206 163 159
114 165 195
138 232 132
172 249 170
161 193 151
172 255 202
188 225 146
114 217 158
177 192 185
113 208 159
186 169 128
184 166 213
119 172 204
137 245 139
137 243 186
197 217 168
116 240 183
147 187 218
141 169 195
176 178 158
122 217 144
202 164 146
169 196 222
159 200 172
197 222 166
134 263 134
142 169 193
160 263 150
131 255 149
138 254 191
123 254 195
130 192 169
125 240 173
116 255 136
176 203 139
180 250 168
207 166 157
111 183 188
165 184 175
151 254 183
178 175 205
179 249 149
144 241 171
110 241 187
112 242 148
192 196 176
151 215 220
163 184 128
115 263 175
152 205 198
123 174 148
123 261 179
182 217 177
182 170 170
187 250 222
160 172 176
118 221 135
168 232 164
198 233 181
174 181 164
128 231 173
156 260 203
145 257 164
133 189 137
112 174 214
191 256 150
122 258 155
201 247 167
173 167 224
134 256 213
115 229 214
199 229 225
208 212 172
134 171 208
115 257 184
143 188 208
205 248 174
115 183 171
112 230 143
125 179 147
130 227 167
194 221 172
209 201 162
138 184 171
128 220 191
171 233 141
162 196 148
210 199 218
200 205 153
194 204 193
133 197 142
146 178 185
170 194 180
115 232 134
135 207 178
165 201 159
196 235 169
161 169 128
206 233 157
192 200 161
176 196 199
132 189 179
132 240 194
188 177 154
156 246 182
122 191 158
126 200 220
203 174 181
145 256 126
127 263 225
116 203 169
193 259 148
181 189 203
112 163 224
135 200 175
167 261 164
185 198 143
189 256 171
149 205 202
164 166 186
204 227 129
150 185 137
197 165 145
160 211 146
168 189 185
117 248 187
127 259 213
186 259 194
115 260 170
179 236 125
130 187 175
181 240 167
163 197 151
141 260 162
122 222 141
177 241 162
125 189 128
151 189 185
174 174 186
142 183 183
131 185 218
201 203 136
205 210 160
193 217 145
182 232 135
176 175 130
138 246 152
174 239 143
205 219 194
182 189 173
140 187 173
121 186 213
148 203 180
133 180 189
123 184 215
184 230 161
115 174 159
118 245 200
119 205 182
194 215 141
166 231 173
196 222 188
129 202 209
196 205 173
164 195 178
116 215 207
113 262 143
140 173 166
162 197 152
146 255 179
139 167 194
200 256 194
174 249 152
117 243 172
194 250 175
166 168 177
151 233 222
172 169 185
179 252 137
155 261 158
141 240 174
152 199 145
122 209 167
169 175 180
124 195 148
150 215 150
200 192 164
122 181 186
132 201 159
117 204 146
186 261 181
159 255 176
113 182 150
171 174 165
184 259 218
188 180 210
156 221 147
125 186 182
138 252 145
115 232 161
179 247 185
155 171 173
190 222 159
195 207 203
126 215 209
147 213 132
148 232 180
173 166 220
129 188 132
120 174 135
171 260 172
206 205 206
206 249 224
191 181 170
147 167 194
144 218 127
135 251 186
138 248 138
118 198 205
209 237 172
117 233 198
165 260 175
124 239 197
199 262 191
184 239 154
171 187 157
204 207 177
140 237 189
158 212 146
175 199 148
131 232 144
154 163 134
200 239 188
194 203 204
136 261 159
124 213 208
207 259 163
169 193 189
128 222 213
195 232 224
148 167 140
153 181 128
181 206 221
174 214 151
174 195 159
116 178 126
179 177 150
182 208 215
178 172 153
187 199 181
139 201 186
145 204 139
182 227 214
183 259 191
135 263 156
176 200 193
118 244 125
142 172 217
152 235 135
120 240 186
130 166 208
180 200 220
153 200 210
110 202 215
167 245 178
167 231 154
174 229 152
120 201 195
187 254 132
188 180 140
164 226 172
198 182 141
206 185 128
198 185 128
153 177 172
112 221 187
207 188 157
137 208 149
192 170 214
189 234 152
210 239 125
111 213 128
177 250 174
204 244 156
206 184 153
208 166 183
206 202 192
199 230 204
134 188 167
203 246 158
129 196 187
203 218 200
124 230 149
208 186 175
199 192 181
209 240 126
199 195 202
123 166 220
165 207 159
163 255 195
187 194 171
196 239 197
200 219 125
118 172 139
192 204 198
178 258 158
178 194 197
162 214 212
184 207 211
132 194 210
116 185 217
204 209 127
175 205 135
131 229 175
158 262 165
124 234 163
166 177 138
193 256 204
204 223 188
204 211 194
122 262 160
188 178 191
119 181 143
188 211 158
147 225 170
182 260 187
185 259 139
135 190 174
163 183 177
169 181 169
150 165 211
196 255 179
206 184 147
152 244 141
137 237 192
121 185 129
184 163 221
122 172 202
197 201 129
179 254 156
116 193 134
205 238 131
183 238 173
151 177 156
115 247 167
125 235 191
148 230 211
163 173 200
116 210 151
207 249 135
123 191 224
144 254 180
180 165 195
209 224 165
139 172 156
113 249 191
145 254 197
142 194 166
195 234 225
199 241 126
116 250 149
153 250 135
189 181 220
200 179 188
142 190 130
183 262 199
129 239 225
168 235 225
200 189 183
182 247 203
124 223 150
159 231 129
161 201 180
197 175 162
162 240 164
169 261 196
193 246 130
128 207 196
110 199 135
138 262 180
153 254 188
116 203 144
197 181 224
191 183 165
122 243 223
128 229 135
179 262 196
118 194 126
113 210 152
124 219 140
174 183 202
163 184 136
170 245 171
155 214 154
149 169 206
129 224 185
155 190 184
127 171 131
128 175 127
134 179 130
114 217 181
181 183 214
143 197 153
188 191 188
168 184 133
159 244 222
125 248 155
180 253 127
159 207 150
137 203 215
199 251 160
179 164 144
198 243 134
170 170 132
187 208 202
189 184 169
177 242 134
140 195 148
169 223 145
202 245 129
134 170 128
186 179 161
138 250 174
162 230 154
207 247 162
127 234 168
177 232 165
144 176 210
125 220 199
163 198 140
170 259 188
121 228 204
208 170 206
202 263 147
173 174 152
125 176 159
137 260 132
189 210 223
126 222 214
189 177 184
176 218 215
166 206 204
135 169 216
192 164 155
145 258 192
176 210 127
198 171 158
180 211 214
124 262 144
185 256 214
138 163 136
137 235 149
113 174 221
115 258 163
179 186 177
146 249 181
152 263 207
151 257 215
172 223 201
191 246 144
140 260 219
124 194 134
200 170 139
195 192 199
161 185 225
125 170 130
117 204 140
208 219 127
158 216 182
208 168 155
158 177 151
194 214 143
147 192 177
114 220 222
165 219 134
119 166 177
181 191 203
158 172 185
175 219 137
134 195 151
139 226 191
148 241 130
117 251 125
126 235 163
159 243 128
144 170 144
115 219 157
143 195 161
133 198 163
154 189 151
117 224 178
133 213 144
132 204 187
170 200 155
179 236 224
193 263 177
200 187 198
115 230 131
208 244 133
167 195 225
163 164 145
140 212 153
166 170 174
204 247 130
199 195 184
173 194 135
119 250 187
151 235 203
203 235 175
200 252 175
172 236 175
191 209 126
171 222 216
130 168 171
144 241 190
190 236 141
172 232 142
206 168 129
166 180 155
115 259 202
134 257 173
115 224 130
123 259 211
167 167 179
112 211 197
112 228 149
192 216 191
154 219 194
208 189 157
186 197 221
144 179 217
129 166 197
172 243 150
129 258 166
210 173 132
207 204 159
110 197 141
121 198 180
146 164 188
159 177 197
187 224 194
192 241 129
207 237 223
169 168 136
163 231 157
175 196 169
117 169 204
171 168 193
152 221 173
166 211 134
127 186 181
193 175 130
134 251 177
136 263 138
132 176 202
119 191 171
178 176 170
208 262 179
158 180 160
196 200 170
134 176 145
142 201 184
210 247 205
158 257 128
198 240 127
151 164 174
117 257 220
116 231 205
171 196 208
122 247 144
159 218 208
192 249 201
194 244 138
201 252 201
160 202 164
165 179 130
169 171 156
142 223 222
200 192 134
157 255 150
202 229 183
139 219 194
111 254 199
148 194 202
199 261 225
195 195 159
191 226 153
125 201 175
163 215 215
179 234 141
197 176 193
143 262 181
190 255 162
179 258 144
148 219 206
172 251 200
149 240 149
147 260 184
159 229 215
126 187 172
182 242 143
195 224 180
147 215 126
209 165 185
143 261 161
145 196 141
130 240 175
115 225 150
116 220 200
195 186 134
192 177 222
155 249 196
153 219 173
149 233 128
182 258 196
204 198 174
160 257 216
204 173 156
169 227 141
179 176 152
180 183 219
210 167 204
141 206 165
111 210 171
154 232 143
154 263 158
174 244 134
203 167 217
130 262 166
159 243 188
198 212 137
195 261 224
197 237 215
128 259 156
184 188 160
126 179 134
205 226 139
140 214 153
170 232 182
191 191 129
147 247 181
144 184 149
140 212 173
118 226 214
194 257 194
155 180 191
156 199 162
149 249 174
192 244 143
204 254 165
203 231 171
127 227 188
188 233 173
153 236 161
203 173 205
121 206 140
121 179 217
110 206 168
179 219 168
156 200 181
192 166 128
125 196 196
118 259 205
183 256 193
155 221 201
120 246 160
141 178 148
131 245 126
157 201 209
171 198 140
163 213 174
196 255 142
197 210 130
176 259 193
172 202 185
172 244 145
138 261 183
124 220 220
143 223 195
110 248 139
170 66 516
172 64 477
180 100 432
266 101 445
233 71 449
238 78 454
252 119 457
180 113 494
266 134 447
184 42 453
257 66 497
177 42 510
188 121 495
178 101 465
187 102 468
250 81 467
212 49 480
222 117 473
226 36 517
177 96 441
246 111 513
247 104 497
179 114 492
243 105 487
175 114 422
203 68 462
238 126 495
175 74 439
221 127 433
185 92 471
197 91 454
184 56 472
223 46 509
256 117 434
250 86 514
174 127 514
233 62 510
246 113 492
259 103 419
174 52 457
229 108 465
270 63 490
206 110 434
246 129 509
268 53 492
228 45 492
264 95 421
255 73 507
251 49 437
195 123 517
229 133 459
174 36 435
170 89 473
206 70 512
209 41 484
184 60 488
258 61 473
196 75 496
238 102 514
214 109 447
190 80 464
201 67 478
173 110 476
193 64 504
191 71 509
256 44 438
204 128 503
231 74 449
171 121 509
235 64 466
269 114 505
229 54 448
260 92 476
238 58 490
197 129 436
173 118 509
217 93 455
235 106 435
191 49 487
174 132 430
186 77 474
185 54 518
196 100 482
230 71 444
225 48 507
196 121 486
181 90 419
234 110 499
245 53 476
180 54 488
234 55 483
189 124 432
251 57 430
179 111 473
199 97 497
227 75 426
171 43 475
243 111 465
202 57 482
254 119 471
267 117 512
182 72 462
222 55 429
237 80 449
206 126 456
225 66 422
253 64 506
181 113 500
260 46 498
196 66 469
268 73 464
216 61 440
194 44 487
259 90 465
185 53 473
211 36 452
262 100 484
235 46 481
206 35 443
202 69 478
179 70 442
203 93 443
192 134 496
236 130 448
205 44 494
224 54 436
224 135 499
234 44 427
191 37 485
244 120 454
250 107 478
181 111 486
202 61 429
263 84 508
269 129 479
227 77 499
263 123 505
245 52 518
215 50 515
176 107 441
190 46 446
210 135 454
186 65 503
210 104 503
175 116 437
193 134 480
224 39 442
248 106 506
192 66 502
242 101 436
185 88 484
195 133 433
181 65 421
226 91 420
196 50 483
236 131 517
262 134 499
207 48 436
239 93 486
205 49 516
226 108 429
222 76 418
251 58 461
171 91 504
229 109 475
248 133 450
181 57 450
173 40 504
196 117 501
210 39 470
225 99 518
201 82 506
237 81 427
170 125 464
234 80 424
175 114 490
217 106 436
195 126 510
254 67 462
218 98 442
206 50 512
183 103 501
207 85 421
197 104 480
218 54 477
215 96 496
206 76 518
240 121 450
184 68 442
227 67 456
238 81 495
220 125 436
255 81 457
170 109 489
184 104 443
245 107 445
202 116 440
209 90 486
204 72 437
264 63 518
187 132 438
222 133 509
208 117 499
172 113 482
210 100 499
215 124 518
193 85 481
232 71 459
176 67 432
207 72 489
270 128 509
176 111 451
205 83 512
231 118 436
240 119 439
249 68 496
260 64 497
240 128 493
265 118 452
224 130 430
208 105 427
172 58 437
268 97 495
190 60 455
176 80 474
217 48 460
251 57 505
205 127 454
260 91 441
231 73 469
239 93 500
229 43 507
226 80 510
244 59 471
217 87 507
211 135 473
197 70 450
236 78 434
184 84 488
242 63 494
199 38 480
269 82 465
207 72 479
181 56 480
205 84 453
244 109 490
199 126 458
232 122 480
238 120 501
258 79 455
214 70 422
203 70 465
199 120 455
176 134 493
262 95 451
254 41 436
268 97 485
247 126 428
195 76 420
178 120 484
245 111 429
245 92 492
201 35 422
199 46 440
174 101 427
223 112 448
199 123 471
269 80 449
218 102 436
172 103 509
267 91 435
239 111 465
175 125 436
178 82 495
199 43 473
194 50 461
253 46 485
175 46 454
254 85 438
220 65 424
241 99 478
259 124 434
178 74 510
234 129 449
206 69 494
188 43 510
182 126 435
178 62 495
251 60 515
190 101 485
195 99 442
233 38 504
254 110 447
198 48 476
232 37 505
266 115 514
237 113 499
196 59 495
176 124 481
228 125 491
175 52 459
218 50 443
234 83 492
232 129 505
215 88 464
181 48 447
220 90 433
207 41 426
192 41 502
251 68 452
253 129 503
193 121 479
262 67 513
231 95 445
207 86 488
243 74 458
206 116 477
191 101 512
252 117 442
253 102 486
246 63 460
224 81 425
197 50 479
180 47 514
268 113 485
198 126 442
242 105 477
261 73 428
248 45 504
201 98 468
232 40 502
216 70 494
170 41 489
193 56 493
192 43 503
192 114 482
182 36 515
212 40 418
216 63 459
220 89 475
188 66 477
177 85 425
180 72 441
261 93 440
205 94 476
270 68 491
245 47 425
196 53 441
175 129 462
225 77 444
252 70 452
176 103 452
172 77 511
219 130 448
177 69 424
170 64 420
171 71 446
230 119 462
263 59 455
230 68 489
180 41 466
228 121 507
224 134 501
200 116 511
263 114 469
233 79 502
248 85 441
231 77 477
250 86 452
207 38 500
251 127 471
239 96 419
215 128 468
228 114 513
187 97 476
256 85 509
224 115 495
245 35 482
250 88 480
191 126 420
184 75 436
181 90 507
219 85 491
174 59 436
230 123 495
252 54 489
178 103 467
256 127 426
248 128 507
221 71 481
190 119 485
229 99 488
227 78 434
194 44 490
196 45 466
175 78 423
185 111 508
203 40 457
200 55 462
185 53 472
262 41 459
226 110 491
187 132 458
233 80 514
182 105 456
197 70 431
235 103 454
263 49 442
234 121 470
187 81 426
240 129 492
214 110 471
172 53 513
252 75 468
178 97 484
227 88 431
213 131 467
210 46 491
262 89 476
242 94 493
175 57 511
182 119 514
205 44 501
256 81 445
259 113 484
190 95 510
238 50 450
170 73 504
219 76 443
172 36 464
255 52 507
218 68 468
255 99 504
191 60 451
254 49 440
231 39 454
171 126 477
209 77 427
234 72 510
213 97 446
268 98 498
234 66 517
225 39 425
222 36 457
241 117 428
213 124 506
262 40 461
253 84 492
199 135 476
246 116 437
230 69 454
208 119 419
255 100 470
204 53 418
270 69 471
202 134 444
178 80 451
237 52 458
209 38 420
252 87 427
245 108 493
241 101 490
227 124 464
246 35 459
196 133 444
269 103 427
254 133 482
245 80 421
234 44 479
218 64 484
231 64 472
211 47 460
180 50 432
201 73 489
181 116 501
248 89 448
191 73 451
268 64 448
223 52 510
257 102 430
220 93 459
190 83 457
193 50 449
250 73 472
237 49 488
206 103 485
266 88 518
215 115 469
253 121 451
217 62 482
182 121 476
213 57 499
191 62 507
242 54 481
221 79 461
253 42 441
225 123 443
254 82 430
222 105 489
226 103 439
177 57 467
253 129 428
179 135 483
206 40 468
228 45 430
182 45 421
209 120 517
253 129 504
262 59 440
210 44 509
192 60 432
257 77 470
242 44 423
269 115 490
181 124 495
188 75 433
267 90 421
269 126 512
241 60 508
204 93 490
244 63 508
216 42 444
233 44 488
177 60 489
265 105 483
255 116 485
266 79 507
216 100 418
258 101 467
232 100 495
181 44 451
247 113 512
244 48 469
256 110 435
195 72 469
208 47 434
267 122 466
190 126 516
242 51 489
246 60 419
178 35 501
233 116 517
206 46 419
263 118 478
260 91 461
268 118 421
235 35 435
203 114 501
263 52 494
256 44 464
194 63 423
187 80 476
262 128 432
186 122 449
240 109 503
211 93 418
186 52 418
240 127 483
225 54 438
227 98 436
210 76 499
264 110 421
196 129 489
230 125 447
254 79 494
219 42 450
189 122 507
270 122 516
233 72 425
206 99 433
251 108 469
251 110 484
172 58 447
179 53 513
193 116 427
206 66 418
176 42 441
246 126 435
216 54 432
258 122 503
256 78 444
211 82 463
261 90 470
261 37 503
183 98 499
208 96 484
234 133 499
183 99 435
220 62 435
194 50 503
219 134 446
197 36 512
211 117 511
212 46 461
195 126 444
186 102 486
235 70 510
200 88 439
192 131 490
232 131 437
231 37 429
262 88 466
178 73 472
186 103 511
233 50 468
246 63 468
244 49 441
182 135 423
170 72 437
240 51 508
180 79 434
234 61 427
173 68 476
270 106 466
258 40 511
177 60 420
248 107 488
186 66 448
183 105 439
183 73 478
195 49 421
235 124 441
219 62 499
195 61 431
190 119 495
246 92 441
193 64 454
257 94 468
266 110 475
233 90 448
261 57 517
201 66 463
215 58 481
202 126 441
203 85 502
240 105 463
196 104 435
239 121 471
170 98 490
261 85 482
254 41 486
192 56 429
201 78 474
247 74 482
264 52 420
170 98 419
242 104 494
185 114 513
237 133 511
214 45 514
223 128 464
256 85 488
264 99 466
261 47 447
256 85 465
198 44 457
221 122 492
190 35 487
269 95 475
254 115 455
239 71 457
201 123 433
209 121 476
189 127 499
191 94 475
175 84 436
244 68 437
181 97 449
266 83 454
270 120 450
219 48 469
208 68 437
176 82 422
223 120 475
176 68 418
218 109 453
214 35 446
265 38 486
258 47 514
181 124 509
212 116 479
176 63 454
252 61 432
196 113 445
209 50 475
198 42 491
262 46 484
244 41 485
262 41 480
243 95 516
240 89 419
187 108 477
194 130 470
197 134 501
218 92 454
225 70 421
230 135 472
214 116 517
243 127 454
206 41 470
217 106 460
189 36 464
221 113 474
187 78 448
227 83 478
263 119 513
247 86 420
218 38 424
227 84 465
233 134 434
173 109 511
220 73 484
235 115 486
228 51 439
241 83 470
214 134 477
208 51 464
252 72 462
213 104 514
217 110 486
183 53 432
197 76 468
230 82 464
230 57 446
260 110 477
183 129 504
236 97 503
267 64 421
213 74 425
181 115 488
265 40 476
181 108 509
235 35 509
187 76 431
270 51 440
268 87 437
223 79 511
217 118 504
231 104 462
213 128 489
202 35 512
207 72 433
254 128 451
213 35 422
223 100 496
231 84 514
170 75 460
186 100 440
246 37 427
190 97 490
200 46 479
228 101 502
231 78 482
258 114 473
195 107 457
262 65 477
241 109 428
184 85 461
197 55 480
225 97 429
209 85 479
262 91 457
207 68 473
264 112 468
238 38 505
270 71 448
203 66 468
221 44 459
218 98 463
184 42 471
200 111 473
173 40 473
215 46 481
219 52 492
268 69 508
196 70 463
197 59 436
242 52 500
244 96 461
268 103 492
240 97 450
218 51 471
239 124 458
261 36 477
198 38 476
268 75 460
253 60 443
264 106 422
220 108 456
250 76 442
259 73 426
181 41 469
242 97 479
174 123 425
270 73 515
260 115 488
262 44 440
241 117 480
261 124 450
215 129 499
222 82 518
191 75 432
215 131 512
183 101 459
226 111 450
235 36 498
184 108 421
232 115 476
171 61 448
213 130 447
188 36 462
218 129 469
248 129 426
218 51 474
217 97 421
191 93 442
177 61 474
218 44 487
186 80 434
252 128 490
233 48 447
260 113 429
217 122 479
182 55 505
194 60 516
192 42 473
179 49 462
221 118 500
223 115 425
269 97 440
239 67 449
192 99 510
263 135 478
183 112 433
212 85 459
224 66 437
201 64 434
261 55 516
196 40 480
260 112 453
232 119 475
221 35 459
262 121 502
240 113 484
220 111 459
177 116 471
266 82 496
248 106 471
183 119 456
252 55 455
246 111 451
176 108 446
210 92 429
236 124 421
258 55 505
179 49 485
191 83 442
195 132 442
260 132 454
263 50 433
199 51 474
261 77 427
224 98 462
268 113 421
195 98 499
253 113 498
218 62 491
269 97 467
236 63 427
185 75 453
204 50 424
232 119 429
183 43 514
205 109 499
245 125 506
212 49 441
197 74 443
259 94 502
198 93 489
171 99 486
223 105 503
238 114 451
199 64 503
238 71 473
195 106 490
238 47 461
193 88 434
175 65 430
199 37 423
225 70 421
225 57 426
258 60 512
239 98 456
240 61 476
249 127 482
170 54 452
252 101 466
229 134 442
179 126 516
197 130 485
183 45 431
225 85 427
193 68 489
220 111 509
218 64 419
209 62 494
232 56 512
255 45 480
227 122 483
220 93 458
241 118 456
209 45 503
245 111 480
270 107 450
195 110 424
267 51 518
238 135 434
266 76 442
234 89 422
217 79 500
269 117 433
232 134 471
243 46 514
191 76 487
192 78 512
231 111 485
261 84 465
222 115 439
262 48 513
237 57 424
212 68 434
192 57 444
212 43 430
243 51 513
243 67 447
213 116 488
248 112 472
195 83 443
183 74 435
209 40 465
226 66 422
174 121 437
262 80 474
240 108 496
230 67 434
261 131 454
224 105 497
260 58 494
170 83 507
194 76 441
204 64 475
180 62 440
178 35 464
198 113 428
185 59 515
231 92 433
187 67 502
230 42 465
230 116 450
264 73 514
173 117 492
225 56 511
180 94 506
178 109 481
220 95 493
205 132 476
203 58 464
225 75 439
215 63 446
230 39 503
178 67 431
212 73 475
222 116 438
249 75 478
181 109 477
232 105 495
224 78 432
206 59 491
213 85 432
183 102 424
211 106 482
224 127 474
268 85 425
215 36 460
268 113 451
173 77 503
180 80 435
206 86 499
220 47 467
185 95 458
253 104 432
265 39 466
171 113 436
265 106 424
199 130 475
227 122 497
182 75 419
263 73 495
218 78 488
255 86 430
269 400 428
204 416 461
244 429 486
249 359 477
241 373 419
200 362 471
235 349 416
285 438 448
198 359 469
243 433 449
271 436 462
194 430 475
200 424 400
270 363 495
223 444 425
249 367 418
200 373 416
284 389 398
273 363 455
228 359 494
245 435 452
232 423 431
194 404 478
266 350 428
218 352 445
204 366 426
206 360 466
244 372 404
268 386 447
217 425 480
282 428 420
252 407 439
213 436 420
288 408 470
243 424 482
200 425 446
209 364 427
193 420 443
269 359 424
199 439 411
224 362 461
266 387 439
246 351 405
264 354 470
193 371 436
280 391 399
195 349 405
259 386 445
273 362 482
218 360 474
250 432 402
211 407 429
210 403 415
223 387 483
214 423 483
290 348 464
231 356 469
202 358 432
236 419 400
290 361 425
228 444 454
191 434 407
206 374 421
193 426 406
221 424 415
207 398 497
227 398 413
288 441 454
279 368 488
230 399 443
202 377 420
240 389 422
199 387 436
273 353 479
242 374 470
255 401 431
231 348 408
224 375 473
272 441 422
208 368 421
254 435 461
237 423 411
281 410 401
242 349 421
191 431 456
283 350 454
233 407 401
240 410 467
282 410 477
246 442 436
284 393 479
260 404 479
291 380 469
259 412 437
289 445 459
239 445 476
217 431 496
247 440 409
217 435 494
193 368 415
264 408 447
191 386 495
248 368 456
284 440 401
261 360 405
256 374 432
201 435 463
234 362 464
208 400 433
265 390 472
252 362 454
268 374 408
210 353 473
223 437 422
249 399 398
203 433 400
220 394 412
273 365 451
218 437 423
282 387 456
236 384 411
240 419 402
272 360 448
191 363 405
241 405 463
231 367 492
205 392 398
205 404 421
208 447 429
277 390 473
285 352 439
202 371 439
204 385 458
248 406 491
202 365 433
277 416 427
272 404 448
226 404 422
217 445 411
205 407 451
283 379 473
268 447 497
227 367 432
258 417 491
235 444 449
255 352 493
247 381 462
228 405 480
215 399 486
221 376 457
239 408 431
252 422 425
270 353 440
193 402 470
281 403 448
261 350 416
259 425 473
214 399 466
221 421 399
193 382 490
281 372 447
232 364 481
256 447 418
285 370 453
203 429 485
266 385 431
257 409 480
254 365 483
233 377 495
247 412 479
216 382 496
216 426 418
229 382 429
288 422 437
236 354 439
250 360 397
232 358 454
193 398 481
213 351 416
226 412 455
225 367 426
224 438 497
239 405 486
267 385 491
253 366 464
224 386 440
287 397 416
251 347 416
205 392 464
217 368 415
216 438 442
269 406 444
278 426 425
233 367 454
259 382 468
239 425 475
219 407 468
211 358 401
232 426 444
192 423 455
201 445 419
272 363 472
246 393 463
290 420 466
261 434 495
277 408 447
226 416 398
220 391 413
194 379 447
216 379 452
222 378 436
196 392 495
280 362 415
199 426 409
257 354 437
257 393 399
236 415 429
283 436 412
204 416 449
270 360 479
238 410 414
226 371 444
274 380 446
217 373 496
281 351 478
285 399 467
264 387 401
231 447 419
256 388 397
271 385 437
205 373 476
194 410 447
236 411 494
231 388 400
215 437 454
197 405 444
204 421 497
237 413 449
227 419 434
245 425 412
244 358 467
253 445 409
221 413 439
269 445 412
260 373 488
286 421 462
235 391 414
269 358 428
208 371 418
217 429 467
261 405 409
206 387 495
238 393 432
291 393 476
269 359 495
275 363 485
218 389 496
241 350 431
212 362 473
243 354 427
278 425 418
202 372 450
270 376 412
223 412 445
278 366 448
280 432 456
199 396 461
280 423 435
215 383 497
286 436 399
243 424 404
224 437 403
236 402 423
236 442 456
237 433 400
241 411 399
250 362 460
283 370 458
260 430 461
207 377 402
244 440 478
235 386 453
253 403 473
225 371 468
269 444 445
269 370 457
286 354 409
272 391 410
197 394 468
287 382 423
251 385 403
198 406 399
260 357 467
264 379 491
259 369 448
259 435 464
191 350 444
246 356 445
239 431 434
289 407 477
203 357 483
207 410 467
270 355 409
251 360 418
224 406 484
268 375 477
199 436 447
248 353 497
276 383 488
216 355 444
268 423 452
206 444 475
259 437 438
281 347 405
274 426 407
208 440 405
274 394 454
192 385 408
226 417 462
195 386 417
276 436 417
290 373 420
214 376 492
199 411 441
197 353 415
252 368 487
274 361 427
225 427 491
224 391 470
213 379 400
241 362 421
249 372 487
261 358 411
264 415 418
267 394 488
215 398 443
199 361 440
225 435 457
287 352 442
267 370 400
248 422 470
212 349 437
205 354 488
269 398 495
264 368 488
221 417 420
274 412 410
199 425 492
212 444 474
191 417 398
247 409 433
274 445 470
282 447 406
257 424 475
269 447 414
226 391 489
209 368 433
232 397 425
233 347 460
240 433 422
213 397 454
216 396 464
215 410 399
245 366 441
213 361 432
229 389 439
244 444 419
289 414 405
197 380 489
232 411 453
208 446 411
232 414 404
201 366 459
289 401 494
290 426 402
286 425 417
228 439 497
209 409 435
264 393 466
274 406 417
289 446 469
235 350 489
261 444 444
204 440 439
225 375 436
241 391 412
252 430 414
282 364 497
200 401 431
231 439 404
229 393 475
237 380 467
274 383 477
227 399 441
291 419 491
236 378 426
279 380 490
220 377 460
283 377 438
228 404 483
287 385 403
245 350 488
279 406 466
274 437 433
217 440 434
281 384 427
264 393 433
245 347 411
202 412 476
277 390 432
264 387 453
238 353 486
286 348 431
216 407 445
232 441 475
285 440 434
234 347 414
226 432 433
236 416 427
287 411 448
250 384 450
209 367 472
278 434 421
206 396 462
231 352 447
249 384 458
274 384 433
248 393 418
277 370 400
272 418 398
238 444 417
237 358 443
224 437 424
257 394 483
287 417 449
200 365 488
290 446 435
218 418 475
194 396 425
262 447 471
237 425 435
245 372 448
227 424 475
259 364 437
195 372 472
291 349 428
193 374 493
212 363 399
288 353 441
266 405 455
260 429 437
273 389 472
237 423 477
283 402 485
238 417 478
252 379 403
211 434 430
283 351 495
235 359 421
277 378 400
202 358 426
212 420 444
205 437 461
256 429 494
209 353 483
209 399 445
274 420 429
215 377 448
204 406 470
266 373 484
277 415 412
246 392 489
238 357 436
278 360 433
223 383 439
232 403 457
251 430 457
266 400 405
224 436 423
284 371 444
262 405 429
273 367 467
261 444 466
225 349 470
208 352 445
221 426 481
289 400 473
238 442 474
202 392 492
196 358 462
282 397 439
285 395 413
234 349 403
228 384 428
197 391 472
222 391 488
257 406 463
213 368 463
221 392 415
205 390 454
291 425 401
213 350 409
198 396 439
248 397 415
241 376 487
236 425 454
272 433 426
197 376 483
238 353 432
240 360 460
230 433 413
290 433 426
281 440 472
273 379 400
239 429 419
232 405 468
232 416 480
208 436 441
290 442 465
259 440 404
228 389 460
227 354 411
258 427 475
198 375 419
217 406 457
201 439 407
197 398 440
259 365 483
218 368 433
239 380 494
193 374 497
256 425 446
260 377 409
210 394 476
262 393 468
267 439 485
219 385 476
254 392 473
278 436 438
281 415 433
279 406 401
199 382 467
208 366 435
211 369 479
234 368 474
220 358 422
264 347 399
282 381 481
238 372 496
244 349 495
278 365 496
251 406 448
210 427 469
207 407 464
251 356 437
280 358 446
284 371 405
242 409 443
232 385 409
209 421 419
228 445 449
222 356 460
194 382 425
273 393 397
230 379 408
208 415 400
232 411 419
196 405 449
253 401 433
199 378 473
276 423 436
259 350 443
229 366 491
267 352 475
269 445 469
251 444 402
284 432 427
218 385 446
191 398 454
233 397 440
238 405 445
203 390 455
206 437 497
201 431 488
191 363 455
257 399 402
242 410 429
200 389 424
243 352 490
244 390 480
259 440 448
255 388 436
218 356 497
249 348 436
275 422 467
273 437 399
251 416 494
244 412 441
287 405 430
278 428 430
197 417 443
211 398 470
284 427 489
191 396 446
250 422 443
259 389 458
217 355 415
253 432 454
237 373 398
192 387 410
279 424 404
206 432 401
275 361 466
240 376 477
194 421 419
259 383 478
248 356 475
206 390 457
257 366 428
207 428 459
285 372 408
233 366 430
238 402 449
223 416 399
223 438 412
215 412 406
242 407 475
210 347 433
288 409 480
237 445 431
194 437 471
263 371 425
222 444 464
237 395 449
209 426 485
234 400 442
245 356 415
195 378 482
287 362 473
283 400 483
245 351 413
244 396 484
263 366 421
271 401 399
209 369 445
191 390 415
218 413 496
257 360 492
285 385 441
227 375 433
271 413 421
228 351 468
290 381 464
217 416 419
240 387 412
267 355 422
275 411 462
206 443 459
229 440 467
288 387 493
212 434 434
218 408 412
207 434 400
260 373 457
207 440 461
191 408 415
201 365 424
285 418 430
248 385 445
211 359 476
254 381 486
290 410 398
285 390 412
262 429 402
291 375 479
203 403 469
229 371 409
283 393 460
235 361 442
279 423 435
192 399 408
246 394 433
246 356 492
239 359 469
229 404 450
225 381 483
201 382 486
222 382 422
199 356 424
291 360 479
284 427 480
251 362 398
255 370 400
196 429 433
233 416 432
239 355 478
211 362 432
203 363 408
272 444 424
285 401 490
243 435 417
259 351 473
279 405 443
264 424 425
263 372 413
273 383 398
240 400 484
233 354 458
258 395 434
271 433 398
247 353 496
230 439 409
278 369 418
273 375 454
211 351 481
273 408 403
200 368 424
233 446 449
220 424 436
243 397 480
202 416 491
255 446 476
262 429 487
213 387 457
259 370 418
204 420 458
213 413 442
274 380 400
245 355 427
260 444 446
223 404 448
211 360 486
227 430 465
227 397 407
194 357 428
233 406 449
239 351 454
232 373 490
258 403 460
259 352 434
285 356 401
213 405 475
194 447 480
238 349 464
248 353 463
276 433 478
221 357 421
244 350 475
263 366 453
273 403 486
191 373 480
228 367 397
214 394 457
281 389 408
205 351 402
246 364 431
233 350 486
248 389 411
222 358 445
258 360 494
198 432 402
280 350 440
268 412 408
205 414 465
237 404 495
249 427 497
206 392 486
285 397 455
244 443 497
229 356 478
216 380 439
269 382 448
245 433 436
215 424 493
281 433 437
222 362 426
281 383 449
230 418 430
214 413 477
283 414 489
260 440 491
224 437 474
201 447 473
275 436 481
239 434 415
207 411 418
217 393 413
252 397 408
281 438 464
241 440 444
255 422 400
239 389 470
253 382 492
257 382 496
283 446 410
254 428 422
197 387 480
207 405 488
289 384 450
263 395 492
263 379 459
283 383 445
289 412 418
239 390 482
287 395 416
219 356 414
243 351 398
283 372 472
232 363 492
210 432 496
222 420 459
285 368 452
277 427 485
254 355 457
282 416 451
196 442 411
214 433 462
193 416 407
253 413 485
221 377 487
264 397 471
255 447 488
216 408 446
290 367 419
263 356 404
242 391 402
229 388 431
226 405 486
244 434 477
214 442 417
263 398 468
217 351 485
290 423 424
285 394 469
258 427 468
195 347 402
276 375 438
277 369 432
192 394 413
191 355 455
214 400 489
280 446 442
268 384 449
258 386 467
247 386 479
239 383 418
269 446 468
233 374 472
257 366 415
234 389 429
259 401 449
285 356 459
236 398 426
209 383 483
233 349 449
195 381 488
242 409 416
209 393 457
291 433 480
251 381 474
248 373 456
253 436 419
272 364 463
272 440 467
289 356 453
239 425 405
264 399 470
194 370 483
226 407 408
218 432 433
210 378 413
262 378 431
234 367 486
203 424 452
265 429 428
278 410 480
231 412 466
222 362 484
266 362 448
195 365 397
286 424 474
224 379 477
273 405 397
225 433 476
258 426 411
226 389 449
247 373 444
240 417 435
221 406 447
224 393 471
274 378 397
261 416 441
240 372 434
280 372 463
224 444 442
222 429 478
287 363 456
221 446 458
249 349 455
282 375 427
205 421 418
232 348 405
240 441 497
262 406 431
231 374 415
245 409 463
234 419 481
290 410 416
233 438 447
253 430 485
206 405 449
267 411 436
207 356 455
198 447 453
222 375 485
270 412 430
237 434 429
247 392 491
289 399 407
252 411 493
235 369 483
220 374 471
264 382 450
250 396 466
284 379 444
278 417 457
291 405 439
288 375 439
224 394 462
221 397 480
222 414 496
283 385 443
225 387 469
273 386 431
274 398 397
288 371 416
261 409 453
223 420 476
191 380 465
274 435 405
258 394 401
195 399 400
290 432 452
265 430 474
278 385 463
204 372 453
192 390 467
240 370 454
193 385 471
270 390 429
202 372 462
209 406 407
269 368 398
207 408 460
217 376 494
227 436 437
200 390 482
210 433 411
285 387 452
265 371 446
228 421 410
202 363 435
236 399 439
268 443 449
270 391 413
244 439 398
263 367 476
285 371 417
217 381 417
220 380 464
243 374 445
270 383 453
262 380 419
288 364 496
272 361 433
243 349 470
202 368 443
254 447 464
203 445 407
291 408 439
207 356 490
227 398 406
254 372 431
268 436 417
247 444 450
269 423 408
196 443 451
246 435 482
238 436 437
260 381 408
217 442 483
222 391 451
230 385 414
242 395 458
192 413 479
234 428 459
273 374 458
280 405 400
263 416 418
233 429 461
-17 139 325
-32 139 331
-2 164 347
38 141 314
49 115 379
21 122 310
57 137 337
15 179 354
-26 182 303
32 138 323
26 131 314
-16 106 354
67 172 368
39 190 332
-25 173 310
35 171 350
-6 156 296
65 183 367
64 138 358
41 192 332
29 163 348
27 196 351
-21 174 290
-12 105 337
27 189 378
-21 98 342
64 152 384
13 135 313
-4 183 302
22 149 313
-27 123 287
40 165 356
33 148 371
54 169 310
22 122 348
38 189 375
65 101 335
30 104 301
55 182 349
46 120 375
0 161 284
14 110 338
51 153 325
37 138 340
-25 128 384
18 182 299
43 133 327
65 139 301
12 172 284
9 190 373
65 143 340
-30 196 358
8 154 347
42 144 350
-10 131 315
42 129 350
18 171 284
30 158 374
43 157 286
67 154 293
41 166 319
30 194 362
-22 167 352
-27 159 335
-29 163 301
25 98 335
8 121 375
52 152 328
57 193 327
-20 188 288
65 119 351
14 142 305
49 146 313
-14 132 303
-13 117 285
-1 132 314
39 108 373
-32 121 304
16 99 372
-14 135 322
4 135 349
52 136 299
30 99 350
52 159 285
8 196 284
-26 127 328
-24 157 301
2 97 335
4 180 346
33 158 329
1 124 343
21 117 307
47 164 372
-13 110 371
-21 184 308
6 130 332
65 110 359
29 137 284
-21 107 333
-33 180 376
45 156 342
45 105 323
-3 170 380
-1 137 303
-28 163 337
54 118 357
-9 176 375
12 152 295
39 184 353
6 123 296
-15 166 341
-2 145 355
56 127 381
-3 162 369
10 133 366
-30 161 343
11 152 302
32 171 356
-30 165 300
66 173 303
-1 187 366
-13 167 371
18 171 293
10 135 318
6 133 368
53 101 289
-21 130 348
64 106 349
9 112 382
-23 135 305
-22 185 290
-21 106 304
31 140 341
-1 111 302
3 170 322
36 139 375
-33 165 338
-20 192 339
35 161 373
-20 178 320
-7 174 373
33 107 315
-8 188 318
10 192 362
-2 151 365
-22 162 303
21 187 371
-2 181 322
43 116 336
53 193 318
2 135 284
5 126 383
-32 162 297
10 160 356
36 131 287
63 162 370
-14 138 364
-19 195 338
32 133 366
63 172 338
59 135 297
-25 195 356
11 147 290
5 132 348
16 125 361
34 194 374
25 113 292
4 143 329
40 132 327
57 103 328
44 123 363
-12 139 299
-30 159 324
61 148 355
50 103 332
54 144 287
-30 178 324
-30 156 380
21 104 366
39 136 304
43 133 324
8 133 335
48 166 333
-31 129 299
30 180 302
4 103 323
55 123 327
59 135 299
45 131 357
45 100 379
46 193 364
47 177 382
58 168 375
59 112 312
19 104 316
23 182 363
21 149 322
-31 132 368
61 97 305
35 105 326
-6 117 325
55 125 362
5 141 336
25 120 357
66 137 292
21 180 337
50 127 337
-15 192 302
-7 116 316
-2 105 360
31 122 288
-27 102 380
-16 125 364
46 161 308
65 125 357
53 160 298
17 115 370
-15 103 350
18 127 313
-25 167 289
45 104 284
29 159 356
50 118 379
51 101 302
10 121 337
-19 181 334
-11 129 304
62 179 343
-23 167 358
46 133 322
25 97 378
45 155 327
4 187 379
-4 171 294
33 152 364
-26 170 309
3 127 367
45 130 315
7 111 368
35 176 304
38 108 339
40 165 340
-26 143 382
-14 128 338
32 163 380
14 195 365
52 165 323
4 152 292
32 177 382
18 170 350
59 196 315
30 118 315
37 116 349
-7 104 287
64 197 364
-22 129 358
-31 195 323
62 118 365
-15 189 367
-20 191 315
-6 146 361
34 196 347
45 178 316
47 140 314
-23 167 315
-19 147 300
65 124 368
-30 139 311
41 131 384
62 135 284
-30 132 353
9 113 370
9 112 304
-4 141 375
56 110 310
15 196 296
13 105 379
-31 125 384
57 168 329
12 126 381
-6 117 361
-16 190 348
-27 164 381
14 106 367
15 196 288
23 111 324
23 120 384
13 154 315
49 177 381
-7 154 383
33 162 373
26 108 372
56 116 354
25 122 301
23 130 308
-11 170 358
9 140 359
-33 102 316
-17 104 361
-3 133 302
-20 116 358
24 192 307
32 182 337
65 174 322
-22 109 316
39 130 296
-32 149 352
28 121 308
54 154 289
61 170 365
47 192 325
49 154 361
38 181 306
-31 164 306
-18 132 330
-6 144 343
-10 105 325
-15 104 336
36 101 317
-10 136 332
32 119 309
-13 130 284
27 124 335
9 129 308
51 184 372
41 191 292
8 165 307
-31 179 306
12 142 309
29 191 348
-18 190 364
0 130 338
41 130 341
-20 179 312
-21 144 318
-28 126 327
-17 160 377
-30 142 357
6 121 331
31 130 340
-4 117 330
58 176 321
3 192 320
13 133 362
-30 162 294
-31 162 293
-15 108 301
2 177 356
-9 98 294
13 166 341
46 157 291
53 103 384
-8 127 291
-2 154 308
-23 108 373
51 192 366
-32 169 372
-33 151 299
8 129 339
-31 169 305
20 172 331
44 172 294
29 132 360
63 126 384
30 172 363
-33 101 304
22 130 341
-10 196 305
-18 140 377
33 110 357
34 165 341
3 171 322
21 191 294
-27 184 297
17 182 298
15 118 291
50 109 336
37 103 361
-33 183 357
-9 143 339
32 166 347
28 170 359
28 97 382
-15 183 363
-28 177 359
-8 138 338
-22 104 371
-2 149 362
55 154 360
55 121 291
-18 166 378
64 185 384
-7 180 312
27 124 374
7 120 346
17 109 300
32 164 314
-33 115 378
-4 118 378
-7 159 375
62 97 329
67 108 334
7 150 329
-20 115 287
16 128 348
35 167 370
34 171 352
-28 157 379
54 128 295
22 144 362
52 103 286
-24 104 376
-30 145 375
59 152 324
-16 164 310
59 98 364
36 122 329
55 148 339
44 109 364
27 174 363
50 123 383
22 107 384
2 184 360
12 162 291
63 133 365
25 103 342
42 166 302
-21 185 348
-13 179 373
67 138 380
29 151 366
-28 160 301
18 137 353
10 158 292
34 142 341
50 185 300
-4 143 381
17 188 327
-5 165 330
56 97 350
26 168 322
-25 190 293
55 125 316
-7 191 374
36 181 293
61 137 299
-32 173 371
-2 127 297
-30 173 344
39 131 333
54 158 377
59 120 315
37 183 321
52 166 373
39 176 328
-6 103 380
41 169 367
60 190 333
-31 142 304
55 121 323
41 100 307
-10 186 307
-8 159 359
3 182 381
-30 103 291
56 131 372
13 143 312
-10 140 356
48 180 328
54 115 292
29 158 348
8 145 381
-29 163 365
63 146 382
-5 140 367
54 175 331
-27 104 291
29 170 323
42 176 351
50 150 335
64 101 382
-19 133 287
-10 100 366
34 104 285
39 128 304
55 173 316
2 175 336
63 129 355
61 189 334
33 106 329
-17 143 291
7 120 325
8 158 368
-28 112 366
43 121 331
21 114 376
5 157 374
32 153 377
-15 162 370
6 100 355
-4 138 341
7 171 333
32 192 383
58 193 318
2 98 298
29 143 360
19 172 384
-22 171 307
62 134 314
-6 197 364
41 108 363
48 114 291
-30 189 349
-18 113 301
3 144 351
28 132 345
29 160 338
45 151 321
16 150 306
66 97 310
-9 171 316
63 108 314
50 173 368
-6 163 299
48 141 298
-22 173 311
61 131 355
67 159 357
44 106 293
-25 133 326
-15 113 291
6 134 325
-6 114 286
3 108 303
-19 168 333
-8 149 340
-25 133 319
-28 112 289
-2 126 349
36 160 330
3 119 343
3 169 383
50 142 351
59 108 346
10 124 296
-22 140 357
11 162 322
-30 116 318
-32 188 376
14 171 322
33 123 361
44 160 348
67 195 366
31 153 341
-30 175 362
-10 176 303
57 178 357
6 178 286
26 177 337
31 166 380
62 139 304
42 119 367
-4 110 310
64 167 378
-9 166 376
-27 131 374
-19 163 285
36 101 290
-20 141 379
34 117 373
-28 139 308
-3 163 339
-31 155 299
-11 149 293
19 123 325
39 134 325
38 131 315
38 192 358
-8 135 349
16 176 321
1 168 367
50 182 316
-31 112 336
-26 163 351
32 152 376
-17 145 306
34 183 300
21 175 292
14 184 343
9 163 287
4 159 369
4 184 362
-10 184 365
48 125 317
-12 178 286
60 177 307
31 138 369
-33 175 364
8 154 381
-4 123 322
49 191 363
14 151 307
-4 128 330
45 188 302
-17 155 375
36 167 332
48 194 288
20 189 314
38 102 372
-7 145 353
21 98 327
-11 115 357
40 181 305
-4 188 336
11 143 380
-20 171 312
39 182 297
-17 171 354
15 167 332
64 196 299
1 188 285
26 131 371
-15 126 373
-21 130 331
40 109 318
-6 184 325
64 177 330
36 158 343
17 131 317
21 108 348
12 173 341
37 126 312
-8 197 311
-25 184 288
40 162 370
-18 131 311
10 183 315
-3 141 382
-24 141 382
49 97 348
45 149 297
36 177 323
11 135 353
-15 113 318
59 185 355
14 116 312
-27 132 324
4 164 359
62 149 349
-22 143 371
-14 136 298
13 187 339
15 148 360
27 192 300
57 185 302
51 140 334
-15 129 368
29 139 332
25 176 350
4 193 375
-25 181 384
46 107 365
6 176 356
61 114 342
41 196 336
17 117 380
39 123 304
-11 176 322
47 132 349
50 126 353
56 189 370
31 128 376
-14 139 384
-13 188 379
-3 121 361
10 122 360
17 156 378
-25 148 297
-16 125 358
-30 99 382
-20 170 301
0 97 308
-24 186 321
-29 192 293
37 161 284
-27 148 374
-32 168 356
-14 173 303
53 191 303
-29 134 295
42 128 371
-23 190 380
32 139 322
36 117 309
57 168 378
56 131 322
1 171 305
17 170 311
61 150 354
46 106 284
-13 138 299
35 104 347
-1 147 318
48 141 367
-9 134 324
41 188 359
9 148 308
6 194 314
62 187 351
0 192 315
2 156 298
38 125 335
9 142 323
19 168 285
10 140 327
-31 112 334
15 137 380
0 138 311
61 104 341
17 108 355
-16 177 363
65 122 334
-11 102 294
36 125 370
-22 100 285
-33 144 349
51 193 286
47 171 329
49 168 384
13 164 343
2 101 305
63 186 315
21 113 382
33 104 361
36 116 382
16 187 363
5 169 339
41 135 355
52 190 301
64 189 358
-12 188 336
-13 190 354
51 146 301
-1 106 383
39 136 286
15 163 285
54 175 322
-33 166 318
59 138 343
-33 104 297
48 100 366
3 148 365
-20 134 361
47 104 376
43 183 366
-29 109 363
34 114 290
57 193 322
11 102 378
15 130 362
-12 124 353
-19 129 314
51 99 335
24 161 307
60 155 354
-13 101 285
64 120 306
62 108 333
12 170 322
-11 175 316
67 134 377
12 152 303
-16 158 312
-19 129 300
36 114 300
64 177 349
40 196 336
65 97 380
33 162 345
60 102 324
-22 192 361
-28 165 326
-13 149 322
-6 147 360
-9 145 380
-32 112 369
-10 108 299
10 183 370
-7 99 309
-23 183 379
31 191 331
44 159 338
12 114 350
-26 191 344
8 163 347
-5 173 329
11 139 343
11 176 368
-17 174 353
2 185 350
22 186 357
39 158 376
24 148 300
42 125 334
44 156 324
28 128 370
54 178 326
53 138 363
49 137 297
-7 127 343
12 195 372
-22 108 304
59 111 314
23 148 375
-1 121 292
39 101 372
-3 190 314
-1 121 383
-23 98 376
34 151 334
57 120 347
52 121 345
56 143 335
18 194 337
32 148 374
56 185 335
63 104 330
50 100 284
18 179 330
59 169 359
26 129 301
-32 134 367
-14 180 378
65 172 383
46 153 330
14 189 285
63 139 337
9 144 328
1 118 339
12 185 327
24 127 366
12 190 310
18 153 359
16 192 313
46 109 357
-31 97 292
35 129 291
60 124 288
12 125 351
55 129 303
-23 103 359
14 188 322
2 173 319
-18 148 316
49 184 347
1 149 349
-33 135 341
-28 116 361
37 107 358
-1 102 324
16 196 309
8 190 335
-27 123 328
-1 126 347
41 146 359
-20 115 356
58 120 321
-9 97 379
-16 184 342
12 127 361
29 121 301
-33 187 284
-9 97 351
17 144 324
26 104 307
18 188 376
37 101 296
61 182 294
66 124 304
22 183 299
-21 139 377
-25 150 293
38 173 352
62 167 375
1 133 351
43 112 323
52 189 311
7 147 349
-29 139 301
-3 104 297
27 164 288
-15 182 348
61 185 330
-9 180 339
12 110 357
-20 147 376
29 150 384
26 101 382
59 148 351
19 130 327
45 174 362
11 163 361
23 183 329
59 144 322
16 195 312
64 117 288
-8 187 299
21 128 339
-13 120 326
66 108 334
49 138 284
-2 143 378
7 108 312
15 113 381
-26 100 344
44 160 378
5 101 329
15 148 376
39 113 362
13 154 332
-32 196 353
14 173 330
-25 108 377
64 179 303
36 190 375
-24 137 342
11 171 313
61 130 299
-7 137 359
-6 162 377
39 169 322
16 136 303
56 193 352
4 132 357
8 99 378
29 126 379
33 162 317
39 153 332
28 182 374
-31 115 335
26 145 319
52 172 290
29 191 295
2 153 336
1 192 383
49 122 305
65 184 356
43 176 304
16 106 338
-7 186 313
-28 170 316
36 139 356
66 193 368
29 189 343
5 147 304
-22 175 294
-1 191 285
20 134 331
15 154 349
35 188 295
16 108 363
23 168 354
-30 192 372
61 197 303
24 176 334
37 157 291
9 129 382
12 145 379
36 189 342
-15 130 360
30 194 378
18 192 359
10 101 378
-7 104 334
-16 192 351
23 195 379
42 152 370
49 176 374
21 117 320
-20 150 337
-6 183 376
5 193 363
3 118 288
-4 115 330
-33 140 300
-25 97 325
-3 178 366
-20 101 311
2 144 342
40 160 346
15 126 370
54 138 359
10 156 301
36 142 285
10 182 323
-4 104 306
-3 165 333
-25 182 383
-16 174 297
39 107 328
