-7 67 109
-10 57 98
15 44 89
13 60 119
19 61 99
-6 78 117
16 56 92
3 59 115
-6 43 86
-6 71 102
-2 49 85
-11 46 104
-7 53 85
5 79 87
-18 52 97
-17 77 89
13 80 99
9 71 119
-6 51 109
-13 56 108
1 46 94
-3 67 113
15 44 82
-6 55 87
-14 66 92
19 62 85
5 79 117
20 75 89
8 59 112
8 74 107
20 80 94
-10 41 98
16 63 102
-1 62 118
-8 67 88
-17 66 112
-4 56 111
3 61 79
1 70 86
-4 63 103
10 79 88
18 79 86
-20 61 86
17 60 95
-15 47 93
-19 43 104
-13 71 94
-7 43 116
-19 57 83
-3 48 94
-14 46 80
-8 81 89
-18 43 107
2 81 100
-20 63 99
-9 41 82
-20 73 80
10 67 103
-3 55 79
-7 42 108
5 43 109
-10 65 80
-14 45 80
19 67 103
-8 76 110
2 59 106
-6 55 115
10 66 94
-7 70 112
3 71 112
19 66 116
-4 58 89
-5 80 88
2 58 83
-10 69 96
16 51 85
17 80 111
18 54 109
-9 81 84
-8 60 91
13 50 97
-15 70 113
-1 78 102
15 64 94
12 41 80
5 69 102
-5 47 83
-17 60 85
-6 45 101
-2 44 106
-17 69 92
-5 45 103
-1 41 111
19 46 82
1 81 81
-5 42 115
18 47 114
6 70 93
3 81 87
-2 53 85
5 81 95
-13 48 97
19 52 104
-2 68 92
13 78 83
15 60 103
-18 41 90
6 62 116
5 62 93
14 81 105
-9 46 89
-6 42 113
13 74 90
-10 41 80
7 74 107
-17 42 81
6 48 86
20 63 102
-10 71 103
-8 73 111
-11 75 83
0 61 79
-2 53 117
4 75 107
-13 53 115
19 74 90
10 45 89
17 69 81
16 48 86
-10 77 103
-5 72 92
-1 67 95
-20 63 82
-16 42 115
20 69 106
0 59 103
0 56 106
15 60 97
0 79 99
0 77 86
-5 77 84
-4 53 86
11 73 104
-15 54 104
9 49 103
4 45 102
-13 67 103
-7 56 118
8 42 85
-16 44 95
-12 57 99
-5 75 114
-1 73 92
-18 68 79
4 62 117
-20 81 91
3 56 91
14 78 100
-11 70 117
3 68 111
-19 52 90
18 66 115
-20 74 87
-2 72 81
-3 48 98
13 44 89
16 63 81
-1 51 107
1 61 97
0 75 96
-4 76 93
-19 70 102
15 66 81
3 74 109
20 47 99
-6 47 110
-11 46 108
20 44 84
2 42 117
-19 71 87
-17 68 116
12 61 111
-13 77 88
-18 77 111
20 54 87
8 67 116
-17 61 118
-1 80 91
-8 61 111
17 75 85
4 60 80
-13 52 85
20 63 85
-17 52 94
-9 54 114
-6 51 109
5 45 111
18 45 118
-15 44 97
4 51 111
-3 43 105
12 56 101
-3 74 107
18 56 107
17 54 93
9 81 98
4 56 118
7 62 114
4 60 96
18 75 119
19 76 90
-11 46 80
6 68 81
-9 80 99
-5 66 99
-6 63 85
4 42 112
17 73 79
19 67 91
-13 59 86
-18 79 94
-4 51 113
-3 48 92
-10 50 113
-18 51 95
19 62 115
-14 62 90
-15 76 82
15 44 101
5 49 117
-19 67 85
-19 76 79
-9 68 115
-16 43 100
9 61 105
-13 62 83
-15 76 97
-18 51 111
-19 69 97
2 57 88
1 65 106
-11 63 105
-7 74 105
4 55 83
-1 41 95
3 79 110
-18 51 112
20 53 110
-16 76 110
-20 56 89
-20 76 101
-16 49 113
6 63 87
19 44 93
10 74 100
-4 57 115
-19 43 97
-2 68 92
20 47 96
-10 53 97
-11 75 110
10 73 108
-5 68 80
-13 51 96
-8 78 88
18 75 109
13 68 84
5 54 100
-12 41 102
-6 67 118
-17 54 89
5 67 94
3 55 102
-2 57 97
16 47 86
-12 45 83
12 70 111
-1 48 91
-10 69 104
-5 48 89
-10 59 93
17 74 107
12 58 117
2 65 117
5 45 90
19 78 103
-3 79 80
-6 72 85
11 62 96
-6 49 116
12 45 109
3 43 117
14 71 101
-16 41 107
-20 60 112
11 62 83
2 59 101
18 49 97
18 50 81
1 62 117
-19 74 89
19 43 98
3 52 91
15 63 89
-2 74 84
0 70 111
-2 81 99
-4 63 96
18 50 106
4 45 87
18 48 95
-5 59 81
-15 55 103
16 77 115
-10 56 103
-6 57 96
13 69 106
2 54 96
5 77 94
-12 43 103
-9 52 115
-6 65 109
-12 44 110
8 70 102
-8 60 100
-3 53 90
-17 78 104
2 67 99
-12 72 90
13 49 81
-11 58 87
19 66 98
13 80 105
-10 76 100
-12 69 108
18 65 114
17 52 102
16 41 85
-7 61 115
17 62 82
19 70 96
-9 46 116
18 76 82
15 56 104
-2 77 79
13 55 93
-6 65 90
-3 54 79
3 64 95
-17 51 91
12 44 91
-15 42 114
6 65 109
-1 72 113
-14 45 104
7 68 106
2 65 104
4 79 86
13 66 115
18 53 100
4 64 98
7 62 95
-14 48 114
11 80 115
-9 67 100
16 81 80
-1 78 117
-17 80 98
-10 75 100
-11 56 118
-1 53 88
-3 48 116
5 57 96
3 74 89
12 73 89
-10 74 92
2 76 103
-14 68 94
-13 78 89
0 66 82
-15 79 96
-10 65 83
-8 41 87
6 62 103
17 51 89
-11 73 107
-11 80 93
7 41 116
-10 78 102
-3 51 107
-11 56 119
7 70 101
-7 67 108
-4 52 109
-20 79 112
18 61 101
-3 45 82
-16 67 105
-18 51 110
-7 60 82
12 53 99
-11 50 95
-11 59 93
5 73 110
-8 42 103
8 45 84
-5 41 119
2 74 112
12 71 115
18 81 102
12 48 90
-11 77 104
-20 68 80
4 46 100
18 56 79
13 78 109
-20 64 88
-19 64 85
0 81 83
-7 44 97
-8 72 80
7 74 79
10 65 113
-18 66 83
-20 41 81
-14 60 89
-14 47 90
2 57 87
13 81 84
-5 58 80
-2 41 91
2 59 113
-19 61 116
18 47 101
10 72 93
17 62 82
-3 58 99
14 80 80
-20 50 116
16 78 116
-18 48 97
-2 76 93
-5 68 105
-12 81 111
-3 56 90
1 71 116
14 74 81
13 47 116
-9 67 89
16 80 102
1 79 86
2 52 113
-19 62 86
12 75 103
10 46 99
14 50 97
-14 71 109
5 54 80
19 43 92
-19 43 103
-7 76 98
-16 52 105
-6 79 101
10 77 102
-10 63 83
-8 43 112
-9 44 103
17 73 83
5 54 85
-6 52 86
-18 43 103
4 48 88
6 52 119
-8 75 97
7 48 111
-11 57 96
-15 47 96
3 46 87
-17 81 114
0 52 111
20 70 92
11 72 92
-1 54 82
-13 50 97
7 81 102
-12 44 91
3 68 80
8 62 108
8 70 104
6 81 95
13 60 82
19 55 111
4 68 93
-5 59 91
-19 52 97
-15 79 112
-6 54 110
18 58 86
-5 49 79
16 79 90
-12 41 96
0 79 86
-7 53 81
16 71 115
17 57 85
-6 60 99
0 70 119
18 81 84
-20 50 91
-17 76 110
16 49 105
18 73 109
-14 76 112
0 51 80
13 78 96
-15 80 88
11 46 109
16 73 114
-12 61 112
-7 72 119
-15 51 99
-14 60 81
12 63 80
9 76 92
17 62 92
15 55 97
-15 80 87
-10 51 91
14 54 90
12 75 95
-8 44 106
12 63 88
20 67 98
10 58 102
-3 54 96
-17 74 81
-18 51 101
-11 43 88
17 44 88
9 58 106
10 74 90
-12 43 96
-4 72 92
20 62 82
8 74 114
-12 50 79
8 79 89
-12 73 94
15 63 80
12 72 115
-6 68 111
14 53 104
-11 80 112
-6 78 82
10 58 88
-15 50 83
18 71 100
20 48 101
-12 44 94
-9 66 112
10 69 104
-20 63 117
-7 64 100
-9 63 112
-4 73 94
-11 64 100
15 60 117
-17 51 94
-17 51 104
-3 46 101
-10 66 116
4 74 98
-18 63 101
9 61 95
-9 54 113
13 65 79
-13 75 118
-9 69 101
5 45 99
-9 48 88
-16 58 88
-20 44 107
0 74 107
-14 65 84
-18 76 80
10 73 98
8 70 114
-13 64 84
-4 74 89
-16 55 112
5 69 114
-5 74 109
-17 47 112
5 67 111
-10 71 105
14 50 82
-14 71 83
-12 68 119
4 64 90
-6 57 94
8 47 95
12 56 97
19 47 111
5 79 91
-19 67 93
-5 42 87
-17 67 83
13 45 110
1 77 118
11 44 87
8 49 79
13 57 82
-12 72 114
9 77 108
-6 52 88
6 62 117
17 46 89
11 78 84
-14 43 98
5 63 88
14 76 114
-1 56 93
-10 71 96
-11 73 79
-5 46 103
3 57 92
12 68 105
-13 64 116
13 70 103
-13 55 118
6 70 118
-2 67 99
8 53 79
-1 55 119
5 50 92
-2 66 98
1 50 91
-11 81 113
14 77 85
7 81 109
-1 53 83
17 41 101
8 68 94
-18 61 87
-17 44 112
13 68 93
13 66 80
-6 44 107
-15 50 119
8 50 110
-20 49 114
-16 43 82
-5 67 116
12 44 90
-16 61 95
-2 76 101
20 65 118
-17 70 112
10 67 81
-19 73 107
-15 55 109
19 52 82
-19 70 86
-14 44 102
15 50 113
-8 57 104
3 45 113
12 53 93
-19 51 89
3 61 101
-16 45 107
0 47 95
18 59 81
4 43 79
-4 46 86
19 42 80
-20 47 84
16 47 116
6 47 116
10 41 97
18 63 101
11 78 110
9 78 82
0 42 119
1 78 112
-12 62 94
-4 49 95
-20 70 105
-20 42 108
3 52 88
-13 56 114
19 44 98
-14 66 114
14 73 90
20 72 81
9 71 94
19 53 86
-19 44 110
3 54 115
19 77 108
-9 70 115
-2 68 94
20 67 96
13 65 103
-10 70 81
-13 78 119
0 46 91
-19 77 118
18 61 109
3 78 111
6 58 111
-16 79 87
-6 50 118
-1 66 108
4 54 105
13 55 100
-12 67 104
-14 57 91
-10 74 97
-2 41 89
20 47 96
-7 79 100
2 61 85
18 80 109
7 66 111
5 53 81
-10 61 88
-16 77 112
15 68 94
16 48 94
-11 60 118
9 70 112
-15 58 83
-1 76 81
11 65 91
-18 77 111
3 57 106
17 57 89
-18 71 103
4 59 87
-3 78 89
-19 78 97
-6 63 86
12 64 114
-3 78 85
-13 79 88
9 61 88
-9 69 82
10 72 92
-2 50 100
-6 68 89
2 54 86
-9 46 82
20 42 101
0 67 84
-10 75 119
8 63 117
14 45 108
-6 59 87
-5 49 102
18 69 109
-5 81 107
1 75 112
16 81 119
-3 78 114
-17 48 91
0 52 90
4 67 116
-11 68 98
-18 62 102
-8 46 84
10 78 82
11 69 107
11 56 80
-2 52 112
-8 65 96
8 81 103
-2 62 103
-15 55 89
1 76 92
-9 54 116
-4 62 79
7 68 100
-8 62 96
1 65 112
2 56 86
-14 42 89
18 61 103
20 75 97
6 65 113
1 61 100
10 42 95
15 63 115
-8 80 82
5 75 90
1 51 92
-11 52 91
-3 55 103
0 71 90
-12 41 91
12 72 84
-8 54 92
-7 42 79
-7 46 106
18 70 95
9 80 101
-13 76 83
19 63 100
1 60 93
1 76 114
14 66 98
-4 54 105
-15 66 107
5 55 102
6 76 109
10 72 104
-2 45 105
4 47 109
1 45 111
-14 69 83
6 50 86
17 73 103
2 48 103
9 74 83
7 75 92
-19 65 95
-18 74 79
1 55 82
2 54 99
15 61 100
-1 71 88
12 56 85
-13 76 106
-15 65 96
8 74 102
-17 73 86
-16 59 117
11 67 103
-7 78 83
-16 53 89
2 57 97
16 43 114
2 53 94
-17 57 98
11 76 118
12 79 110
10 67 115
14 68 87
-2 53 113
10 70 98
5 51 91
0 79 117
-5 81 83
-5 52 117
-14 77 109
-15 64 107
4 43 110
-15 60 112
6 65 99
13 71 86
10 65 98
9 73 90
-4 55 108
15 63 93
9 45 105
-17 60 87
-13 75 108
7 46 101
10 67 90
-18 45 86
-12 78 82
-14 41 85
-8 53 81
-13 59 113
14 44 111
-4 68 118
-11 53 92
-14 45 111
-10 58 95
14 57 86
-14 60 114
-5 58 105
-17 66 81
-6 77 89
16 61 116
-15 78 88
-17 78 106
7 75 100
2 47 98
7 71 88
-12 62 93
-19 48 104
-4 58 109
3 58 103
20 61 109
20 51 103
-12 65 104
-14 77 106
1 46 80
-2 54 88
19 42 104
9 72 117
-4 64 87
-6 72 103
-13 62 106
-6 61 93
1 74 118
-16 41 100
4 56 82
-13 52 81
2 74 81
15 53 97
20 69 88
-18 68 112
-11 69 116
-8 49 119
-20 66 107
7 59 116
-4 76 107
-14 73 84
16 56 99
-10 47 80
-10 73 97
17 60 101
-1 63 108
19 79 104
2 80 98
6 57 82
-14 55 86
6 70 115
-5 80 83
-3 66 108
-3 41 104
-12 77 83
-11 76 80
-5 48 100
4 50 88
-19 51 81
-14 47 82
1 61 82
-1 62 86
18 70 112
-11 59 79
-6 46 95
15 45 111
10 41 117
7 63 118
1 53 103
-6 72 88
5 63 105
10 50 88
2 65 84
-4 55 119
15 60 105
6 51 102
-3 55 79
6 42 102
-10 54 97
-6 56 106
-5 46 85
-12 65 93
1 71 79
6 48 113
1 43 116
9 76 118
19 41 87
3 45 80
-20 41 117
-6 66 81
1 75 87
-1 57 105
0 71 91
1 55 110
16 67 92
13 43 116
2 77 112
0 45 117
19 81 100
7 46 110
-1 47 109
-3 80 113
11 47 82
3 69 112
-11 57 104
15 79 104
11 67 110
-4 77 80
5 48 119
10 59 114
12 78 91
7 53 97
14 47 117
3 81 115
5 72 92
-7 42 99
13 62 103
-1 49 85
-16 74 89
11 49 111
-2 74 102
6 54 116
9 78 84
0 79 116
5 74 119
-10 52 106
1 62 115
-2 72 115
-10 69 90
-1 80 99
-3 64 105
20 43 106
-17 54 117
17 56 96
20 53 95
12 53 97
-11 54 82
-18 60 79
1 70 118
-10 65 116
9 79 98
-7 58 115
-20 50 103
-2 53 85
1 52 97
14 69 113
-13 41 88
18 41 97
15 67 97
-15 56 110
-5 59 105
2 65 96
-12 46 111
11 51 94
-20 67 95
-9 66 98
-7 50 117
18 71 97
-6 65 118
20 69 90
3 81 116
17 66 109
-8 72 105
18 61 106
11 41 108
-17 42 92
8 78 112
-12 81 91
1 53 90
-3 57 118
16 65 90
-12 52 114
-7 54 84
14 48 111
13 53 80
1 74 116
-10 78 118
13 80 88
-2 81 103
-14 63 118
-9 60 98
3 44 82
9 47 80
-9 70 95
16 80 89
-19 64 104
-13 66 119
-5 41 111
-4 61 110
2 60 98
-13 58 100
5 46 103
-1 46 79
-18 59 86
-1 75 94
8 77 117
-4 61 80
-19 64 102
-11 46 95
-11 75 90
4 72 115
-17 72 82
1 51 86
1 74 83
1 74 81
-17 45 103
-14 68 111
13 80 83
-18 68 80
5 61 84
6 69 116
6 73 87
10 69 83
-5 47 99
-6 66 108
-18 42 82
7 61 97
-13 78 117
-8 69 100
-9 42 110
-8 78 100
13 54 91
11 43 98
13 55 90
4 67 110
-16 67 88
-2 62 104
11 48 102
14 44 80
-10 44 106
19 70 111
-11 46 113
5 73 82
-17 50 81
13 76 115
-16 52 85
16 68 117
9 77 102
-10 80 104
2 81 109
-7 74 92
20 66 104
-6 68 86
-9 48 119
-3 49 81
-10 54 90
-3 45 93
2 63 88
13 51 108
-19 80 119
-4 65 88
4 63 90
-12 61 87
12 65 117
13 60 94
6 48 93
15 62 92
8 80 105
6 80 85
-17 64 112
14 56 104
2 43 115
-12 78 92
-12 76 93
-7 57 97
-9 55 108
9 74 111
14 71 93
10 49 97
5 57 85
-16 51 105
-2 78 109
5 80 95
8 79 102
-8 79 105
12 67 80
8 67 88
14 65 97
-14 81 96
-1 71 116
9 76 115
-5 66 109
14 51 116
-6 63 92
12 50 96
8 54 97
-5 47 115
-3 73 100
-12 61 82
-9 66 95
-20 60 117
19 65 91
14 72 86
-5 57 105
20 76 103
12 42 96
4 51 116
11 46 104
-7 50 119
18 77 114
2 66 118
12 52 95
-9 57 96
9 71 106
11 63 105
16 56 106
5 68 92
-19 51 81
1 61 106
12 59 102
0 44 103
-4 56 98
-10 78 112
5 56 87
-19 77 83
-2 45 80
-11 60 81
-3 68 79
15 64 97
12 77 117
11 78 108
19 32 53
10 30 54
-6 41 35
0 23 54
21 29 28
24 49 57
8 37 45
19 48 39
-5 44 52
22 39 54
3 53 19
4 51 45
10 38 32
-1 52 59
26 50 55
24 39 23
13 43 27
-4 47 28
22 21 19
7 51 42
26 33 21
13 45 49
30 22 42
30 25 47
1 31 46
-2 35 56
27 36 29
32 36 44
25 42 28
9 30 48
1 19 58
0 36 25
24 59 32
24 33 58
27 56 38
1 21 26
29 27 33
-2 42 37
20 40 25
25 53 33
19 21 38
23 32 35
29 23 48
12 47 59
6 27 35
-3 59 39
-5 58 24
22 36 29
6 26 35
9 24 40
1 24 26
5 38 22
32 56 29
27 33 34
30 24 47
26 33 45
6 37 23
18 29 37
24 33 23
14 44 24
24 50 51
1 42 22
15 26 52
20 25 59
7 55 46
29 27 48
26 35 57
15 58 22
1 42 23
9 38 55
25 29 28
22 45 41
18 44 57
12 25 46
17 39 55
-8 43 49
18 45 56
-1 23 43
16 33 21
5 21 21
-6 31 53
8 48 36
12 53 43
25 50 33
19 22 40
-1 28 57
22 41 24
31 53 45
-4 35 38
8 48 38
25 22 54
-3 40 38
4 54 41
4 28 19
3 56 19
1 53 24
29 34 50
-4 26 22
17 53 47
-7 39 59
18 35 30
11 28 33
24 32 22
23 27 55
-1 40 22
-3 48 23
-4 20 48
-6 47 24
23 31 19
15 32 47
17 22 58
-3 46 33
1 43 37
1 48 33
-6 46 22
4 56 47
-7 21 51
11 40 20
31 36 59
15 29 44
1 37 39
19 44 26
29 24 36
-8 29 37
18 43 29
18 37 51
-6 52 26
9 23 33
20 54 25
16 44 35
-1 27 34
28 48 29
31 32 32
4 44 51
8 51 33
19 30 19
13 27 36
25 25 41
17 25 39
12 19 55
25 19 53
5 24 54
26 44 40
10 57 49
15 23 39
11 43 35
11 37 40
-6 22 23
3 20 39
19 23 42
13 35 26
11 50 22
26 19 37
22 35 25
6 21 45
-2 19 59
9 49 56
32 51 42
22 27 58
3 38 27
10 54 58
9 27 53
4 19 23
24 45 27
5 25 36
28 23 19
22 40 34
18 20 22
8 30 55
25 45 40
0 19 30
26 57 31
10 27 56
27 53 29
24 50 29
19 45 42
11 40 52
11 34 39
21 20 58
3 19 39
-5 23 29
27 34 43
27 55 47
2 30 44
5 57 50
7 47 30
10 35 47
24 28 48
5 32 43
8 23 25
-8 50 34
-7 23 26
-6 39 55
29 21 42
-8 48 50
28 57 37
14 20 50
5 55 36
4 28 31
6 52 27
9 41 43
-8 56 52
3 23 56
26 28 57
-3 39 21
19 51 59
6 26 28
14 21 52
18 58 51
14 59 35
28 24 57
27 20 23
10 27 26
-3 30 49
9 39 33
27 54 57
17 24 45
24 52 28
26 37 23
3 23 43
30 57 45
31 57 36
26 26 25
12 42 48
13 26 59
17 21 59
31 31 22
20 36 29
12 46 42
7 30 26
22 27 46
8 33 19
9 36 27
8 27 36
25 55 24
23 30 40
6 24 22
-8 26 57
3 58 58
31 57 31
25 42 36
17 52 38
-4 57 36
-4 27 48
18 21 44
32 45 43
10 53 29
28 23 49
8 57 46
-8 48 21
1 48 46
3 47 33
0 49 22
5 44 58
17 34 43
14 21 24
17 33 22
15 59 20
-6 53 38
-1 54 54
15 58 46
-7 43 40
26 39 57
24 29 22
15 51 19
24 54 36
20 35 46
18 53 52
6 38 27
16 48 51
8 19 48
12 32 26
-3 44 32
-2 22 49
9 51 44
22 42 31
25 40 57
9 49 37
21 38 56
6 21 28
-8 38 33
27 59 49
26 24 45
24 55 30
30 48 50
21 57 49
25 25 58
9 49 30
3 50 29
13 25 39
-7 56 43
-1 37 31
30 59 43
29 40 38
20 43 55
30 37 43
-7 47 53
2 20 34
24 45 33
29 45 56
32 21 27
15 27 59
7 38 31
30 26 52
16 51 58
25 20 58
19 37 47
20 53 33
-8 29 54
1 48 41
13 39 58
23 56 26
0 49 24
-8 57 53
10 50 19
14 27 53
12 22 37
4 19 49
-6 21 38
14 27 39
-3 29 58
26 19 42
12 37 43
11 35 19
26 36 32
7 23 59
-2 22 52
-6 38 29
9 42 22
17 47 54
20 54 20
14 22 59
23 55 22
10 40 58
22 21 26
21 32 56
17 59 49
-1 22 29
15 30 32
6 26 58
29 52 30
11 58 44
-6 52 44
25 44 25
-3 43 47
31 42 43
1 49 52
9 53 38
24 19 38
32 46 53
-4 50 46
24 25 38
-4 42 25
19 24 23
13 39 51
22 46 26
15 51 22
-3 32 42
30 35 39
31 22 37
-5 27 49
0 25 19
8 42 34
11 55 44
1 47 44
9 23 53
14 27 27
-1 57 23
4 38 41
22 33 49
17 31 22
31 32 54
21 23 43
-7 38 25
1 44 31
13 29 32
29 22 22
1 23 54
28 39 52
-8 24 24
-8 58 59
14 49 21
28 30 55
29 32 21
15 34 50
22 23 34
7 38 48
7 35 41
4 57 58
6 42 26
4 31 47
23 56 54
12 44 48
1 46 21
31 53 44
15 50 50
13 20 59
28 31 56
-5 59 32
18 52 32
11 31 59
6 47 44
2 52 44
-6 23 44
1 23 25
-8 21 31
19 54 32
10 30 47
-4 36 39
6 52 42
2 49 39
-6 21 55
27 30 37
-6 41 53
5 33 30
13 41 36
23 23 40
11 47 21
3 44 37
5 49 39
-5 39 40
18 49 53
-4 40 59
24 29 31
-4 59 36
-1 27 44
-7 24 57
28 58 34
6 20 21
18 38 39
-8 52 32
12 23 56
2 26 38
-2 31 56
29 51 21
28 29 20
15 59 46
-7 19 57
27 48 21
-1 43 40
-4 29 44
24 36 23
20 21 58
29 52 27
5 46 32
14 35 41
8 57 23
-6 28 27
26 26 53
7 52 54
4 53 53
9 24 33
8 53 34
7 53 44
-4 54 53
27 33 51
-6 34 21
-3 20 32
16 33 20
2 34 53
13 21 40
28 22 45
17 33 40
25 36 47
15 28 24
19 59 35
12 40 39
8 51 20
10 51 43
-2 21 35
27 24 42
25 29 43
17 38 35
-6 32 21
4 43 43
2 46 53
22 56 20
2 57 48
8 42 55
32 45 24
18 45 55
9 47 58
17 20 36
10 37 20
21 42 55
9 36 38
-8 19 43
30 30 45
-5 28 56
2 35 34
10 19 46
-5 23 29
-1 55 21
28 38 24
-3 44 36
22 43 50
3 42 27
-2 27 52
19 30 46
0 45 54
20 42 51
9 30 52
24 36 26
29 54 43
-4 43 56
13 40 22
15 35 49
3 25 37
15 25 53
24 56 56
7 40 34
16 59 57
-1 49 21
24 44 32
19 45 54
28 49 25
25 55 37
-4 28 26
12 45 23
9 55 47
17 42 40
9 31 31
25 53 59
27 37 50
28 45 21
8 49 43
28 23 25
18 55 48
13 28 39
1 45 27
16 23 57
27 39 50
7 23 50
24 59 30
28 34 25
16 48 58
32 20 49
25 26 24
20 44 46
23 26 39
-3 47 55
16 33 32
32 45 59
-1 49 55
29 40 23
29 48 31
-4 54 22
20 33 38
8 52 38
23 50 43
2 50 41
-6 52 59
8 24 53
27 56 57
10 24 51
-2 36 43
10 19 46
6 54 36
-3 41 56
1 19 38
18 27 40
9 50 54
18 37 56
-1 21 45
24 35 23
28 25 49
18 19 41
22 54 39
-5 30 59
-3 40 37
0 19 20
-7 56 25
0 44 32
15 56 29
25 33 39
13 55 45
4 22 20
-4 51 28
-4 28 52
21 56 20
13 49 39
-7 34 22
7 33 49
11 35 27
23 43 42
-7 55 41
20 45 28
25 56 46
-3 55 33
11 24 45
20 38 25
22 35 43
31 23 25
24 19 35
0 40 54
32 33 31
24 58 23
22 28 58
28 53 52
-8 50 44
1 38 35
15 32 53
13 19 20
23 20 54
28 49 30
22 28 40
-1 42 21
-6 29 45
19 55 45
25 20 28
-7 52 43
-4 36 24
31 55 50
23 31 59
23 45 40
6 20 59
27 43 33
11 32 31
21 52 29
0 20 32
-1 27 56
-6 56 29
24 28 37
25 27 27
24 28 28
12 52 35
16 22 44
15 29 22
-5 31 28
6 57 41
32 32 35
-6 25 47
10 59 44
9 38 27
5 25 51
7 39 55
9 46 52
28 36 33
13 50 38
23 52 35
-8 52 55
19 22 33
15 50 21
8 56 23
25 53 43
-1 39 19
32 28 44
25 55 31
13 27 48
2 47 57
3 19 42
31 20 46
-1 43 45
-4 58 32
19 57 21
2 39 53
4 29 43
22 38 40
10 21 30
14 44 40
19 41 36
-3 51 43
-1 44 41
-6 36 37
-1 26 56
1 56 46
3 21 48
17 58 40
19 53 41
-6 44 27
-6 51 36
2 27 49
10 45 53
10 50 44
8 57 51
17 58 22
5 57 40
31 23 23
-5 48 25
18 23 53
11 43 22
18 38 46
14 52 30
11 44 33
32 43 21
10 25 59
5 34 39
-6 48 44
27 51 47
20 55 23
14 57 31
-2 29 27
2 26 24
4 22 48
-7 44 56
12 49 47
7 58 42
-1 35 55
4 27 28
-3 46 33
14 19 28
0 54 21
7 30 48
27 56 45
21 45 34
6 28 29
-6 28 29
12 20 57
-4 45 41
-5 43 50
26 40 49
23 32 22
25 26 49
10 34 42
19 32 23
7 26 34
-4 24 55
-5 55 36
30 54 25
22 48 31
13 28 33
17 46 58
-3 37 51
22 57 25
3 42 44
24 50 44
26 44 25
15 27 48
25 55 37
-1 27 45
17 25 28
12 36 19
17 55 29
14 50 45
32 42 38
31 50 36
26 51 19
13 37 39
15 35 49
11 34 52
14 36 49
7 52 44
4 38 53
-5 48 41
8 25 30
29 26 47
-2 28 19
3 57 35
30 36 51
24 26 33
9 45 25
4 29 50
-8 56 46
25 20 25
3 56 36
20 43 51
-5 27 32
1 53 21
-2 54 48
-7 59 19
18 46 35
27 45 31
-3 25 48
-3 31 44
12 22 22
-2 47 20
27 46 34
2 49 42
1 23 19
29 58 38
29 53 30
24 42 39
18 52 55
-3 34 53
22 27 51
-8 29 19
14 54 36
7 29 38
32 25 35
-1 19 30
15 23 55
8 54 29
-3 33 21
15 35 24
-4 33 57
-1 45 30
23 59 59
5 24 26
3 55 26
23 35 33
-7 43 44
-2 22 31
-6 49 56
14 20 56
14 41 26
25 39 26
4 46 46
-1 25 45
19 56 22
29 32 37
16 53 25
27 43 34
27 28 30
19 53 44
3 25 21
30 22 33
-5 38 51
2 56 33
-5 38 55
13 35 20
6 54 30
-1 58 48
-3 51 49
15 23 57
6 32 39
7 39 57
-6 42 27
-7 24 31
4 20 24
27 33 59
8 27 36
-7 24 52
21 30 33
19 31 32
-2 28 45
26 19 35
5 19 36
17 21 55
10 23 32
16 55 49
13 53 36
12 53 37
30 49 52
14 44 35
31 50 29
1 58 31
14 54 45
25 40 29
22 26 48
-8 50 44
27 35 33
23 38 52
29 37 32
20 44 34
11 55 42
13 25 48
30 39 49
26 33 34
14 53 25
27 45 24
13 47 58
27 19 41
20 23 27
30 32 36
-1 37 26
15 58 36
25 28 55
6 19 54
21 33 47
19 38 59
-4 56 51
7 30 21
-4 41 22
-5 22 44
1 37 43
9 59 55
29 50 56
1 31 38
0 44 42
7 57 30
11 28 41
0 25 43
8 28 38
10 45 59
1 23 41
30 55 47
31 22 44
-5 37 28
20 48 33
22 20 59
26 31 35
5 44 23
-3 46 54
26 44 58
6 32 37
9 54 19
31 22 43
22 27 58
18 35 41
4 24 23
31 34 38
-4 29 20
-4 58 40
9 47 38
23 20 43
23 29 36
25 48 48
-7 56 46
20 45 24
32 27 40
26 55 58
6 21 44
24 34 32
28 44 29
31 45 35
18 53 41
25 47 20
20 19 33
12 54 29
22 47 51
12 22 19
8 22 48
26 51 38
-5 49 46
0 28 44
-8 34 53
27 25 24
-2 54 27
15 38 59
24 43 30
-2 26 40
5 20 34
8 43 39
25 29 24
31 35 19
26 33 36
13 22 42
10 21 19
-1 33 43
32 28 55
25 26 38
18 34 55
-6 33 24
27 54 26
7 19 41
2 48 36
9 37 59
-2 50 29
18 27 26
21 49 37
6 29 46
29 37 28
2 45 46
28 51 26
-8 51 24
0 57 56
5 41 59
1 36 25
13 30 19
8 49 24
6 23 39
30 38 51
20 51 20
-4 24 32
26 45 47
-1 59 57
29 23 21
9 49 19
7 44 32
17 24 31
-1 42 37
-3 40 23
19 52 53
-4 47 24
31 34 38
21 55 57
-3 21 49
-1 34 43
1 57 54
9 21 56
30 55 21
2 24 32
5 23 29
-5 48 26
5 51 23
30 47 28
5 19 40
23 21 31
-2 20 44
5 46 55
30 24 57
-1 29 23
3 35 47
4 35 53
-3 30 28
-2 28 56
13 42 53
5 37 33
1 32 36
15 35 39
23 59 24
7 46 40
23 42 44
11 24 58
19 45 27
-8 50 41
8 30 58
12 45 23
25 20 49
25 33 31
22 38 27
31 32 32
26 55 45
23 21 54
9 42 29
32 40 30
10 41 37
26 45 43
-5 39 25
30 37 38
-6 29 22
27 54 20
20 45 46
32 43 44
-7 50 58
4 31 47
14 53 46
-5 43 35
1 43 44
23 38 35
19 31 38
25 40 37
9 23 29
-2 27 38
31 37 55
4 55 28
3 55 46
-5 40 30
14 27 35
13 47 21
11 31 34
7 43 36
15 28 59
13 20 52
4 24 42
-1 20 41
7 45 45
21 30 59
30 47 21
11 31 22
1 57 23
26 22 29
30 20 19
4 49 35
-6 22 29
2 49 47
18 53 24
11 34 29
-4 29 26
27 19 38
-4 56 45
17 44 39
0 43 38
30 34 58
22 23 59
22 33 30
11 30 46
30 25 27
-3 35 51
20 38 52
-1 24 36
-4 35 31
-6 27 41
1 56 56
-2 27 50
-8 57 30
25 25 29
24 42 26
12 38 47
30 28 49
1 43 34
8 26 38
11 43 20
26 32 56
21 51 53
27 37 25
16 21 40
24 46 50
17 58 19
12 39 57
13 33 47
-2 28 21
-5 27 54
3 19 55
21 28 42
10 50 49
0 45 29
24 34 41
8 53 58
-8 46 22
16 33 23
3 45 24
31 32 45
-1 44 55
-8 54 40
32 19 56
7 52 37
19 43 39
-8 21 44
29 34 37
12 33 27
12 31 28
14 31 48
-1 55 54
2 44 27
20 32 31
8 56 49
17 52 35
4 33 22
16 40 23
7 59 23
10 55 20
10 56 55
-7 33 32
10 24 38
2 33 47
14 25 52
23 29 21
23 49 57
25 19 32
-3 25 52
-3 49 22
31 26 50
-1 50 44
4 20 57
29 40 31
12 32 26
17 54 36
25 23 40
1 55 49
5 27 43
8 50 38
-3 43 27
16 44 21
10 40 27
12 29 53
7 38 48
-8 47 22
32 53 26
17 32 53
-6 28 51
28 57 30
17 30 36
12 34 40
13 39 19
15 39 22
-8 43 58
-5 33 58
1 50 41
-8 58 50
1 19 36
9 20 20
28 21 47
-5 48 42
24 47 48
22 32 38
-5 24 55
-4 43 29
-8 30 44
21 33 39
9 33 31
-5 20 26
23 54 24
-1 25 56
19 45 24
-1 33 47
6 46 27
-2 40 39
5 55 31
10 20 46
17 29 58
29 45 24
30 46 27
28 25 28
-1 24 26
31 39 59
6 39 52
29 21 44
18 59 41
31 53 55
19 48 48
7 23 47
23 39 50
0 57 38
9 30 43
-6 54 58
18 49 45
7 25 35
-1 46 45
25 48 52
-7 47 28
9 43 32
19 59 27
10 25 43
-2 49 59
-7 25 34
-1 43 36
-6 20 59
22 59 22
8 24 46
38 68 37
37 67 36
45 66 37
43 94 32
45 70 34
53 60 32
37 66 25
37 67 36
58 66 47
64 94 34
30 77 19
63 93 52
63 66 40
46 59 54
47 88 25
55 82 51
43 94 54
31 86 45
61 95 26
26 74 52
48 77 40
49 67 28
43 80 50
51 57 33
37 87 56
39 64 35
39 78 39
56 70 43
42 95 33
35 82 38
35 71 38
41 68 18
49 81 24
29 84 38
34 76 27
26 73 37
26 82 54
47 82 51
40 88 28
31 92 28
56 71 26
27 87 22
39 79 25
55 65 50
26 74 46
32 73 58
32 67 21
28 70 19
48 68 46
31 84 49
59 81 31
28 71 31
25 60 58
63 84 24
59 86 37
53 81 45
62 83 29
26 74 40
26 64 53
33 61 48
34 82 44
29 65 55
41 82 36
38 93 54
38 79 38
27 92 55
44 89 41
42 75 28
30 68 38
40 57 42
29 84 26
50 74 55
45 80 47
50 94 51
45 86 23
46 59 21
58 65 32
40 75 35
26 90 41
40 91 57
49 61 38
62 81 18
38 92 18
51 75 47
29 83 22
63 60 35
44 69 47
50 62 48
43 92 53
63 91 29
36 57 34
58 64 18
41 63 52
64 58 35
29 89 54
53 78 53
58 77 57
49 96 40
50 68 55
56 56 39
36 81 34
55 69 40
60 67 33
30 80 20
27 67 52
26 96 41
27 96 20
36 85 22
47 71 46
42 84 58
45 90 31
27 77 35
39 86 54
37 73 54
45 62 43
36 84 31
63 77 37
36 63 18
61 93 37
65 96 58
44 76 53
53 65 20
53 96 38
63 57 18
52 68 37
56 69 26
27 92 57
26 65 49
47 80 51
38 66 21
25 66 51
56 61 45
42 84 51
31 68 29
38 84 19
54 73 58
47 72 48
55 58 27
26 69 20
49 61 25
41 79 20
33 84 52
38 56 51
27 65 18
64 94 22
33 56 47
25 65 30
31 82 24
46 58 21
37 76 33
30 79 52
52 85 34
61 64 18
65 63 44
29 83 53
62 76 51
59 76 37
42 61 44
34 89 42
32 69 24
32 65 25
65 70 36
55 92 27
52 78 19
31 75 58
48 83 22
55 86 47
64 68 34
57 56 33
42 66 18
36 90 39
45 64 23
44 96 42
47 89 18
29 56 40
39 79 22
29 84 22
65 78 20
62 90 48
25 66 26
38 70 32
30 78 26
54 56 33
53 71 26
56 94 26
43 75 37
56 94 28
55 65 25
31 70 24
62 86 46
31 79 37
45 58 19
31 77 48
44 69 18
64 69 33
44 70 58
43 75 25
64 71 25
39 69 22
32 63 20
32 89 55
31 81 28
49 79 20
62 59 49
31 95 43
36 57 30
55 63 32
35 57 21
43 66 34
56 84 30
62 83 58
32 85 26
58 70 23
48 58 56
65 73 40
38 76 54
59 87 49
40 95 48
55 89 42
25 67 29
51 78 31
48 71 27
39 87 50
31 94 35
40 83 40
64 68 46
50 70 41
28 57 38
34 94 48
45 85 27
29 74 58
36 58 45
51 77 51
39 57 49
28 76 23
34 87 21
64 65 56
35 81 27
43 57 55
64 80 46
61 95 26
31 87 27
59 60 27
55 70 24
56 88 29
49 68 39
33 96 20
49 83 52
27 72 40
59 90 52
31 82 34
42 79 38
54 81 24
37 93 33
55 86 21
52 94 53
28 64 33
31 72 31
47 57 48
45 76 43
49 95 38
49 95 47
65 78 25
26 59 47
64 65 32
45 57 47
53 65 38
31 78 43
57 69 55
52 67 54
50 66 22
60 89 50
46 80 19
58 83 42
35 78 23
40 77 32
65 95 58
62 65 49
60 87 25
39 86 25
39 56 53
25 59 28
36 93 37
30 57 48
53 66 31
47 67 28
59 78 45
49 60 32
41 82 37
57 92 23
27 85 21
48 89 26
27 58 34
60 59 36
50 78 20
29 69 58
35 91 21
65 57 57
27 74 46
28 90 39
45 87 23
56 71 27
61 66 23
26 63 54
40 84 42
50 66 53
49 56 41
37 84 40
49 74 23
57 59 43
55 87 43
38 89 28
64 69 53
63 94 44
34 69 52
47 60 39
57 83 43
39 88 24
27 78 49
44 65 56
52 84 40
32 79 23
28 86 39
27 64 30
64 95 41
61 56 25
39 77 22
35 90 29
44 62 45
59 67 57
60 76 48
29 81 25
41 93 33
51 95 27
38 67 30
51 65 58
26 71 50
29 86 44
61 60 33
51 86 40
58 79 25
38 73 18
31 71 46
44 74 35
42 75 23
41 70 37
40 87 20
37 77 23
27 77 54
37 59 52
47 60 52
50 80 37
49 91 24
54 65 32
53 91 34
54 62 51
35 70 39
56 86 29
53 83 54
57 90 30
60 93 47
46 65 57
58 73 32
63 81 32
45 73 23
35 96 42
30 64 38
29 56 29
50 85 22
59 88 57
61 89 27
48 62 43
61 96 19
39 56 56
53 89 37
34 87 22
56 68 57
50 81 57
26 89 32
37 62 32
31 96 35
39 71 28
30 81 36
37 68 37
60 95 57
31 93 36
36 62 34
52 59 51
39 87 39
50 84 19
46 80 57
39 71 36
62 63 29
46 80 58
40 62 46
37 56 36
64 73 20
33 66 25
57 95 56
44 93 55
38 88 20
52 66 32
35 85 54
38 79 42
33 62 26
38 88 39
26 59 28
38 85 26
53 88 56
57 72 40
59 65 39
51 74 43
62 57 47
29 84 46
60 79 53
33 63 49
61 74 51
39 74 39
54 85 29
56 78 39
45 67 48
37 93 22
61 87 46
55 65 27
42 85 25
51 76 56
40 64 24
50 60 56
41 88 52
52 72 53
34 88 54
25 68 31
27 88 52
65 77 54
33 81 37
37 87 33
37 56 48
27 63 39
49 60 41
61 74 28
59 88 23
53 81 30
27 74 55
65 82 44
43 90 27
62 70 35
59 85 48
47 64 33
62 61 24
46 81 24
47 93 34
58 65 42
35 62 57
42 70 54
50 91 35
25 72 43
54 80 22
63 70 41
45 80 58
27 74 40
58 93 23
35 60 24
46 58 51
52 61 49
49 73 22
57 93 22
57 72 34
49 81 47
65 57 19
48 79 31
53 68 53
30 66 55
40 79 32
40 81 20
56 57 52
31 59 37
39 89 57
41 63 38
27 86 44
36 75 48
44 78 34
29 78 25
27 84 42
27 93 51
28 60 53
46 88 31
41 57 32
64 87 18
39 57 33
25 73 24
45 62 39
49 77 44
64 86 51
38 66 28
45 67 30
44 85 29
29 85 46
60 96 27
42 64 22
35 96 25
54 85 34
60 72 44
43 60 38
64 77 36
54 62 39
56 78 42
30 63 38
54 66 27
58 77 20
60 59 32
59 83 53
47 80 40
54 75 35
28 87 51
48 90 40
32 67 36
60 70 52
33 74 46
64 89 27
45 95 55
45 72 51
34 75 18
64 73 20
37 94 55
25 93 22
62 84 28
59 82 33
25 57 57
27 59 56
56 78 53
41 66 45
59 57 32
51 67 47
51 59 28
32 60 28
26 77 46
45 67 31
61 78 34
26 71 19
41 69 52
42 64 40
34 64 31
29 77 31
38 59 36
27 87 19
61 59 56
63 84 21
32 85 52
59 91 33
36 86 36
49 70 54
34 95 51
63 82 56
58 71 25
27 80 42
44 73 58
30 64 47
33 96 25
47 84 18
48 75 58
64 83 50
45 79 41
38 82 38
32 92 41
60 93 47
35 86 40
60 96 21
40 85 47
50 94 18
26 56 24
27 58 28
56 92 53
43 79 50
43 74 20
42 75 58
36 56 48
63 77 27
38 84 28
46 71 24
25 66 32
26 82 34
52 67 48
44 91 21
54 57 51
33 60 58
57 71 34
50 78 21
53 57 41
47 84 49
28 67 55
55 61 42
34 74 39
56 78 25
57 72 27
49 86 51
41 72 52
56 93 28
30 75 54
64 64 34
50 84 37
25 68 27
59 59 30
44 83 21
58 93 22
61 93 44
59 56 34
25 66 38
65 91 34
48 96 45
61 56 44
31 92 50
64 69 20
50 59 40
25 63 25
59 70 22
53 77 42
47 78 23
25 67 43
35 73 58
43 59 49
62 85 28
26 89 32
53 63 51
61 86 48
50 83 39
39 62 35
53 69 30
61 56 20
29 79 50
60 68 50
42 82 57
37 82 56
49 90 32
37 86 38
27 72 45
59 89 39
60 70 50
33 70 26
34 66 57
54 93 52
51 87 48
42 85 55
30 82 20
56 64 47
40 63 47
47 73 41
39 77 29
51 65 24
44 88 44
53 73 19
39 94 43
57 65 37
58 78 46
50 61 44
59 91 24
47 77 52
51 74 33
38 95 48
26 58 47
58 91 51
45 77 35
43 72 47
30 96 22
57 90 38
35 63 50
38 79 34
51 76 25
53 59 37
36 62 37
27 69 44
40 89 20
38 93 44
49 68 30
49 71 44
65 85 52
30 89 34
57 70 23
41 70 52
27 77 54
31 78 27
48 81 42
65 78 50
31 69 53
46 89 29
64 56 18
61 63 26
43 63 37
56 61 35
46 90 28
64 65 18
47 91 49
60 82 21
47 95 19
34 58 24
33 76 22
52 59 57
25 59 36
35 81 28
35 61 53
50 93 44
39 94 40
60 96 29
25 82 52
31 64 39
31 76 54
50 96 25
41 92 52
31 79 38
62 81 55
53 62 43
26 94 51
25 67 43
59 84 53
28 90 27
43 95 39
49 96 18
27 82 55
63 95 30
59 91 20
30 62 27
32 69 48
61 66 45
40 89 46
53 68 25
32 81 24
60 89 35
63 77 21
35 84 28
38 73 25
63 91 40
40 75 33
65 70 24
41 96 21
49 67 55
28 85 49
50 67 18
46 73 53
42 77 40
41 74 18
28 83 44
50 60 32
41 60 30
46 84 33
54 89 53
58 57 50
37 85 26
54 62 41
44 86 41
52 56 25
61 78 29
56 61 41
61 90 19
54 84 44
41 82 29
26 70 39
29 87 51
35 87 53
55 71 37
34 89 52
42 77 58
62 81 35
31 96 26
65 93 33
43 60 47
60 69 54
47 75 44
27 75 58
26 87 52
25 78 49
48 84 31
36 93 21
43 87 18
41 65 53
37 60 41
26 92 40
39 61 23
54 83 45
57 82 48
53 76 24
37 58 25
26 73 53
40 90 36
36 96 41
45 77 34
30 56 25
28 65 25
27 94 31
29 76 49
39 72 50
25 59 21
25 84 38
45 79 27
49 59 48
36 89 55
37 70 41
30 86 23
37 93 28
57 60 29
40 70 27
27 89 49
45 65 54
54 58 18
29 88 51
51 65 45
37 73 53
56 95 38
25 93 54
30 74 47
35 95 45
50 84 24
26 63 56
36 69 54
46 94 56
43 82 42
30 83 22
35 72 37
44 94 34
57 90 18
26 56 52
31 60 22
62 81 18
53 80 40
40 66 56
38 92 58
31 82 20
26 72 46
56 86 44
64 65 36
41 60 36
37 75 52
25 82 34
37 85 56
59 94 57
53 65 55
29 72 57
50 87 27
29 77 50
46 88 40
47 94 20
32 78 40
52 81 57
59 77 34
39 56 38
45 84 32
38 91 48
53 65 46
57 81 35
49 68 28
64 67 54
28 86 38
33 86 48
63 96 27
52 59 47
30 65 52
48 62 19
30 76 45
53 88 42
36 93 35
33 58 31
42 76 22
38 61 47
43 72 48
50 79 44
58 86 18
30 87 34
56 75 44
46 83 35
60 65 30
30 90 42
38 76 19
45 57 34
55 92 30
38 58 56
37 93 19
27 72 25
49 65 53
30 64 46
38 87 42
28 59 28
37 71 47
65 78 39
53 90 33
45 85 36
37 92 44
60 59 26
33 66 28
63 86 33
40 86 23
60 85 37
34 74 21
34 67 27
65 62 46
58 89 22
42 77 48
44 88 22
27 57 39
25 74 56
63 77 27
61 67 21
63 85 42
35 91 49
50 75 36
29 74 35
33 77 32
37 95 37
51 64 50
63 78 35
36 58 38
61 61 43
63 70 28
47 88 25
57 96 45
42 62 34
42 73 56
58 73 35
35 67 37
36 62 38
27 64 25
37 85 48
37 69 46
37 85 23
43 79 41
51 79 38
57 67 29
57 92 28
28 65 38
41 61 39
30 69 32
43 73 21
31 62 23
35 79 36
60 60 41
54 87 29
44 85 21
64 87 55
64 69 20
65 56 34
27 89 23
32 83 25
25 68 28
29 73 51
48 74 41
45 86 27
59 83 57
32 73 52
63 65 19
53 65 23
59 74 55
25 60 42
57 76 35
53 87 18
53 73 18
57 70 57
62 60 47
41 73 23
38 88 48
57 65 27
38 81 18
63 94 52
31 75 45
41 73 37
65 81 39
44 95 34
48 74 35
29 84 22
34 68 34
27 86 42
47 67 47
33 86 54
34 80 38
30 57 49
47 59 58
41 71 38
50 70 58
27 73 23
48 60 18
29 94 21
45 80 46
45 90 34
32 93 22
60 91 54
64 92 49
57 69 47
26 69 27
49 62 44
48 81 37
65 68 28
27 81 19
41 93 56
52 73 39
63 74 39
43 70 19
44 81 27
32 81 35
53 68 43
51 58 37
33 59 51
47 84 55
62 88 49
55 67 31
62 95 34
63 90 46
51 94 43
26 73 46
48 63 58
32 96 38
58 89 42
39 64 21
59 86 35
34 82 29
34 59 55
50 59 37
26 65 34
44 57 19
43 78 48
40 76 58
46 95 21
41 86 40
38 86 54
53 93 53
36 82 26
60 89 18
64 70 46
41 69 42
57 75 50
57 57 22
44 74 37
49 58 28
64 93 37
34 76 31
58 79 43
27 96 51
29 60 49
40 58 22
64 66 48
32 96 49
53 68 41
34 59 34
36 87 40
27 67 38
28 72 27
41 88 47
49 91 26
62 89 49
36 87 53
60 83 50
32 63 46
65 78 37
46 67 58
58 60 26
56 77 50
39 96 24
42 88 44
47 63 35
44 62 27
61 81 19
47 58 43
30 96 24
47 60 26
65 85 36
37 65 18
46 76 32
34 84 20
31 74 52
31 61 19
32 74 30
51 89 32
31 96 45
49 67 28
65 70 24
25 60 43
37 86 25
46 59 20
32 60 42
54 67 33
30 70 34
35 89 52
64 63 54
62 91 32
52 59 30
43 90 37
33 85 20
50 70 25
50 88 39
33 80 27
65 82 48
39 82 37
43 90 28
60 67 25
56 60 58
37 85 22
31 89 31
65 95 43
46 63 29
43 67 52
44 83 22
33 70 38
54 86 36
37 90 25
33 96 36
44 56 40
58 79 20
62 80 30
49 92 33
58 94 28
65 75 33
46 56 47
28 82 29
26 78 31
31 87 51
47 79 47
56 85 27
61 81 29
57 86 34
63 76 25
32 94 22
55 96 38
44 62 31
65 56 18
31 92 42
55 60 35
45 77 30
33 70 21
62 58 36
61 70 44
29 82 32
62 62 23
27 95 31
61 63 27
60 75 29
63 56 32
26 56 41
27 85 18
44 64 49
42 82 45
39 56 52
40 68 31
47 58 56
59 96 21
37 60 20
62 89 53
53 56 32
52 69 44
60 73 57
54 72 20
62 62 47
25 92 51
61 82 55
40 87 44
37 84 23
37 56 40
60 88 26
52 93 55
63 76 41
36 75 50
57 76 55
59 83 27
26 92 54
53 79 34
39 74 58
44 72 35
27 67 37
40 85 28
27 76 38
51 70 34
61 93 20
41 74 51
32 62 47
32 80 53
27 59 20
55 64 31
43 87 26
44 59 56
36 95 44
64 82 35
54 71 18
60 56 36
53 81 42
58 68 49
53 68 26
58 65 49
33 83 18
49 65 54
64 57 54
37 70 48
61 73 31
28 65 38
27 63 41
62 95 37
63 91 49
46 57 19
58 80 58
32 96 54
44 81 20
64 93 36
53 66 54
56 65 36
31 78 34
26 65 40
36 79 32
67 82 51
73 93 41
55 98 20
75 75 23
68 104 15
74 87 54
56 86 28
44 89 29
46 70 28
58 87 22
75 85 45
61 110 15
75 105 47
57 71 39
43 74 47
74 98 31
41 76 50
76 109 21
77 99 52
58 93 17
54 106 24
56 93 48
51 75 42
63 89 54
65 100 27
71 70 54
69 90 39
63 73 17
68 109 22
51 94 39
67 102 53
68 105 29
71 73 26
47 99 28
74 107 35
42 81 37
56 83 54
68 83 36
48 95 40
67 108 23
61 104 31
43 79 29
53 70 43
72 104 52
44 99 42
64 93 16
44 84 21
68 81 20
72 78 27
57 81 35
55 97 24
74 89 14
59 89 41
63 80 36
51 80 46
79 105 15
53 74 28
55 90 27
57 98 17
72 80 39
69 86 15
59 88 26
45 77 54
63 88 33
76 88 43
60 104 40
61 88 36
77 93 46
46 84 49
81 108 42
74 103 18
42 101 28
54 80 42
67 89 44
63 88 37
68 95 16
69 82 53
55 80 15
80 94 37
54 94 53
58 85 36
41 76 14
60 105 47
64 72 48
66 105 53
61 84 19
58 101 52
57 80 36
61 72 29
71 74 20
68 73 20
76 90 18
81 88 41
60 82 38
52 72 19
78 106 28
52 75 33
56 104 19
60 75 30
51 80 45
52 103 19
67 105 18
81 91 49
48 87 42
47 72 36
68 81 39
77 89 28
70 75 29
45 80 40
62 103 42
76 109 54
47 78 33
69 105 21
58 84 14
45 89 31
77 100 37
64 71 41
62 98 30
79 85 33
76 87 36
72 83 41
51 81 54
43 73 40
78 95 35
81 110 38
65 93 44
41 102 30
79 79 39
45 91 47
80 92 52
61 100 18
45 70 54
53 89 54
52 91 18
52 103 53
78 109 39
79 98 40
75 91 38
43 78 39
72 100 17
56 102 51
71 108 40
74 97 31
46 98 44
60 92 50
60 76 40
52 101 28
63 102 44
55 87 14
81 105 48
72 79 38
64 86 42
74 81 35
62 70 50
54 100 32
64 93 19
69 79 26
59 96 54
58 86 35
50 109 20
66 85 14
76 79 51
54 110 48
63 97 34
74 98 35
66 82 45
57 110 23
70 85 42
76 100 34
43 71 26
72 96 50
49 102 21
58 98 15
59 77 19
54 70 30
80 96 26
61 101 23
55 88 29
76 73 20
75 79 43
65 109 49
80 93 29
43 96 20
79 74 53
66 85 37
69 95 21
46 104 34
74 77 37
42 71 14
68 86 43
70 74 39
75 89 26
79 96 38
74 97 46
70 71 43
69 81 32
64 75 28
78 75 29
70 80 48
78 106 16
72 82 28
51 74 38
50 82 26
80 73 16
65 70 52
80 72 42
42 89 31
73 101 39
49 92 20
43 94 53
71 100 38
67 73 42
67 98 36
57 110 48
41 80 17
68 96 23
77 77 53
52 96 19
80 83 33
63 95 20
52 72 38
67 84 42
75 93 24
72 92 36
67 102 24
71 101 29
63 90 26
60 86 45
76 96 30
53 95 37
63 72 22
58 93 24
73 106 36
59 99 40
45 109 36
41 73 43
63 102 49
44 78 42
61 103 24
41 86 32
44 74 18
62 81 40
58 106 24
62 93 22
52 72 38
45 98 17
65 97 48
49 88 15
78 93 23
44 75 34
64 72 52
49 77 52
61 82 22
42 103 50
65 84 44
47 73 39
63 86 38
71 102 33
57 80 43
60 76 22
46 102 19
50 75 14
61 87 35
68 93 16
78 95 24
61 91 50
72 77 39
45 101 27
70 95 19
66 79 22
63 104 54
42 76 29
41 89 53
76 98 26
70 107 47
47 103 23
45 82 22
50 72 26
63 85 21
74 106 32
49 89 37
54 110 48
77 101 18
71 86 15
58 74 40
67 78 28
47 106 35
47 97 18
66 109 45
49 110 50
54 74 37
77 83 16
58 100 19
43 110 44
68 87 39
44 87 22
59 83 48
63 78 50
72 102 25
41 92 22
52 75 14
47 100 26
62 109 50
66 73 53
81 108 47
79 77 29
78 104 43
70 89 40
79 79 18
55 80 52
78 108 48
50 84 51
74 102 24
65 90 27
64 86 47
46 81 24
77 77 27
57 103 39
49 103 15
49 71 54
58 83 25
50 86 45
49 105 21
64 87 44
53 80 15
79 80 17
57 93 39
41 71 49
73 90 35
46 83 53
80 97 35
70 70 37
57 108 18
44 98 19
66 96 19
58 100 39
61 75 35
81 76 24
77 87 52
42 73 44
69 92 29
52 86 49
59 107 48
66 104 34
53 96 22
62 79 53
55 100 27
55 90 21
66 110 17
73 99 16
77 89 27
45 86 46
60 90 50
54 74 41
45 83 44
50 103 42
67 73 35
72 107 35
49 108 38
43 74 18
78 70 30
76 84 30
76 76 18
77 99 31
72 86 45
49 108 53
72 101 25
76 76 52
50 103 49
43 70 35
44 88 50
53 105 31
69 83 30
73 86 35
79 80 36
81 104 29
55 105 40
74 71 26
55 102 15
45 104 49
52 70 36
63 94 33
72 88 52
49 77 19
80 85 26
74 81 20
75 72 48
48 75 23
48 87 47
51 86 19
55 107 43
55 99 36
74 71 19
48 84 48
45 93 38
67 77 42
55 109 32
56 109 20
56 106 53
57 77 25
43 101 50
50 77 18
63 89 37
57 110 46
49 91 54
47 110 45
43 98 30
81 91 48
48 90 53
61 97 33
55 94 29
57 83 27
64 89 25
60 87 47
46 84 49
80 106 44
68 80 14
68 85 28
72 109 15
66 96 41
64 98 30
44 110 29
70 78 17
55 78 45
79 97 52
74 73 47
77 76 17
73 102 29
41 101 45
60 99 47
52 110 41
41 102 34
81 104 47
74 109 52
60 72 39
54 78 17
65 93 41
79 81 45
53 83 35
45 95 31
60 92 42
45 91 25
79 81 51
45 106 21
63 80 37
66 76 26
68 100 14
41 76 16
62 71 35
73 89 35
57 79 37
48 99 23
47 101 15
56 70 16
62 105 26
61 85 37
48 106 15
59 95 18
51 89 49
51 85 34
75 72 44
59 76 50
68 87 31
54 86 31
59 83 24
76 107 31
73 95 46
45 91 52
70 91 46
46 102 35
43 75 53
78 99 39
71 73 28
56 98 36
45 108 38
61 81 42
45 91 48
44 90 40
60 96 21
68 107 30
42 96 33
81 82 26
55 108 15
63 81 51
45 103 17
44 91 36
60 104 44
75 108 36
56 76 44
80 79 52
47 77 24
46 110 36
60 93 27
45 84 30
80 79 52
45 90 47
69 73 45
78 109 42
53 74 16
44 71 48
76 109 21
60 89 51
67 107 45
49 84 14
46 99 44
64 88 54
72 93 35
45 81 22
58 99 22
52 78 16
69 83 47
76 79 46
56 77 32
62 71 16
81 75 50
80 93 29
77 103 17
60 85 38
70 101 37
73 80 38
49 101 30
44 84 20
63 83 51
76 89 18
49 81 46
80 103 48
45 80 52
57 98 26
71 77 15
72 109 22
66 82 32
72 74 26
76 96 48
48 89 21
59 87 37
49 91 33
56 72 36
79 89 18
66 77 44
81 85 16
42 93 15
69 97 51
72 94 33
49 92 50
45 107 18
42 87 36
47 78 36
62 88 42
67 93 39
43 76 24
68 94 36
67 71 48
60 97 42
79 70 39
81 70 20
67 75 39
68 72 51
49 96 23
44 99 35
76 81 36
70 88 26
65 98 19
43 82 48
77 84 14
44 96 33
45 70 24
72 84 32
56 79 23
52 91 53
59 102 14
72 81 20
48 109 14
44 106 31
45 88 33
77 79 44
43 87 35
59 75 51
58 101 48
73 84 53
76 93 18
51 92 37
60 98 24
46 70 34
50 82 40
68 84 43
46 100 25
46 72 20
42 103 35
67 77 20
63 75 41
65 92 39
44 96 35
51 73 35
68 77 36
77 78 19
59 81 52
70 88 33
66 101 23
41 96 29
41 75 19
59 93 53
43 84 39
60 95 29
70 82 49
74 97 22
68 95 24
70 80 38
76 93 17
59 100 50
59 74 19
60 70 34
53 90 18
71 94 23
53 98 43
46 87 35
59 71 39
68 104 53
61 98 27
77 97 54
71 103 52
61 89 16
42 95 42
80 104 17
50 75 38
79 97 21
65 93 43
42 100 19
64 88 16
63 105 25
66 93 34
47 93 42
56 75 37
64 110 21
76 86 16
56 106 36
52 78 15
41 83 19
72 84 22
59 97 18
72 81 35
49 99 41
57 108 45
58 96 31
56 87 38
78 87 26
63 72 24
65 105 24
68 98 22
77 78 28
78 94 36
72 80 28
74 96 15
52 99 30
53 98 16
76 79 24
68 84 49
45 109 41
57 103 49
76 83 46
56 95 47
61 98 50
70 98 47
61 85 27
80 108 21
47 109 24
45 77 24
51 77 46
78 100 52
58 92 27
68 70 24
55 80 37
49 96 44
58 107 54
78 110 48
61 109 33
63 108 37
78 106 40
75 79 53
49 96 44
71 97 25
42 85 21
54 82 17
77 101 39
73 100 35
53 92 51
58 80 31
46 92 37
79 85 23
49 91 24
52 109 49
50 83 51
57 75 54
65 95 21
74 92 40
79 70 52
64 100 15
73 90 43
74 98 40
59 72 41
46 77 17
79 74 50
56 97 50
61 76 35
45 87 20
76 103 22
52 97 19
58 100 26
45 77 31
62 85 43
60 89 48
55 100 53
60 96 15
53 109 43
43 80 51
60 77 53
48 82 27
50 90 43
67 83 49
59 89 19
67 83 36
44 79 21
59 75 15
45 72 14
64 70 17
41 110 41
63 100 40
63 97 27
48 103 17
68 84 23
61 87 49
50 107 43
50 99 39
44 75 35
71 74 35
68 93 38
46 95 54
62 103 14
47 73 31
73 72 38
42 83 39
50 70 37
80 78 48
66 95 38
79 106 22
59 76 27
66 107 20
75 85 25
44 72 15
42 106 54
53 97 29
43 95 32
60 101 15
61 74 17
51 89 42
54 81 19
74 81 20
76 84 43
62 76 43
64 72 46
41 88 25
44 88 39
58 84 41
74 84 16
53 93 31
70 97 29
46 96 45
53 71 43
60 98 41
49 103 37
76 106 36
76 82 22
67 83 40
44 87 18
72 77 40
46 72 15
68 99 14
81 92 31
80 97 23
69 75 24
60 104 48
80 101 36
50 100 43
43 110 26
41 70 39
68 94 47
53 77 15
56 91 43
56 82 47
46 90 47
55 94 19
53 108 36
66 95 54
55 97 43
48 71 31
64 108 48
50 84 43
77 86 18
68 73 36
76 85 44
79 109 32
46 93 32
48 104 22
50 97 53
76 95 18
68 108 22
68 80 44
45 94 17
47 109 46
49 98 15
72 77 18
64 106 53
75 91 27
44 72 39
55 102 27
58 72 42
52 73 14
45 96 30
55 78 44
52 95 46
66 94 37
53 109 30
51 71 21
72 103 37
78 92 18
61 108 44
75 87 21
74 100 26
68 100 32
69 77 44
60 89 53
79 108 52
64 104 51
60 109 20
60 92 20
51 106 51
47 79 40
46 79 18
74 76 15
74 93 50
68 99 22
71 77 50
48 81 17
71 107 54
53 95 14
44 96 23
59 109 26
49 105 14
68 71 14
48 87 43
58 83 51
80 104 50
81 72 26
77 75 33
70 87 18
51 74 28
65 90 34
80 105 33
74 85 38
57 96 28
50 92 15
75 97 23
63 73 43
56 108 42
53 72 53
54 93 24
66 85 51
50 104 17
58 75 45
67 99 53
78 95 21
72 81 31
78 98 42
44 82 53
48 91 41
49 80 24
76 88 49
46 95 47
64 90 43
48 105 41
57 105 14
52 93 31
69 98 37
51 100 34
41 88 28
66 70 25
78 77 26
70 75 45
69 90 32
46 91 42
58 71 28
54 100 48
63 83 50
68 71 36
41 98 45
52 98 20
52 95 51
77 87 41
46 105 21
81 101 15
79 93 52
51 75 28
61 75 14
41 86 20
78 105 45
56 88 47
50 90 44
70 74 19
80 89 37
55 75 22
63 82 21
62 81 40
62 95 23
81 80 16
70 94 44
47 84 37
57 96 17
51 103 52
76 89 54
46 100 42
74 104 22
67 73 50
43 77 19
44 76 41
77 100 20
61 71 41
56 75 32
49 72 15
43 98 45
41 99 45
42 97 40
70 83 18
65 83 19
67 80 18
49 107 46
74 91 38
63 83 54
71 76 44
47 80 48
75 81 31
48 82 28
51 86 27
72 105 40
77 87 31
49 100 21
50 105 16
73 110 18
47 70 40
62 86 39
72 81 14
61 74 51
81 108 27
53 110 50
66 110 16
42 82 35
75 98 19
79 75 47
70 74 18
60 92 17
80 107 21
52 97 24
74 72 22
69 101 53
55 106 38
67 83 51
52 90 46
58 87 21
79 78 47
76 86 35
43 108 24
69 85 32
65 94 23
61 104 31
79 82 51
81 108 43
55 81 41
69 79 37
44 71 46
62 78 44
67 98 36
62 85 31
73 109 25
47 99 42
76 73 30
61 75 32
64 83 52
76 89 44
64 103 29
47 73 32
59 101 39
63 99 14
76 99 45
48 106 31
76 107 39
64 94 16
62 105 28
51 70 35
66 95 22
56 98 39
46 91 15
77 100 19
46 88 36
43 88 23
47 81 17
67 84 15
54 90 22
74 72 16
44 102 24
80 87 40
60 98 14
41 75 21
42 76 47
74 71 43
47 103 35
53 104 48
78 83 36
53 101 18
72 89 44
55 93 34
44 95 23
54 75 24
57 87 23
55 94 53
73 107 34
66 100 15
71 79 20
59 99 40
48 76 29
49 91 25
51 75 40
50 102 43
61 76 51
57 71 44
59 102 44
50 109 28
65 79 18
72 86 30
60 74 14
77 75 18
69 94 51
75 71 37
47 103 50
42 85 19
53 91 52
63 74 29
50 99 17
80 72 37
62 86 47
74 106 32
81 95 25
56 80 24
50 85 32
56 95 30
49 74 30
71 76 33
71 77 18
74 110 47
69 70 50
63 99 30
53 107 14
59 71 47
74 87 49
78 78 43
52 100 45
42 107 34
79 98 27
56 85 42
43 108 27
62 82 24
72 79 46
80 78 53
46 70 52
81 94 48
51 91 35
49 73 14
50 93 20
48 104 36
77 88 54
52 80 52
64 74 28
56 71 51
81 84 30
52 86 47
62 86 51
54 99 34
44 103 30
50 70 42
61 87 45
71 82 31
63 97 41
50 104 26
76 110 39
60 98 31
56 96 46
41 80 50
49 77 32
72 110 34
74 106 54
78 77 16
62 94 20
49 80 18
74 98 14
65 103 51
71 91 17
42 72 45
48 87 29
46 70 14
73 89 27
63 86 34
76 93 47
59 97 15
63 90 44
44 97 48
61 110 39
45 93 14
42 109 49
59 100 21
56 104 38
79 106 20
71 104 28
75 81 40
50 97 30
58 98 54
72 84 21
52 77 36
80 88 24
52 110 42
63 108 51
50 87 15
67 98 41
54 104 43
69 78 23
74 105 24
42 81 21
61 110 21
69 104 38
76 94 50
50 106 20
68 108 49
74 102 53
79 105 33
72 96 31
72 71 27
65 77 50
59 88 38
74 101 31
68 110 21
79 82 40
49 81 20
67 107 47
75 93 43
60 73 34
68 92 20
78 71 14
61 70 37
61 79 40
78 100 17
66 91 21
81 102 15
50 91 20
68 78 35
56 80 16
71 89 25
73 74 37
77 97 51
58 90 44
64 107 14
57 78 46
46 98 42
58 107 53
50 73 18
50 98 41
64 107 49
56 79 18
50 91 20
55 107 53
61 106 34
60 104 16
68 105 23
43 95 32
69 83 25
46 75 21
70 75 22
45 72 20
66 104 42
45 101 50
81 83 45
74 96 28
48 105 21
53 95 14
68 96 49
48 78 37
71 92 39
52 98 44
73 80 28
61 82 38
70 82 52
71 81 30
56 78 20
58 105 17
60 102 50
65 52 36
33 20 42
45 38 40
38 31 70
37 55 42
42 60 68
70 26 51
38 43 75
48 44 56
43 22 47
44 40 60
46 56 58
54 47 56
51 32 64
73 37 40
49 48 44
42 44 73
73 24 55
69 31 55
69 42 41
36 56 57
63 43 54
58 46 66
53 43 49
44 26 60
48 52 56
39 54 50
46 26 46
33 31 66
48 20 70
34 43 73
69 26 58
53 44 76
37 36 63
58 23 61
72 52 53
45 59 58
56 43 66
72 51 68
53 44 63
62 25 65
36 24 37
62 31 60
34 48 46
54 51 42
47 57 61
51 58 53
36 36 52
60 23 72
50 28 53
61 32 48
48 42 46
59 55 36
54 21 54
57 34 51
49 47 42
55 42 58
52 31 44
54 40 39
64 43 47
49 41 50
73 47 49
44 44 45
34 35 75
45 56 74
52 53 48
46 24 52
50 23 46
59 29 73
67 38 53
67 23 66
33 44 67
48 57 63
43 57 64
62 36 47
34 50 39
39 32 48
44 39 44
69 51 62
41 35 74
37 37 63
45 35 66
39 21 49
36 36 58
53 41 50
34 37 70
72 48 70
72 27 45
45 59 50
45 43 73
63 32 52
55 22 48
41 60 67
39 20 52
65 40 37
71 42 46
62 21 68
60 51 40
67 20 63
35 37 57
54 57 57
61 28 42
45 30 49
55 48 73
58 22 48
48 22 62
61 60 43
36 20 59
56 42 54
66 39 56
66 26 37
62 32 41
40 33 71
42 40 72
46 59 60
48 21 69
70 42 68
49 48 54
43 37 64
58 42 39
73 30 75
51 58 42
58 34 44
72 50 39
34 46 58
55 24 43
48 29 66
33 60 45
52 41 49
59 53 54
45 23 37
69 50 37
65 53 73
41 46 68
33 21 55
44 22 70
73 59 66
33 40 38
40 25 56
54 34 47
71 33 64
53 35 74
51 34 38
50 49 48
38 50 45
38 26 58
41 58 54
47 55 39
58 55 69
66 49 58
63 43 59
52 35 67
42 29 37
44 33 65
71 34 62
41 50 36
54 20 46
72 24 70
72 42 54
35 26 64
69 51 51
36 20 55
57 55 69
40 26 57
64 38 42
33 30 68
48 36 52
63 22 53
60 60 58
50 37 60
72 56 64
54 56 43
35 24 64
71 49 71
68 55 67
54 58 75
38 48 65
58 43 48
61 21 68
49 25 71
54 53 43
53 60 55
61 35 56
58 45 54
46 47 39
46 35 54
71 57 53
45 41 72
33 48 45
42 24 54
56 34 37
73 55 61
65 41 40
35 28 49
49 53 42
55 44 41
69 34 69
40 24 41
38 49 65
63 41 70
67 33 66
43 42 36
42 45 75
33 45 40
71 59 55
70 51 54
54 39 76
41 32 62
53 39 59
37 52 40
37 23 48
44 48 70
43 43 39
35 45 63
71 45 64
35 31 52
70 52 57
65 36 65
70 38 41
43 31 71
47 24 61
70 31 45
70 51 41
37 40 41
58 53 64
64 54 63
40 47 61
65 45 74
73 57 42
45 48 73
67 45 63
53 27 42
68 22 59
68 21 56
51 25 76
61 49 75
73 52 47
33 51 45
59 49 62
52 48 70
51 52 47
70 60 65
67 42 75
35 34 74
65 50 59
39 20 61
68 51 60
50 29 40
34 34 52
54 44 40
43 45 39
54 47 69
71 39 47
51 50 72
33 44 75
42 53 71
33 41 76
51 26 70
38 48 43
37 49 39
64 27 37
69 35 73
66 50 68
55 25 40
38 45 51
55 39 60
41 48 51
53 47 55
44 59 53
50 50 54
41 51 49
48 59 36
69 28 54
57 31 37
46 30 58
62 33 59
73 32 74
42 35 50
59 28 44
52 36 42
53 47 76
61 24 62
69 24 52
64 48 61
43 48 62
72 57 72
62 60 50
47 23 53
42 32 57
42 51 38
72 45 40
44 29 58
39 45 51
33 44 46
41 31 54
40 43 69
55 20 64
58 24 55
48 31 53
42 59 76
58 47 60
71 48 40
54 27 59
38 40 41
65 55 65
65 23 70
42 53 66
43 22 42
62 25 55
57 21 60
73 59 56
52 28 55
72 49 75
41 48 74
54 51 51
61 48 60
60 29 48
65 33 47
44 56 60
56 23 59
52 45 49
38 48 59
50 22 59
44 55 51
41 22 59
38 57 75
38 42 49
47 20 43
55 51 73
71 39 64
43 32 39
46 26 57
69 35 64
57 38 66
42 49 76
38 46 59
70 46 51
33 39 73
67 24 61
68 30 65
49 51 49
63 42 43
62 36 53
54 39 52
40 27 73
48 27 49
67 37 60
56 60 70
51 46 36
64 22 54
56 57 63
56 25 58
39 41 37
41 48 67
57 52 76
39 33 75
73 42 62
52 28 44
34 42 52
36 52 60
37 40 36
54 31 49
55 45 36
38 34 70
70 23 72
50 43 74
66 51 76
62 20 69
38 32 57
52 55 57
61 45 64
61 54 52
71 53 50
64 45 59
57 34 75
73 32 71
67 33 47
62 49 61
44 30 49
36 32 52
40 43 74
47 25 70
49 26 51
47 57 70
45 20 44
59 37 57
64 32 61
47 52 76
51 37 64
40 22 43
55 56 49
65 28 58
59 44 76
56 46 72
36 26 61
55 21 59
49 50 54
38 54 63
41 41 44
41 57 54
62 29 51
60 33 75
61 24 57
67 37 66
33 28 66
52 55 41
71 51 41
67 41 71
39 29 52
38 47 68
59 28 71
49 27 39
58 34 62
57 50 52
62 30 46
38 35 53
60 56 44
53 30 70
48 20 63
64 28 49
55 31 57
70 54 43
52 52 38
47 26 51
68 53 71
58 36 56
59 58 39
41 30 55
50 54 36
52 57 66
57 34 66
60 41 76
72 46 44
35 39 50
64 37 37
33 45 57
54 42 67
47 38 56
56 43 49
49 51 65
35 60 45
71 41 64
69 60 38
72 43 67
41 42 69
66 58 50
60 40 62
36 37 51
55 52 68
48 48 49
60 58 68
51 45 43
53 38 39
67 50 64
55 48 42
60 35 63
71 45 70
66 41 45
53 44 64
41 43 51
61 41 72
37 28 49
63 39 65
50 56 70
37 45 40
45 47 48
36 55 48
59 59 37
72 39 44
67 36 50
53 40 57
34 38 57
36 20 43
63 24 50
48 23 64
44 45 51
70 55 41
60 32 66
72 23 50
66 36 51
40 23 46
59 23 64
67 34 60
70 45 70
45 50 65
35 48 61
54 32 71
40 49 41
68 47 66
39 25 69
70 27 38
59 23 67
49 21 55
44 51 65
63 38 75
42 38 65
61 30 48
62 45 44
58 49 72
42 37 60
52 55 39
48 20 68
66 39 54
38 46 60
64 38 65
65 34 52
50 31 70
69 29 75
71 46 66
58 49 70
54 34 67
67 21 61
46 27 54
63 59 45
67 40 64
36 30 39
48 41 36
50 46 66
49 39 61
54 23 53
60 36 47
58 46 70
51 26 39
41 37 37
51 51 38
35 51 47
62 46 68
71 26 57
57 53 46
43 22 41
62 26 75
45 23 58
38 41 72
58 33 61
68 22 68
34 21 47
54 42 41
59 43 64
45 45 57
33 40 62
39 48 64
51 20 61
63 40 56
59 57 36
70 35 74
66 26 62
72 34 55
69 44 66
69 55 57
68 21 66
70 51 50
73 38 69
58 22 65
71 39 70
53 28 42
68 32 57
45 60 42
66 57 55
71 51 61
39 54 43
73 50 36
61 47 36
33 38 67
58 47 57
47 32 44
48 31 44
71 37 62
66 22 69
42 36 43
51 48 45
59 28 38
35 25 66
49 26 46
56 60 48
48 52 64
59 32 65
42 50 66
56 35 68
36 21 62
41 48 72
38 52 58
71 30 74
52 24 37
41 52 49
72 38 69
60 45 53
58 23 45
40 25 72
52 44 39
72 44 60
41 35 75
67 48 63
65 60 74
52 60 65
44 20 58
56 25 46
49 28 56
42 26 47
34 23 51
66 42 42
57 32 36
50 25 69
39 26 58
52 37 47
34 46 71
71 29 66
45 57 76
72 30 68
48 54 41
63 47 72
68 32 51
35 36 66
48 25 43
56 53 45
72 49 53
49 60 49
53 56 37
60 25 48
48 55 47
62 54 41
54 48 52
49 48 68
52 48 75
51 29 60
60 43 60
61 26 75
34 20 71
69 49 68
62 44 46
71 51 45
64 55 66
34 47 39
62 33 58
38 60 65
51 27 46
61 51 48
58 60 49
46 44 70
37 40 64
62 34 45
46 51 58
57 49 74
38 41 37
53 27 69
55 23 66
66 60 58
38 21 46
58 29 47
53 31 60
43 26 67
34 23 43
57 47 65
66 30 50
66 52 41
69 26 40
43 30 50
57 42 50
34 31 70
48 56 61
56 23 36
58 36 46
53 25 42
47 47 62
41 58 59
69 50 72
50 54 52
34 37 54
57 23 66
47 42 45
51 55 58
38 38 66
54 33 48
61 37 56
53 45 65
67 35 66
60 57 58
58 35 37
63 56 72
66 35 37
63 60 71
33 29 43
42 52 70
62 60 66
50 45 75
55 34 62
49 47 47
65 38 68
47 39 68
47 31 54
61 44 39
50 47 63
57 37 51
33 54 42
43 20 68
45 21 71
38 30 62
73 46 54
59 34 73
61 60 46
35 36 75
37 20 69
45 21 76
49 55 72
38 45 66
52 28 65
35 44 39
43 43 65
45 51 55
51 29 41
48 22 52
35 36 39
60 46 72
67 41 49
48 31 41
61 56 37
48 22 62
41 42 61
64 22 65
35 60 55
43 49 37
65 54 40
66 28 47
64 59 48
61 43 39
69 52 66
69 48 61
65 21 36
56 33 58
42 31 71
40 26 63
70 41 68
70 50 74
64 44 45
65 57 76
37 31 60
33 26 71
63 30 54
40 31 60
68 59 47
58 29 63
66 47 44
58 54 46
73 31 54
63 23 56
33 35 56
47 54 53
55 43 64
60 33 37
69 50 37
47 45 52
44 25 36
61 55 44
62 35 46
60 32 69
58 30 36
56 50 43
49 25 59
42 41 49
42 25 58
71 45 74
33 55 43
44 28 66
58 55 37
43 49 59
37 20 52
52 52 48
65 31 37
55 54 76
60 36 66
36 36 76
64 58 76
52 54 69
70 24 46
70 37 76
34 46 54
48 44 39
70 56 45
50 23 72
69 22 58
42 55 70
47 23 53
62 23 73
66 28 67
34 47 70
67 56 41
33 55 52
51 53 55
69 35 36
53 55 37
57 28 56
70 28 42
50 27 70
62 47 71
73 42 75
40 48 45
66 39 54
54 52 48
34 45 71
43 58 37
37 47 55
46 56 45
39 45 42
56 21 48
50 22 42
73 26 64
72 44 46
73 33 65
54 23 59
41 59 49
41 51 57
41 39 62
54 55 73
34 28 69
49 56 36
43 50 46
33 47 73
65 23 41
63 46 68
61 59 75
56 23 68
47 35 75
49 26 49
71 44 46
70 45 63
59 45 59
40 37 51
64 25 43
63 42 76
45 30 43
64 35 66
61 20 60
44 57 52
66 20 68
54 42 37
35 43 72
58 42 44
67 52 41
71 33 38
58 29 40
62 51 61
65 46 50
52 41 56
69 48 50
67 44 36
58 34 72
64 44 42
49 51 51
40 21 40
44 57 37
34 29 64
67 53 67
49 34 64
50 35 44
56 32 74
73 48 62
63 31 55
53 50 43
61 53 38
36 46 59
60 39 38
34 49 62
65 36 76
43 25 74
34 24 70
50 46 48
52 41 56
55 43 52
57 34 70
58 22 43
60 53 70
57 59 65
43 49 75
48 55 38
65 54 72
52 35 43
48 38 67
44 54 76
58 44 54
53 44 60
53 32 50
53 42 70
48 49 59
33 51 75
65 30 59
61 58 58
42 53 65
43 26 75
63 37 72
69 24 56
51 36 54
40 26 58
56 40 51
41 48 53
39 56 64
69 52 48
52 21 39
34 42 55
63 48 73
64 41 71
53 47 45
43 38 72
68 39 38
33 36 47
72 44 71
63 46 41
35 29 38
43 54 62
39 40 54
40 34 76
65 50 62
61 29 53
59 50 37
72 43 72
37 55 72
43 41 67
58 47 60
41 31 41
43 24 44
41 59 46
42 51 75
50 31 76
46 52 57
41 54 47
65 56 73
70 21 72
63 43 44
53 21 60
69 54 73
66 50 76
53 31 40
63 37 67
49 52 76
45 24 56
62 58 66
38 56 40
46 49 66
35 27 58
53 33 36
52 37 49
39 26 43
64 35 72
36 56 74
40 39 54
50 34 37
48 40 54
57 30 70
33 56 37
69 31 66
48 34 58
64 59 39
37 38 54
52 54 62
57 46 68
68 24 39
58 29 66
39 48 52
66 23 62
73 37 51
71 44 53
46 21 72
69 34 59
65 43 69
73 26 41
38 49 54
54 23 65
51 51 60
37 45 38
57 54 45
35 42 53
73 23 73
49 21 61
46 32 36
61 33 67
40 45 63
50 42 57
37 21 54
73 23 51
33 47 63
64 47 71
47 53 61
52 53 47
37 25 60
60 27 67
73 55 68
61 22 60
40 53 68
57 33 46
41 22 37
67 30 53
46 26 71
34 46 73
54 53 53
43 28 54
45 43 38
33 53 43
55 52 41
57 23 63
57 20 62
36 40 40
40 47 38
47 48 75
58 47 43
37 56 52
42 31 52
35 48 37
51 40 38
67 51 59
38 47 67
58 41 48
53 51 61
46 23 71
53 49 59
68 23 76
59 36 75
64 21 73
37 22 40
51 46 75
37 42 36
61 27 44
34 30 46
36 41 76
67 39 76
68 52 41
62 56 52
47 34 61
64 43 73
73 36 65
62 40 47
57 20 59
61 28 51
69 49 75
58 30 47
54 36 41
69 55 66
40 23 72
51 33 38
41 60 61
56 57 69
62 46 47
41 28 67
36 40 65
33 24 70
65 50 48
42 51 39
38 35 73
69 37 70
72 41 60
65 35 54
47 53 52
54 31 51
45 55 46
40 43 39
50 42 46
68 57 74
48 52 49
72 48 54
52 35 50
34 22 56
52 23 43
35 56 54
49 47 63
69 39 62
40 24 57
63 42 45
63 30 67
63 31 54
43 30 54
37 35 49
55 22 53
55 38 53
45 51 75
57 56 58
65 55 63
56 55 46
43 27 47
56 34 50
56 25 46
39 36 37
66 56 38
63 26 62
36 24 71
34 49 58
57 37 73
56 25 75
34 23 47
42 39 64
41 20 76
52 37 64
37 24 45
34 51 55
68 43 43
60 57 39
56 31 61
43 30 54
73 38 39
43 46 46
65 26 49
65 42 55
73 57 42
49 59 57
48 26 41
54 35 50
49 48 67
59 59 67
71 52 45
44 20 68
34 37 55
45 45 43
64 60 49
51 58 76
65 50 65
34 47 44
38 33 38
68 33 58
41 33 73
66 40 42
47 37 59
40 57 76
47 21 50
56 25 63
57 20 49
54 52 51
50 20 62
73 42 70
67 21 75
51 57 66
40 42 61
53 47 67
40 39 55
48 36 52
40 21 41
69 31 62
41 22 61
46 51 66
69 39 43
71 23 72
41 31 58
67 52 76
56 59 42
47 30 53
52 39 39
61 56 41
70 20 72
55 47 37
40 27 47
64 47 57
50 36 47
43 30 41
47 29 54
48 56 69
41 42 61
71 24 54
68 32 63
52 54 40
50 35 50
55 55 58
55 21 69
65 23 70
33 44 46
37 56 56
65 37 42
50 60 48
63 30 60
58 47 69
40 58 64
38 55 74
37 42 42
52 20 46
40 31 38
67 36 50
45 29 43
70 30 76
56 44 57
53 44 41
43 37 51
68 51 76
34 42 69
68 30 42
73 45 58
42 60 62
70 46 71
69 30 50
65 28 74
49 42 64
33 52 54
57 29 75
39 22 54
55 56 75
60 48 38
39 47 56
37 56 36
68 32 39
35 42 36
42 60 40
54 46 70
58 24 64
71 57 57
37 47 66
50 33 75
62 42 64
