21 30 94
17 34 94
27 50 88
9 42 119
0 48 102
9 38 115
18 50 84
-7 20 103
21 29 87
21 28 88
13 35 120
-2 28 91
8 35 94
2 35 108
27 20 93
-8 50 106
14 49 92
3 56 93
21 30 80
-2 28 97
15 29 104
4 22 117
17 54 88
1 52 118
20 21 103
-4 47 88
5 19 83
24 21 80
2 57 94
21 31 106
4 57 97
12 54 86
7 17 118
20 54 103
-3 44 120
29 50 98
21 30 108
11 24 84
7 18 85
4 17 119
5 54 103
-1 56 89
23 18 98
11 25 90
22 34 89
-9 57 85
2 31 83
15 32 111
21 24 119
6 47 86
25 17 104
8 45 94
26 49 108
-7 34 90
-6 49 114
7 41 106
7 57 101
8 54 110
-8 18 94
17 50 89
-11 23 111
19 51 109
16 24 115
10 30 97
4 17 84
19 46 86
23 32 109
-7 46 113
29 36 96
14 33 99
-9 42 95
25 54 87
-7 21 110
29 26 104
2 31 89
25 38 101
8 37 82
4 40 118
-7 51 80
-10 31 92
16 38 89
1 41 83
-11 32 82
22 46 106
12 47 98
25 22 88
2 56 117
14 30 85
-6 22 92
5 28 83
10 35 117
2 43 98
20 43 81
-5 57 95
18 30 112
-1 33 113
-10 56 103
8 43 109
21 37 118
9 34 110
17 36 86
9 54 114
8 26 82
-4 30 101
-4 43 89
27 40 88
-7 44 81
-11 37 107
21 29 110
17 57 86
4 47 84
4 20 96
26 53 116
12 44 114
-6 20 105
-5 29 108
-3 36 89
-10 40 119
25 20 101
14 53 94
7 19 91
25 48 85
4 24 84
-11 50 90
15 50 113
21 50 86
7 26 94
27 54 104
1 27 101
21 38 98
14 24 119
-1 44 88
10 47 100
26 31 99
22 36 113
14 29 95
-10 48 81
24 47 108
-5 22 117
-7 55 120
18 29 86
26 19 89
-5 55 109
26 49 86
21 39 103
-4 49 107
-5 45 84
0 21 88
-10 41 113
29 37 112
29 30 117
-10 22 119
-2 48 110
0 26 89
20 55 80
-5 32 96
-2 25 104
6 35 111
-3 52 111
0 22 108
25 33 111
5 29 116
18 36 114
27 33 104
14 40 115
-7 55 93
-4 42 109
-9 48 109
29 19 84
4 46 95
-5 22 87
14 40 92
24 48 95
28 49 118
6 35 113
-10 44 87
3 43 119
15 38 91
26 47 105
18 35 110
22 41 97
-1 55 100
14 27 112
22 45 115
17 20 112
15 57 91
-11 53 109
-11 54 90
17 17 95
7 33 80
-10 34 99
16 48 88
23 42 116
5 44 95
0 51 81
10 56 117
4 22 101
7 22 119
-4 51 82
-5 53 119
10 18 95
8 33 94
13 36 113
9 40 98
17 42 93
23 49 118
24 54 84
17 41 83
9 41 113
0 46 86
17 19 96
-10 33 99
29 47 93
-2 28 96
13 56 88
27 44 85
10 44 109
-4 32 82
0 33 105
11 19 103
-4 47 87
-5 39 106
-10 36 94
28 24 119
20 53 115
18 31 86
1 21 87
20 52 115
17 27 84
12 24 119
15 18 85
-10 32 94
-4 26 96
26 52 100
9 56 80
11 36 80
-10 21 95
2 23 114
19 41 99
0 38 88
20 40 105
-9 31 99
-2 23 108
17 47 84
17 34 101
22 33 101
4 33 90
-6 41 91
27 56 90
-9 41 90
24 45 97
3 44 104
11 35 111
9 57 85
4 50 111
26 49 115
19 50 115
15 54 89
17 55 103
-6 57 118
7 24 85
9 39 97
20 39 106
5 46 114
16 54 115
27 48 108
5 49 111
10 51 110
9 54 110
19 31 81
16 27 108
9 38 102
28 23 95
20 38 91
18 24 89
4 39 87
-3 26 96
26 21 113
8 24 96
12 43 81
22 46 118
15 20 98
0 43 92
3 20 96
-5 35 81
28 19 99
-2 49 119
10 36 116
-8 18 101
13 35 113
-5 48 86
17 20 98
22 32 81
9 38 85
-3 23 112
-9 30 112
14 49 102
-11 52 116
20 33 102
-4 57 112
10 30 97
17 18 92
11 32 93
-6 31 111
-9 27 84
-11 21 104
-6 48 81
-8 25 103
17 33 100
19 28 94
9 48 110
-9 47 86
7 49 119
7 56 85
25 42 97
11 45 88
0 40 101
27 30 102
14 21 98
10 36 97
21 30 112
8 56 86
5 28 101
27 28 97
-5 52 100
24 51 96
0 20 95
6 38 86
2 44 100
8 50 111
21 30 118
27 46 82
8 39 104
0 28 89
-7 51 91
-1 26 114
-5 54 106
25 28 116
5 32 100
4 54 120
-5 46 84
-6 31 114
3 34 101
29 47 98
8 18 106
3 46 97
-5 32 108
6 19 119
-6 29 92
13 38 95
20 43 91
12 36 82
7 48 104
-11 41 107
6 43 115
-1 53 118
22 22 99
23 36 92
17 45 112
9 27 118
-6 43 90
7 17 84
7 49 118
1 20 92
16 17 112
27 20 105
16 54 86
19 41 96
22 35 83
12 43 101
7 52 89
0 35 113
4 52 93
-5 53 90
22 46 99
19 53 85
0 27 120
10 44 119
15 17 117
0 48 116
-4 29 103
28 23 99
10 20 106
11 18 90
22 42 109
29 34 116
22 32 100
-9 32 87
-4 33 107
22 40 90
-9 27 88
29 42 115
19 35 100
-4 18 86
24 30 82
-1 34 95
6 47 85
17 45 105
18 32 84
-11 28 82
-3 40 101
25 30 108
1 32 85
29 17 120
19 39 109
4 17 85
7 39 109
7 22 115
8 30 109
27 41 108
6 43 116
-9 55 107
24 52 93
6 49 115
-4 47 110
3 33 94
17 21 85
-9 31 96
-9 23 113
1 51 117
-6 31 84
25 19 120
20 39 119
-1 28 105
26 30 119
20 34 113
19 18 84
12 51 113
8 42 117
5 48 86
16 51 86
21 55 93
18 45 114
-7 49 113
16 17 109
0 22 83
18 54 81
20 54 120
0 50 82
-8 19 82
15 26 112
22 21 109
9 35 115
5 25 97
19 31 86
-8 53 95
12 31 108
10 38 97
3 23 116
1 30 107
-5 18 97
20 18 98
27 43 97
8 56 84
13 24 87
18 40 102
16 25 111
0 41 108
16 18 83
23 23 119
16 56 81
-2 54 86
-4 50 105
-1 51 86
7 48 102
7 50 119
25 19 113
2 40 87
-9 43 99
-11 56 94
13 56 107
4 26 101
16 39 87
8 38 85
5 38 99
-1 17 103
-2 29 81
19 43 115
25 36 100
16 25 82
11 28 91
21 51 102
22 33 100
27 43 112
12 46 112
18 49 90
-10 45 111
23 28 115
17 44 109
-2 43 81
1 23 114
3 33 118
29 30 101
16 21 96
3 36 82
14 33 109
-11 23 100
-3 41 90
9 37 118
17 33 80
11 42 96
23 52 108
10 45 107
-8 44 106
27 37 84
3 29 104
-11 30 119
-7 42 115
20 54 87
-6 26 114
8 36 110
21 43 87
21 41 81
-9 30 116
17 32 84
23 21 109
6 35 105
0 34 85
22 55 89
3 23 88
-5 48 99
27 53 91
-7 50 119
13 40 108
26 20 110
29 22 95
9 57 95
-3 30 90
-2 40 110
18 41 84
-7 57 81
0 26 86
-4 34 91
12 36 82
23 37 101
-8 33 97
2 35 98
29 45 100
-10 51 86
23 18 95
0 50 103
-11 41 83
14 28 100
15 50 80
13 34 88
-8 39 88
-4 46 100
-7 55 111
-10 52 103
26 17 119
-10 21 113
-1 55 93
-1 52 84
3 31 120
18 22 94
-11 53 81
7 41 107
-7 47 96
7 35 90
26 47 88
-11 29 116
6 26 100
11 46 93
27 50 82
0 22 107
-2 50 108
19 45 103
8 18 90
11 20 81
23 42 92
7 33 89
-7 44 101
4 20 110
10 29 100
21 28 102
28 35 84
7 32 117
14 57 112
-8 45 104
1 21 97
26 55 97
-7 41 97
-3 25 97
-7 18 90
6 45 115
23 53 111
25 27 94
23 43 119
-3 45 88
-6 54 97
29 42 116
0 36 116
-1 37 87
12 30 111
22 20 85
24 49 115
21 54 87
7 32 84
23 40 110
24 35 113
23 36 108
14 40 94
-11 57 108
1 26 105
-5 29 111
-3 49 100
11 34 108
10 23 120
17 26 113
6 53 97
-3 41 104
19 55 100
14 56 102
14 20 95
18 30 85
4 26 96
-9 22 97
4 54 118
15 47 108
17 19 109
-7 25 93
0 40 111
25 55 116
14 38 113
-7 22 96
-8 37 112
5 34 94
1 25 113
23 24 85
8 30 109
2 40 85
4 24 103
8 40 116
15 54 109
-9 33 115
0 36 93
9 21 116
14 45 89
18 19 90
-3 22 104
20 51 94
-11 51 114
27 33 119
13 31 86
23 49 116
-4 56 112
18 40 110
22 30 113
-7 31 115
-5 21 100
13 42 89
-4 18 105
-11 31 115
-11 37 115
1 47 96
3 20 93
23 17 102
9 38 90
-9 33 116
11 34 106
8 40 107
2 19 99
26 22 114
18 49 89
-11 54 103
22 35 110
6 25 95
27 55 84
15 31 107
14 20 99
21 33 112
-2 49 86
21 51 97
18 51 89
-7 23 89
19 33 111
14 53 111
4 57 101
23 37 118
26 57 81
7 42 111
8 44 85
22 23 116
-2 23 85
-10 17 102
8 55 103
14 20 114
22 30 117
23 45 106
25 26 96
14 37 115
-8 40 111
14 41 111
24 20 111
4 21 81
5 22 103
-9 43 98
-4 25 87
6 52 112
-1 48 95
-2 30 108
-6 24 101
8 21 89
3 31 86
-11 31 108
19 27 106
-11 56 114
-1 22 102
20 46 80
14 43 104
11 22 113
11 26 113
29 56 102
-5 40 114
4 40 113
23 22 100
2 33 114
-5 25 114
-4 29 111
-9 53 97
22 42 106
15 42 88
23 18 100
11 52 94
1 21 101
-11 46 90
22 45 100
10 18 90
17 35 116
9 53 102
3 31 97
-9 44 99
13 50 120
-4 39 85
6 17 80
0 56 88
16 41 89
-5 57 95
-10 42 85
12 55 113
-9 25 80
23 27 100
22 25 102
19 22 109
27 25 84
3 23 88
17 44 95
3 29 117
18 34 110
19 17 111
-10 24 120
26 18 105
4 36 97
-10 52 113
-4 50 95
-11 35 100
8 34 91
16 40 119
8 21 107
16 33 114
-11 25 114
-5 24 101
6 32 115
28 40 92
10 54 101
-3 36 108
20 30 95
-8 52 110
25 41 92
28 28 100
24 32 97
24 18 85
27 20 92
16 51 80
-4 41 107
21 44 96
12 52 103
22 21 84
18 30 117
-8 33 88
-2 36 113
17 51 100
15 26 92
-2 28 104
3 21 83
16 25 80
21 57 88
5 57 89
25 51 92
7 20 98
17 28 106
25 51 83
29 34 83
23 27 85
27 25 115
0 36 91
-7 19 98
13 48 113
11 48 87
-5 26 99
4 41 99
0 47 106
-11 30 99
11 30 104
9 31 85
-3 41 91
26 26 87
24 38 116
19 42 92
0 25 120
25 47 95
-1 53 101
22 52 119
-3 27 86
-7 36 101
-6 38 99
-6 54 89
-11 55 89
3 57 90
-2 53 81
16 52 104
16 42 88
4 36 89
19 53 111
24 42 120
26 22 98
23 22 106
8 22 84
1 35 81
22 51 101
-10 45 97
8 31 82
23 57 107
20 28 102
4 47 110
-5 21 115
11 39 115
-5 54 83
-9 40 88
20 28 116
23 55 108
5 18 96
14 45 115
25 31 115
28 34 88
27 33 81
29 22 115
1 46 116
-8 55 82
4 23 113
2 45 85
18 42 114
0 25 107
9 31 116
25 47 102
14 54 94
15 50 97
-10 26 98
22 56 118
0 29 118
27 18 118
11 37 80
-4 26 108
-10 34 84
-2 54 95
0 30 116
-6 53 84
8 20 96
27 51 106
17 29 83
7 46 95
4 42 112
9 56 90
-10 40 91
16 45 100
26 28 113
29 49 113
9 35 111
29 27 120
12 32 93
10 21 96
2 31 85
20 42 88
27 38 116
0 35 90
-8 51 103
14 27 101
-6 23 85
-9 46 96
14 27 91
28 53 104
5 51 104
21 47 97
13 48 105
-7 53 117
12 54 110
6 45 88
-5 28 85
-11 22 116
-8 44 100
-3 57 114
12 26 104
18 57 85
4 44 97
25 54 88
12 21 92
-10 24 111
-7 33 93
2 20 117
10 42 86
-10 42 93
12 35 82
-5 35 81
-2 52 89
25 27 86
21 25 107
25 21 106
-7 37 100
6 47 88
5 57 109
28 56 86
25 19 108
28 26 106
28 45 109
8 37 94
11 21 108
17 19 118
19 17 112
14 47 88
24 52 82
1 40 109
-4 39 100
26 47 113
11 29 87
3 30 113
-9 52 114
26 24 103
22 51 115
-3 43 94
25 17 108
6 28 86
1 38 108
16 38 100
-5 41 98
-4 32 97
8 18 104
-2 19 108
13 57 93
14 56 101
8 30 94
23 23 93
22 32 97
20 28 109
-1 20 91
-11 45 103
15 32 113
4 55 85
-1 30 91
17 45 109
21 43 93
15 32 97
25 20 91
7 39 106
29 19 119
9 39 99
3 49 107
1 57 114
22 23 80
8 25 96
13 17 105
23 40 90
-11 32 119
16 30 97
5 56 89
20 34 86
19 18 104
26 23 114
25 25 84
26 54 89
7 46 112
-7 32 101
7 48 87
9 55 112
3 23 86
28 20 100
20 42 91
0 32 113
26 49 83
4 22 98
16 56 97
16 34 99
7 47 107
18 22 95
7 44 95
21 30 84
3 55 92
28 43 90
12 45 97
26 44 94
4 49 93
25 33 96
20 34 92
28 32 113
20 38 113
27 37 108
28 45 97
12 34 117
-11 42 103
23 45 80
9 30 92
25 21 109
19 38 111
21 49 107
0 19 100
18 45 88
23 34 91
6 21 103
-1 17 86
1 46 106
-4 31 114
14 56 111
-6 18 115
24 20 112
6 22 112
-1 22 107
-5 21 107
18 17 101
8 56 118
10 31 117
15 22 87
9 35 103
21 20 84
-11 51 120
5 23 108
10 53 90
13 44 87
11 49 85
-1 51 102
6 28 88
23 19 101
-6 25 82
21 24 84
-7 43 112
-2 41 86
22 23 88
-4 57 92
20 33 80
-5 23 105
20 44 100
8 56 99
27 49 120
-10 33 85
-11 47 112
17 36 104
14 25 92
0 19 88
9 29 97
29 23 88
5 39 115
-4 51 81
-8 19 86
6 31 111
17 35 109
4 25 85
29 41 82
21 44 84
5 25 88
9 17 110
24 54 81
29 45 115
-9 26 117
29 46 108
-1 29 80
5 25 116
25 26 118
23 47 89
4 22 99
-7 51 107
-9 29 101
28 20 86
10 51 109
-8 24 94
19 29 102
10 36 95
11 57 113
1 45 86
23 43 85
7 57 94
4 52 102
7 24 110
4 54 91
4 33 113
5 57 82
-6 20 113
19 30 85
11 51 98
25 32 103
-11 52 84
14 36 85
23 46 84
-4 22 86
22 38 101
13 24 80
12 24 104
-9 47 104
-8 43 100
24 22 115
5 43 119
7 51 100
28 21 89
-4 56 110
25 56 118
29 52 80
8 37 102
-4 43 101
17 28 84
21 53 99
9 51 119
8 54 88
1 29 101
6 18 98
-11 29 87
-9 42 99
-5 35 87
7 27 104
27 29 112
9 43 86
23 21 108
19 33 89
-10 22 107
-11 53 105
11 32 91
19 18 113
0 25 93
26 23 96
-5 42 104
1 48 91
24 29 85
5 42 118
16 41 117
-2 49 117
2 41 84
22 51 109
27 29 100
-3 50 80
13 26 88
18 27 109
-8 25 115
-7 56 84
13 40 106
-7 34 94
-6 40 120
20 37 98
26 53 93
-11 50 101
5 20 87
-7 47 91
25 23 115
-4 23 118
28 17 108
10 42 106
24 57 89
17 44 101
-8 19 108
17 39 113
-11 29 105
14 45 110
11 37 96
1 28 103
8 49 88
6 55 109
11 18 96
24 54 116
13 18 87
12 57 91
27 35 106
-6 26 116
10 28 112
10 47 86
-4 55 106
11 47 88
7 35 113
28 17 101
24 34 104
-8 26 84
-8 20 91
28 46 113
16 24 112
7 47 114
24 44 94
20 28 103
4 55 119
-2 24 95
6 17 106
29 40 110
-11 57 93
-11 42 105
-2 44 107
-11 40 91
19 39 91
18 34 98
27 36 92
11 19 99
18 26 103
6 45 113
5 47 102
23 37 120
20 20 95
3 25 109
4 34 92
25 55 110
-3 57 83
12 31 80
10 39 100
24 52 95
1 46 80
4 37 80
8 37 99
28 31 93
12 33 112
10 52 105
2 34 85
25 53 109
15 19 105
-2 56 108
-7 52 117
-8 39 92
14 34 86
18 48 100
-3 35 109
12 44 83
21 27 84
-8 20 118
29 46 88
25 40 108
20 38 95
19 52 83
5 38 118
1 55 87
-9 24 92
16 39 116
3 40 85
-11 57 103
7 30 100
-5 46 115
5 24 83
-7 56 106
17 38 105
0 40 86
2 26 105
19 46 113
-5 39 117
29 55 120
25 42 117
28 27 93
9 37 106
22 36 116
-1 25 114
0 19 104
-9 30 88
22 28 95
4 27 117
26 20 87
22 57 93
9 44 111
6 19 94
-7 56 100
20 56 104
4 22 92
19 38 92
-7 28 115
-5 57 114
19 20 110
17 37 106
-3 44 111
-10 45 108
-11 39 85
18 24 94
24 20 105
16 46 119
12 24 106
18 46 109
19 26 95
24 49 104
18 57 100
-4 47 97
19 23 115
7 51 94
-11 24 100
-7 40 118
-5 25 86
-8 34 84
-4 20 99
-11 40 117
6 33 88
28 50 120
9 20 98
27 51 86
19 38 116
7 19 114
11 38 111
27 43 81
19 45 82
3 18 111
28 56 112
29 24 86
26 48 90
28 19 104
5 54 95
0 23 120
16 17 115
14 32 90
-6 20 107
1 39 117
1 29 119
9 54 97
-5 23 107
9 33 114
7 44 97
27 56 118
4 40 107
24 42 118
0 36 112
12 21 118
4 27 97
3 22 84
14 41 99
10 46 102
6 24 115
29 48 89
12 19 120
17 38 98
13 19 119
16 47 83
-9 23 96
6 45 88
16 55 98
21 54 103
-5 43 107
3 29 104
-3 29 104
8 25 99
17 48 116
22 45 98
18 46 115
11 52 110
-9 33 89
-1 19 120
18 26 98
4 50 80
22 47 84
5 55 99
14 27 91
26 48 85
11 31 89
10 48 90
24 41 111
5 27 118
14 55 82
9 39 80
-9 45 91
14 42 109
-7 38 93
10 35 80
11 45 120
-9 39 85
9 42 89
-5 19 89
7 40 111
22 49 85
7 34 88
1 44 90
16 17 87
14 27 102
11 54 117
26 46 105
5 25 105
21 43 112
18 27 102
4 46 119
14 51 92
20 57 91
1 37 108
0 44 110
3 36 102
-10 43 109
17 36 105
-3 31 97
-6 25 112
6 31 116
24 40 116
25 56 85
29 41 116
9 21 92
17 55 102
28 22 90
4 55 111
5 20 84
0 28 103
10 36 83
29 75 78
27 72 61
44 42 60
23 68 61
22 45 90
33 40 65
30 42 86
33 78 71
20 44 79
53 40 55
23 77 89
45 77 89
27 48 82
28 72 73
52 53 53
51 63 91
46 66 81
38 41 58
21 54 65
36 46 63
31 78 77
43 51 63
24 51 53
52 53 66
45 59 73
52 47 71
40 76 70
39 67 91
51 59 70
41 47 68
25 65 78
23 41 87
22 70 68
47 46 72
52 41 85
53 58 81
24 67 88
52 52 88
30 70 71
42 56 83
44 43 74
51 58 78
37 61 73
43 47 55
51 68 55
19 44 82
39 60 80
40 54 61
46 47 60
49 41 67
40 71 61
53 76 82
16 51 88
29 41 82
48 69 76
42 57 76
28 72 62
45 78 87
41 50 84
32 56 63
22 45 63
49 57 79
54 47 59
38 46 81
39 66 71
29 76 74
52 59 64
29 73 82
40 76 88
19 69 53
28 63 52
38 67 80
50 57 87
17 48 76
36 47 82
46 40 66
29 67 73
35 44 91
37 79 82
46 63 58
34 57 57
50 53 85
27 72 54
38 49 59
48 75 78
30 63 85
28 70 61
45 64 82
27 57 69
30 44 84
16 68 62
37 63 56
25 75 55
42 53 54
41 48 64
48 74 81
50 71 63
15 47 63
52 65 65
17 77 78
37 75 66
16 48 60
43 66 71
23 70 79
16 80 53
19 43 87
47 55 83
18 74 52
42 75 70
53 58 86
17 46 66
35 79 88
37 55 63
24 51 84
42 79 90
38 59 85
46 47 54
54 80 89
29 73 55
28 59 74
27 61 92
48 76 76
21 47 67
29 69 58
33 63 72
48 47 56
33 69 74
47 79 55
48 68 69
32 44 52
36 69 75
41 75 77
50 49 67
18 66 87
23 65 59
39 51 57
35 77 72
35 65 69
32 47 52
16 80 57
53 59 52
31 75 81
32 62 58
28 60 91
35 57 74
49 76 65
51 53 68
52 79 57
26 51 56
23 42 68
39 47 58
28 77 52
42 46 81
26 76 72
22 56 69
34 74 71
51 43 61
41 41 71
55 69 57
22 44 65
31 42 57
15 63 92
20 75 56
30 40 84
25 71 75
41 65 61
43 51 59
29 77 78
43 63 61
30 78 52
16 52 60
28 73 81
55 80 92
39 80 85
28 44 92
34 49 65
41 48 75
50 78 52
18 48 84
23 80 86
32 44 80
55 67 78
45 73 67
45 65 85
52 54 87
19 46 68
50 40 80
41 41 63
23 46 80
20 66 62
47 71 53
42 70 56
17 65 80
32 68 73
55 55 61
27 52 82
37 59 56
46 79 63
36 78 75
52 54 84
39 57 91
39 62 92
31 53 62
19 79 61
28 56 86
43 51 88
52 70 85
45 57 72
26 42 89
37 46 57
22 54 73
39 75 81
42 63 84
21 60 72
50 65 76
27 61 58
34 44 58
45 69 84
15 41 72
53 53 73
54 70 57
41 76 74
25 60 84
22 69 76
47 79 78
42 69 68
31 79 66
33 70 89
50 42 91
21 50 69
52 68 73
54 58 58
15 79 79
20 67 61
39 72 66
51 45 78
24 51 64
23 78 72
33 64 75
23 56 91
17 72 68
45 58 89
51 54 92
16 67 85
32 66 78
45 77 67
26 48 74
29 77 76
38 78 68
46 75 75
22 80 92
39 65 61
44 61 80
21 74 90
35 70 58
53 47 70
28 62 60
15 58 54
32 64 71
18 78 64
32 55 73
53 52 83
49 77 55
31 80 84
37 63 80
35 63 59
51 72 92
25 78 91
36 57 84
54 75 75
45 56 85
33 76 56
47 77 55
26 64 72
20 64 79
39 59 80
43 80 61
27 66 53
18 68 53
44 48 85
25 47 66
47 73 81
30 49 75
17 65 80
34 57 76
35 56 67
35 60 79
40 72 70
32 61 73
30 61 54
32 78 54
31 42 64
27 67 65
42 78 87
54 60 76
30 70 92
30 60 64
48 57 92
50 67 63
38 51 63
45 59 57
42 70 61
52 56 60
28 71 59
41 59 83
18 62 75
23 53 55
22 73 58
25 77 85
35 76 72
38 46 79
26 61 77
34 72 58
33 62 61
28 54 88
42 69 82
18 71 82
42 57 61
40 46 89
19 67 88
17 56 53
31 44 80
35 52 59
36 75 59
47 65 56
31 72 81
20 54 74
19 80 55
42 42 57
34 56 55
47 66 81
20 70 74
45 61 87
43 61 59
55 72 74
16 51 82
28 52 82
42 56 87
32 60 58
32 51 90
45 52 75
38 56 73
47 68 52
39 76 81
21 65 72
42 45 91
48 56 64
18 49 62
31 55 76
55 66 61
41 77 84
53 48 69
51 60 75
42 48 72
21 60 68
16 45 64
41 77 54
48 54 83
27 58 88
24 66 73
34 58 54
42 60 53
54 49 89
15 79 62
36 48 54
15 44 70
33 69 62
31 55 63
48 79 85
29 57 60
29 49 82
21 64 69
44 52 53
43 68 77
43 43 59
18 43 76
25 74 82
17 80 83
49 44 88
41 59 69
53 44 86
49 67 60
51 46 87
17 45 66
38 53 81
16 59 78
51 80 90
25 47 58
20 71 70
31 63 61
30 78 68
33 70 84
22 47 80
26 58 71
21 71 70
17 67 76
31 48 81
19 64 63
41 72 82
53 55 66
45 67 72
23 44 75
28 66 56
41 74 82
34 76 71
50 44 74
15 61 70
23 49 68
32 56 81
21 52 91
26 64 56
39 48 80
52 65 67
39 48 78
52 74 64
31 59 70
34 78 71
23 41 84
43 56 62
28 58 58
51 76 83
42 74 74
23 67 77
17 77 86
53 40 56
23 76 65
52 58 85
41 65 67
42 55 83
53 64 74
20 64 53
43 70 77
33 72 88
20 44 81
26 68 90
41 47 68
48 63 70
48 44 52
48 62 73
42 44 56
37 40 79
43 41 72
29 77 83
53 74 81
55 51 85
15 45 90
45 52 72
34 74 59
17 45 53
44 64 73
36 80 90
22 70 83
32 59 88
17 80 52
32 72 82
33 40 58
29 41 92
22 53 91
40 48 71
51 66 84
38 61 55
17 48 69
51 44 65
43 62 57
48 57 54
29 40 78
32 47 58
21 65 55
20 56 86
37 56 52
51 50 69
27 66 59
47 44 72
15 80 64
51 76 89
35 50 54
25 49 54
25 57 73
49 64 86
25 41 59
45 80 64
29 60 65
46 75 78
52 68 59
55 62 65
32 42 58
45 68 91
53 80 56
53 53 86
19 48 88
32 69 63
42 63 70
24 52 92
36 41 85
54 42 52
46 67 87
35 53 84
21 68 69
45 52 87
29 71 57
50 52 84
21 73 91
39 74 57
20 49 68
27 65 84
25 49 60
36 79 66
43 41 86
33 75 87
41 76 80
20 80 79
20 49 91
50 62 92
16 51 76
27 43 83
18 62 88
16 43 58
32 53 55
21 60 72
21 58 63
48 60 83
28 41 55
46 40 66
37 61 74
37 54 78
36 61 77
20 67 58
34 40 92
17 64 57
36 66 61
48 49 60
46 41 73
22 69 81
44 51 52
20 50 74
55 79 76
51 49 86
50 78 90
42 64 92
39 56 57
22 67 86
27 68 82
22 65 88
55 60 75
33 76 84
20 67 82
39 54 86
26 75 71
21 43 52
35 45 53
37 74 64
48 66 75
40 56 58
26 45 86
42 46 74
42 40 68
21 40 91
27 52 60
34 48 80
36 50 52
32 72 85
21 61 55
25 66 64
49 74 68
25 59 91
22 43 79
45 55 70
51 54 74
16 73 56
35 74 70
22 59 57
26 46 62
53 43 92
22 68 68
44 50 85
36 43 58
42 68 67
23 64 57
49 41 60
51 72 76
23 72 90
36 43 92
48 41 57
47 40 57
47 44 55
35 63 85
19 40 78
19 65 76
44 60 64
47 51 56
44 73 77
25 54 77
44 80 62
42 61 58
19 76 65
40 44 55
51 43 72
22 74 53
33 53 78
45 42 78
43 77 57
45 68 72
46 52 85
18 64 70
31 49 92
54 78 52
53 52 56
37 42 52
40 74 81
50 79 91
55 70 66
27 49 78
47 63 75
26 60 88
33 76 56
55 65 85
46 80 73
38 49 83
38 75 82
29 50 67
32 47 59
46 58 57
53 78 70
53 78 88
18 49 92
32 66 80
45 66 53
37 52 88
46 66 73
35 74 57
55 66 54
35 72 76
47 45 82
35 45 68
53 61 52
42 73 61
26 74 81
51 68 85
15 62 68
20 68 76
26 40 83
23 58 75
37 50 57
53 61 87
22 56 64
48 53 80
26 63 67
21 64 67
47 41 64
16 56 60
39 74 76
16 46 73
36 62 84
16 75 69
20 41 67
41 64 79
48 43 67
40 71 82
47 66 71
20 48 86
34 69 68
34 74 55
41 46 68
53 73 87
22 47 75
53 42 67
53 67 88
30 54 58
54 59 77
50 58 52
45 54 80
43 45 65
21 75 88
31 48 86
38 71 59
43 64 86
28 80 59
40 40 90
50 53 62
49 47 67
31 51 77
21 44 71
23 44 75
28 46 61
32 62 55
37 64 61
21 75 66
16 45 66
24 58 82
19 78 58
23 44 67
19 51 82
35 80 53
51 49 59
32 63 57
45 42 64
51 80 88
30 56 58
36 42 58
41 72 71
26 72 58
46 41 54
15 40 75
22 76 75
35 51 79
22 80 70
21 71 54
17 63 54
30 73 64
49 56 76
27 62 52
35 40 92
44 60 84
36 63 53
27 71 85
37 63 72
29 52 57
52 77 89
51 76 87
36 68 64
42 47 85
20 73 68
35 48 60
53 69 90
52 47 92
19 70 56
16 48 86
35 80 78
43 75 90
31 46 57
24 64 66
48 41 68
50 50 80
27 80 56
39 52 78
46 40 55
54 56 68
55 62 76
25 67 63
30 53 68
34 71 63
38 76 65
51 77 59
16 49 61
38 59 75
25 52 75
17 62 70
32 49 92
37 69 55
44 61 80
54 49 83
36 78 62
54 59 56
45 65 87
23 52 71
43 55 77
45 67 67
48 44 66
23 76 71
17 40 87
20 78 62
53 42 64
31 57 68
29 64 52
24 80 63
17 77 56
30 42 80
44 57 52
54 67 58
17 61 87
17 55 70
19 69 64
41 79 76
38 40 52
41 57 80
44 41 88
33 41 71
50 74 65
26 52 68
52 64 88
32 63 69
49 61 60
54 68 52
50 57 91
38 52 56
43 65 89
47 57 90
27 48 84
39 62 85
30 41 55
24 71 52
35 62 60
32 63 71
37 51 74
37 47 82
46 45 65
52 66 75
32 58 54
31 46 55
16 72 75
54 40 59
37 53 65
23 59 72
53 80 63
36 54 83
17 57 90
42 61 90
37 56 83
48 46 52
23 69 70
55 40 67
27 43 69
33 48 59
48 75 86
32 55 58
44 55 60
26 70 58
35 77 56
52 63 82
38 47 71
46 74 77
17 72 75
48 69 53
25 70 79
41 66 91
34 44 82
52 46 67
15 75 59
16 75 92
16 59 78
44 59 57
51 56 80
34 56 75
18 78 74
34 40 81
25 72 72
19 62 90
23 47 72
25 57 87
24 72 63
20 42 52
26 69 67
17 76 68
26 70 70
37 62 73
36 40 60
41 49 64
22 44 56
24 73 70
50 41 72
52 79 80
27 40 69
54 74 71
19 50 52
40 59 91
44 51 86
22 44 58
40 77 83
22 67 59
46 40 79
20 79 76
39 80 52
38 54 59
37 72 79
15 70 91
39 71 69
21 63 55
53 67 77
23 64 77
40 41 90
53 75 77
15 46 81
46 46 52
51 74 68
33 78 63
20 63 66
35 48 63
31 67 74
26 63 84
55 62 87
51 54 58
22 41 86
44 51 63
35 53 89
54 70 70
20 80 69
53 73 79
26 73 86
17 76 71
42 50 62
22 63 83
37 44 83
19 78 62
15 61 70
15 80 76
31 72 73
21 71 92
43 57 79
44 48 64
15 49 83
25 71 67
32 58 74
55 73 83
48 51 53
47 52 77
38 54 64
41 63 55
23 80 74
25 69 59
49 72 82
28 69 86
27 57 73
16 58 67
17 48 76
27 80 71
29 57 79
38 80 76
36 42 54
31 77 53
40 49 73
35 65 88
16 45 70
53 55 83
39 46 79
55 74 58
36 55 70
17 63 91
45 75 54
19 40 69
43 68 82
18 74 69
15 58 71
35 75 69
54 49 80
40 50 70
41 80 59
39 47 88
53 46 57
19 55 75
39 49 78
42 48 91
32 66 68
17 57 73
37 62 71
22 58 73
17 61 73
17 73 53
27 72 74
31 55 75
15 70 81
50 43 91
20 70 68
31 76 78
39 77 60
16 52 76
54 67 69
26 80 82
20 63 71
16 74 71
47 45 72
25 41 60
44 78 73
44 52 87
27 53 63
35 63 58
24 76 68
31 66 84
44 64 52
24 51 78
24 61 56
16 41 89
27 59 78
39 55 61
21 74 72
55 44 76
51 63 73
39 73 54
23 78 90
44 48 64
29 80 64
34 45 53
39 75 83
36 65 84
35 52 63
24 79 61
37 67 60
15 80 62
19 75 63
55 47 82
43 80 90
40 48 83
34 77 56
29 52 63
43 60 56
31 41 91
29 47 54
33 75 79
37 60 67
20 48 69
20 47 63
36 46 81
15 51 76
32 63 61
41 55 77
39 78 52
50 54 62
52 74 71
31 65 84
22 68 52
46 68 88
15 54 77
41 47 88
38 48 58
17 67 65
22 72 63
21 62 59
49 43 79
29 58 71
25 63 72
40 62 89
50 65 80
33 63 80
26 75 79
37 58 88
19 65 79
20 58 73
40 60 84
35 50 64
43 71 80
17 47 74
29 47 72
41 66 77
50 62 78
39 52 72
35 51 80
33 58 90
37 42 79
55 69 77
29 55 68
42 51 61
42 59 73
26 71 71
16 78 83
19 42 81
37 58 89
33 43 78
28 58 60
51 64 86
31 59 83
36 58 79
34 41 62
26 60 71
16 40 65
37 64 74
41 70 86
46 40 85
15 45 72
15 65 54
50 73 67
45 79 73
16 69 60
20 79 54
43 65 83
36 71 55
41 66 61
52 40 82
32 45 74
37 78 58
25 44 86
29 70 89
38 40 65
43 59 69
44 64 68
15 61 75
15 79 82
45 69 87
42 60 78
42 52 79
24 64 76
24 77 66
37 55 88
41 80 73
37 53 53
32 45 67
32 55 63
35 68 65
16 74 67
38 48 90
38 48 67
30 43 92
17 43 63
54 64 79
39 57 53
41 67 73
45 42 58
55 80 67
43 68 92
28 46 57
42 58 76
51 40 91
50 68 80
20 46 76
29 79 63
23 70 60
44 65 66
51 66 66
29 65 78
25 40 57
55 79 65
53 73 54
17 66 56
28 67 92
27 41 75
17 76 92
47 52 64
38 52 76
30 70 66
38 54 61
51 65 89
25 79 69
16 52 77
42 46 78
18 70 54
19 60 56
44 65 77
33 43 91
24 57 76
44 40 85
43 42 81
33 71 70
51 78 75
21 41 83
28 66 62
37 54 65
31 48 68
21 74 87
35 66 67
34 47 73
40 63 64
21 74 61
49 64 62
49 47 63
41 55 90
16 68 73
54 71 65
16 62 68
45 69 81
33 53 92
32 42 84
39 72 89
28 47 70
15 52 53
17 53 89
21 54 56
34 53 74
50 68 92
33 65 72
24 68 66
25 53 62
48 60 85
28 62 59
38 48 85
21 47 78
48 53 90
29 77 70
27 52 67
25 68 53
31 74 58
28 59 68
41 59 76
35 75 58
27 69 86
30 78 63
16 77 92
39 47 74
39 80 65
37 70 55
28 64 91
44 68 80
18 52 88
37 69 76
36 57 90
21 74 73
22 78 75
22 63 84
19 62 71
38 70 68
43 77 78
41 43 54
47 50 57
53 56 53
54 52 53
33 74 84
31 63 72
18 72 90
33 78 62
29 62 73
34 77 53
21 77 69
28 50 65
52 52 81
49 76 52
35 61 71
18 63 58
20 52 86
21 58 61
32 78 78
31 53 83
24 64 80
24 80 78
39 64 90
23 51 58
22 47 75
49 43 55
39 63 64
28 57 79
24 45 60
50 44 91
29 50 84
25 63 68
36 50 56
38 76 77
21 78 77
48 41 84
23 64 60
19 57 73
37 72 78
36 66 83
30 68 83
32 79 77
27 62 75
42 73 70
38 41 78
53 76 52
47 56 58
26 55 74
35 48 63
54 66 59
21 47 88
21 79 65
41 77 62
17 79 63
18 45 89
28 42 90
46 45 91
42 60 57
46 78 85
48 72 79
48 62 89
43 63 61
48 70 52
43 67 61
40 59 78
26 49 86
40 51 73
41 51 72
53 72 90
40 61 69
46 47 76
42 64 59
25 74 62
52 78 78
27 68 60
16 79 89
54 69 67
17 47 70
15 75 81
25 50 81
54 67 78
17 56 67
31 50 70
20 79 63
38 42 86
28 70 79
24 42 83
21 42 53
43 68 76
32 48 56
17 69 65
50 63 88
15 57 62
22 57 90
33 56 79
19 62 68
53 47 75
15 51 55
44 62 76
50 49 81
32 73 79
40 70 73
32 72 70
48 52 79
25 57 76
23 75 67
16 76 63
24 48 83
33 58 86
53 60 72
48 65 76
46 49 69
36 74 53
34 56 53
48 67 59
44 72 85
32 59 54
49 71 58
52 67 80
34 40 59
40 41 59
54 55 76
37 55 78
33 52 63
32 49 79
24 46 83
50 41 82
35 54 87
46 46 91
27 73 88
50 52 74
36 56 66
52 55 70
18 66 83
33 65 63
36 46 84
49 66 63
38 72 66
37 61 58
53 80 70
48 42 72
28 52 59
41 57 62
18 67 89
44 55 71
36 51 91
38 66 87
33 60 63
44 77 71
45 61 59
49 71 54
44 62 87
17 51 91
35 65 67
37 49 81
30 78 58
48 68 81
16 59 73
16 55 83
24 42 68
26 78 84
23 74 61
36 55 62
21 64 86
35 47 73
25 42 78
54 77 69
42 76 88
41 65 81
19 75 68
54 75 69
38 56 67
53 65 82
51 66 66
47 45 72
36 70 54
25 64 59
29 66 70
31 62 52
52 51 78
43 78 58
15 56 87
38 44 78
31 80 68
49 68 80
20 79 58
20 77 53
15 48 83
43 67 89
22 68 76
22 59 63
36 67 67
23 73 60
38 48 75
23 71 54
41 48 77
18 50 55
43 70 54
51 67 70
43 59 58
41 58 88
20 54 83
53 49 62
15 65 60
49 79 58
30 43 70
51 49 80
43 41 63
54 77 68
43 62 88
53 51 54
36 48 92
0 0 13
36 15 7
21 14 17
18 8 17
18 10 43
9 37 43
30 -1 14
13 7 10
15 21 43
39 10 18
34 12 31
22 12 42
38 26 21
6 22 28
10 2 35
15 0 28
37 0 22
2 32 18
28 21 18
37 26 19
20 21 41
23 13 34
17 28 29
27 8 13
27 15 15
8 37 30
5 29 32
13 33 26
11 21 20
26 27 34
27 17 24
16 19 5
0 14 20
27 30 21
4 19 23
7 35 13
-1 38 6
21 5 23
29 18 24
17 6 42
33 20 12
6 31 5
11 9 32
21 27 27
29 7 21
27 13 32
24 37 10
4 19 39
14 22 17
39 36 36
1 6 36
28 35 40
13 28 13
6 20 7
16 32 9
17 34 28
13 3 6
23 26 23
19 14 33
35 28 22
38 27 37
35 24 6
13 9 7
29 25 17
9 27 8
20 18 33
8 5 22
3 13 10
38 15 25
19 36 16
36 10 29
38 17 12
23 8 16
4 -1 20
38 18 42
28 36 33
4 26 20
14 24 17
37 15 6
4 10 11
9 6 5
21 26 32
35 2 40
17 8 44
35 19 13
27 21 35
0 35 5
1 14 40
0 1 24
20 22 40
27 7 16
39 38 32
18 32 14
25 27 10
23 10 7
14 38 19
0 8 22
29 19 26
1 32 23
39 35 21
0 15 42
6 2 43
8 27 43
10 -2 33
38 4 9
7 22 34
23 8 35
3 14 32
38 11 38
33 38 28
26 29 20
38 22 23
34 35 10
30 9 16
3 7 42
18 35 20
-1 34 23
32 38 24
24 38 10
3 -1 35
1 35 26
8 11 9
33 4 38
21 6 28
15 14 29
25 28 12
30 25 38
36 38 28
2 18 37
9 28 28
21 16 15
6 24 7
18 12 6
27 22 38
24 12 24
39 9 12
13 -2 31
27 14 39
28 30 8
33 26 13
7 16 4
20 23 33
24 7 40
9 17 27
39 35 4
15 15 7
16 38 38
-1 36 44
1 10 43
25 10 6
34 20 19
39 18 26
32 -2 28
15 33 29
29 12 33
4 4 31
36 -1 30
4 11 14
30 35 13
30 0 19
26 14 32
35 2 8
21 11 41
33 16 27
29 24 36
26 4 18
12 18 14
7 1 20
33 -2 14
10 16 18
33 18 39
16 4 4
38 33 15
1 24 8
32 24 16
7 6 14
32 35 15
9 17 10
18 12 32
18 31 39
39 1 25
14 23 7
23 7 16
4 24 11
23 23 21
10 -1 34
-1 28 27
17 38 38
18 1 15
18 34 33
5 12 19
3 17 37
14 31 26
24 2 11
2 24 5
-1 23 32
6 12 39
7 31 17
28 28 39
29 13 35
15 30 18
37 37 19
6 10 39
31 10 30
8 27 32
36 25 10
19 13 39
17 2 22
28 25 44
0 32 25
0 10 25
19 20 41
9 1 24
18 13 33
25 5 19
39 15 22
8 13 40
20 34 12
5 18 39
18 26 5
30 5 5
30 17 28
26 15 28
12 28 35
36 22 44
0 6 38
25 15 13
33 32 30
-1 26 42
38 36 18
33 5 26
4 26 36
9 7 20
25 5 29
8 22 26
24 3 23
37 38 40
6 33 6
7 38 32
31 36 21
16 12 33
22 8 6
-1 18 21
36 4 7
1 18 26
4 25 33
36 26 21
5 1 16
29 9 32
6 9 28
13 23 22
19 21 24
38 30 6
35 5 6
22 38 17
7 23 25
29 8 10
2 1 38
24 9 8
37 -1 29
26 5 19
35 12 28
2 16 28
12 29 35
27 17 30
21 26 40
1 30 30
27 2 12
12 13 33
17 25 4
26 9 9
8 21 33
34 17 10
3 29 31
23 17 11
9 36 31
3 10 43
22 15 6
-1 10 37
24 38 7
14 12 23
36 16 16
1 2 42
26 11 35
36 26 10
1 32 36
21 17 23
-1 1 35
1 19 31
37 13 23
8 26 14
12 6 20
6 7 25
27 5 37
21 23 43
4 -1 38
32 2 30
26 33 14
26 6 34
0 20 24
25 26 43
2 8 43
22 15 11
31 35 10
28 34 13
21 15 29
13 8 15
10 13 4
15 7 10
28 11 31
10 35 29
8 35 32
27 8 40
37 8 24
17 -2 8
18 2 5
30 17 43
17 18 7
9 23 38
33 28 20
33 0 11
8 5 10
2 25 32
27 17 36
38 26 40
14 36 14
36 33 36
1 10 30
30 -2 28
24 13 22
-1 32 42
34 21 21
36 33 15
27 -2 11
34 21 34
21 32 20
18 31 10
22 13 12
36 36 37
1 22 24
16 16 35
3 23 27
28 30 19
23 9 12
13 9 5
17 4 10
27 26 19
4 18 10
35 35 17
25 31 30
27 38 6
15 29 40
19 21 12
7 3 34
-1 9 31
39 33 43
2 32 7
20 25 11
20 23 34
33 36 27
37 5 38
34 7 8
9 34 13
26 -1 26
9 28 22
26 19 30
24 27 31
33 0 25
13 11 43
9 24 40
39 22 41
16 26 9
0 32 35
11 22 44
21 35 12
28 23 5
29 37 7
0 37 43
23 10 6
26 27 44
2 26 5
2 8 26
29 24 8
39 26 41
6 8 18
6 5 16
24 1 41
38 2 13
33 25 9
4 27 17
38 -2 5
-1 30 44
15 6 25
15 17 43
15 15 21
24 1 40
14 38 13
30 -1 14
10 15 27
0 7 43
7 11 43
7 32 34
0 -2 37
8 18 4
29 8 8
9 -2 7
29 36 22
-1 -2 40
17 14 13
6 0 19
2 22 32
11 2 41
10 4 9
39 4 28
4 36 38
11 35 23
37 10 13
34 15 38
8 9 7
20 5 21
13 11 8
25 5 38
39 17 38
16 17 28
10 19 35
14 1 18
20 16 36
2 36 35
24 20 38
7 20 4
29 16 30
1 29 13
7 32 15
37 25 4
26 17 40
32 23 44
14 35 13
17 23 25
30 16 23
18 3 41
16 22 5
4 31 10
26 2 40
22 18 9
1 19 14
35 25 6
31 11 17
11 36 21
32 29 38
30 16 6
15 10 21
36 -2 5
2 33 31
18 3 37
24 30 8
25 10 40
22 14 24
15 22 30
21 37 38
30 21 26
15 29 23
15 35 6
5 34 44
22 37 21
39 37 14
25 30 23
27 1 36
12 25 34
26 25 24
35 3 32
17 29 7
12 5 9
34 26 12
12 27 36
16 35 16
36 34 31
14 19 20
25 38 34
2 34 32
16 21 13
27 24 17
4 29 13
34 35 27
4 2 9
7 38 20
9 19 12
4 16 12
5 24 16
6 20 37
35 7 44
16 -1 30
17 31 42
13 18 35
9 6 22
29 13 4
19 28 44
4 -2 8
26 31 35
28 -1 28
33 10 17
15 28 31
9 22 37
30 18 14
4 21 15
5 2 33
7 26 38
31 0 34
30 35 5
20 0 42
24 18 28
5 18 27
16 24 14
29 27 13
0 8 5
10 17 12
12 0 35
29 -1 15
7 18 40
-1 -1 15
29 18 43
17 23 10
10 20 27
17 -2 39
24 18 4
20 8 13
22 1 23
2 11 30
35 9 40
13 18 40
31 3 42
21 20 43
22 31 32
4 30 8
31 21 29
3 -1 21
34 37 38
24 27 31
0 30 30
32 10 10
7 12 34
1 32 13
5 18 19
17 16 39
26 13 23
14 15 28
36 25 20
5 0 31
29 20 34
24 15 4
4 11 8
18 28 31
38 25 37
14 15 27
10 16 6
32 37 30
2 8 23
11 9 15
35 18 11
27 -1 16
13 35 21
36 14 5
0 9 24
33 38 28
28 11 6
20 5 18
12 36 38
19 27 18
2 13 31
7 32 38
20 22 15
33 2 36
8 9 30
39 38 19
16 28 38
22 32 42
18 -1 43
4 -2 25
14 31 29
23 15 38
28 34 43
6 10 30
20 30 31
26 31 27
23 13 8
17 38 32
10 37 44
2 26 44
39 33 11
27 13 23
5 31 29
4 26 37
8 38 30
7 16 26
4 7 34
7 34 36
19 5 40
18 11 29
37 16 31
8 28 28
19 16 42
25 0 23
34 4 5
6 18 43
21 4 42
19 17 6
38 2 15
27 31 17
34 -1 44
10 10 17
36 7 32
-1 13 35
3 3 28
35 20 36
3 21 41
35 1 32
6 32 41
23 9 31
5 38 28
0 3 36
2 35 38
1 10 26
15 5 15
9 17 12
36 -2 37
16 14 33
35 -2 12
37 20 35
37 32 37
38 33 41
35 21 11
2 30 41
15 36 28
22 22 27
8 25 43
8 17 42
39 9 43
18 28 13
12 32 8
30 33 14
3 -2 21
7 32 17
11 23 12
14 29 19
24 12 29
34 25 29
25 13 34
23 34 9
17 18 31
19 -1 33
15 36 29
26 3 26
12 3 11
28 3 20
11 28 30
36 10 22
15 38 13
25 19 23
39 24 9
8 28 11
7 22 15
27 2 33
-1 -2 44
39 25 26
4 1 35
1 5 37
23 13 18
19 -2 13
23 33 27
11 5 32
10 33 20
38 2 31
17 2 9
23 14 28
2 1 38
12 17 39
32 17 31
22 37 27
36 14 19
1 35 42
26 -2 17
0 12 26
20 -2 17
24 25 42
36 14 16
33 17 28
-1 10 32
22 10 34
39 27 21
24 11 5
34 33 17
25 3 11
30 28 40
17 -1 43
27 24 25
7 5 6
1 25 14
17 33 29
10 6 10
13 22 39
29 8 39
11 0 8
38 9 29
3 15 8
38 4 30
3 38 7
16 4 44
35 -2 6
37 17 24
23 25 7
4 31 21
16 22 32
7 23 44
21 18 23
19 37 28
5 -1 5
22 23 44
24 36 7
34 22 44
4 16 18
6 19 34
18 16 6
26 21 6
28 1 32
36 3 22
31 19 6
11 3 39
36 13 31
-1 13 32
15 11 21
20 37 32
3 31 32
16 28 37
32 22 4
0 2 4
24 34 5
26 20 39
1 30 36
36 18 19
24 4 19
32 -1 9
19 5 30
20 13 29
8 13 43
0 23 8
19 29 16
3 35 15
21 9 28
22 31 40
33 33 37
25 18 30
-1 35 7
8 3 39
16 24 19
19 13 16
2 18 30
5 29 28
9 26 38
13 10 37
20 26 21
38 28 11
5 24 4
27 15 11
9 33 15
12 1 41
25 16 23
5 34 30
21 4 23
32 18 8
19 36 19
3 33 23
12 36 30
3 19 13
31 37 35
1 17 20
22 29 7
11 22 7
21 21 32
20 34 34
14 19 30
19 36 9
32 30 39
17 38 43
33 16 44
26 38 4
23 3 44
38 21 39
24 34 25
10 27 36
36 34 17
21 8 31
20 22 33
39 27 8
0 34 39
28 28 37
28 2 18
10 17 7
18 22 9
22 16 24
28 29 42
6 11 13
32 0 11
23 25 25
29 26 38
22 27 40
9 27 4
-1 5 39
9 20 36
24 14 35
21 8 33
16 25 7
20 0 43
28 5 4
9 16 6
33 36 6
13 8 6
31 0 12
38 12 31
-1 24 32
15 30 10
34 33 18
13 7 16
35 16 19
19 20 36
10 36 19
23 36 34
6 26 13
4 29 17
17 17 9
29 -1 32
16 31 21
33 23 31
-1 38 35
3 13 6
24 33 16
25 4 14
33 22 15
2 0 22
29 34 26
30 8 13
30 15 27
22 13 37
6 37 18
23 12 16
38 30 42
7 -1 10
19 28 26
31 15 24
29 -1 25
4 31 44
37 14 4
11 32 26
11 16 33
2 29 34
39 7 21
10 -2 40
29 32 43
6 30 4
5 20 33
25 6 11
29 2 16
10 37 33
19 0 11
28 -1 10
14 32 38
36 4 11
18 35 33
18 36 18
31 33 23
6 24 36
26 6 30
38 38 19
12 37 27
-1 14 26
6 29 41
27 18 37
22 36 6
29 25 35
-1 17 25
-1 2 7
39 11 17
21 23 13
3 10 40
31 -1 40
38 25 22
35 19 17
20 31 44
18 19 37
12 12 5
11 28 18
23 32 36
37 8 14
30 14 40
2 31 23
32 16 22
11 9 27
6 31 24
19 19 16
21 26 44
3 12 11
-1 22 31
37 12 5
20 4 25
6 28 35
21 2 35
17 28 37
-1 -1 4
39 30 5
33 31 12
24 6 20
26 8 40
17 -2 27
30 0 21
34 32 8
17 3 15
39 33 22
30 33 11
13 8 19
28 36 22
10 -2 17
1 26 40
34 19 21
11 28 41
9 6 34
0 34 40
36 21 12
3 9 25
37 14 4
5 34 44
23 22 30
15 22 33
3 28 30
12 23 31
37 35 29
0 28 31
0 32 8
31 24 20
8 25 5
17 30 21
22 12 38
8 36 25
22 31 28
25 -2 39
0 32 29
8 16 7
16 19 30
10 4 29
33 30 28
24 16 7
37 0 37
18 17 30
34 29 41
24 14 21
11 16 19
4 14 30
29 37 28
16 4 44
15 25 43
10 0 28
18 6 6
12 38 4
9 10 6
33 37 40
1 30 24
39 34 15
15 26 37
1 38 25
24 8 11
16 19 24
37 -2 39
33 2 10
8 -1 38
-1 26 29
35 33 7
14 23 9
38 21 25
39 18 40
6 9 21
16 11 33
29 31 36
11 18 31
0 37 5
5 19 12
13 16 20
13 31 23
6 33 15
36 1 14
22 36 31
16 -2 31
32 7 17
16 12 23
31 3 42
22 22 42
39 32 23
35 34 12
27 22 5
14 33 34
28 24 10
28 -1 40
27 12 6
18 25 22
23 2 41
12 31 37
8 13 28
1 1 34
24 27 27
37 14 7
21 26 34
22 14 30
33 19 4
16 31 40
23 30 14
13 27 23
18 13 39
4 21 7
7 15 22
7 -1 10
27 31 6
7 -1 20
18 32 28
26 23 35
21 19 44
28 1 40
37 -1 23
31 18 29
24 31 4
33 17 36
18 10 32
16 37 44
1 16 36
25 1 32
26 1 10
39 25 8
4 38 4
33 4 26
39 -2 39
1 2 13
19 7 42
32 34 10
28 32 28
34 -2 36
36 7 29
16 37 10
14 38 44
13 5 41
18 -2 29
20 5 5
37 6 5
10 37 11
1 35 26
18 24 44
3 26 40
29 22 6
4 27 13
29 27 43
25 7 17
10 4 13
35 35 43
13 9 17
22 30 43
35 12 18
17 2 4
2 5 39
30 16 11
18 14 19
24 13 38
8 19 15
11 2 26
8 13 36
3 34 17
31 35 36
15 23 11
21 29 43
36 27 36
30 33 40
33 22 27
5 -2 40
24 24 38
16 27 16
23 21 37
39 34 6
12 25 18
27 4 8
31 25 26
16 1 18
32 38 29
8 12 13
0 8 34
39 25 12
10 0 33
37 22 14
16 22 37
10 5 9
19 -2 41
35 34 34
0 4 38
14 9 29
29 38 16
17 31 25
7 25 8
14 23 7
0 -1 36
18 1 8
7 21 26
39 21 27
18 1 37
-1 14 19
-1 33 28
27 0 7
25 20 29
6 25 19
18 7 28
3 1 41
1 36 40
31 38 11
22 17 41
11 17 29
10 18 13
8 10 11
36 19 42
2 29 43
7 3 25
38 26 8
15 25 41
31 28 28
4 11 16
29 10 17
11 33 19
4 11 23
28 1 21
17 32 5
29 0 4
29 6 28
12 19 10
3 20 34
19 20 41
37 33 44
5 17 34
18 15 38
31 29 26
7 29 31
32 17 7
0 -2 23
16 3 11
24 10 17
30 -1 38
5 19 7
29 5 9
-1 10 39
9 32 29
6 8 38
39 22 16
12 20 18
25 32 6
32 33 18
23 17 12
13 11 22
0 7 9
4 38 25
37 38 26
12 13 44
0 35 21
25 15 32
-1 15 23
10 22 37
1 5 23
29 29 17
34 23 30
19 6 27
22 30 7
5 6 8
20 9 32
39 15 26
13 19 18
2 24 35
16 2 19
8 32 19
4 38 26
20 11 23
14 -2 16
33 21 12
13 0 11
18 19 18
3 36 9
33 33 20
33 17 13
24 21 37
24 26 36
2 26 26
29 2 38
13 34 8
27 2 33
14 4 29
33 27 6
19 34 20
12 36 40
21 27 7
10 10 8
33 31 26
33 3 28
14 27 36
23 12 17
39 32 28
3 14 22
25 -2 36
28 9 42
8 29 27
9 27 24
35 4 12
12 11 31
17 13 22
10 22 14
4 2 37
1 21 26
4 23 33
4 6 43
22 33 33
1 36 22
34 9 42
5 29 21
27 16 27
25 28 16
20 8 38
15 21 38
21 22 27
19 31 18
33 6 15
19 6 38
22 16 14
19 32 21
36 22 7
11 10 36
39 20 35
27 1 21
35 12 21
8 23 42
-1 37 4
30 1 19
39 6 36
21 15 16
6 25 12
21 12 16
19 34 32
7 16 43
27 -1 39
38 27 41
20 23 28
15 29 15
27 37 34
22 2 12
29 20 30
10 38 8
8 30 39
13 6 26
15 38 23
37 31 9
4 34 13
17 37 41
2 14 25
7 38 40
5 33 41
36 14 15
19 35 41
36 32 31
21 18 23
8 33 19
5 21 37
25 32 17
31 -2 41
0 15 12
38 37 27
9 2 39
0 28 36
21 10 39
29 14 30
39 19 28
20 23 9
8 35 24
34 17 18
21 15 44
29 31 38
28 31 16
30 37 42
8 16 28
17 20 43
22 34 29
27 10 35
23 16 25
13 27 18
17 1 31
16 19 24
10 2 27
6 11 9
27 1 23
24 29 40
17 7 5
19 9 4
19 10 31
12 22 9
16 13 9
27 20 29
1 38 40
4 2 26
16 36 18
36 10 44
20 12 9
6 1 27
16 24 27
37 5 39
28 1 20
29 34 35
26 32 31
4 33 17
32 9 44
28 6 10
23 30 26
4 16 14
10 15 38
-1 16 42
12 23 24
34 21 11
37 21 34
0 17 20
23 19 22
11 27 37
38 2 24
23 10 17
32 19 11
24 0 5
31 21 18
4 37 22
2 37 43
30 1 28
23 4 38
30 15 40
23 31 38
39 11 19
32 28 12
30 38 13
21 20 6
11 -1 28
6 29 8
32 17 39
13 15 34
21 6 9
6 18 16
15 27 31
6 10 20
19 13 39
33 5 44
32 36 19
14 29 44
32 8 7
34 11 36
11 3 31
39 9 24
5 28 33
37 30 35
0 32 35
22 1 19
37 -2 43
33 11 24
33 11 5
25 20 36
19 25 6
36 33 20
14 27 35
38 28 38
30 38 38
9 21 38
11 23 41
37 -2 22
22 32 35
39 20 11
20 1 19
24 22 23
37 3 25
-1 4 36
23 23 42
10 28 22
22 32 32
-1 11 42
20 -2 28
22 29 16
0 20 37
11 12 16
29 9 36
2 24 19
2 22 44
6 5 27
13 33 24
15 30 43
15 9 18
16 15 42
8 24 13
11 27 24
34 33 29
1 3 37
31 37 40
32 34 24
0 26 5
110 41 12
85 51 6
93 42 18
92 72 2
81 59 10
85 54 -12
76 73 19
71 35 16
97 74 -3
94 35 19
90 62 1
108 71 -13
93 48 -6
82 60 16
101 47 8
74 65 -17
71 70 -4
94 34 -14
91 64 15
96 59 5
106 46 -8
80 66 -8
105 37 -1
109 41 -10
104 48 2
107 42 11
79 54 16
107 45 -1
102 60 11
72 42 -6
110 34 -12
105 71 9
87 51 -5
73 71 -9
88 60 1
96 47 3
97 49 -17
98 70 -7
104 55 -2
109 61 -9
74 70 -9
103 70 7
94 52 -13
103 54 18
111 55 -2
87 47 -16
72 58 0
72 55 -2
108 72 -13
96 55 -3
93 35 -9
81 74 -14
87 35 15
104 57 -16
78 47 12
106 45 19
111 43 4
78 64 -14
100 41 11
77 71 10
72 63 -15
74 37 9
77 37 19
82 56 5
103 54 -11
85 49 13
105 56 4
76 60 3
108 66 1
72 42 -5
85 51 -16
87 74 2
76 49 18
75 49 10
89 44 -15
71 72 -12
101 36 -9
80 67 7
88 52 21
110 68 -16
107 56 -4
75 40 -7
102 68 -1
80 34 19
94 63 -12
111 56 7
98 63 16
96 65 19
83 47 -3
92 65 -17
90 74 -2
110 60 -19
87 34 -1
76 73 21
102 36 1
75 72 3
107 36 -5
102 47 -19
108 56 7
100 68 -10
108 58 -17
103 41 -18
99 34 6
91 66 -13
83 62 1
80 55 10
97 56 10
108 35 -6
89 39 -2
74 48 7
86 50 -4
91 65 21
77 74 16
82 43 -19
99 73 -6
71 73 -16
82 68 -16
109 49 -1
92 64 -6
97 42 -4
102 60 6
87 35 8
74 72 -12
89 47 16
90 71 5
87 68 -11
82 44 -5
97 45 -16
74 54 19
87 52 9
76 73 8
97 35 19
74 36 -3
75 58 -9
71 52 20
100 42 15
92 38 -7
100 35 19
75 71 6
96 47 8
89 49 -11
92 46 -12
109 69 20
104 68 7
72 58 -17
90 70 0
85 41 1
74 37 -11
102 57 15
80 64 17
105 41 -10
109 74 11
110 50 -7
71 62 20
73 61 21
97 51 21
82 56 8
99 47 -7
82 37 -6
81 59 19
83 55 -10
79 65 -3
86 53 -14
79 66 -11
78 50 15
98 56 9
86 74 19
83 41 -1
96 67 19
98 35 -2
90 69 11
84 69 4
103 63 -15
76 44 19
92 34 -2
106 65 -15
84 58 -15
80 35 13
106 67 2
77 50 -6
110 55 -9
104 68 -5
84 36 -10
106 40 7
104 73 8
75 37 5
73 66 14
97 57 -16
73 64 -3
93 44 -18
73 63 -9
81 62 12
100 74 3
81 55 20
85 61 -2
103 62 20
101 57 1
100 65 11
111 74 2
89 47 -3
89 46 -15
105 35 19
78 60 7
73 67 16
71 60 -1
105 73 -2
91 38 -2
71 63 -12
78 53 -4
96 64 3
107 41 -4
80 62 4
104 72 0
111 65 10
92 61 -19
93 38 -19
110 54 -17
78 66 -9
78 58 5
102 54 1
111 45 -15
104 51 11
97 48 13
73 71 -11
78 56 -5
88 64 19
85 60 19
75 66 13
81 52 -3
97 36 -4
78 50 -13
74 48 -5
90 50 14
99 48 -1
93 63 19
83 50 5
87 72 -6
74 74 -11
100 53 -11
76 68 3
100 42 -1
105 63 10
109 34 13
99 39 0
97 61 -6
93 67 -1
102 70 14
73 48 -10
74 57 -4
74 66 -2
74 41 8
96 46 -4
77 56 -12
109 38 20
105 69 13
71 34 4
107 70 11
108 55 -6
71 34 -17
81 45 -15
75 72 -3
96 38 -3
95 34 16
84 67 -8
77 57 -11
82 42 -7
99 42 -19
90 66 -1
104 70 11
99 47 -3
98 48 -7
109 60 21
72 59 19
83 41 -4
111 69 0
92 69 -8
96 49 -3
96 68 -19
91 46 15
109 37 21
81 42 5
77 53 0
81 54 17
75 37 -19
75 35 -6
77 59 3
90 49 -17
88 49 21
91 37 3
105 45 0
101 44 -2
77 61 -15
74 49 -3
76 43 12
101 70 -10
103 40 18
107 66 -5
77 69 -16
72 55 10
86 34 14
72 56 -11
82 72 19
86 40 2
73 65 -1
109 49 18
104 54 4
71 68 14
77 47 6
107 53 -10
110 50 -15
74 59 9
82 49 -19
101 67 1
94 49 8
79 37 4
71 68 -14
108 73 5
94 71 -4
108 46 12
80 71 -10
98 45 -6
87 52 -12
99 48 0
87 58 -2
97 53 -10
100 34 10
89 41 9
95 68 -4
95 60 19
94 53 5
100 38 -17
81 46 2
85 38 8
75 45 -19
79 34 6
110 71 -18
105 51 -8
71 51 -11
87 46 3
79 61 -8
80 64 17
92 57 20
102 63 -17
78 45 9
84 57 9
104 69 16
96 41 12
94 49 -13
72 67 -17
93 65 -17
97 72 7
109 34 2
94 42 17
88 52 0
71 58 -14
92 35 -17
78 74 -3
102 49 10
100 60 -5
104 73 -6
79 63 -4
80 60 15
94 41 13
79 68 -3
106 64 5
85 69 4
102 51 -6
103 74 10
111 63 -17
110 71 21
83 70 6
85 44 -12
74 34 0
73 35 10
107 44 -11
87 40 -13
85 59 2
92 58 20
90 42 14
104 34 -1
108 44 21
82 46 -9
96 36 -3
93 52 1
93 60 0
110 52 6
97 63 -11
105 49 -5
104 34 9
93 34 18
85 34 19
108 68 20
79 36 6
91 44 10
94 71 -19
89 35 -11
88 62 10
109 71 -11
88 39 18
102 59 21
95 40 -5
83 58 -2
100 34 -19
96 68 -17
80 35 10
92 58 -4
87 51 1
97 69 -15
71 39 18
89 67 -14
96 65 13
72 46 -2
100 60 -16
95 38 9
80 42 10
93 38 10
89 46 -12
96 55 9
87 51 0
76 45 20
78 72 10
100 72 -13
90 34 14
110 67 19
106 43 3
71 61 18
99 71 14
79 54 9
82 62 18
76 64 -7
84 53 15
87 61 -6
91 62 12
95 52 13
92 58 -1
88 58 -16
96 61 -1
77 61 4
95 40 2
103 65 -9
91 54 -11
86 43 -12
88 50 13
95 68 16
107 44 -11
91 45 -8
103 65 -11
74 48 2
93 69 7
95 73 17
77 61 7
79 46 12
101 58 20
108 36 11
75 57 13
90 40 15
104 47 -15
89 39 -9
97 69 -18
106 42 -3
91 56 19
94 40 13
78 43 -14
100 71 -15
95 35 -5
90 55 -2
81 70 -5
111 46 17
102 55 4
78 43 5
91 70 -8
111 61 -1
74 48 14
92 42 0
96 40 -17
75 43 11
77 37 16
93 44 -5
76 44 11
103 57 17
101 67 -14
78 48 -15
110 35 17
78 64 14
80 51 1
87 58 -8
111 55 9
104 69 -1
74 70 -8
103 50 18
93 39 1
72 46 -3
110 49 -6
103 47 9
86 62 6
86 43 20
90 51 -8
83 72 -12
102 68 -14
83 53 6
104 40 -3
96 57 -9
82 59 11
87 50 -10
78 74 -6
95 74 6
89 68 21
97 36 0
109 38 -7
106 49 -11
92 57 -19
73 35 -8
73 61 -11
102 39 -17
98 40 -17
94 66 -19
91 57 9
79 35 -2
80 59 -10
79 42 15
95 44 -14
72 46 -1
98 56 -2
75 72 18
82 50 13
99 49 -12
79 48 15
98 46 21
90 53 -17
75 71 15
78 52 14
109 66 6
108 35 -17
72 39 17
82 56 1
73 68 -8
100 67 -18
73 36 -5
74 55 -13
72 62 -10
111 53 -9
108 62 -7
83 67 -7
91 56 -16
92 42 -10
91 37 6
77 64 9
94 60 20
98 53 4
80 57 16
77 46 15
110 54 16
89 45 20
82 57 20
97 56 -14
86 53 4
104 72 4
79 42 2
87 66 21
73 55 -1
92 63 7
100 69 3
87 50 19
81 60 -6
79 62 16
84 60 3
90 56 7
101 49 -10
88 51 -12
109 35 -10
84 69 6
98 43 14
99 50 -19
90 67 -10
108 59 0
87 73 1
73 53 19
72 39 21
100 73 -15
90 40 -17
107 57 -19
76 48 -6
108 35 0
84 70 -6
94 58 -2
100 73 -10
93 52 -16
95 60 -6
99 54 -11
79 40 3
99 62 18
92 55 5
98 65 12
111 49 12
104 67 20
90 45 -8
97 73 6
84 41 13
90 50 -19
83 73 19
97 59 2
75 38 -12
111 60 16
75 60 -6
91 68 -18
100 59 -3
97 44 3
75 54 -18
92 40 -12
81 43 -3
103 48 -13
77 44 15
101 66 -3
109 71 6
105 64 -7
101 72 -18
75 51 -7
107 46 0
75 51 12
108 43 17
94 47 -1
111 69 -11
94 46 -18
74 42 -16
84 72 -9
81 62 -4
96 54 15
97 58 -9
78 63 12
93 53 -11
77 56 8
89 68 -13
106 71 20
80 65 -11
86 63 -5
109 41 -2
88 41 8
85 62 -9
91 42 14
79 45 6
97 71 -4
93 35 -13
101 56 -2
100 68 21
101 42 13
98 52 -18
93 40 14
91 46 10
93 64 4
77 44 -6
106 41 -1
99 68 -13
78 67 8
107 59 16
78 50 -13
94 53 -16
89 43 16
110 73 -7
91 54 1
103 58 -16
107 72 19
82 35 9
75 40 17
95 37 -13
85 47 6
85 57 -17
76 71 -1
89 37 -16
83 35 -5
110 34 16
98 63 -11
73 69 -17
98 52 7
107 47 4
97 41 -15
101 68 -14
88 51 -6
95 55 -2
92 68 11
107 61 10
102 70 -16
86 36 -16
99 53 7
92 70 -9
110 41 -9
92 37 -16
108 41 10
93 70 -18
99 66 -10
79 40 6
73 41 -18
104 44 13
90 59 2
83 73 6
110 35 -5
86 72 -11
107 46 8
83 45 14
109 67 2
92 66 -15
92 52 18
91 67 -1
111 34 8
78 36 16
81 68 14
111 42 -8
99 71 -2
92 66 21
86 73 -16
108 50 -16
78 39 8
94 52 -18
107 59 -15
111 49 11
73 52 17
106 71 -6
94 56 -9
109 56 -14
93 69 -3
72 46 -12
94 37 -1
80 63 10
73 45 16
78 54 15
92 59 -3
73 61 0
80 58 4
79 53 2
102 43 2
72 36 -13
107 53 -14
96 50 -8
77 65 1
76 48 13
104 58 20
95 58 3
86 36 4
78 38 10
111 74 -14
106 68 13
78 42 11
83 68 -11
102 34 -8
95 64 0
72 71 -17
84 50 -10
111 67 15
104 57 2
94 37 -3
84 73 -3
93 34 17
109 64 -4
111 70 16
94 61 -11
98 52 -5
84 58 9
98 44 13
76 50 5
93 51 2
91 49 16
90 73 -8
106 65 -9
84 55 -9
77 52 -17
109 52 -8
75 67 -1
108 67 14
89 73 16
107 48 -8
76 53 7
80 47 4
107 35 -19
82 56 -13
109 47 -11
86 65 2
106 44 20
110 68 17
76 54 -17
110 73 21
101 39 14
105 62 -15
83 42 4
75 61 14
77 49 15
76 59 -8
86 63 11
109 61 -18
71 61 -6
104 34 -1
85 63 20
96 67 21
110 61 2
79 37 11
102 53 12
81 54 -17
84 69 -15
91 59 10
95 74 8
110 35 -16
95 67 -3
111 37 -2
109 67 -9
111 70 -15
86 66 17
75 35 -9
79 64 20
89 42 21
90 69 -12
77 36 -1
79 61 7
72 34 4
81 64 4
103 39 -16
110 40 -8
105 63 15
75 46 -6
83 44 8
77 57 -18
91 44 -6
101 68 2
90 62 14
102 71 2
79 51 5
99 63 -13
104 37 13
94 39 14
94 51 2
104 42 -14
87 49 15
100 45 -7
91 57 -11
81 66 16
97 36 10
74 56 -4
81 60 3
111 64 -17
95 61 12
111 56 -11
80 59 11
87 43 3
75 71 -16
81 49 7
94 60 12
90 35 -2
76 62 21
111 73 0
107 37 -12
87 59 12
98 74 12
78 54 12
85 51 14
111 41 11
92 50 10
102 54 19
72 68 -2
105 66 14
88 62 10
91 69 12
111 69 6
88 71 -3
78 47 11
80 37 -8
95 35 -4
83 70 9
97 36 -15
79 71 11
99 45 -3
96 57 20
72 49 9
88 58 17
77 72 1
85 54 7
96 60 -3
88 64 15
85 65 6
105 53 -8
107 54 6
111 74 -19
73 68 16
105 48 4
94 48 -15
88 60 12
80 44 16
101 53 -17
108 43 7
84 53 -13
89 44 2
73 41 2
77 48 -2
94 58 -4
75 54 13
79 66 0
100 35 10
111 41 4
82 66 1
105 63 -19
107 72 3
106 56 5
95 54 -11
88 57 16
102 62 17
101 56 -4
100 72 -19
87 34 -10
79 37 5
98 54 -12
91 43 -16
99 37 10
104 73 -7
84 66 -4
74 36 1
85 69 16
91 55 -1
84 69 -13
105 52 15
91 54 0
79 47 -12
86 56 -14
83 57 -12
96 34 -9
109 69 -16
71 47 11
77 62 -19
94 49 -13
102 37 -19
94 62 -3
104 62 -10
104 58 17
71 57 -14
105 57 -15
89 71 0
97 74 1
77 37 -19
83 50 17
93 55 7
96 51 -5
71 65 17
76 49 -7
83 37 -19
83 51 0
76 36 4
72 55 10
78 65 16
107 72 15
74 70 20
102 43 -12
83 44 11
81 65 -1
101 71 16
75 37 15
84 41 18
98 35 -12
99 43 12
80 51 13
110 36 -15
93 48 6
74 65 7
84 36 7
111 42 -4
92 52 -9
86 46 -13
106 70 -10
93 73 11
80 59 10
84 62 -6
83 45 15
105 48 -10
98 71 -16
86 54 4
99 61 5
82 47 17
83 35 19
75 39 21
74 37 -13
94 60 18
74 60 1
89 52 16
90 67 17
92 41 18
95 52 -19
78 51 -14
107 47 -11
108 49 -18
78 61 0
74 43 7
109 53 0
77 49 -15
71 42 12
100 35 -16
74 53 10
88 74 12
88 62 20
97 54 -18
74 61 14
106 63 11
85 73 11
97 57 -16
103 41 -10
80 41 4
94 74 -4
72 67 1
76 64 11
98 47 21
104 63 -17
80 64 -9
110 63 -10
87 64 -2
83 73 -6
81 73 6
79 34 17
79 51 20
107 58 13
91 53 9
109 59 1
107 36 -18
101 54 5
74 37 1
77 55 20
99 71 -3
91 36 -3
105 58 -11
83 47 -17
107 49 -10
111 59 -11
80 57 3
81 48 -8
105 46 5
93 65 1
89 68 -17
102 40 6
89 51 2
110 38 -16
110 64 0
71 47 -4
96 64 -5
74 36 18
78 57 9
93 50 16
76 46 -13
93 36 -8
75 68 12
99 45 -19
90 47 13
71 53 12
101 36 5
98 55 13
87 38 2
98 35 14
91 45 -14
77 43 -2
86 52 16
79 43 6
78 69 10
75 38 -19
86 49 -12
71 71 4
92 41 3
105 46 16
77 63 11
106 61 -13
104 59 -12
98 51 -16
108 35 3
111 36 20
87 67 3
103 70 -12
83 53 2
105 70 -10
89 69 4
84 35 -4
99 38 -4
109 47 16
83 56 14
111 46 7
108 62 14
75 36 -6
94 61 -12
105 52 -4
99 35 -15
77 71 -9
95 53 -6
102 40 11
97 36 -18
102 36 0
96 37 17
110 52 2
73 44 19
81 68 -1
107 52 -3
103 58 14
107 72 11
74 52 -4
100 55 -15
78 62 20
78 42 4
104 65 -14
90 44 20
80 39 -6
76 57 -16
107 66 -1
80 60 -7
90 34 21
107 61 9
107 50 12
106 34 -7
85 46 -14
76 46 -1
78 68 -5
89 65 -12
92 65 2
89 36 2
72 48 17
83 42 -3
90 66 -7
81 40 19
110 61 -18
104 34 6
71 59 9
103 68 -7
105 74 1
73 59 -3
87 40 -10
108 71 11
73 43 11
91 69 -3
73 47 12
108 39 -9
95 46 -14
93 52 -18
85 67 -14
99 43 6
102 70 -17
89 51 -19
75 42 10
81 53 15
92 58 -12
93 49 5
109 55 11
82 40 15
108 52 -1
111 47 -18
90 34 1
109 69 -10
80 54 -1
72 68 -1
89 44 -11
83 72 -17
107 68 7
109 54 12
96 61 -16
86 52 -13
99 57 21
85 48 17
87 49 1
91 55 -9
86 48 -19
101 74 4
92 64 -10
85 69 15
88 35 -17
104 44 4
77 37 4
87 58 -14
72 42 20
88 35 -8
104 48 -17
95 61 -13
79 45 -11
82 36 2
91 70 -16
104 57 -16
88 71 5
94 71 1
79 68 18
103 63 2
86 54 -16
78 44 2
77 37 -18
82 70 -16
111 68 -3
87 39 17
81 36 19
88 36 -13
89 57 -6
74 46 7
108 74 -5
98 45 -1
100 43 -4
82 43 16
109 37 20
96 38 10
79 64 6
93 57 1
79 69 -7
95 45 21
84 35 7
110 51 3
82 50 2
106 50 4
109 40 -1
82 45 -16
76 57 12
77 72 3
85 47 -14
101 43 10
88 60 20
83 43 -9
100 57 -14
97 66 1
86 51 -2
107 74 16
82 56 -18
95 66 21
106 70 -19
72 57 17
74 71 -17
89 40 -2
86 38 -16
87 45 4
95 64 8
88 71 13
105 62 6
98 74 6
110 48 18
94 64 4
102 64 4
76 37 -5
108 63 -3
76 38 20
105 55 5
89 45 -15
110 56 -2
105 34 -7
81 44 -2
79 36 11
94 65 -18
97 73 -17
87 35 15
82 56 11
78 42 -8
88 54 8
98 36 5
90 51 7
108 69 -16
106 45 -17
90 52 4
79 59 11
98 51 1
88 55 -8
90 35 8
74 43 14
106 34 4
99 54 5
103 68 -11
89 50 -19
95 39 19
111 59 -12
78 69 8
105 67 -18
71 70 -15
86 63 -15
111 65 0
111 61 4
82 45 21
77 42 8
106 34 6
82 62 -18
91 52 11
75 72 5
95 35 -18
76 57 -5
76 45 2
85 34 21
97 67 2
107 63 -11
99 67 12
88 61 -12
94 50 -19
91 63 -1
91 62 8
96 39 -1
71 43 10
75 57 -2
80 45 5
94 64 -6
98 42 5
87 55 -17
95 40 -7
83 39 -6
80 67 21
102 48 12
87 41 -14
106 45 9
82 36 -5
85 74 8
106 34 -13
111 50 -4
84 50 -16
100 47 -17
96 74 5
71 52 -13
73 52 -3
87 52 19
78 55 12
92 45 15
106 41 15
103 63 -12
78 67 -18
86 62 2
77 44 -14
74 48 13
104 40 6
103 41 13
99 68 -2
101 48 -18
78 56 16
105 64 19
77 66 21
101 70 8
104 49 19
81 62 -9
76 48 -12
92 34 -4
109 62 6
102 68 18
101 41 5
84 62 -2
109 65 20
99 52 21
74 64 -8
99 38 13
71 39 -18
89 71 -16
106 42 5
100 40 0
89 38 18
91 34 3
77 41 -8
93 58 -18
102 56 13
75 60 2
97 74 -11
109 63 -4
101 38 -14
82 48 3
103 63 -5
99 62 -19
92 68 -19
91 53 -13
107 53 -8
109 52 11
86 59 6
96 40 8
76 63 -18
101 59 1
84 47 4
88 62 -19
88 66 18
104 38 -19
108 55 -12
86 57 -10
87 54 -2
93 51 8
104 37 7
98 56 -8
110 64 4
108 51 14
90 44 -19
84 39 -9
73 48 9
87 67 -16
101 68 -11
97 73 -14
101 69 16
98 46 18
95 45 17
72 34 -1
97 46 -5
71 72 -17
72 63 0
77 61 15
81 70 2
87 59 -16
100 36 4
97 63 10
99 43 -7
103 38 13
76 48 3
108 52 -14
89 71 -5
106 44 -11
111 61 -17
108 51 -15
78 57 -7
78 68 2
91 41 10
93 69 13
98 71 20
84 44 1
76 41 -16
96 53 11
85 46 10
99 44 21
92 45 19
84 75 3
108 81 9
100 73 -13
82 66 18
112 58 15
107 56 17
109 69 20
79 49 6
107 44 -9
116 61 -3
117 65 -15
88 70 12
112 56 -5
84 58 8
95 57 -9
90 66 -11
107 59 -13
83 75 -6
85 42 -3
96 58 13
95 68 12
87 49 -8
108 62 14
117 48 3
112 64 -12
109 80 10
117 45 16
98 51 -8
95 81 18
106 77 -8
80 80 17
81 76 -15
111 74 18
103 73 -1
79 79 -8
115 55 19
79 44 0
80 73 -17
91 79 6
108 62 -12
78 54 6
102 68 -11
106 76 13
106 80 3
100 45 22
107 58 16
90 58 3
79 55 16
117 46 -3
98 43 -6
88 65 -13
96 68 17
85 79 -16
88 67 -4
81 62 -10
91 55 -6
112 69 -1
103 43 -16
106 81 -2
106 75 13
84 56 20
94 54 -10
100 80 11
111 66 1
101 51 -10
97 48 10
78 43 21
88 42 -12
93 78 14
115 70 11
92 74 8
104 54 -4
80 81 22
93 59 -5
112 67 20
112 50 2
98 75 20
102 79 -9
91 76 -13
79 69 3
84 82 -1
104 75 8
117 61 -16
97 72 -3
94 51 6
105 72 -8
103 79 -5
96 51 -10
107 63 -10
115 68 -2
88 75 -18
94 68 7
113 52 -14
107 44 5
77 63 10
98 75 16
114 54 16
95 59 -11
81 48 15
77 81 -8
115 59 -9
105 64 -17
96 74 -17
105 55 0
91 54 2
105 43 -11
85 59 -9
115 45 21
116 64 8
83 48 17
113 63 14
98 73 10
108 77 17
85 68 21
112 62 -1
110 76 -16
95 67 12
82 56 19
77 58 -4
79 67 -17
98 73 20
92 68 15
83 64 17
88 67 9
106 46 -5
108 51 18
112 66 6
116 57 9
116 60 5
88 63 6
85 45 19
94 52 4
78 51 -5
85 50 16
113 48 20
80 54 4
109 69 17
79 51 -3
117 56 9
99 51 -17
96 68 -12
92 62 8
110 62 -8
114 45 -7
89 80 2
85 81 20
83 43 21
114 55 16
110 53 11
82 58 5
88 51 11
89 46 -9
115 70 -8
111 60 -4
107 71 19
79 52 -1
79 71 12
116 67 -3
110 70 -17
89 81 9
79 79 -18
86 61 16
86 79 2
83 55 2
80 81 19
83 51 -14
93 61 10
82 80 -8
78 76 10
88 73 -15
107 53 -16
93 53 1
116 63 20
111 72 16
78 81 -9
94 54 -8
88 54 -3
100 47 9
105 51 21
78 78 2
79 62 -10
96 52 8
98 65 18
90 47 15
113 80 0
95 63 3
86 67 15
108 51 9
102 74 -3
102 61 2
83 46 -1
91 52 -6
81 73 2
87 78 20
77 62 21
112 60 -10
101 45 0
116 57 -16
83 72 -17
97 47 -6
80 81 16
105 79 9
98 76 15
91 67 5
104 46 17
112 78 -17
97 65 8
77 72 -2
107 58 6
105 77 6
89 65 -7
101 71 2
85 44 22
95 57 1
97 57 -9
90 65 -6
88 48 -12
98 58 2
109 57 13
85 42 0
101 77 -13
84 71 20
86 63 -15
101 44 18
104 42 20
81 74 -8
108 77 15
93 79 -16
83 66 15
81 75 0
113 81 1
117 82 3
78 80 -10
99 68 -11
102 58 12
98 51 -18
93 49 -11
96 77 -3
77 71 1
115 79 -14
111 60 -6
110 71 11
99 49 -16
88 57 -18
90 52 10
103 70 -10
93 64 17
80 47 -16
94 54 -3
87 61 -15
109 70 10
105 77 6
83 42 21
117 67 2
79 48 -15
100 54 -3
83 74 15
77 52 6
116 78 -11
89 53 4
106 43 0
116 80 2
95 60 3
110 82 -10
91 63 22
104 65 -10
89 69 -11
96 60 -3
90 67 -12
112 70 -4
91 62 -13
100 48 -15
92 65 4
99 47 13
107 71 -15
114 47 -10
95 59 12
100 81 16
103 60 16
83 81 -8
80 64 -11
79 49 11
109 79 11
94 56 22
115 75 4
90 49 11
81 43 1
86 74 12
95 45 -14
110 56 9
102 56 -6
96 65 -9
101 70 -9
108 79 -7
96 61 17
117 49 14
89 78 13
117 57 14
93 77 18
113 51 -8
86 66 19
91 75 -6
84 54 -15
110 42 2
92 43 20
87 49 20
82 70 10
94 75 2
81 72 21
103 63 14
116 50 4
88 51 6
89 64 -12
92 76 4
114 58 -17
88 57 16
85 77 12
107 55 -3
114 70 9
101 52 10
82 44 10
96 48 2
104 42 -14
102 68 18
97 52 3
104 72 -13
109 45 19
116 66 -17
102 64 17
114 77 1
99 53 -14
84 43 -14
106 71 0
116 54 -9
101 71 18
96 58 20
111 59 9
91 49 13
90 52 -18
83 56 1
107 44 -7
100 49 -2
113 67 -13
95 52 2
84 63 -11
77 72 9
83 80 -18
86 63 -2
87 68 -17
114 73 -12
91 76 -4
88 59 -5
114 53 -12
89 54 10
92 72 5
97 81 -18
114 63 19
110 58 20
96 51 15
91 48 21
95 60 18
91 59 21
79 42 -16
87 49 -14
107 46 -3
110 80 -1
114 78 -15
110 62 -13
110 60 7
116 60 -10
98 78 13
117 51 -18
78 69 -15
107 47 -3
112 53 5
102 54 -2
88 65 20
105 51 -5
115 68 -10
104 69 10
95 46 19
86 75 -2
78 52 6
115 80 9
85 67 -2
97 44 17
91 52 17
94 72 14
78 80 -16
114 69 12
83 72 0
111 77 -15
116 80 16
77 72 21
104 49 7
100 56 7
94 81 -9
99 65 -10
91 74 -18
106 65 7
94 73 -1
107 46 12
115 54 -7
90 44 17
110 76 -16
115 72 7
110 80 -14
109 50 6
78 74 17
99 82 -15
110 67 20
110 66 -9
86 70 -13
98 42 10
112 65 -12
82 69 7
114 52 -5
83 58 -17
103 54 12
110 81 -7
95 59 -15
105 71 -2
99 52 8
78 50 -14
79 52 -1
92 42 13
79 57 3
80 70 2
77 46 -1
77 51 17
89 77 -16
103 51 13
96 46 -17
102 60 18
103 56 14
95 69 -15
92 78 13
106 74 -11
109 65 -16
100 60 -12
84 54 -17
82 43 7
98 64 21
87 66 -14
99 79 -17
77 51 12
99 53 1
94 76 6
106 43 -9
81 77 6
109 50 22
80 66 9
98 61 7
79 44 22
104 57 8
78 47 -9
89 45 22
112 72 -6
100 48 18
79 54 -13
114 55 21
94 57 6
114 60 10
116 67 8
105 82 -6
109 69 -9
116 51 20
114 66 7
101 80 13
101 58 9
89 66 6
115 55 18
88 47 11
98 71 17
87 44 18
92 65 -4
98 46 -10
89 69 -13
106 80 9
88 62 2
90 58 -11
78 79 -1
110 62 -18
94 73 15
114 66 13
106 81 19
92 68 2
88 42 5
82 53 -5
88 78 -11
108 43 -3
91 82 -14
116 42 -8
100 78 -12
112 66 15
105 47 -8
116 82 10
100 73 11
78 57 15
94 61 12
82 75 19
78 57 2
77 55 3
90 58 10
117 60 5
112 65 13
78 70 -15
98 75 10
87 70 -15
114 51 4
92 59 -7
95 50 -6
90 58 -7
86 68 22
86 72 18
78 70 7
93 59 -2
106 82 -11
80 82 -4
111 74 16
107 52 -13
77 42 -12
99 52 -11
102 42 8
111 74 6
87 54 -1
77 66 0
94 69 19
84 44 1
85 64 6
100 46 -16
82 67 -13
97 67 -3
94 44 5
108 57 7
80 55 -4
113 52 -12
117 65 -15
104 64 -7
115 73 14
94 64 15
99 75 -6
84 82 -11
113 75 -10
95 56 19
111 48 -15
93 65 1
113 74 -15
104 51 15
112 65 -2
116 57 7
96 81 7
90 79 -6
99 50 5
96 42 2
92 48 -1
101 82 -12
103 66 -6
96 49 -12
103 47 7
78 44 1
92 58 -18
95 45 -9
103 64 -2
83 57 8
93 51 -4
106 63 3
95 42 3
105 75 -16
110 64 -11
106 42 11
77 62 -9
108 61 -2
105 46 4
95 46 -9
79 60 -14
92 54 -13
99 77 15
99 66 12
93 64 13
96 46 -6
104 79 -6
95 63 20
100 62 1
99 81 21
102 52 16
116 65 6
115 67 3
97 63 -12
93 75 2
95 60 -1
78 57 19
88 70 -12
81 51 -7
95 61 3
88 66 -2
87 54 16
85 52 18
93 54 -5
89 62 -9
104 48 3
87 42 21
102 73 -10
88 63 -3
115 45 12
96 43 3
115 57 -2
89 72 -5
99 49 8
112 54 -14
83 67 7
87 80 0
82 45 -7
111 69 -10
87 48 14
87 47 -1
91 71 4
94 64 21
110 58 -13
108 52 -3
85 52 -2
90 46 20
92 64 -17
105 60 -3
108 61 9
87 68 -15
89 55 14
97 74 -1
92 72 -15
82 51 7
91 77 -18
110 73 -13
114 76 -10
86 67 20
116 73 -18
87 67 -12
79 63 -7
106 46 -6
105 68 -8
99 44 -5
89 71 4
91 70 0
79 71 15
79 67 1
110 77 11
104 42 -10
96 44 -13
84 43 5
105 52 16
83 64 -14
79 71 2
101 54 3
106 58 -3
100 60 -10
95 75 22
82 80 -7
108 54 11
109 52 10
82 76 1
93 66 12
92 79 -9
105 46 13
81 44 2
80 64 19
111 66 6
110 63 19
109 82 -9
97 68 16
101 48 19
94 66 -3
103 51 5
92 42 -2
117 70 -15
102 57 16
107 49 -18
110 64 8
85 64 4
111 52 -15
112 79 -7
96 58 12
111 69 22
117 44 -4
77 60 -14
78 59 -4
88 56 19
109 63 18
103 49 17
116 45 7
97 64 5
105 60 2
98 56 16
104 66 4
107 62 9
78 74 6
89 74 -7
88 42 -8
104 61 -1
92 80 15
113 45 14
95 66 0
83 82 12
101 81 14
87 45 16
84 68 -13
108 44 5
109 69 13
112 70 11
92 45 -5
104 53 -5
106 63 20
87 59 11
91 46 14
96 73 -18
80 50 -6
117 50 16
105 58 8
108 80 2
88 42 22
93 50 -10
101 73 -6
103 54 0
109 72 -5
77 43 12
78 42 -6
113 48 17
96 79 10
105 79 -12
96 64 13
104 80 -13
111 46 -8
84 68 -3
94 72 10
99 71 10
101 63 -15
114 60 13
78 70 -18
116 55 -6
94 51 1
110 77 4
110 65 15
98 67 -3
91 57 -16
77 70 15
96 78 -3
96 55 9
82 78 12
103 55 17
106 72 7
106 44 6
94 77 16
111 81 -18
115 62 9
95 63 11
91 62 11
111 77 17
115 79 8
94 72 -6
81 80 12
80 54 3
89 53 -13
113 42 -16
107 79 -13
96 76 21
89 55 17
95 77 -17
103 53 19
109 70 5
102 80 -10
83 53 -4
114 73 -18
88 62 -5
115 56 16
90 80 6
85 46 0
117 53 -8
80 72 -5
100 50 -12
99 71 13
99 49 -10
82 73 -13
109 77 16
80 63 -5
95 44 20
93 52 -9
91 56 2
83 68 6
94 67 -4
109 61 4
77 69 2
104 73 -5
98 78 18
94 60 9
90 49 1
86 59 17
94 64 4
99 49 4
105 77 17
97 77 8
112 43 -15
81 66 6
92 78 1
95 62 -5
77 58 -5
96 46 2
111 78 16
103 60 15
81 82 20
85 56 -15
80 49 -16
116 56 0
97 70 -2
112 55 5
77 49 3
86 45 16
92 68 -1
81 53 1
93 58 14
98 59 1
103 73 -18
85 55 11
80 82 -15
81 46 -5
109 75 15
84 69 -4
112 43 9
108 73 -6
93 43 15
117 43 -13
110 55 -6
85 76 2
113 67 18
83 68 17
106 74 -7
114 49 7
84 67 -18
95 76 -5
81 68 4
98 72 15
101 50 4
91 69 -1
109 57 -5
114 81 -6
108 74 12
109 46 16
89 58 10
77 57 -9
107 56 -11
107 74 -9
82 65 6
112 61 16
89 59 2
105 70 -11
101 55 3
78 72 -1
116 43 -6
101 51 -9
114 72 18
104 59 4
84 53 -4
100 49 -10
96 69 6
100 47 -5
80 64 -8
98 74 21
105 47 4
107 61 5
109 80 -15
92 55 7
87 65 -16
117 80 -12
96 56 -18
89 46 -16
113 73 18
93 57 -8
94 51 -14
114 80 17
94 73 14
116 51 15
82 54 -11
109 72 -5
106 68 21
109 67 -4
96 54 -9
105 65 4
86 59 17
83 69 -5
116 42 -7
77 66 -17
78 52 21
97 42 14
109 63 -18
97 70 1
84 47 -17
82 57 -15
117 63 14
100 42 -12
85 63 16
80 53 -14
116 82 -9
90 49 12
99 52 -8
80 63 -13
92 79 -14
93 64 -9
114 75 -9
110 78 -13
105 80 1
114 77 -3
91 81 -17
103 76 -9
93 55 -9
96 59 9
113 45 13
102 61 20
102 63 22
90 42 13
94 71 -9
111 54 -15
115 56 -8
107 77 3
95 78 -16
103 63 22
78 70 -16
83 70 2
111 56 22
92 52 -7
81 51 -11
103 64 17
97 54 10
81 53 -12
85 55 19
93 59 1
115 45 1
96 46 -15
92 52 20
93 66 17
108 79 -18
111 47 20
88 70 17
90 51 15
114 63 -13
90 52 -11
96 60 -11
83 49 18
98 59 0
87 52 10
101 51 -9
95 47 -15
85 70 1
95 51 -18
88 53 -14
91 69 18
89 48 -1
91 60 12
88 47 -11
113 53 -6
105 74 -5
93 72 -10
99 54 -15
84 50 -13
94 56 -7
80 53 -18
114 46 17
111 74 -10
93 54 4
96 42 13
90 67 18
79 59 1
100 67 4
78 51 9
117 76 22
112 79 -14
96 53 10
83 42 2
82 82 17
82 79 -18
104 50 -6
98 82 7
90 61 17
91 67 1
97 70 22
98 77 -16
93 46 -15
80 73 0
80 62 10
114 42 -6
117 51 2
113 77 -9
107 73 15
99 65 20
88 54 17
107 70 -16
96 70 -11
100 65 -1
102 54 5
92 57 -10
80 54 -8
99 76 -14
92 77 -8
114 71 2
91 61 -7
115 79 17
85 73 11
86 80 15
94 63 6
110 47 -16
89 50 9
100 60 -16
96 57 -3
103 73 12
105 47 -1
112 55 -14
111 63 -4
80 72 22
88 46 -15
103 48 -4
92 62 20
96 62 14
117 65 -5
112 49 -7
97 80 3
80 71 9
92 77 -4
84 55 16
84 75 9
89 53 -8
84 46 9
87 82 15
106 50 14
98 47 12
112 62 -7
99 50 -3
106 43 -8
93 52 -1
90 52 4
105 70 4
96 74 -9
112 43 -4
105 76 -7
100 76 10
97 80 20
117 73 21
87 71 18
114 65 17
78 43 -5
100 74 4
89 48 17
116 45 10
110 61 -15
104 71 -4
82 70 13
105 81 6
84 67 9
77 71 -13
113 55 -17
94 57 2
87 52 -12
112 62 3
85 82 22
90 62 -7
103 58 1
97 53 -4
113 73 -2
104 44 9
109 57 6
104 62 -4
87 71 19
91 59 15
90 58 15
112 74 4
104 69 21
91 78 9
80 44 10
107 58 -13
85 66 12
78 53 -11
97 74 21
99 55 -12
84 52 8
106 79 -18
109 47 -9
97 55 16
83 79 -10
117 69 10
114 71 5
79 66 -4
89 62 18
106 65 -1
77 54 -16
82 65 -9
100 67 -15
98 66 -17
97 63 9
110 57 6
115 72 19
100 71 21
110 49 -9
92 61 15
88 76 -4
90 60 -5
114 59 21
83 52 -11
105 50 21
82 56 -1
98 50 16
114 79 -17
81 76 -4
105 81 8
88 46 6
90 55 18
85 59 13
85 68 11
88 48 -6
85 49 8
117 72 -5
95 48 -3
116 52 -5
100 59 7
98 57 14
117 46 19
115 64 -18
105 80 -13
99 68 -18
94 51 9
77 69 4
117 70 12
94 53 -1
100 67 21
86 43 20
95 75 -9
105 47 22
114 73 -14
106 46 -17
106 78 -14
81 66 9
78 80 -1
91 42 5
79 46 6
110 74 -8
80 51 6
94 56 0
77 66 19
96 69 7
106 54 8
103 71 -18
107 46 11
86 61 19
102 81 -3
116 44 -16
96 45 1
97 66 22
114 56 -7
109 45 19
101 81 7
77 61 -13
113 44 -4
84 70 4
77 72 8
87 61 -12
110 73 -16
94 48 8
97 59 4
111 48 -5
97 43 3
116 50 10
98 63 22
91 55 11
99 74 3
95 81 -6
89 73 14
81 51 3
109 63 -10
91 50 15
97 44 0
114 74 -15
117 82 -18
93 71 9
85 64 4
117 71 16
80 54 15
86 53 18
92 45 16
116 62 16
109 75 7
78 46 -9
83 62 16
86 51 -10
88 56 -1
88 52 17
117 48 10
101 73 9
82 42 21
82 80 -12
105 43 10
110 43 6
113 75 19
82 50 4
91 49 6
85 75 -16
113 52 14
117 45 -3
111 50 -13
88 73 -3
78 82 -11
117 65 4
94 80 -3
101 61 -5
112 66 -9
85 46 -15
89 49 2
91 49 12
104 76 11
78 45 3
99 53 -17
81 50 15
114 61 -1
105 54 -3
110 80 21
101 53 9
90 82 6
80 64 -6
114 66 8
100 82 -18
102 50 15
111 73 19
100 69 -13
79 54 1
104 54 16
88 43 -7
111 60 22
81 77 10
104 50 4
93 75 -15
115 76 11
103 58 -2
108 50 21
89 80 12
107 44 -2
113 68 0
112 44 1
82 81 2
85 49 -4
107 69 7
83 61 -15
96 61 -13
104 66 10
112 59 9
99 76 17
106 59 15
111 70 21
102 61 11
89 46 13
77 58 22
100 63 -16
108 64 12
80 60 13
89 73 -1
115 71 -15
96 66 7
82 46 -6
91 44 -18
84 76 -7
99 48 19
81 43 20
110 82 15
102 43 -17
110 82 -16
92 70 21
111 53 11
112 64 4
84 63 6
81 78 6
94 42 12
113 60 -14
88 69 8
95 44 13
97 65 15
88 45 -5
114 49 19
110 50 14
99 76 -5
84 70 -4
83 54 -16
104 64 4
104 70 -4
116 64 14
114 71 -16
95 63 -15
115 43 -7
109 48 -11
77 57 15
79 64 11
86 58 -3
106 73 20
93 45 -18
111 76 13
106 66 5
85 61 20
115 52 -7
111 53 17
108 42 16
88 71 -2
107 47 -8
98 72 -15
96 63 15
90 46 8
93 50 -18
97 49 -6
97 58 -12
105 78 -5
100 56 17
81 57 -3
78 77 -5
106 52 6
90 72 9
86 63 10
95 66 10
88 75 -8
107 64 -5
83 58 -5
93 78 5
114 50 6
117 54 -1
87 57 -15
113 48 -18
90 70 -8
90 53 6
111 82 -18
105 47 -15
80 64 3
89 79 20
79 60 -3
102 75 17
112 57 -5
109 72 20
110 58 8
96 59 12
85 75 -9
77 52 -9
106 65 1
80 75 -13
78 50 -4
95 50 8
115 64 9
97 67 10
94 50 -10
79 64 -17
110 66 15
106 56 9
86 61 11
80 43 -14
107 68 -4
111 53 -9
85 76 11
108 80 -8
77 55 -6
91 66 -16
116 59 12
80 67 2
80 55 -4
99 47 7
90 61 9
98 69 0
81 43 -17
110 57 3
85 65 -8
104 45 -4
103 54 -9
79 71 -7
112 81 14
115 66 -6
86 80 0
83 73 12
115 55 5
80 81 -16
100 65 -16
93 71 -2
84 76 21
77 55 -13
115 73 -14
78 45 -8
79 73 22
88 79 -1
81 45 13
93 56 11
85 82 10
113 47 -8
115 67 12
90 45 12
103 77 1
111 69 1
87 79 -9
99 50 11
107 48 -11
97 65 8
99 74 -3
