98 84 60
86 67 94
109 75 91
84 58 61
109 60 70
107 57 59
101 51 88
108 84 99
98 46 86
101 53 90
118 66 63
88 59 79
80 57 59
94 86 71
113 53 73
107 60 95
104 72 92
82 66 90
101 57 85
84 55 80
85 73 95
102 71 81
80 72 85
114 63 75
84 71 67
109 66 80
117 60 82
108 76 66
99 49 81
120 47 99
100 68 96
95 74 76
89 59 63
91 85 85
101 47 67
93 46 88
103 80 74
116 85 90
113 64 68
89 54 66
108 59 78
99 60 67
112 79 97
105 53 70
81 67 70
88 68 88
89 76 64
114 75 73
94 56 71
99 79 59
89 86 84
88 65 78
104 80 68
83 72 67
110 52 73
101 85 81
120 71 67
84 69 80
94 70 65
88 81 71
80 82 65
107 69 66
107 67 67
119 83 86
102 68 65
100 47 72
93 70 78
83 75 78
96 56 63
80 67 90
109 47 99
93 82 59
110 51 98
119 71 64
110 76 72
82 84 65
118 46 89
100 72 90
114 83 83
104 68 77
114 73 76
111 77 76
116 72 92
112 85 73
80 60 96
85 73 98
107 80 76
93 66 61
117 80 75
80 71 78
81 78 68
88 85 75
98 84 75
81 68 96
107 46 69
119 65 60
84 57 67
111 67 63
102 79 85
94 70 96
83 79 69
94 59 83
112 70 79
100 66 91
109 54 65
110 73 77
81 53 68
83 86 95
114 54 97
87 72 72
116 72 67
107 46 78
84 77 65
85 71 99
92 86 93
93 70 81
120 81 79
98 58 95
120 68 98
84 81 89
88 55 80
111 58 62
110 77 93
84 54 60
84 79 81
86 81 93
118 66 97
95 62 80
86 76 88
107 59 72
93 78 69
98 75 77
87 46 69
96 65 83
104 56 93
81 58 85
94 81 60
114 60 83
94 59 68
93 70 94
107 66 62
113 80 94
95 49 95
108 74 72
115 46 70
115 67 85
103 63 71
111 74 61
108 47 69
106 54 91
101 63 98
105 69 62
107 61 64
87 50 88
118 71 69
81 55 89
82 80 93
108 80 66
95 68 95
95 46 87
98 78 94
110 83 86
83 80 66
104 74 99
109 57 60
86 81 94
114 75 68
91 82 76
114 51 97
114 47 59
80 65 73
102 61 91
102 62 94
98 64 59
106 67 63
106 59 75
106 59 62
96 47 72
120 53 70
91 49 85
95 46 90
84 56 97
105 74 67
90 85 66
93 61 59
87 71 64
81 69 94
93 82 76
96 64 90
110 65 80
105 65 92
91 66 69
101 79 92
82 86 65
118 51 78
96 71 93
92 70 59
90 58 98
97 52 63
103 70 99
88 86 65
90 77 72
85 54 81
92 68 95
108 75 91
109 70 71
115 50 73
98 79 85
100 53 94
84 81 68
116 80 74
115 57 95
118 73 87
94 52 61
83 51 98
93 63 72
82 53 89
80 51 79
115 76 92
103 60 66
114 69 94
100 78 77
82 63 66
113 64 62
117 59 86
81 58 74
80 55 77
91 73 89
105 70 99
88 70 80
85 55 87
87 81 75
87 64 66
86 61 72
82 85 83
108 86 97
84 61 79
92 46 64
114 77 63
102 54 77
94 52 72
115 83 65
110 78 61
89 82 97
105 81 96
92 57 81
82 53 71
120 60 67
86 58 66
103 70 70
105 81 92
90 63 88
90 65 79
114 62 72
84 72 99
82 55 70
83 68 70
119 68 97
106 79 70
96 57 98
87 69 65
86 55 64
99 75 59
114 82 80
104 55 84
112 71 97
96 70 71
110 46 60
116 75 63
103 84 82
105 47 75
99 68 81
109 46 89
95 62 97
110 69 99
91 61 72
95 79 64
99 75 75
114 71 66
86 59 82
116 46 87
106 79 94
98 82 91
99 70 75
104 77 78
102 57 66
111 66 98
99 86 84
112 84 65
90 86 92
105 47 63
111 73 74
93 71 89
114 72 84
103 70 74
116 85 63
113 86 93
112 79 76
80 70 92
105 77 89
109 70 71
87 73 99
104 46 60
89 64 72
101 78 70
116 72 67
110 84 80
88 76 75
107 86 83
99 65 98
113 80 78
83 47 59
104 55 61
90 57 80
87 68 75
114 69 89
102 59 87
87 61 59
101 47 93
86 74 88
90 56 90
114 86 80
118 85 73
111 72 98
110 71 77
102 73 65
110 69 74
108 65 64
82 80 80
112 57 73
82 67 86
106 85 86
89 47 75
92 84 97
101 68 77
103 76 59
94 69 97
114 50 64
99 71 87
102 50 87
102 77 60
84 76 74
114 68 83
80 56 73
91 71 83
101 73 80
93 65 73
87 64 59
97 85 99
112 77 92
111 65 82
96 82 99
82 64 81
117 68 83
99 83 79
120 52 60
88 85 72
94 58 67
85 56 77
95 83 82
100 70 63
83 66 67
80 70 81
107 72 63
87 67 66
100 54 86
109 77 67
90 61 76
100 61 59
86 65 98
109 73 98
106 66 88
97 48 63
101 77 85
103 46 98
118 61 83
104 54 92
87 64 68
87 78 95
107 76 92
84 79 95
118 57 95
112 49 82
102 77 94
105 49 93
95 63 98
104 74 85
104 48 88
84 85 65
107 47 79
105 70 90
97 50 64
118 57 77
94 67 92
119 56 63
96 76 87
113 76 87
104 64 89
86 46 98
81 47 92
111 78 99
105 83 84
93 56 91
88 48 69
89 71 64
88 80 71
87 52 78
117 54 91
98 50 83
91 55 84
113 59 72
84 46 90
80 49 89
84 69 65
83 72 77
99 57 92
111 77 98
94 74 71
102 83 92
109 65 71
102 72 59
119 54 83
118 51 68
116 73 81
91 49 71
80 49 97
120 59 68
109 69 94
114 85 60
87 68 85
111 75 89
106 54 94
89 83 66
95 63 93
81 60 77
83 55 88
109 78 90
98 62 74
99 61 81
90 77 63
112 48 59
86 81 95
80 71 96
119 60 73
95 78 64
87 76 70
98 54 98
94 72 70
104 71 86
89 61 90
120 69 68
103 54 84
93 47 97
83 70 65
89 69 62
83 80 89
109 57 99
108 83 64
95 66 93
91 80 70
114 56 79
104 82 81
80 69 83
85 58 59
82 75 79
89 52 97
105 82 87
80 70 69
89 49 95
84 78 80
109 84 94
95 58 93
98 56 73
113 69 91
105 76 89
95 83 96
108 73 67
82 86 64
88 62 88
120 80 74
115 62 93
92 70 68
84 51 85
113 86 65
120 56 63
106 75 73
109 67 93
89 59 68
96 59 95
102 81 67
100 86 66
101 63 78
119 66 62
85 61 93
91 73 71
81 60 72
112 68 69
92 74 81
85 48 85
100 66 92
112 50 85
81 77 81
102 80 91
98 66 84
102 64 94
91 49 77
113 72 70
106 86 79
105 86 66
87 61 96
101 68 67
91 70 88
104 63 77
119 58 73
96 69 99
120 81 68
117 52 95
120 69 88
111 82 81
100 56 82
80 65 63
91 63 61
113 66 67
113 69 99
119 48 71
106 54 67
110 54 88
115 62 61
111 52 92
98 48 72
90 76 59
109 71 81
111 71 89
120 77 92
87 70 82
110 83 69
98 75 78
95 76 96
102 77 78
91 50 79
102 65 80
97 61 94
116 56 89
81 50 61
85 84 71
107 82 63
89 69 62
117 77 98
104 85 91
86 72 73
82 66 80
93 83 77
83 50 99
120 84 89
117 47 93
107 77 75
98 74 68
105 79 65
117 49 81
119 86 84
95 79 97
106 85 82
110 51 64
87 62 69
110 67 59
119 69 60
93 64 97
116 75 83
93 60 76
98 81 96
88 57 67
84 53 62
91 70 87
91 69 65
117 73 68
108 46 59
93 83 94
111 58 87
81 70 65
104 58 84
120 66 75
93 56 65
93 65 98
87 50 70
96 64 68
111 66 67
104 48 77
107 47 64
101 49 99
113 64 74
88 79 96
102 73 96
111 49 77
97 54 82
90 56 70
90 64 80
90 76 79
82 51 90
92 65 93
113 56 88
113 71 80
112 78 79
93 65 96
117 47 93
84 57 90
104 68 87
103 84 76
106 65 94
111 61 67
98 65 63
80 75 78
91 60 80
120 75 99
118 79 67
93 66 62
114 64 80
88 53 86
80 56 60
120 53 98
92 76 86
80 85 75
110 79 62
96 48 64
116 82 83
108 62 96
110 74 68
100 65 99
103 76 73
115 59 77
120 79 88
81 86 74
107 56 74
88 51 87
109 74 99
96 64 93
96 58 78
100 66 76
114 47 91
119 78 80
111 83 60
82 79 94
117 81 67
94 73 99
83 69 83
116 60 83
90 84 86
118 47 88
99 80 70
82 48 92
117 58 66
107 52 74
85 62 97
109 67 93
118 52 80
85 48 71
93 69 83
86 62 69
100 70 79
112 79 83
101 77 68
101 52 62
106 49 90
102 47 66
120 64 98
105 52 82
83 56 69
80 75 82
86 79 71
81 77 87
96 82 80
111 57 92
104 76 70
110 51 59
114 85 70
108 59 79
88 69 98
101 48 88
105 73 73
95 85 64
113 49 68
105 51 63
82 48 80
109 59 78
88 58 95
85 81 95
84 47 99
99 47 79
110 61 86
96 51 92
84 84 75
104 72 99
107 46 65
107 47 80
109 67 61
104 75 60
114 84 88
84 76 67
110 64 69
83 78 69
118 67 80
105 86 68
91 54 64
107 61 66
110 79 79
83 67 78
80 84 76
89 84 63
82 69 65
117 56 73
116 81 72
107 68 69
84 79 98
93 81 84
96 60 71
86 65 62
93 48 94
120 71 91
97 64 84
97 76 82
115 53 65
80 81 69
98 68 83
113 82 96
115 62 95
100 80 96
80 57 95
100 50 90
95 48 73
90 66 74
97 79 63
82 72 68
114 86 81
83 63 85
111 58 84
100 55 69
104 64 87
99 59 64
87 81 89
103 51 91
107 80 85
93 47 60
107 53 71
90 51 82
118 48 78
91 49 99
89 55 66
96 62 78
107 75 59
115 52 92
92 50 96
116 80 86
88 70 59
89 63 93
100 54 96
84 61 62
117 76 79
93 67 76
97 51 84
89 85 74
117 70 87
93 69 70
89 83 76
105 70 88
102 62 97
90 81 79
85 73 69
99 72 83
118 68 61
104 53 82
80 78 78
119 81 74
80 55 89
112 83 89
89 78 79
86 50 73
105 63 67
102 65 63
109 56 65
113 69 81
102 80 80
109 75 72
86 59 76
89 69 73
99 49 89
104 78 75
102 80 97
83 85 62
104 53 92
88 51 93
113 61 72
91 78 94
98 78 72
85 82 69
91 55 94
111 63 93
120 55 79
109 69 92
106 74 60
89 59 67
94 84 62
97 83 70
100 63 77
88 48 67
87 83 73
88 65 83
99 71 83
117 76 76
82 50 73
103 77 61
85 59 93
84 74 93
108 49 94
91 69 67
116 72 70
89 81 80
102 70 91
106 54 83
100 70 79
88 67 81
97 64 96
84 58 84
117 66 85
110 53 77
102 50 85
95 69 61
83 86 64
83 70 71
84 57 61
116 63 67
93 46 84
81 47 81
117 57 65
102 86 89
111 50 92
112 58 61
100 62 80
104 82 94
91 71 77
116 53 91
120 56 99
109 70 80
110 51 86
81 79 82
113 73 79
117 54 60
98 72 96
110 85 71
112 51 76
92 51 62
117 78 73
80 59 79
92 61 82
101 71 94
85 71 76
85 79 98
105 52 69
87 72 62
111 49 69
114 49 80
92 50 63
82 73 84
120 65 83
85 57 68
109 65 67
116 85 87
103 66 77
120 76 83
101 69 98
84 52 99
110 67 69
99 75 97
94 49 98
98 63 63
104 70 92
110 53 60
93 70 72
99 85 95
88 50 75
98 77 94
101 70 84
88 58 77
85 83 97
94 66 75
103 81 90
119 52 94
103 78 72
105 78 67
97 80 67
99 73 96
89 64 99
102 85 96
86 63 68
116 77 60
93 85 74
91 66 80
113 47 62
98 59 81
83 53 84
94 60 77
105 67 75
83 56 82
111 52 64
113 48 77
111 58 84
105 75 92
87 69 91
106 77 68
90 74 65
108 75 99
104 55 96
90 53 86
88 51 70
113 50 94
112 68 89
81 48 84
112 65 96
119 77 97
86 76 87
86 74 79
89 48 90
119 58 93
82 62 89
110 83 80
117 60 88
111 78 79
94 72 60
95 69 93
81 64 93
93 54 90
114 64 97
96 73 83
100 86 65
93 75 84
98 72 67
113 73 96
117 62 67
106 61 78
88 55 95
87 78 87
108 63 68
103 57 69
88 64 81
89 52 77
89 49 96
89 85 87
89 51 82
98 56 71
80 59 97
115 77 73
94 62 67
83 61 95
115 83 68
87 75 64
106 83 98
90 55 71
115 67 87
83 68 88
98 83 94
107 73 99
87 53 88
101 71 87
96 81 62
91 83 73
81 82 81
82 64 68
80 48 88
98 80 85
95 83 89
84 85 88
113 51 93
102 61 78
114 55 63
88 53 92
105 61 70
118 55 90
98 84 72
109 56 69
104 54 87
86 55 79
94 58 63
86 47 68
88 71 83
118 52 84
96 86 94
92 65 88
94 59 97
116 70 75
110 72 85
101 47 80
118 74 83
113 59 89
120 79 81
93 78 79
119 53 81
83 68 81
93 47 87
82 82 92
83 78 62
113 57 96
102 60 74
83 53 99
99 61 95
115 64 86
105 50 78
109 73 74
113 63 88
91 74 70
82 49 81
89 56 75
96 70 88
111 46 68
117 73 83
86 76 63
100 56 72
84 83 88
99 74 62
87 84 66
98 86 67
96 56 60
99 75 77
117 53 97
83 71 82
118 49 89
92 46 94
101 47 94
88 77 99
87 58 59
98 86 73
81 74 96
99 64 82
95 83 59
84 55 75
107 49 96
105 57 89
82 62 66
86 59 74
112 65 74
88 61 79
110 54 82
84 49 71
96 79 90
99 74 74
112 75 65
91 62 84
118 68 70
119 57 89
101 50 66
107 57 92
103 78 66
108 48 66
86 82 99
109 75 73
96 84 66
98 79 70
92 48 68
112 56 97
94 77 81
87 60 78
97 86 89
91 69 77
116 46 67
117 48 66
100 46 70
118 86 79
97 66 79
120 66 78
86 58 67
90 59 76
103 54 78
85 79 65
95 48 63
101 56 66
103 63 84
111 64 83
95 59 68
112 62 85
104 83 88
119 74 64
111 79 80
83 72 92
97 75 63
115 64 97
82 74 87
94 73 94
102 70 59
95 67 72
105 75 98
90 80 89
92 77 76
104 66 63
110 69 97
102 76 92
80 52 67
110 53 73
92 73 64
99 53 61
104 72 74
88 70 84
107 65 59
95 47 91
83 49 89
98 55 64
107 74 61
88 85 67
107 69 82
96 69 86
84 51 76
89 67 79
94 86 71
88 56 75
116 56 62
118 57 96
90 51 85
90 60 90
99 75 91
102 84 66
112 71 91
110 85 66
115 83 97
109 75 77
115 64 78
96 67 70
111 84 92
120 58 90
110 53 66
91 65 83
91 60 60
117 65 63
117 67 83
114 55 83
94 77 62
89 72 60
98 63 88
105 76 59
117 86 69
111 47 95
115 80 85
81 55 69
89 72 94
93 61 62
102 82 77
88 81 61
94 62 84
99 61 70
120 67 64
96 82 73
103 80 62
93 77 93
118 82 95
111 53 63
119 75 63
83 53 66
113 59 66
93 84 80
118 78 83
85 49 64
97 52 66
111 85 84
109 70 74
94 79 68
106 53 76
110 52 99
83 46 70
107 77 92
105 67 69
115 51 85
83 49 60
104 77 96
114 49 67
96 58 98
120 59 74
83 46 62
115 48 72
80 51 91
114 73 91
85 73 81
82 55 74
83 53 60
95 62 86
113 84 92
120 68 71
120 63 90
120 66 59
80 86 65
101 71 98
100 66 68
105 51 91
112 47 76
101 72 95
86 85 98
88 71 90
103 74 68
110 84 90
81 79 85
86 54 70
111 56 83
92 75 90
113 76 68
84 85 74
85 62 79
114 49 63
83 82 99
95 62 98
114 71 67
118 53 94
81 54 78
112 56 92
118 78 75
85 49 99
99 81 69
115 60 84
114 72 94
102 70 83
89 72 84
103 49 78
117 54 92
104 84 90
100 58 73
115 80 94
81 80 61
90 72 88
120 76 95
103 52 63
105 71 74
112 54 69
86 83 67
95 72 90
90 55 64
94 59 92
90 73 82
116 68 77
85 69 59
91 82 79
103 55 78
114 53 87
96 62 61
116 60 64
118 82 62
91 63 75
87 51 65
85 69 71
118 78 72
93 48 95
109 65 92
94 60 87
118 64 85
97 60 65
88 79 72
116 48 89
116 47 89
81 79 64
89 86 64
84 51 71
104 73 98
111 51 81
97 56 93
93 86 95
91 48 94
88 61 63
87 86 70
99 64 65
97 50 78
119 83 88
90 48 62
83 78 70
103 80 69
91 64 65
96 85 67
120 47 77
86 52 68
91 67 88
119 47 61
117 82 76
96 81 96
94 77 78
88 72 71
82 69 80
114 86 91
110 65 75
92 59 79
109 61 67
86 58 61
105 73 69
120 63 90
97 67 91
104 73 78
104 64 86
82 68 89
84 71 61
95 51 83
92 73 63
94 56 87
97 57 63
85 71 88
110 66 62
116 62 64
118 80 90
107 70 71
81 77 71
107 74 89
103 77 90
100 48 81
90 65 64
90 48 62
95 82 81
80 85 97
103 83 74
118 56 78
104 68 70
81 70 74
107 66 65
85 82 86
112 66 97
109 68 78
111 78 64
83 57 91
106 55 75
92 86 97
104 86 84
97 85 67
109 50 83
102 59 97
101 51 90
106 75 80
109 62 90
87 74 60
112 68 88
101 83 74
102 55 62
94 68 83
117 54 85
99 62 90
91 64 72
96 84 99
102 77 72
88 85 85
91 47 60
108 75 80
103 73 81
104 60 92
110 78 89
90 49 96
86 59 99
108 86 62
109 75 69
85 60 77
90 65 92
81 80 68
92 49 61
104 76 93
93 80 88
108 56 79
90 59 78
90 47 66
110 63 97
81 75 96
98 58 78
90 56 80
83 73 93
89 59 95
93 73 91
107 84 99
90 78 77
80 66 90
106 46 96
81 82 60
112 86 97
103 70 78
86 86 94
94 84 77
93 53 61
118 75 83
113 62 76
111 60 60
119 74 78
113 74 65
92 57 87
93 50 67
113 77 98
112 72 70
115 53 60
112 65 85
105 48 90
115 80 81
90 80 83
80 50 76
93 70 95
115 83 82
116 72 78
85 75 75
116 59 99
120 85 88
109 83 64
117 66 98
111 76 71
107 58 67
108 79 76
103 51 98
101 49 69
109 70 72
87 86 91
112 67 69
88 78 68
109 50 84
92 61 94
110 60 76
118 85 77
100 86 80
96 83 88
109 54 81
84 65 88
105 70 89
99 84 96
111 57 84
93 67 80
107 66 67
110 54 97
117 59 81
92 56 88
114 54 87
113 66 62
120 64 63
118 72 94
102 54 79
112 80 70
81 60 77
82 80 74
90 71 99
97 84 65
120 73 80
108 54 61
111 60 89
92 72 60
80 81 59
114 83 59
82 75 80
89 67 67
102 82 68
90 74 94
94 59 86
97 86 79
88 62 83
109 79 69
84 56 86
105 60 98
87 77 60
107 81 93
96 80 90
102 59 73
83 58 89
110 54 80
81 60 80
85 85 94
89 76 62
117 71 77
83 69 75
97 47 84
93 68 72
111 60 78
100 84 95
106 69 87
108 67 64
114 53 81
119 48 88
93 76 66
107 67 62
119 82 86
104 71 95
104 60 65
83 84 83
92 49 87
89 48 65
117 48 79
93 55 66
102 70 84
81 51 81
115 80 82
116 71 75
90 86 72
98 52 73
81 72 70
95 71 76
80 53 89
116 53 63
101 54 98
115 59 74
109 84 91
87 61 78
81 71 83
94 53 85
118 69 67
113 72 89
85 58 94
113 51 72
120 66 95
104 86 67
83 80 98
80 55 73
95 75 86
111 70 92
101 68 76
95 78 71
95 70 82
85 69 77
97 49 68
92 50 66
87 75 97
117 49 84
80 70 70
98 72 94
115 61 70
97 70 67
118 84 96
80 80 82
108 81 72
103 75 69
108 76 96
105 83 73
114 52 90
90 62 82
120 72 74
81 64 78
84 83 65
111 47 67
104 63 95
89 61 80
111 49 71
115 63 85
98 76 85
96 86 69
97 61 77
82 67 73
110 59 75
110 49 77
94 67 67
87 86 61
102 48 60
84 62 74
110 56 98
105 74 80
102 55 92
119 58 77
107 50 96
95 74 73
86 78 93
99 52 63
106 84 76
102 82 91
106 76 89
109 59 91
95 65 68
112 81 74
88 68 96
90 82 63
112 65 69
93 73 81
94 69 88
99 54 87
84 60 88
110 55 72
107 74 96
83 51 66
87 65 79
84 76 93
100 60 65
89 72 81
94 82 95
98 52 83
80 53 64
97 82 71
103 62 71
108 76 97
85 47 61
84 72 94
97 74 98
101 63 77
100 46 99
114 73 79
119 80 85
100 62 62
112 84 60
87 81 88
113 69 87
98 77 77
119 66 80
92 46 79
104 73 82
95 57 63
113 75 82
81 84 97
92 62 65
81 68 90
119 86 84
104 55 86
118 67 70
110 48 87
106 75 79
81 86 77
104 86 89
103 84 59
56 48 1
42 37 -19
35 56 -1
43 48 3
26 30 9
48 66 6
20 67 -15
45 33 -8
58 48 -1
49 33 3
46 32 16
20 36 0
35 61 -18
50 50 -10
39 51 7
51 50 -8
34 30 21
31 34 1
51 49 7
31 36 -14
50 54 13
45 38 8
57 55 -4
29 59 1
29 59 8
35 42 15
44 55 5
35 60 4
57 63 5
48 48 -4
40 49 -18
43 50 -13
32 67 -15
23 32 6
24 39 15
22 30 13
29 59 19
35 63 2
33 59 -16
55 38 -16
41 39 6
57 51 17
39 65 3
43 58 -5
49 34 20
55 52 12
51 39 -15
45 57 -8
43 30 14
31 58 -18
33 36 -5
35 43 4
37 58 9
40 63 13
59 50 -15
23 35 4
42 37 -4
36 30 -13
44 54 -13
59 36 -13
24 64 -6
46 32 19
44 35 -6
35 27 16
58 59 8
28 53 -8
44 29 -17
26 46 18
28 28 -17
58 44 -6
40 52 -15
55 38 1
24 28 -19
40 54 5
32 33 -10
33 45 17
37 47 -6
44 36 -14
52 39 20
47 43 -11
28 29 3
45 61 -2
34 34 12
43 36 -6
30 59 -6
47 36 9
50 61 -8
20 27 18
41 41 8
30 44 -18
39 37 3
57 41 -4
35 47 8
22 34 0
30 33 -1
54 27 12
33 62 17
25 31 -10
45 47 2
50 31 18
55 55 8
22 31 21
24 35 -4
22 42 -12
40 67 13
43 31 17
22 64 11
51 41 -2
20 52 11
55 34 7
50 37 3
45 60 -1
55 54 -1
42 28 14
51 61 -15
59 67 3
21 32 -14
42 50 -7
42 60 -6
55 54 3
29 45 4
51 55 14
58 57 -6
51 46 8
57 48 14
21 53 1
38 28 20
52 40 -16
46 61 -2
56 41 -19
45 31 7
39 32 -3
43 35 20
28 66 0
36 32 -14
51 67 1
35 39 -6
38 38 -10
45 27 -19
51 66 -12
55 52 5
58 27 -8
43 29 12
35 63 21
52 60 8
30 38 12
32 35 -5
24 32 12
46 39 -15
32 59 -10
26 34 -14
54 33 8
48 29 19
33 48 -9
46 53 4
36 27 -5
28 42 5
58 66 -4
52 61 -11
53 33 14
56 52 -2
44 33 1
41 30 -15
29 67 5
54 65 2
59 44 17
39 36 20
59 39 0
28 40 -16
36 53 -16
26 45 -12
22 39 8
45 56 -11
43 49 17
48 35 -5
47 64 -5
59 65 16
44 31 3
29 32 16
42 62 8
23 53 3
31 40 -14
57 46 -8
20 58 -3
50 29 -8
60 65 19
25 62 -9
52 35 12
34 61 -8
26 37 17
43 58 -12
57 51 -9
21 44 18
40 37 -7
23 36 14
24 47 -12
52 56 -10
49 30 19
46 34 3
49 58 10
23 55 1
45 37 20
20 66 -13
52 57 -5
35 41 12
23 40 6
47 33 -9
26 35 -9
51 39 4
33 29 -15
50 35 3
45 36 0
57 38 18
28 43 -15
22 59 -14
20 51 14
60 42 -10
34 50 -10
21 40 -18
30 48 16
23 44 1
47 37 3
60 49 -18
41 38 10
41 39 19
57 48 -5
34 36 -19
59 52 20
60 30 -10
39 56 7
26 62 9
51 53 9
49 55 3
40 42 7
21 27 -15
31 31 6
58 33 3
59 39 10
38 58 19
31 52 -2
37 46 5
29 66 8
27 41 3
31 46 -15
49 49 14
31 45 -10
56 42 18
21 56 12
51 43 -4
55 30 -9
53 32 18
35 46 19
20 31 6
39 67 -13
47 34 19
28 43 3
32 34 0
28 33 -16
32 47 1
36 55 7
35 64 0
46 30 -8
24 62 13
26 30 4
41 63 -4
22 55 -18
35 47 -14
26 44 -14
53 29 3
40 40 13
22 67 9
28 32 -18
46 64 -3
40 57 -12
36 61 0
26 41 -7
59 48 -3
36 50 -17
52 46 2
39 55 -19
51 44 -8
58 61 2
31 64 5
25 39 17
20 49 -10
41 55 14
49 40 -13
50 37 14
37 33 20
58 33 11
55 53 3
25 66 16
32 37 -18
22 60 -13
48 54 11
32 42 0
22 53 12
47 62 7
50 38 20
39 40 15
51 40 7
36 35 -13
33 64 20
21 58 -11
36 58 -18
54 33 13
41 37 12
46 45 -1
24 59 14
45 55 -14
22 42 -7
26 28 10
31 42 -19
27 53 -7
60 32 -15
37 28 6
39 56 19
40 52 11
20 38 12
31 31 -2
54 36 -10
42 48 -19
20 37 7
38 64 15
44 53 -7
20 33 -6
60 45 20
59 62 -3
48 57 0
26 55 21
21 27 1
49 54 -17
25 29 -14
42 56 -3
27 63 9
53 37 -18
30 44 -3
30 63 15
48 67 -17
34 46 7
45 67 -2
40 55 12
35 33 13
44 32 -1
52 59 8
29 37 -3
38 60 -11
52 60 0
38 59 -3
24 30 -17
44 34 -5
50 43 -15
26 60 -17
40 60 -7
26 41 19
36 29 -7
57 35 9
41 27 12
45 35 4
24 45 -14
60 51 1
41 61 4
21 61 9
27 28 -5
21 39 -2
38 44 -2
34 47 -1
39 51 -17
56 42 -2
45 60 -14
30 39 12
28 27 -10
43 60 -16
38 59 -18
47 34 -8
47 37 -2
33 34 -4
25 29 1
22 53 18
55 45 15
50 58 -1
30 48 21
60 67 13
30 47 -1
41 27 11
56 42 12
30 63 -6
30 59 -11
25 57 -7
39 60 -13
26 52 -1
24 44 18
57 48 -10
58 66 13
50 43 -18
42 58 -2
29 57 6
47 56 7
47 53 1
50 66 17
33 37 -13
26 53 -4
37 64 8
43 27 -17
42 49 3
54 58 -12
51 60 -13
54 63 -12
22 44 15
30 52 -15
46 62 -9
47 44 8
55 42 11
59 67 9
40 47 -6
54 38 -11
42 31 10
25 39 19
41 29 -7
58 41 0
25 47 17
54 36 -6
22 53 19
44 47 6
26 66 -16
54 35 -6
37 44 -6
29 65 -15
49 35 21
45 64 18
57 45 16
40 27 14
59 31 -5
43 56 12
39 31 11
52 42 8
22 28 5
51 32 5
52 66 19
25 66 8
22 56 3
52 67 -2
57 34 -6
59 56 20
56 43 -17
44 38 -19
47 65 -18
37 44 -2
21 28 -8
37 30 -6
52 59 16
55 36 20
41 59 2
60 39 11
39 31 -16
40 50 18
52 56 -1
40 51 17
53 53 16
40 32 14
33 46 16
49 48 -16
43 37 10
45 47 9
20 28 14
37 45 17
25 36 8
45 60 -11
21 67 -18
45 27 -12
21 57 -7
34 52 -5
34 34 -5
39 41 -7
50 61 -10
34 54 1
32 28 7
48 38 9
56 67 -7
32 44 13
40 61 -8
43 54 -5
59 56 -15
52 53 21
56 53 -6
28 45 -17
47 64 12
57 33 13
37 32 10
46 33 20
23 34 19
55 43 -3
26 32 5
40 31 0
33 64 20
39 29 10
27 44 -9
59 54 -3
27 31 -2
22 57 -10
39 50 3
52 31 16
47 35 16
25 40 7
43 34 7
57 66 -9
50 47 9
33 28 -14
35 58 1
39 34 4
57 37 11
54 34 -16
53 40 -8
20 51 0
55 29 -3
28 46 7
55 64 -5
55 39 19
28 30 20
27 47 -7
33 43 -11
48 61 -7
42 32 19
26 47 20
30 43 -1
20 46 -9
35 57 21
42 28 20
48 55 -16
25 67 5
32 43 -12
24 37 21
53 48 12
35 45 -3
59 44 -1
33 58 -10
32 36 -12
20 62 1
22 59 -18
47 44 20
28 27 -17
41 27 20
27 27 14
24 46 18
23 64 -17
29 50 9
34 53 6
26 57 15
51 46 13
60 57 6
42 33 -2
23 42 1
56 46 -16
55 67 17
39 64 16
41 66 -2
42 30 -15
21 65 -11
36 62 12
48 48 -11
49 67 12
40 52 -8
26 45 -10
51 53 18
26 61 2
45 37 13
45 34 17
25 33 16
40 40 -2
47 59 5
45 50 -17
42 49 -2
50 35 4
34 54 -19
30 56 0
41 63 -12
51 35 16
24 37 9
35 29 11
44 38 -19
38 60 5
21 61 12
39 55 -12
45 59 -4
46 31 14
34 50 9
44 55 19
27 41 -13
59 60 -11
34 41 -7
38 29 10
23 66 -13
27 30 -18
25 44 -9
58 51 -5
46 58 20
28 36 12
27 51 18
42 43 9
54 67 10
44 33 11
28 35 -8
48 36 -13
22 40 16
49 67 -3
27 39 2
39 32 20
60 52 -4
24 47 8
56 58 -15
20 32 5
60 29 8
46 42 0
29 40 17
24 46 -13
56 38 6
58 56 -11
58 31 -9
43 53 -8
41 51 8
36 35 -6
47 59 -9
42 31 16
52 57 -6
41 64 20
30 40 5
31 38 4
46 31 5
39 41 -9
22 51 -5
38 47 6
40 45 6
52 28 12
30 43 -14
31 67 12
35 55 -11
46 38 -1
55 64 -2
51 34 19
33 43 7
42 36 12
22 61 13
56 52 19
23 59 15
33 34 15
33 46 9
41 56 21
41 32 -1
56 27 10
24 46 16
31 37 -11
21 28 4
28 29 16
53 63 -10
24 61 13
32 29 6
37 52 2
27 36 1
22 30 -6
58 63 6
47 45 13
40 28 -19
26 57 6
57 57 1
23 39 -7
36 61 -11
26 53 12
33 54 15
45 47 -15
25 29 -1
20 61 1
48 57 -18
42 27 -13
60 58 7
33 27 20
38 56 18
45 53 8
22 36 9
59 45 -11
26 46 -17
38 31 13
46 36 1
56 52 -19
39 65 9
37 55 2
57 27 6
34 44 -14
25 38 20
53 47 10
25 40 -12
50 43 7
52 56 -4
51 59 -18
56 45 -7
57 47 -8
35 30 -2
48 36 -4
58 47 -18
32 27 11
58 53 17
39 51 -13
42 45 -18
39 32 6
47 67 -19
20 44 -2
26 36 -3
30 42 18
25 65 -13
21 40 16
49 34 2
28 44 21
37 54 6
52 64 -15
31 31 1
46 62 6
55 48 -5
33 62 -16
33 59 6
41 36 -10
39 36 -12
38 55 1
45 65 21
53 28 0
54 29 -14
51 59 7
44 65 0
46 52 9
29 41 0
39 53 15
32 37 2
42 32 -10
54 29 0
30 27 -5
57 54 14
29 64 5
29 32 -15
27 65 -1
48 60 18
39 55 -3
41 35 20
47 27 2
21 57 -2
56 46 -10
29 60 -6
59 42 -13
35 57 12
53 60 -3
21 64 15
55 38 -18
45 47 -11
52 29 4
46 31 4
28 30 8
36 52 -5
33 53 -17
54 57 -8
38 36 -17
45 51 -14
35 37 -11
22 41 17
32 32 5
31 67 -17
27 35 12
32 41 -11
47 29 3
48 65 -15
37 62 -4
32 58 20
31 35 1
60 37 -9
52 47 -17
58 41 -1
37 51 12
21 37 -1
51 48 17
53 51 3
41 65 3
24 47 17
52 64 -3
37 45 -4
34 61 -17
46 30 12
27 40 -6
28 47 -16
24 41 -17
40 33 15
56 36 4
21 55 0
37 33 -16
29 46 -2
20 36 9
49 28 -2
58 65 17
37 59 0
41 47 0
37 62 5
50 45 -1
37 52 11
57 61 9
37 30 14
39 35 21
37 37 -2
50 37 -5
38 57 6
33 42 -18
36 60 7
57 33 21
46 40 -2
57 33 10
23 40 14
49 30 21
56 64 -8
48 67 13
52 54 -9
59 56 -5
23 51 -11
52 44 11
38 28 -8
44 50 -10
26 49 8
60 47 -16
38 57 -2
41 67 3
51 61 9
24 51 20
40 56 -18
47 46 -7
49 49 18
48 63 -1
38 32 -1
24 55 12
37 41 6
50 38 -14
49 46 0
39 30 11
48 47 13
38 34 -3
22 52 12
48 30 4
58 30 8
40 27 -17
59 63 -7
40 45 -17
24 67 -13
59 64 -18
25 58 -6
41 44 5
53 67 1
58 60 9
58 39 -19
58 55 15
49 62 20
24 59 -1
53 41 -2
36 47 1
30 34 -3
28 49 -12
57 59 -17
45 43 7
47 55 -11
33 36 -12
40 41 14
20 60 -12
33 55 -6
48 32 2
29 64 -11
34 58 15
60 40 21
36 62 -5
48 29 11
26 62 17
20 32 17
31 63 -12
29 67 -14
54 48 6
41 65 20
32 62 3
51 65 -1
39 62 19
26 42 8
39 52 5
52 44 21
26 41 -17
47 49 -10
44 48 -1
54 36 -2
45 56 9
43 27 -17
54 66 8
38 38 6
35 46 12
56 46 -7
45 38 12
33 49 -17
20 50 9
57 34 -7
21 56 21
24 51 20
26 47 -5
40 28 -4
52 41 12
57 27 12
33 28 6
22 61 0
22 65 18
42 41 -1
28 61 -12
46 31 9
39 42 -14
53 32 -3
43 41 -5
25 51 -9
49 62 -18
36 58 -15
31 39 -14
48 43 -2
22 52 7
20 51 3
55 34 -8
32 45 16
59 49 -18
23 51 8
48 65 -8
50 50 -18
33 64 7
20 58 1
55 39 2
48 34 3
23 33 -18
51 38 12
31 45 4
59 57 -15
28 38 -4
33 28 -19
49 59 4
48 55 6
43 49 10
59 61 -19
48 37 0
42 64 -16
50 54 -5
49 34 -12
36 43 -18
55 45 -14
35 37 1
24 50 -10
60 60 21
24 35 19
47 42 -15
27 61 -2
22 55 19
24 29 -15
36 44 12
28 29 -18
52 53 1
50 59 -13
31 31 -17
21 46 -2
33 42 19
23 48 0
55 61 5
40 55 12
21 54 -18
47 28 14
44 29 21
42 42 2
23 57 -15
21 36 7
57 33 7
22 33 18
28 31 -16
43 53 20
20 37 15
39 43 -9
25 67 4
47 66 0
39 44 3
58 28 -8
26 42 -10
34 58 2
27 27 -10
45 51 -3
48 38 7
49 43 6
55 54 -9
36 64 -9
28 50 -5
42 65 1
20 56 -12
42 33 15
51 45 7
49 55 -1
22 40 10
59 44 -12
58 49 11
50 58 -15
55 32 8
52 38 -11
39 46 -12
34 50 2
43 31 -8
48 27 -19
21 50 0
26 61 11
26 67 -6
53 34 -3
34 43 10
50 27 -6
39 39 -7
29 29 16
32 30 15
25 64 8
58 46 15
57 67 19
53 38 -17
50 56 17
42 30 8
28 54 -15
50 36 18
36 53 7
49 64 -5
32 35 -4
48 46 7
31 58 1
50 54 21
42 59 8
35 66 1
25 65 -6
35 46 1
59 36 -4
55 57 -18
37 40 -12
40 36 16
42 58 4
47 37 -8
28 63 0
53 65 17
30 35 10
29 56 20
26 39 15
25 34 -1
29 31 2
54 54 6
51 35 11
45 47 21
40 63 3
22 55 1
45 36 7
57 33 -6
23 67 -8
59 50 13
26 45 4
34 32 0
26 55 -6
58 49 -15
44 61 5
40 30 13
24 29 -9
42 51 21
29 65 15
49 57 10
60 38 9
30 66 -8
49 50 -4
47 28 8
51 64 2
36 37 -3
60 47 6
52 37 13
54 39 -15
37 31 -9
43 54 -13
45 48 -16
41 39 -19
30 52 15
43 45 13
29 67 -8
35 30 -13
57 61 3
51 36 2
57 40 14
26 65 -16
49 36 -1
38 67 7
32 58 10
20 48 3
25 35 -14
23 28 17
48 45 0
47 67 19
53 31 -17
30 57 8
49 50 12
50 31 -10
55 44 -18
40 36 18
44 67 -2
55 63 -8
51 57 10
22 34 17
50 51 -12
40 49 18
33 57 -19
55 28 17
26 63 -7
43 65 -4
29 32 -1
29 32 21
26 63 11
34 32 19
38 37 5
32 36 15
40 59 -15
50 35 17
31 54 4
42 30 20
52 47 13
56 61 14
29 67 -19
40 55 16
58 51 -9
53 35 3
29 63 4
28 40 -8
25 32 -13
59 36 -1
44 29 6
56 33 10
20 55 9
25 35 -15
39 28 -2
37 38 20
52 40 -11
51 56 -3
30 53 17
22 43 14
52 43 12
55 60 17
55 52 11
44 66 1
32 38 12
44 36 -3
23 57 -17
36 30 -8
22 47 -3
32 47 -7
40 43 -17
51 32 9
27 56 2
39 55 -6
33 36 -17
52 52 3
46 28 -18
27 27 14
38 46 7
48 65 1
40 65 -6
30 36 -12
33 47 4
46 29 -12
42 55 20
20 60 -12
60 60 -16
43 48 17
38 47 -16
21 43 18
30 35 16
58 62 -15
34 52 -16
31 27 -11
42 54 -14
47 55 -19
38 49 12
52 35 7
47 41 0
57 44 -16
59 46 -18
23 61 1
32 47 16
31 35 2
26 65 0
26 61 -12
35 56 -18
32 53 16
45 48 -14
30 61 -14
52 37 -11
36 33 -17
51 30 21
39 67 -2
57 36 -17
26 30 -4
45 66 3
47 27 1
38 48 11
24 48 -8
55 38 15
38 41 -8
46 27 3
49 33 -19
53 60 16
53 57 12
22 27 17
41 33 -4
34 46 -1
34 54 -5
54 33 -8
36 39 -6
36 61 9
29 43 -13
31 57 20
43 32 5
55 38 8
48 31 19
46 45 -8
53 40 21
49 38 -2
35 60 13
54 27 -6
45 32 -14
47 27 16
40 44 9
37 65 -18
46 61 -1
43 37 18
26 52 5
30 50 -7
22 50 -12
57 34 -19
36 41 20
50 63 -8
51 55 7
36 27 16
20 34 18
21 51 -12
32 60 5
59 58 -1
48 52 18
51 50 21
28 55 3
29 63 4
57 27 -18
33 37 7
23 35 -19
26 42 -13
43 51 -2
28 43 1
48 53 -16
21 45 17
28 43 -10
27 31 -15
35 33 14
57 65 -17
57 29 21
53 51 -9
42 28 -12
58 56 -6
29 59 15
29 53 9
37 40 -3
43 34 13
31 51 -19
50 62 -12
22 39 9
30 60 18
41 31 -13
22 48 15
32 43 16
21 51 19
34 67 -8
29 37 14
34 36 1
22 51 21
48 66 21
58 39 -3
35 61 1
28 42 -16
49 62 10
28 54 -11
32 39 9
31 30 -7
42 46 -8
40 32 -5
22 50 -8
29 64 -18
20 34 -16
44 44 20
44 64 18
33 67 9
43 35 -12
53 39 6
27 60 -7
40 50 -17
27 67 2
22 43 5
27 49 6
51 33 -16
30 62 6
44 33 -1
47 30 -14
36 62 -15
55 58 -7
39 51 -18
42 61 10
35 61 9
33 42 17
33 29 -3
57 38 -16
32 40 -13
41 57 5
30 46 -13
33 39 -17
27 43 9
26 29 0
31 33 7
49 43 -7
55 27 20
44 42 17
45 55 -17
53 51 16
35 58 3
36 30 -1
24 64 -1
37 41 -5
21 33 20
46 58 -2
48 52 -17
36 37 -13
22 30 21
49 51 6
54 55 -12
34 34 19
59 54 -7
54 64 -10
32 39 -16
20 43 -17
37 29 7
56 34 -8
33 36 -5
30 55 -7
60 59 -9
26 39 -15
34 28 -2
28 55 18
54 55 -2
54 59 -6
58 63 10
42 61 19
30 34 21
30 40 1
36 67 -18
51 60 -17
29 28 19
54 42 20
47 48 0
21 40 -19
21 54 18
35 63 -12
51 35 1
52 41 15
55 61 1
21 44 -1
59 60 13
30 62 -4
27 39 -17
46 40 18
40 42 17
32 63 -3
30 41 -3
57 56 -6
21 46 -18
28 54 -7
40 42 -9
50 38 2
22 28 -14
28 37 -8
34 46 16
31 51 2
52 53 -1
31 63 -19
50 37 15
38 60 -14
26 28 17
40 66 -13
27 33 19
34 40 -3
24 28 20
20 42 -11
51 43 -8
20 29 12
39 51 -16
37 33 -11
57 39 -8
45 31 17
39 46 -13
58 36 9
28 36 3
34 27 -9
39 59 16
49 38 19
48 36 21
41 35 -17
32 54 21
40 63 -17
59 65 15
22 33 20
24 60 10
34 39 -19
45 46 18
35 36 19
21 27 16
22 57 12
27 44 12
41 30 -3
20 57 15
36 47 5
28 41 1
60 33 19
55 32 17
44 41 5
23 52 12
30 52 6
26 49 3
21 36 7
30 28 20
59 50 21
58 59 -4
30 32 13
44 59 -2
21 33 -7
30 54 -13
23 58 -14
20 27 -1
28 45 -18
58 47 -3
35 35 -2
46 33 -10
28 36 17
48 59 6
43 61 0
55 31 -3
60 41 13
34 52 -2
25 39 14
25 54 -14
27 65 15
27 28 -2
60 42 -9
56 67 -8
47 62 4
43 65 -7
43 44 20
45 40 10
25 51 -6
41 28 -19
32 29 10
40 29 9
46 39 -4
32 57 2
35 49 -9
25 62 -1
45 42 -13
58 64 -13
55 46 7
31 61 -16
33 52 13
45 57 11
21 62 12
57 33 -12
40 46 4
48 31 -4
31 55 -15
60 40 -13
47 58 -12
46 43 -7
22 34 -4
40 36 11
25 30 0
58 55 -12
51 29 13
43 29 12
37 36 18
35 37 -5
37 65 17
22 49 -10
48 30 -3
22 49 7
42 58 -3
20 37 -14
52 66 3
41 39 18
52 54 13
34 36 1
48 46 -2
31 30 2
48 59 9
31 33 21
47 46 4
43 67 2
59 41 6
56 61 -10
42 53 15
45 28 -11
35 57 5
28 53 12
23 28 -12
44 67 -16
32 27 6
43 58 0
21 66 -5
40 37 21
22 33 11
32 32 -2
22 48 -13
27 43 -17
39 58 10
35 66 -3
31 34 18
56 55 5
41 36 2
37 42 6
24 47 -5
31 34 19
50 32 5
35 58 -7
46 59 -3
54 50 20
33 59 -3
51 44 -4
27 52 -9
37 52 0
30 39 2
47 51 7
58 53 7
35 49 6
43 60 13
50 63 -5
52 57 7
27 64 -19
33 61 -18
47 50 -17
31 41 -1
51 36 -10
34 39 17
32 37 -8
54 34 -5
33 63 4
27 32 5
57 50 20
58 52 5
34 39 13
43 30 20
39 51 16
34 45 -12
57 67 2
42 64 1
22 51 6
25 66 17
28 27 4
57 64 -5
47 36 -17
43 42 14
46 46 -1
45 33 2
35 37 -4
23 34 15
57 40 -13
20 60 10
52 44 -4
29 53 16
45 59 10
60 38 21
34 46 16
46 55 -3
50 52 -16
39 56 -10
40 41 -7
45 59 8
43 65 -17
23 65 7
37 51 -19
34 32 -7
31 32 10
51 50 -17
59 41 19
43 37 8
37 65 1
46 40 7
51 37 -7
39 45 -6
54 40 16
59 29 2
53 39 -8
58 61 -19
59 50 15
43 62 -16
42 47 18
20 27 10
27 44 18
22 51 5
96 65 23
103 56 31
88 79 30
89 70 37
88 54 44
76 81 20
76 84 23
110 68 31
93 90 24
111 81 42
99 67 15
93 90 9
88 56 10
83 73 19
111 70 31
114 54 31
75 65 33
79 88 23
104 54 20
85 78 48
98 67 36
115 55 12
110 88 44
93 83 14
90 92 43
107 59 23
95 92 49
90 83 30
113 77 47
80 54 28
84 59 49
100 85 25
86 84 39
89 80 9
113 74 35
93 76 38
86 69 37
88 93 42
95 59 16
108 74 33
100 90 22
115 72 44
92 68 44
113 58 16
93 92 11
87 64 46
79 71 36
106 58 29
87 83 35
81 71 18
110 69 49
99 89 47
95 83 23
77 72 9
110 83 41
95 80 37
109 86 43
84 70 31
107 82 25
99 64 26
82 71 46
113 92 40
85 89 31
82 66 13
108 69 45
99 94 29
96 78 24
87 63 35
82 86 43
109 89 37
79 84 25
94 91 47
101 83 15
84 77 17
100 67 11
115 90 38
88 74 46
88 90 17
102 55 42
79 74 19
110 65 35
106 62 44
104 92 12
114 88 30
83 68 19
88 78 19
76 64 21
76 93 49
89 59 40
103 94 33
91 84 32
97 75 35
88 54 31
89 89 31
94 67 43
111 79 22
85 58 39
83 89 13
107 74 15
111 61 28
103 66 12
77 89 38
94 89 21
109 80 33
99 72 20
91 75 23
78 54 9
105 74 45
92 94 33
111 90 30
112 73 35
104 66 39
76 77 17
79 79 12
113 89 48
95 77 16
107 79 31
90 78 29
111 85 34
102 61 31
86 67 43
81 63 30
112 68 47
93 92 40
93 86 42
108 70 15
80 91 28
114 76 17
104 77 33
80 71 46
113 63 41
83 84 16
101 60 30
91 58 43
85 66 34
80 64 43
110 65 34
83 85 44
109 80 32
93 64 36
108 64 29
94 79 10
86 74 17
88 93 42
110 70 34
94 68 13
100 62 37
86 78 23
79 64 27
80 79 39
85 66 44
81 85 33
105 72 48
109 85 40
80 54 43
82 70 10
87 80 44
83 68 15
86 68 32
84 72 20
76 91 24
94 63 31
91 73 26
87 61 19
115 78 47
104 57 31
75 61 15
83 88 37
79 83 28
104 91 16
80 65 29
107 56 18
77 55 20
100 76 21
77 77 20
85 77 45
82 85 26
79 55 26
89 66 31
99 79 11
76 65 10
78 77 32
105 54 46
86 81 11
78 64 30
107 71 40
77 82 35
100 86 35
113 84 16
89 68 20
98 59 15
104 60 21
100 70 39
78 74 14
88 56 24
82 55 44
75 81 18
97 87 38
102 89 34
79 76 36
101 70 18
112 73 33
102 57 29
82 80 18
75 69 36
83 61 48
115 63 17
81 57 44
94 91 25
111 89 33
112 80 24
99 69 41
115 54 29
101 91 38
102 66 18
85 63 24
82 72 17
110 67 13
109 71 15
100 83 10
77 68 48
97 85 14
85 78 37
86 69 49
81 61 48
93 90 40
104 65 16
90 62 27
80 81 29
111 81 19
83 87 36
94 61 46
108 72 20
103 58 33
82 57 20
102 82 38
112 55 24
82 67 42
109 55 40
91 57 16
76 90 15
86 88 29
101 67 24
84 57 41
84 69 45
81 63 11
108 67 22
102 91 36
108 65 45
76 85 47
102 67 21
96 78 13
85 74 19
78 74 15
82 63 21
86 92 14
107 93 45
93 90 21
75 64 22
79 80 9
108 75 32
81 60 12
96 67 44
103 93 20
81 71 30
98 71 42
80 56 17
81 77 12
76 77 28
108 64 31
80 65 28
102 74 26
88 85 44
81 90 43
84 61 42
93 90 29
98 66 42
103 79 13
99 76 17
91 61 24
86 67 10
91 87 20
86 80 27
97 56 28
84 81 19
81 75 28
75 87 46
85 58 17
113 83 25
100 80 48
114 76 13
95 73 15
75 89 18
91 84 28
98 62 13
110 80 35
90 69 48
107 67 46
113 77 27
87 69 34
91 87 45
82 69 32
101 79 27
109 57 16
96 86 20
110 71 40
105 74 20
97 62 27
82 78 42
108 65 44
83 56 39
99 89 38
95 87 38
103 71 11
90 91 32
115 68 34
77 73 30
103 83 25
96 88 29
89 85 14
104 79 27
75 64 29
110 94 28
90 77 37
81 85 37
93 69 15
92 63 24
106 77 23
103 88 49
102 64 25
84 64 28
113 67 30
105 65 48
93 93 28
84 66 38
94 78 46
93 75 12
107 68 21
112 85 20
87 68 23
113 73 29
86 59 12
86 92 44
75 81 29
88 77 28
98 94 46
113 86 24
98 62 11
80 68 26
110 57 10
85 56 12
111 85 32
77 79 13
98 69 37
108 77 10
106 67 36
77 73 33
77 56 14
75 94 30
90 74 32
75 67 24
94 73 41
100 90 35
77 69 27
103 54 21
101 65 37
104 78 28
87 62 40
85 71 36
99 61 22
92 69 45
97 84 23
92 58 40
89 93 39
88 86 29
93 54 35
113 73 49
76 87 24
101 69 40
104 72 14
96 92 31
103 83 43
76 57 19
88 62 28
92 84 32
95 55 26
84 83 20
103 60 24
112 68 15
84 83 17
79 94 34
108 85 19
94 66 32
99 81 49
106 62 13
104 76 23
110 68 9
94 75 48
107 82 40
114 93 49
97 73 30
93 73 25
99 55 25
106 79 23
107 76 13
87 62 44
83 94 29
84 71 41
105 80 14
75 61 36
114 73 9
101 74 39
95 93 34
100 68 14
97 73 24
90 67 21
90 82 44
110 61 17
81 84 13
97 68 35
83 74 30
85 83 14
108 78 39
107 89 35
99 89 10
91 58 9
106 84 49
88 90 35
93 92 34
102 57 29
113 88 30
75 64 31
109 59 22
86 77 46
104 67 44
104 82 10
75 60 36
89 60 38
110 89 15
108 60 36
78 66 36
90 59 26
84 74 40
102 86 9
99 66 46
94 93 18
80 84 32
78 62 30
80 77 41
78 82 29
79 63 9
76 68 19
89 89 13
78 83 11
89 81 38
105 86 25
75 81 18
94 80 10
115 89 38
111 94 20
94 86 35
75 85 32
110 58 48
75 91 10
79 54 18
112 64 26
90 94 44
82 78 42
106 80 24
101 79 36
87 60 22
88 73 28
77 69 48
76 74 13
80 78 25
98 76 26
89 79 33
81 69 25
96 75 10
85 60 17
78 86 19
90 68 37
100 93 34
95 82 19
79 85 15
114 61 28
89 89 13
86 81 45
86 91 32
113 94 20
75 62 13
106 94 23
93 72 22
112 75 22
109 76 23
111 77 23
94 58 21
76 84 23
86 74 38
86 65 25
97 65 9
78 94 9
80 76 18
109 69 41
115 88 42
77 59 16
95 73 31
102 82 37
85 89 40
78 86 33
86 81 32
91 73 21
101 90 28
102 93 29
99 54 29
95 81 25
108 87 17
90 60 48
91 92 23
85 57 17
79 87 29
105 93 40
113 65 35
80 74 23
87 73 21
107 79 24
76 62 11
84 69 35
87 71 41
83 76 21
92 67 28
77 63 14
89 83 11
101 66 45
79 56 27
78 71 9
84 92 14
104 81 35
91 62 24
88 70 33
106 64 34
111 65 14
84 63 33
100 76 47
85 81 27
83 92 19
107 68 32
104 80 16
105 63 20
95 94 35
108 73 41
107 82 14
115 61 47
82 59 30
79 77 28
76 94 22
101 71 21
79 93 13
101 92 22
91 94 25
77 70 46
110 61 42
75 77 17
108 76 15
90 89 24
82 94 47
107 67 17
108 58 39
112 78 15
109 75 9
112 80 17
85 68 20
95 80 41
105 64 33
95 78 46
107 66 14
103 85 11
84 90 18
101 83 43
82 63 41
79 65 43
99 66 19
100 94 43
98 73 44
86 94 35
114 74 15
92 80 23
106 65 10
107 56 32
79 83 46
88 90 30
91 73 39
104 68 32
110 86 29
94 72 15
111 88 28
112 77 22
113 78 17
77 64 26
106 84 16
81 86 36
90 74 31
103 82 24
98 59 11
76 80 31
82 68 42
84 64 37
83 72 16
98 69 22
107 86 15
109 87 47
92 78 38
108 60 39
94 80 48
95 66 20
114 92 49
94 54 23
97 92 16
93 86 9
95 83 10
106 77 37
78 57 42
110 61 32
112 71 30
76 91 42
76 78 23
94 86 9
80 80 16
75 93 23
94 58 45
113 78 26
109 91 44
93 71 41
79 89 13
75 85 15
105 79 16
112 85 49
98 71 24
88 80 10
92 73 36
88 79 47
81 54 34
98 93 28
114 84 10
87 83 23
106 72 23
106 76 24
106 84 35
84 82 43
104 63 34
95 94 32
88 54 14
103 58 43
80 93 19
82 60 46
115 69 27
96 70 20
79 76 41
103 84 16
107 64 47
86 91 24
83 78 37
115 80 19
77 90 31
76 72 32
84 68 40
100 55 45
112 79 15
83 86 41
96 86 26
96 81 22
108 59 21
81 55 19
108 78 24
110 86 30
114 71 37
107 93 22
77 60 30
97 83 25
79 83 25
104 81 49
76 67 34
94 71 22
76 89 22
112 54 33
109 77 15
75 82 41
105 59 17
88 56 10
92 71 17
106 77 24
113 75 30
107 71 41
103 77 25
113 84 38
76 94 49
88 81 11
83 54 37
101 79 15
111 78 34
115 72 11
88 81 44
96 83 20
88 86 36
101 72 47
91 65 24
115 77 28
83 93 20
76 58 22
76 93 11
99 63 44
82 55 49
103 88 14
80 91 49
105 78 48
91 61 20
101 86 13
97 76 36
82 87 27
108 72 45
100 78 12
85 60 16
96 83 30
87 67 35
99 70 11
97 65 38
75 71 34
86 73 18
83 84 15
109 89 16
98 77 35
90 55 48
109 92 46
94 76 46
105 66 17
108 54 20
95 57 18
104 78 41
103 86 12
98 58 11
98 74 23
76 79 22
83 63 48
85 59 22
103 62 33
114 82 18
115 59 21
99 83 36
94 57 24
102 64 38
105 54 27
108 63 29
105 61 23
111 78 39
94 69 12
112 66 19
79 61 20
99 85 43
111 92 46
109 69 48
86 79 31
86 75 15
93 62 20
111 79 18
102 55 34
93 75 13
95 87 47
84 54 48
103 63 43
99 84 27
114 87 10
81 55 26
104 92 21
80 79 11
105 86 12
92 92 41
94 62 26
76 55 36
97 78 32
84 69 16
91 93 18
95 73 35
90 74 17
86 78 19
107 89 26
88 88 40
104 74 31
107 57 37
91 93 34
78 60 18
102 73 32
76 85 27
89 76 46
97 84 45
95 94 40
84 91 29
96 72 22
91 73 24
101 91 22
105 65 15
114 79 31
115 63 30
103 69 46
107 90 13
89 94 34
88 63 21
78 62 29
79 85 40
78 86 19
90 83 28
113 94 14
90 70 22
98 88 30
78 64 31
96 63 9
92 58 26
102 67 44
109 57 37
110 68 45
97 89 16
103 71 27
78 72 30
91 81 18
108 89 17
103 94 49
89 59 21
86 91 43
101 54 44
79 81 33
115 94 40
100 57 41
86 77 25
109 60 43
96 83 23
108 91 9
102 55 37
115 56 14
90 59 40
94 56 38
79 69 40
96 59 45
81 94 21
105 71 11
85 69 18
90 65 47
92 69 30
109 76 41
84 58 32
94 68 39
80 68 28
81 94 13
80 62 43
104 70 32
113 80 14
75 67 43
114 88 24
105 83 46
83 63 28
86 68 28
78 83 11
96 65 13
112 85 44
86 94 38
115 86 14
101 67 36
109 90 43
86 60 39
88 65 34
113 72 48
86 54 39
77 63 45
96 58 21
101 63 49
84 62 44
115 55 25
78 87 12
89 59 9
107 72 12
86 63 22
88 73 11
94 66 27
94 62 16
104 85 19
82 56 24
110 62 47
86 71 38
88 83 37
97 56 22
100 81 27
89 64 17
100 74 13
97 76 48
90 91 23
97 81 22
84 94 39
77 61 35
109 75 13
97 80 25
98 89 15
98 82 15
98 58 26
80 79 34
79 90 12
94 78 24
105 82 19
87 90 24
80 89 40
92 63 44
83 81 47
111 87 25
114 90 35
96 71 36
88 65 37
83 94 9
76 71 48
89 71 23
80 70 41
115 92 35
106 70 11
110 81 43
108 83 38
79 92 18
108 57 40
78 63 45
102 75 27
98 55 32
81 86 38
90 63 42
78 54 39
111 63 46
87 86 49
113 68 39
99 64 10
100 61 25
83 55 27
104 61 45
94 60 28
99 83 18
97 55 40
80 85 39
95 62 29
75 90 18
92 74 11
89 75 15
102 55 40
107 83 9
112 91 40
93 78 40
92 66 31
79 59 38
78 59 44
75 79 30
105 61 26
96 79 13
96 75 20
95 88 14
75 61 47
113 59 12
101 61 28
84 64 16
97 67 23
102 79 10
88 75 20
106 80 26
108 68 42
87 60 42
103 89 31
106 89 19
76 74 17
95 68 30
89 70 24
79 82 35
103 55 42
108 56 10
110 71 27
76 72 20
92 68 39
96 72 27
83 54 18
96 89 36
78 77 41
110 75 41
110 88 10
90 89 42
105 72 45
100 72 27
86 80 39
106 80 31
78 91 30
93 91 21
79 76 33
94 86 48
88 87 16
96 94 16
106 57 31
107 68 45
79 66 24
94 82 26
92 57 26
90 86 23
100 83 36
88 91 40
77 74 39
106 69 9
75 93 16
83 70 49
107 86 35
84 56 42
103 73 25
90 86 24
95 75 26
94 91 28
81 58 34
102 79 20
81 88 16
112 56 35
77 78 17
83 81 45
109 67 15
98 64 33
81 87 39
108 92 33
103 93 35
105 69 35
80 67 9
108 78 46
103 70 42
93 90 15
103 56 47
115 64 31
102 55 48
80 60 13
104 77 36
113 61 30
98 79 34
76 65 28
105 54 42
98 66 22
92 59 38
79 76 10
88 76 13
92 84 49
98 64 12
110 81 15
75 82 47
101 87 38
75 54 19
101 54 39
81 56 46
105 89 48
76 57 41
78 80 32
105 76 16
81 71 34
104 70 43
112 67 34
84 77 16
90 90 31
99 89 44
95 68 9
87 66 33
88 82 45
103 81 21
82 59 32
88 83 21
75 58 18
79 65 34
111 61 40
106 79 16
80 75 32
88 68 45
106 60 41
77 94 11
94 72 31
79 68 11
92 54 31
87 72 43
111 60 22
88 63 20
111 56 33
108 90 13
99 87 12
84 65 32
76 89 49
89 80 39
82 60 41
88 86 49
89 75 48
106 62 38
89 64 16
78 78 22
90 61 14
108 76 26
103 86 13
114 73 17
95 61 34
110 67 41
109 55 25
89 91 19
98 76 28
83 67 25
97 63 44
108 67 25
75 64 23
96 83 35
88 63 44
101 61 28
93 83 17
81 58 26
108 73 45
105 79 20
105 58 10
115 71 25
89 75 46
111 89 33
100 89 35
91 93 17
105 86 39
102 83 10
84 73 38
89 74 43
83 73 38
113 70 39
98 59 43
90 56 34
109 65 42
81 66 10
102 71 12
104 90 41
106 54 38
108 56 32
98 71 42
109 94 45
80 60 17
103 85 37
105 73 32
109 62 18
90 92 11
85 71 22
97 93 27
76 93 33
110 86 35
107 79 13
105 65 16
97 74 31
87 88 10
87 74 34
83 58 24
86 78 22
93 60 47
80 91 19
86 55 10
76 68 47
106 67 49
84 71 39
98 80 35
82 93 12
114 91 30
104 84 33
84 64 37
95 87 20
113 57 15
80 85 39
113 60 16
79 89 42
90 87 9
111 74 45
75 78 26
107 54 25
97 83 31
82 77 9
102 75 9
109 94 23
111 87 43
92 93 24
90 93 39
85 88 49
115 84 13
80 86 49
87 80 21
107 71 33
90 74 24
84 54 41
99 65 20
79 80 28
98 71 37
78 66 27
109 60 27
102 78 19
107 71 20
97 87 12
81 87 42
85 54 14
90 59 29
76 87 10
76 68 36
88 72 12
115 69 19
113 89 18
86 94 45
86 79 24
96 69 31
98 72 25
84 77 39
82 67 47
83 78 35
88 89 45
79 79 13
81 73 25
76 58 24
83 57 35
95 89 24
84 79 46
104 88 36
77 68 15
112 90 9
87 84 36
109 82 25
94 71 45
94 76 41
106 62 39
78 66 21
81 65 43
104 93 23
98 85 42
80 87 29
95 70 33
106 84 21
93 56 29
77 81 28
107 62 18
106 89 10
109 59 34
91 81 23
83 55 26
97 71 41
77 72 19
88 85 42
88 63 26
106 61 40
89 84 27
81 81 45
88 85 43
106 94 25
98 75 15
112 92 41
109 77 13
89 79 17
95 79 26
110 59 35
106 74 32
83 87 15
92 65 13
97 60 34
109 92 40
104 68 39
93 66 9
106 57 13
102 79 36
98 72 9
79 57 37
114 56 11
101 74 40
78 64 33
92 83 9
108 84 19
101 89 37
105 59 16
110 87 19
112 79 22
100 61 24
107 73 38
100 73 20
90 56 40
104 61 25
113 73 14
76 81 20
76 83 19
107 57 40
98 91 19
90 79 28
91 83 47
111 90 46
95 56 20
83 69 15
108 61 46
98 66 48
81 68 44
96 74 11
108 76 15
81 79 23
92 58 33
77 82 24
92 71 45
99 85 19
110 80 41
112 79 14
111 82 36
77 89 39
98 65 24
104 71 29
86 85 47
85 68 25
78 64 32
85 92 25
114 65 44
87 90 11
82 92 13
109 72 24
98 78 22
75 62 38
75 72 28
80 81 31
108 91 12
97 60 21
102 91 10
98 64 11
85 64 20
81 62 34
108 66 39
113 82 14
92 81 21
76 58 33
96 81 13
89 62 49
93 68 25
103 87 40
104 55 32
96 62 15
91 70 17
111 90 39
97 87 27
105 79 49
78 68 31
97 63 42
81 81 15
106 71 14
90 93 9
106 87 37
106 58 26
113 66 29
82 65 37
84 61 16
106 91 28
84 59 10
99 85 22
92 77 18
89 84 39
112 74 45
111 89 18
112 72 14
115 75 16
75 94 12
88 72 24
110 57 22
99 71 10
81 82 40
115 58 25
93 93 18
115 81 12
104 58 37
81 74 33
100 88 17
99 59 46
106 94 20
105 59 24
102 54 22
78 92 37
94 92 15
112 58 49
77 63 27
104 72 17
87 80 12
90 77 39
96 67 29
91 75 32
82 75 46
112 64 26
93 88 46
110 75 41
85 81 45
85 91 49
115 61 40
79 57 23
76 58 36
77 80 10
86 79 34
109 80 25
107 86 27
79 89 32
113 68 39
97 94 29
102 82 12
100 87 39
109 61 40
91 85 24
94 79 48
84 70 24
87 92 47
101 69 45
85 88 16
105 57 22
93 69 17
105 58 20
107 86 27
92 86 44
107 74 35
104 77 27
92 79 18
108 87 39
101 76 14
102 58 44
83 74 23
81 73 24
102 65 25
88 74 39
112 87 31
96 57 40
97 66 22
77 80 18
99 82 38
108 61 46
78 81 20
91 72 19
95 72 10
84 88 17
104 76 43
89 90 21
109 72 34
105 64 46
103 62 10
88 81 18
85 89 44
88 55 37
107 85 15
106 64 19
81 67 45
107 59 20
75 75 22
114 62 46
81 56 40
78 82 49
115 60 17
98 84 24
91 71 10
111 90 22
101 74 12
87 91 32
94 72 10
82 94 49
111 85 25
93 90 44
99 64 26
115 62 49
84 67 13
111 76 18
106 82 9
94 77 9
115 64 46
87 73 30
91 78 34
91 57 16
94 86 36
75 64 28
75 80 22
89 75 41
84 90 45
97 85 27
114 74 46
95 81 24
106 82 29
88 58 31
94 62 20
87 90 30
115 70 15
80 82 30
102 85 11
106 91 33
113 54 30
93 78 14
89 78 47
89 82 11
103 80 30
110 72 14
78 67 36
86 81 40
76 93 45
102 54 36
106 81 36
83 91 41
95 73 34
90 58 17
75 90 37
82 65 14
102 59 16
106 86 18
78 75 44
81 67 49
89 84 28
112 55 16
80 81 15
101 94 36
88 68 16
113 77 22
78 84 47
79 72 14
113 72 29
100 79 28
85 54 33
100 83 44
84 55 34
103 76 39
75 58 21
102 78 23
75 93 49
93 90 18
100 94 40
99 59 40
101 70 38
79 91 21
77 68 21
112 80 46
99 76 37
114 67 47
105 73 38
110 87 12
96 88 11
113 68 28
115 85 48
77 86 17
90 67 34
76 55 12
80 64 34
100 93 26
97 54 43
82 73 41
85 88 14
105 71 32
112 82 33
106 80 11
87 67 31
98 87 45
105 84 33
109 62 42
110 88 38
103 54 29
99 60 12
109 54 44
91 78 20
88 64 25
105 89 16
76 59 16
105 83 17
81 58 28
88 76 42
86 55 49
113 78 40
79 82 29
86 55 35
113 65 14
103 93 40
111 56 41
87 72 21
90 64 13
87 54 18
111 70 41
96 85 30
77 91 29
105 54 14
101 76 31
94 89 38
103 82 38
80 56 32
112 88 47
78 91 43
99 73 42
114 86 33
100 94 15
112 76 38
115 81 31
104 62 40
91 71 9
95 66 16
107 93 17
89 69 22
102 65 16
110 90 30
114 80 49
110 82 46
82 74 25
115 77 38
79 83 14
78 57 12
84 72 46
103 72 22
91 85 48
85 81 20
78 85 21
84 62 23
97 76 13
62 43 52
74 52 57
62 39 52
62 50 45
69 42 49
70 54 58
83 37 62
91 55 24
65 36 45
53 55 41
60 45 49
70 38 38
85 43 36
64 29 43
88 68 56
84 60 29
82 41 57
59 36 33
57 45 58
61 65 54
88 56 53
52 46 34
88 57 59
53 68 41
61 64 31
51 44 45
88 46 41
62 60 57
61 62 26
69 34 35
53 57 50
81 57 22
71 60 27
80 54 35
81 58 33
91 57 22
84 43 23
63 62 49
88 29 43
80 60 52
52 63 46
83 69 22
57 51 43
54 58 40
58 29 57
59 58 56
67 43 43
83 39 38
77 42 59
90 58 43
86 61 25
67 62 25
52 58 41
62 58 53
65 38 53
69 62 59
51 61 39
77 60 51
56 52 55
75 41 51
67 38 41
80 44 29
69 61 24
52 59 59
56 45 27
68 68 25
56 59 36
87 30 54
83 55 39
58 47 37
60 62 39
71 30 44
77 56 43
90 55 51
67 64 55
59 46 50
68 58 40
73 30 46
58 44 40
79 53 53
77 55 24
80 58 37
81 40 33
58 47 31
63 67 33
71 42 40
69 38 38
74 62 40
78 31 51
66 68 54
53 61 36
84 67 25
69 29 28
77 39 31
69 46 22
80 60 53
69 54 42
87 34 59
84 52 29
59 47 32
86 50 52
85 49 29
81 34 24
76 35 57
56 44 23
66 54 37
56 53 38
52 37 58
59 41 57
66 52 34
59 65 60
77 38 35
83 30 50
76 40 28
74 61 46
61 55 26
54 49 44
69 32 26
53 56 44
68 58 31
76 38 54
58 48 34
86 58 41
59 37 53
64 35 58
51 69 60
77 68 48
72 40 27
57 34 28
62 33 62
87 50 41
90 68 56
72 42 49
69 47 22
82 32 40
77 51 33
63 29 43
80 31 22
73 60 55
57 65 40
64 52 36
52 56 28
53 54 36
77 61 60
72 35 23
83 34 61
81 65 54
70 66 33
87 36 26
64 54 62
51 43 46
52 63 45
73 51 59
90 38 25
82 62 35
68 39 56
90 40 46
62 32 55
88 57 41
90 60 48
71 60 26
90 50 46
51 59 59
70 56 56
62 62 43
72 44 34
88 47 22
69 49 44
56 30 24
68 63 36
82 34 32
61 35 57
52 62 33
83 63 59
75 69 54
75 43 61
53 49 56
57 38 52
58 53 38
79 39 54
63 34 23
62 60 34
75 43 59
88 36 29
69 34 43
58 44 28
70 35 25
71 55 22
60 46 58
59 57 56
55 31 55
58 60 62
79 67 61
59 29 35
56 64 50
55 68 59
60 39 36
68 57 49
73 54 45
57 63 29
61 56 26
58 46 22
87 32 41
73 43 36
69 45 47
66 44 44
85 66 41
69 64 60
75 68 41
59 65 40
89 65 51
70 29 53
54 35 42
74 63 50
61 66 30
51 46 25
81 34 40
61 33 61
71 52 53
79 36 49
54 33 37
68 69 56
70 56 29
85 52 44
61 43 59
82 56 33
90 49 45
74 58 48
63 54 30
69 49 56
72 37 41
90 51 24
84 33 61
68 35 58
55 44 52
55 49 60
74 64 48
59 48 34
70 42 53
67 57 45
54 57 56
52 57 39
72 29 52
61 56 47
63 31 53
63 69 24
79 50 62
69 34 22
76 57 36
61 44 34
78 66 30
75 68 51
78 50 47
85 64 22
80 45 39
75 45 29
61 32 25
67 59 58
90 59 52
65 64 27
55 29 22
88 40 55
57 40 55
84 35 56
73 47 43
85 36 36
70 60 47
54 49 29
72 56 29
72 43 44
90 54 44
65 50 57
66 37 51
83 69 34
82 49 50
65 42 29
59 34 56
81 66 43
80 55 59
80 50 55
73 40 22
81 61 60
79 49 59
73 53 30
73 61 47
71 59 25
72 69 41
72 53 28
89 54 49
70 56 45
82 34 30
66 41 45
79 68 61
78 60 37
85 40 48
68 64 34
65 44 56
71 67 43
59 51 51
83 53 27
87 47 61
77 67 50
65 46 60
53 32 45
87 56 44
73 31 35
88 30 54
61 49 37
65 56 22
56 58 34
90 50 56
80 36 28
67 32 32
55 40 49
78 40 30
64 33 47
59 55 32
85 39 23
62 66 26
71 60 22
53 54 41
89 54 37
72 44 48
77 64 43
70 39 29
77 30 57
88 66 60
67 63 36
91 48 26
77 53 23
70 68 41
80 47 30
90 55 24
52 52 57
54 65 28
84 64 45
52 33 36
87 32 36
63 60 33
87 65 30
58 54 61
66 56 31
54 32 32
88 29 59
54 43 49
81 64 34
53 37 55
64 32 35
71 61 54
62 32 23
59 38 40
55 34 54
76 44 56
76 42 23
57 36 25
66 31 45
67 66 37
82 29 48
57 68 38
69 57 46
51 55 45
83 40 42
65 43 57
78 34 44
56 60 62
62 46 22
79 41 50
91 65 58
69 50 34
73 59 45
68 64 32
77 43 55
68 61 51
83 68 31
62 66 60
72 52 58
89 38 32
69 62 36
75 58 60
65 52 41
71 29 59
76 68 43
59 69 27
71 33 22
73 43 34
55 46 34
67 59 48
57 47 62
63 50 54
57 61 25
88 42 44
84 65 28
77 36 29
52 63 29
54 47 56
90 39 32
91 31 61
90 32 31
84 52 54
83 62 58
60 50 23
60 54 44
70 68 39
84 36 46
61 52 43
80 35 30
90 53 26
56 49 29
62 42 29
62 48 25
59 42 49
77 35 56
80 68 39
85 57 25
67 66 22
57 29 39
64 66 43
54 38 60
62 53 57
87 63 29
74 39 51
71 45 34
61 61 38
91 35 45
65 37 61
64 49 40
85 52 22
54 55 31
81 39 33
65 29 59
59 61 25
90 35 23
65 45 24
70 63 46
71 48 57
81 54 27
64 32 60
62 64 62
69 42 32
87 40 28
84 60 35
85 47 60
57 51 22
65 60 54
79 54 24
57 56 62
75 46 61
60 51 33
56 30 44
73 61 35
63 64 47
80 60 31
76 31 62
77 62 58
61 31 47
75 68 37
91 34 29
74 49 45
91 31 29
61 56 57
90 38 28
73 52 59
56 62 30
76 38 46
66 69 50
72 31 43
87 52 39
69 66 59
89 57 45
58 45 57
63 34 60
55 50 57
81 68 46
70 29 30
87 50 24
75 42 43
62 34 55
84 68 36
57 49 49
86 38 52
56 48 32
62 46 45
67 35 50
64 34 31
61 36 35
55 68 31
89 38 59
81 58 45
75 30 33
55 35 34
73 49 52
82 56 28
61 60 38
83 44 45
53 64 25
81 43 57
58 60 24
86 40 34
77 56 40
74 38 40
86 64 51
85 45 36
63 56 57
68 66 57
75 48 49
63 60 33
89 37 32
74 50 25
85 60 22
69 55 38
83 34 45
73 37 54
65 53 23
66 43 62
57 40 44
78 56 31
89 43 24
79 67 26
76 44 46
67 69 59
79 29 35
70 42 30
69 35 41
75 48 41
83 41 37
86 33 48
52 42 59
82 63 24
67 45 54
84 41 36
83 43 56
60 69 27
66 31 59
82 31 40
79 57 58
76 50 37
60 64 41
57 35 29
70 33 43
61 62 59
84 32 45
88 53 34
89 69 22
71 36 51
63 65 49
52 41 33
73 44 29
78 56 30
52 51 59
90 31 27
52 48 27
83 49 38
90 43 61
57 31 62
70 57 46
89 36 35
74 51 57
82 55 54
55 41 26
82 48 29
77 66 57
75 56 23
90 68 47
84 57 25
84 42 56
57 47 61
52 41 57
87 51 41
51 35 22
71 59 41
52 35 41
82 30 54
90 34 58
81 44 36
54 65 34
58 61 24
89 43 43
63 38 45
61 47 43
75 36 27
79 66 62
76 48 40
75 54 55
52 34 57
51 46 48
54 69 52
55 61 22
61 62 24
66 40 62
63 30 32
85 55 40
78 50 47
89 60 46
62 39 49
77 67 47
69 59 57
54 34 44
58 64 34
68 41 22
70 50 32
53 56 61
77 29 33
53 35 34
72 65 46
79 57 32
73 34 30
61 69 34
69 36 38
52 30 25
79 67 24
89 33 34
69 50 52
87 49 57
61 62 32
76 56 27
56 54 59
84 69 47
86 62 44
51 37 60
59 46 59
55 57 59
72 61 46
62 40 58
76 44 43
69 32 50
75 37 46
65 32 62
73 69 22
58 45 26
74 42 24
67 35 29
71 44 49
88 40 43
88 69 27
57 62 49
61 29 35
85 44 25
74 32 32
56 38 22
62 34 43
74 51 33
55 36 23
86 69 25
66 64 23
66 67 44
81 40 23
86 57 23
53 60 52
58 47 22
66 48 38
76 59 43
73 29 31
78 43 33
63 46 24
71 39 62
62 38 30
85 29 25
87 31 44
80 35 26
87 63 25
57 61 48
80 66 54
73 52 43
87 55 46
59 51 35
77 40 26
69 63 51
59 65 25
89 50 45
66 66 56
85 50 27
61 33 38
77 66 51
80 62 43
58 63 35
89 35 46
60 62 36
63 46 47
87 46 36
83 40 35
63 42 58
56 35 28
69 61 60
65 44 30
60 41 30
69 45 33
78 29 59
87 44 38
67 62 43
72 68 49
86 38 60
74 47 52
60 44 33
65 67 32
72 59 46
53 29 47
60 46 32
58 34 24
55 66 32
86 43 49
70 34 36
64 29 56
77 37 58
53 43 31
75 42 53
82 51 30
89 43 60
65 48 50
82 66 36
89 32 48
64 58 42
82 46 56
78 38 22
88 31 61
62 45 61
65 56 43
57 61 45
65 41 49
66 48 57
88 56 29
54 56 60
75 51 38
83 34 52
74 61 32
66 56 26
59 50 27
67 50 53
59 61 29
66 34 25
90 31 55
86 55 31
76 48 47
88 33 41
75 58 54
56 41 51
72 66 53
82 39 53
64 31 56
54 61 42
54 50 35
68 37 29
74 40 28
70 56 53
79 34 49
52 53 34
80 62 50
71 33 52
70 37 29
85 69 44
64 57 50
91 51 37
79 39 31
81 61 48
68 55 50
55 50 59
85 39 44
67 38 62
73 46 51
70 64 38
65 31 50
63 60 25
86 65 60
51 58 24
75 46 35
52 50 39
51 69 48
54 62 56
87 50 48
91 35 52
69 33 59
60 33 62
72 35 39
86 35 28
84 64 52
81 52 38
51 54 53
61 40 24
86 44 47
57 43 25
66 62 31
90 59 40
60 36 35
67 49 33
69 37 36
52 56 54
61 50 23
77 54 62
55 58 49
91 65 61
73 58 30
68 41 48
85 59 23
53 62 52
63 56 41
54 34 43
72 48 30
73 46 50
54 31 50
55 29 59
90 31 54
72 34 58
51 42 32
73 42 40
62 55 59
60 58 51
73 58 28
84 35 51
68 50 48
61 65 29
55 62 44
52 68 31
75 34 44
73 34 36
60 42 59
62 41 31
83 56 33
51 56 37
84 46 54
51 40 25
55 44 41
65 67 48
75 50 34
57 35 26
58 40 23
85 66 53
66 43 59
55 43 28
87 65 32
81 32 61
83 42 28
88 31 57
74 42 52
76 44 30
57 30 57
51 50 36
85 62 58
58 48 55
76 39 35
65 31 56
61 52 35
86 45 31
72 36 38
71 69 54
53 33 29
63 37 24
71 32 38
63 51 37
60 63 26
78 55 27
87 33 32
67 54 50
78 41 62
71 64 49
61 45 23
75 51 58
78 52 52
56 65 33
84 31 56
65 68 26
57 65 27
66 66 33
72 47 36
64 58 51
54 64 60
69 44 62
56 67 24
83 48 31
62 63 25
76 58 22
89 69 43
82 45 42
82 56 41
70 32 42
65 69 27
86 32 55
53 67 23
78 29 26
91 67 59
84 32 51
62 58 46
59 42 60
87 65 23
77 35 56
86 59 34
59 64 60
90 31 59
52 59 41
63 65 55
64 43 32
62 47 23
75 44 55
66 33 26
54 40 49
76 46 27
65 48 47
91 63 42
64 42 58
59 29 61
57 50 41
83 37 55
90 65 46
72 40 45
78 32 34
64 30 35
68 39 61
83 64 26
78 39 52
84 58 40
77 62 22
61 52 42
64 38 52
68 34 36
84 60 55
54 57 57
77 65 55
79 37 29
55 66 41
88 60 55
54 37 37
69 57 34
68 49 33
57 69 50
60 59 49
51 47 30
62 60 33
57 39 35
59 48 41
64 29 55
67 42 48
56 44 51
68 69 55
76 61 30
61 52 23
78 33 59
71 62 28
66 58 54
69 61 54
77 43 58
89 44 61
88 32 38
78 30 44
61 59 57
52 63 56
71 36 57
67 29 35
58 45 28
91 39 43
82 56 46
61 59 45
83 68 36
68 50 25
78 59 39
53 47 55
71 44 45
67 40 42
59 57 34
83 63 56
75 45 37
79 68 29
83 33 60
73 64 24
79 48 57
51 41 36
69 43 25
65 37 43
67 67 25
79 43 53
81 45 26
89 33 41
89 29 43
56 64 40
77 64 49
57 51 25
78 43 48
82 33 57
54 45 31
65 49 59
84 47 45
59 32 51
53 68 38
87 34 31
58 68 60
80 66 29
80 67 38
82 62 58
57 59 50
69 62 61
87 37 57
52 52 46
58 64 47
61 57 38
84 54 40
83 66 23
76 34 25
88 39 32
73 53 35
56 33 48
76 66 61
88 69 32
65 53 30
52 57 29
77 47 30
59 29 28
76 37 26
78 46 57
77 44 35
58 47 26
84 65 37
63 60 51
90 36 26
86 63 25
87 60 48
89 45 55
77 64 61
60 47 35
68 61 23
62 37 38
61 29 25
73 31 41
86 38 22
72 30 28
85 47 39
86 65 39
60 42 61
71 60 58
61 63 55
77 69 34
90 42 54
89 65 32
89 33 55
85 39 55
71 37 36
59 64 22
64 45 30
76 48 57
85 60 49
72 40 46
79 60 58
88 50 52
71 37 61
86 49 56
60 68 50
79 67 34
54 65 28
83 54 60
72 36 58
75 64 49
64 68 26
82 54 40
74 36 49
66 59 31
69 65 56
60 47 49
68 37 56
64 46 34
55 64 34
82 60 55
58 60 58
87 38 47
60 53 60
57 61 49
88 34 31
54 50 25
57 52 51
86 33 30
59 36 51
57 30 37
62 50 29
58 34 60
87 58 45
61 63 49
59 35 56
58 46 32
76 67 31
58 44 61
80 69 39
61 29 29
84 63 43
61 37 28
83 67 50
88 34 48
63 54 47
87 44 58
64 36 52
75 30 62
70 31 60
90 35 51
90 53 29
76 55 54
57 35 56
53 61 62
53 65 26
80 61 54
62 37 48
55 69 58
62 45 55
84 43 50
89 48 31
64 31 61
64 68 39
64 67 31
56 60 48
52 47 30
68 33 45
89 39 50
88 30 36
66 41 38
68 60 36
60 41 48
76 33 28
56 69 46
58 59 30
89 60 26
84 29 58
77 58 39
71 40 32
55 58 47
74 31 24
80 51 43
86 35 62
82 29 48
87 54 56
90 63 26
80 63 32
76 46 52
86 54 29
63 55 51
60 29 43
87 41 56
56 59 62
56 29 55
60 36 57
75 43 57
75 46 39
67 29 51
62 32 59
68 52 46
85 49 44
81 56 35
88 29 44
72 48 51
73 47 52
87 69 57
81 59 44
87 53 31
73 40 45
74 40 35
72 66 56
79 49 24
56 37 54
53 40 27
78 30 50
57 65 22
52 32 25
58 40 41
51 63 54
59 50 45
88 41 48
78 44 49
89 31 48
67 61 56
90 43 45
88 66 61
61 65 51
70 47 48
59 54 51
73 45 60
85 63 60
78 41 38
58 58 47
54 62 60
54 56 58
82 30 51
65 56 53
86 59 28
74 44 30
52 41 56
60 46 31
52 41 36
55 65 62
64 47 36
72 43 33
59 68 61
80 48 60
62 29 29
54 62 41
69 41 61
82 40 39
58 54 31
88 66 36
82 31 24
80 68 60
66 35 39
56 51 52
79 62 35
58 57 49
56 43 31
61 68 25
86 68 55
55 47 58
91 67 27
73 40 57
57 32 48
56 50 58
59 64 31
88 53 38
59 44 28
74 30 41
68 33 38
57 64 47
83 55 24
80 63 59
62 40 52
91 38 43
53 39 55
85 59 38
54 31 58
52 56 30
87 69 56
89 42 60
54 69 46
57 60 24
80 45 50
75 64 37
75 59 56
54 60 39
75 60 37
78 39 61
86 58 22
72 49 33
57 35 32
77 69 39
79 55 30
72 65 46
69 42 32
61 59 59
57 46 46
91 39 43
75 42 58
88 57 42
69 46 59
90 62 27
52 45 40
83 55 35
62 57 28
71 66 29
73 55 25
63 44 62
53 52 24
90 46 33
65 53 34
67 50 51
72 67 27
77 54 60
83 47 29
87 31 55
84 38 25
89 57 55
87 66 42
62 32 59
74 46 47
67 34 53
53 42 44
68 64 54
71 55 39
62 50 57
57 36 34
80 29 42
69 44 28
67 66 40
75 52 52
62 37 33
55 32 53
72 62 39
56 63 29
65 32 42
55 60 27
76 34 22
53 39 56
53 54 46
59 44 54
69 33 59
72 63 53
90 37 37
75 29 33
51 65 50
86 63 61
79 59 40
72 67 27
86 66 55
85 36 58
63 32 31
68 53 38
66 65 55
87 48 35
91 29 42
54 45 62
72 30 35
52 53 47
64 52 48
58 42 54
84 59 43
78 32 36
61 33 45
89 56 28
91 56 43
73 33 37
74 62 48
74 66 44
75 32 53
68 38 62
70 51 45
69 44 56
82 44 46
74 34 36
62 49 32
89 43 24
85 33 25
64 59 55
69 60 46
87 49 23
88 57 42
53 65 31
51 58 24
77 42 55
73 29 57
71 47 25
83 31 29
51 45 50
83 64 58
54 61 26
67 32 40
56 48 28
65 46 38
91 60 32
78 52 25
55 54 30
87 53 61
85 56 60
85 56 51
84 50 36
69 36 52
56 33 39
75 33 28
71 68 29
84 65 62
90 49 60
65 38 31
83 40 36
81 57 51
89 41 54
51 31 25
77 40 47
89 63 54
71 63 40
79 61 28
77 67 57
64 48 45
63 69 33
52 52 28
59 53 22
82 33 22
52 29 62
73 44 27
77 59 27
78 37 35
82 63 37
61 38 57
90 64 27
89 56 51
52 63 58
67 62 52
62 56 55
65 40 48
67 53 43
76 53 60
53 62 38
55 44 32
52 62 24
75 58 27
76 59 62
68 59 53
67 38 22
75 66 28
80 39 46
71 54 52
61 69 23
71 43 51
89 63 51
86 32 55
61 61 26
84 65 37
57 31 23
85 38 61
86 66 56
82 47 34
86 52 27
53 42 22
86 29 45
68 52 43
68 60 33
53 59 32
78 50 26
61 32 26
74 46 59
71 51 53
62 35 31
52 56 29
69 68 28
58 51 48
62 29 36
77 62 38
71 32 40
71 52 26
55 59 55
68 36 50
77 48 31
88 65 29
78 52 54
84 48 46
85 34 42
66 36 35
63 52 29
79 65 56
86 67 57
64 53 55
74 39 32
54 32 51
76 50 53
70 61 57
86 65 57
70 45 62
54 60 48
72 60 33
57 52 49
83 40 39
55 58 28
78 54 46
87 36 44
77 68 26
76 41 29
65 36 34
62 64 25
60 48 32
73 42 47
74 47 56
69 68 32
61 45 26
54 50 34
85 64 30
70 50 23
75 40 51
87 41 26
84 60 51
71 39 44
69 37 25
74 60 26
68 37 28
61 55 42
78 30 26
58 65 30
55 68 52
68 38 53
53 46 29
74 60 59
91 50 38
85 52 36
51 59 25
88 45 23
75 53 45
51 33 54
76 39 37
81 63 35
72 51 24
53 35 31
72 42 31
68 55 39
72 54 57
61 55 28
60 64 29
86 61 55
69 62 59
72 32 42
67 37 41
81 53 62
86 43 55
57 34 27
70 40 38
74 66 57
57 62 45
85 31 41
67 68 36
79 47 61
51 44 49
75 62 59
76 30 59
74 65 29
69 69 58
51 67 55
62 35 52
80 62 51
90 41 31
52 55 61
83 40 58
78 30 49
73 33 29
73 49 56
62 57 55
75 51 53
55 61 43
69 35 30
66 33 55
73 41 24
70 31 41
80 57 57
78 39 45
66 69 33
56 59 29
53 53 60
55 51 43
56 45 36
87 59 35
60 43 56
66 29 26
68 64 52
62 59 33
58 35 55
57 55 45
78 56 43
75 61 53
55 68 22
90 61 32
65 33 44
78 57 52
90 48 36
67 39 23
78 41 56
85 53 40
88 69 47
67 41 53
62 61 59
86 56 49
79 49 48
72 35 32
62 55 62
90 64 37
81 29 58
56 64 40
62 56 48
77 54 45
69 57 59
90 47 32
67 53 55
77 49 49
73 39 59
62 53 35
84 50 22
75 36 56
84 61 43
53 68 25
81 61 51
89 54 49
85 49 46
51 59 47
72 33 49
91 53 35
61 57 49
86 52 40
59 35 36
90 43 23
77 58 34
79 56 56
71 51 30
60 43 36
85 57 34
85 32 58
55 40 28
81 63 22
59 57 62
57 53 59
67 50 54
85 63 55
51 58 46
63 67 44
62 32 28
79 47 26
75 40 28
88 30 26
74 62 36
77 58 52
52 30 27
67 52 60
56 48 46
68 69 62
91 56 49
85 30 36
66 55 38
74 55 47
79 50 22
59 36 22
-1 53 16
-1 36 39
12 16 31
9 55 52
29 51 50
32 17 24
31 53 35
-1 47 13
25 28 18
6 43 31
30 38 31
7 48 36
11 46 49
10 54 21
21 30 35
33 48 52
10 46 36
20 49 37
32 21 18
17 55 39
9 17 21
3 44 18
-2 21 36
19 56 37
26 38 51
0 46 42
29 28 34
1 55 13
26 48 14
29 54 49
33 45 21
28 41 47
27 24 40
-5 21 24
-6 51 16
15 35 16
14 39 34
1 53 40
-6 30 49
7 23 16
17 19 36
21 47 36
2 17 35
-3 37 25
24 45 41
21 42 33
10 28 15
33 50 53
26 49 51
18 30 52
33 27 51
-4 22 48
-1 47 41
24 21 31
-1 47 15
15 21 45
2 54 26
3 29 16
16 19 32
9 27 47
26 17 16
-6 31 39
7 56 46
14 52 53
32 19 31
29 49 46
-1 23 43
26 41 23
27 42 37
14 42 23
25 53 31
5 37 31
18 45 49
14 37 17
0 30 50
1 35 22
26 19 21
12 54 38
30 26 16
15 56 45
28 42 37
17 55 29
9 37 51
-4 39 17
8 24 38
18 44 41
23 26 51
-6 21 23
10 30 21
25 56 43
19 24 29
6 27 49
0 36 15
26 25 29
6 30 25
29 36 53
6 49 14
10 54 46
-3 53 27
0 41 16
-1 43 16
33 20 29
20 56 50
7 33 17
22 54 45
0 52 34
0 55 35
-4 23 51
23 55 15
-5 54 30
11 46 52
30 51 37
-7 16 27
0 23 47
25 51 32
9 54 28
33 31 53
17 49 43
-7 31 49
3 47 18
11 39 29
27 38 40
24 30 40
25 26 40
23 27 41
25 35 37
32 24 34
14 37 24
24 55 41
-7 47 34
28 26 40
21 23 37
30 20 26
8 32 48
-2 42 15
-3 18 14
10 20 37
17 36 23
-7 35 44
-6 48 43
15 16 31
13 47 47
31 54 22
30 47 34
-4 50 17
-6 40 31
32 42 38
23 55 48
20 29 22
31 21 31
21 47 27
33 32 35
7 20 17
8 20 52
14 32 17
26 28 15
22 35 46
-4 44 23
15 50 33
27 28 27
9 22 50
11 16 30
24 16 49
14 55 31
8 36 31
23 19 40
29 32 45
15 36 20
-2 27 32
5 41 28
21 31 26
13 49 27
6 32 51
15 48 44
-5 32 26
22 21 28
22 51 39
27 26 35
0 21 38
10 40 39
28 28 19
-2 16 49
5 46 53
21 28 18
13 30 25
4 29 21
23 45 42
18 47 23
13 38 13
30 32 26
12 32 14
15 51 42
28 55 40
31 18 46
31 42 39
28 45 36
33 35 47
31 51 29
14 38 33
-7 25 42
9 52 27
11 42 23
19 29 21
31 16 14
27 45 40
-3 41 51
-3 27 32
12 20 47
-3 44 38
19 42 39
24 19 44
5 21 37
27 43 51
24 45 14
3 19 14
13 17 49
27 56 41
-5 27 23
2 44 53
2 54 17
23 56 39
16 46 50
-2 34 39
3 26 34
7 22 42
2 46 25
25 34 47
6 29 46
16 35 19
8 40 48
15 43 23
26 53 23
32 36 51
15 17 49
-5 27 46
-7 17 42
33 46 53
31 37 15
10 39 33
12 17 18
30 48 13
0 31 41
-7 50 35
32 20 31
14 37 14
29 21 21
29 22 52
-3 51 29
6 24 39
-1 26 39
32 20 34
23 23 31
10 39 52
1 51 46
-3 34 49
3 21 15
17 26 34
13 42 36
11 24 41
7 49 44
11 55 16
27 36 44
-4 39 41
0 42 28
30 22 28
16 30 48
19 29 53
16 31 16
6 45 17
-7 37 13
3 51 33
-4 18 26
-4 51 40
30 45 52
-3 33 40
16 19 20
11 21 51
26 39 39
8 48 18
-6 21 44
19 35 20
3 56 48
-2 48 39
-6 24 42
3 45 29
31 38 26
18 17 25
23 18 30
5 46 13
24 51 37
-3 41 29
17 49 21
31 56 33
9 24 36
8 42 17
27 46 41
-4 40 32
4 54 40
29 29 28
28 41 45
20 51 24
-6 23 38
0 45 46
30 27 44
11 53 19
1 38 53
11 47 47
12 23 44
27 31 16
-2 53 48
16 17 31
5 52 34
32 48 26
12 50 23
29 35 34
-6 25 25
1 37 36
-1 37 45
15 21 20
2 48 23
9 45 51
29 53 49
0 42 14
31 41 15
32 42 21
6 43 33
10 47 29
24 25 42
22 52 17
0 18 32
24 56 26
9 41 31
33 34 33
25 23 26
18 27 30
29 19 41
2 18 47
-4 52 30
-7 37 18
3 21 22
10 25 20
24 20 45
27 51 19
26 17 52
-6 36 50
13 56 15
13 36 44
11 56 37
7 41 43
5 25 45
-3 32 45
2 40 38
30 26 40
30 34 36
-2 39 47
26 27 26
0 52 51
8 16 49
22 34 35
-6 18 48
-2 21 17
33 21 48
8 23 43
-4 33 26
29 25 53
3 53 43
25 56 20
-7 16 21
4 31 44
-6 46 17
27 32 27
7 42 20
14 51 39
6 24 48
7 40 32
8 27 19
1 19 38
28 21 50
-7 56 51
32 53 20
11 54 23
2 40 38
-7 45 20
19 51 40
21 40 21
4 16 53
11 47 16
7 51 18
1 29 44
6 18 13
14 53 28
5 34 29
28 56 23
21 23 37
20 34 47
20 39 38
10 44 31
4 42 43
5 29 22
14 19 35
2 41 32
13 16 32
8 48 51
30 23 20
10 40 23
-7 22 38
14 35 41
8 30 14
30 20 15
-5 31 28
-6 19 27
12 43 25
29 43 25
-7 49 43
19 45 29
25 22 19
11 41 43
29 32 53
21 19 38
13 33 52
-1 19 39
7 18 42
16 24 35
24 50 32
30 45 51
26 48 44
5 33 51
-6 40 38
14 41 31
-7 25 28
25 55 15
17 26 20
-4 45 29
2 20 48
9 23 19
-3 44 24
22 32 43
29 27 26
18 55 49
0 49 16
28 24 14
16 22 42
0 34 28
19 53 13
-5 34 24
8 24 38
5 19 35
18 40 27
8 39 52
-6 27 23
-1 36 39
18 45 53
0 18 23
3 30 19
30 28 32
8 47 21
12 40 13
28 36 48
13 47 40
12 36 39
30 54 18
9 50 16
32 21 48
18 32 41
-3 48 26
10 50 39
16 19 53
8 32 42
-3 42 39
-5 45 33
-3 24 22
33 17 48
22 56 16
10 36 38
12 36 45
-1 19 48
-6 43 34
26 36 53
26 42 27
28 45 34
-4 20 22
1 38 26
32 55 29
2 47 33
21 49 50
3 41 21
20 56 47
7 33 29
16 51 27
14 54 17
17 37 34
22 52 14
17 31 16
9 43 45
27 24 49
14 34 51
-7 49 22
17 22 15
24 36 18
29 47 43
2 31 36
33 42 27
19 31 22
27 17 14
15 36 18
-5 45 25
0 45 18
10 30 30
25 52 15
1 23 46
31 28 51
13 25 38
-1 18 31
8 27 50
29 32 30
-7 51 13
-6 30 28
12 26 39
16 24 34
-3 41 52
5 31 37
22 20 18
31 24 14
27 44 28
33 33 53
31 43 20
5 38 39
1 38 47
1 52 34
29 20 26
-3 19 34
1 47 24
17 44 52
7 34 48
16 50 37
26 36 28
1 44 27
20 21 22
33 46 52
21 35 51
23 32 26
16 51 26
7 41 51
32 47 33
12 46 43
17 33 49
8 37 26
33 47 16
3 32 43
22 18 43
-3 41 20
12 17 51
10 46 13
22 40 23
19 50 15
5 19 43
24 25 22
10 38 30
-7 16 45
-4 44 47
9 28 31
17 17 16
18 31 31
19 53 30
-7 18 42
15 50 25
21 31 30
0 48 51
18 41 53
2 27 22
9 42 40
23 44 23
18 18 18
31 42 37
24 46 16
28 35 23
0 21 42
17 21 31
-7 39 47
30 18 49
7 31 32
30 46 32
9 53 50
21 23 31
17 52 30
21 16 44
18 22 25
19 51 42
20 52 25
-7 56 21
-3 40 22
28 17 32
27 53 52
-4 49 46
30 55 51
19 41 50
11 24 28
9 21 13
-2 49 14
30 32 34
31 28 34
5 40 34
18 34 13
27 41 40
-1 28 35
30 42 30
18 38 26
4 18 34
2 26 21
6 45 17
29 49 27
28 34 51
18 44 49
18 43 45
2 21 52
1 19 32
1 45 33
19 28 13
19 52 23
27 32 19
7 29 35
-4 49 42
9 43 42
2 25 15
26 45 52
25 17 42
17 36 29
0 52 25
2 32 36
22 55 17
18 41 35
24 21 15
3 46 37
33 21 27
27 43 14
7 52 20
-4 33 50
21 40 40
0 37 47
21 56 38
15 49 18
27 21 45
33 24 34
-6 39 34
32 45 39
0 54 36
19 53 20
11 21 50
23 32 31
12 31 36
23 39 32
1 18 42
0 50 40
3 36 40
27 28 36
10 47 35
26 33 27
21 47 26
14 39 24
24 41 24
-4 30 50
22 18 53
-5 42 34
15 32 39
29 38 20
8 29 21
16 32 39
8 39 41
-1 47 20
2 42 33
17 47 17
11 26 29
2 53 38
31 17 43
7 56 51
18 50 39
11 20 22
28 18 44
5 37 33
11 20 32
-4 29 52
30 31 35
33 46 46
21 44 52
13 51 42
14 51 30
5 53 40
15 31 30
27 42 33
-5 16 13
-4 27 52
21 38 14
9 21 25
-3 42 29
-4 21 19
-2 29 53
6 33 18
14 27 39
-5 29 49
16 51 52
11 36 51
27 30 36
19 56 15
2 49 19
21 43 37
33 47 16
10 29 31
26 34 27
9 32 50
19 28 36
7 40 16
16 50 36
21 53 45
29 36 17
23 30 14
11 53 20
24 21 18
20 24 18
16 50 50
3 46 15
2 26 41
0 54 37
24 26 47
-7 52 50
16 48 51
1 53 29
18 31 31
1 47 19
16 30 22
9 43 30
25 31 25
4 29 53
20 34 36
11 30 17
16 48 14
11 45 27
24 16 43
20 35 15
10 22 47
3 47 23
26 44 38
6 42 13
-6 56 53
2 41 36
12 34 32
24 34 28
14 49 13
11 45 19
9 28 18
-4 22 51
19 27 21
1 44 51
31 41 52
29 38 23
15 40 33
15 47 15
22 24 39
30 42 36
16 49 19
19 36 17
2 44 53
-2 22 31
6 25 49
3 45 38
8 20 39
26 24 53
23 25 46
25 17 41
25 41 45
30 18 51
10 29 30
8 32 43
1 51 45
5 18 44
0 28 38
8 18 13
1 28 15
22 44 36
23 35 19
25 42 44
32 55 15
4 40 39
23 30 34
-2 49 39
13 19 24
-4 21 45
14 37 38
20 16 21
21 34 36
18 47 15
-1 38 48
23 17 52
6 27 28
5 44 48
5 34 14
26 23 43
12 38 15
18 16 38
20 33 35
7 32 24
27 39 42
0 50 40
33 55 32
16 54 38
-6 37 18
-5 48 53
20 22 21
5 53 23
23 34 35
24 22 26
22 55 27
6 26 46
0 20 53
22 34 35
16 43 42
15 56 30
14 19 40
25 47 28
33 28 49
6 40 38
9 44 22
2 42 39
26 54 50
27 29 44
33 31 33
27 53 46
1 42 22
25 20 32
9 36 34
25 30 24
14 45 33
-5 32 35
30 22 49
22 18 20
16 22 35
17 17 50
20 20 35
12 51 28
24 22 29
13 50 33
24 28 15
21 56 20
27 47 53
14 54 42
19 47 20
8 55 39
0 28 50
21 38 43
12 56 23
1 20 42
13 29 14
-3 34 48
26 33 32
1 21 25
20 52 33
16 45 53
24 36 14
22 41 38
-6 19 48
12 44 39
2 20 13
2 54 52
26 44 48
-6 56 53
22 41 50
23 17 16
26 17 45
16 49 25
-2 29 37
-3 17 49
17 35 30
17 55 16
11 42 46
32 17 34
25 45 44
26 23 23
16 28 24
7 36 32
20 22 27
20 29 40
-6 50 15
20 18 52
32 45 35
31 41 14
-5 47 44
-2 38 41
32 42 16
-7 32 39
22 31 15
22 44 13
6 53 16
28 21 34
-4 51 21
-1 41 43
2 29 27
-1 24 50
7 51 19
20 25 42
17 53 29
21 29 21
8 49 40
4 38 24
6 44 45
0 20 47
-7 47 42
4 36 31
7 29 24
33 33 18
4 20 14
5 26 43
20 49 52
28 23 20
1 51 13
33 35 17
-4 37 15
31 19 15
1 24 29
23 48 40
1 19 26
29 44 42
0 38 48
33 35 39
-4 21 46
1 55 27
9 53 20
2 28 30
14 41 33
23 35 28
22 21 20
6 52 30
6 44 44
23 56 36
23 48 34
-4 44 33
-2 39 29
20 50 23
21 48 21
24 36 40
4 31 45
-3 27 25
29 55 46
17 40 15
22 34 23
15 29 31
26 38 29
13 51 29
-2 17 14
2 55 44
28 30 30
15 41 25
30 55 39
16 37 29
-5 50 49
14 38 14
-7 54 17
31 49 30
6 36 35
23 18 50
22 51 30
-6 49 16
15 24 20
5 23 25
16 49 53
-1 28 51
11 40 20
2 51 40
4 29 37
18 27 42
7 16 13
22 21 39
-1 39 31
18 39 37
10 39 50
-4 41 36
31 33 32
0 44 20
22 38 51
24 17 53
25 26 46
22 36 46
6 16 13
32 27 46
0 29 24
9 37 15
0 39 45
-1 18 22
30 32 49
15 19 23
23 33 24
-7 28 27
-2 30 51
15 49 52
4 45 23
30 27 31
32 46 28
7 54 21
-2 54 24
10 32 34
1 38 39
32 50 36
13 48 40
19 24 51
16 25 33
17 30 34
31 50 39
-7 55 48
23 21 41
30 27 38
13 29 16
2 30 27
8 32 49
10 43 46
26 54 33
-6 38 34
15 48 18
1 35 30
13 54 21
32 41 29
30 17 18
-2 30 39
-3 18 53
-1 45 42
7 32 29
7 43 25
32 16 26
15 40 15
28 36 34
20 25 48
15 21 22
21 28 37
-5 50 17
-3 32 35
-6 27 37
29 26 20
27 16 34
2 53 13
29 31 39
13 37 13
18 52 43
11 43 45
31 42 43
27 18 48
17 23 19
21 43 47
5 25 29
14 27 17
32 41 25
17 32 17
-4 31 24
-5 17 49
16 48 47
5 41 50
5 36 47
33 32 29
-6 48 22
6 43 47
-6 53 31
7 38 35
-2 49 14
24 54 50
16 24 46
23 20 18
0 37 39
10 51 28
15 37 20
25 40 48
-5 53 30
2 35 25
20 45 34
14 42 13
33 27 40
30 40 29
20 17 25
13 22 41
7 25 29
9 22 38
13 36 31
13 29 38
14 28 34
10 22 28
8 30 50
12 49 21
-1 35 46
3 25 52
0 46 13
8 23 40
14 31 29
-2 20 43
-3 22 26
7 25 47
-1 28 18
-3 50 49
1 24 30
12 19 42
4 56 16
4 49 24
28 38 35
-3 35 30
22 44 38
30 19 22
5 29 37
22 32 20
17 42 40
28 54 30
22 18 16
20 39 44
5 46 17
32 28 36
27 22 16
32 38 36
11 41 19
2 46 20
7 38 20
29 31 45
31 20 21
3 40 37
7 52 52
6 31 15
13 33 27
3 51 45
26 37 21
-1 33 42
24 28 28
9 26 37
24 44 28
25 38 48
32 48 50
12 49 41
12 46 28
-1 48 20
31 47 37
31 35 39
32 24 13
24 43 37
23 22 23
33 27 34
29 25 17
-7 34 20
7 51 25
19 25 35
5 33 30
12 17 53
14 48 28
-4 37 23
3 29 33
24 20 34
30 18 50
-1 45 53
0 30 20
-2 35 50
-2 31 13
27 56 41
30 41 50
19 32 30
33 25 15
3 20 22
33 35 46
23 28 46
26 53 27
14 39 37
-3 39 38
2 29 15
2 49 51
32 25 40
-1 53 46
13 45 26
7 38 41
25 21 35
19 47 33
30 55 23
25 20 43
6 23 41
-2 29 30
14 38 31
19 56 13
7 37 18
19 34 48
12 54 30
8 42 42
5 17 44
19 43 28
-1 52 52
3 17 28
-6 20 33
30 36 38
22 26 29
-1 30 30
16 53 36
12 25 48
1 53 44
32 45 35
30 47 34
12 48 44
-3 16 24
18 55 25
30 37 25
10 56 40
-7 41 50
23 21 51
5 20 48
12 36 51
-3 40 37
-7 36 25
25 22 20
-4 50 13
17 44 38
16 27 21
18 32 30
2 48 36
14 47 34
1 20 48
0 32 29
3 46 53
26 48 44
24 46 24
33 56 43
2 42 53
18 18 30
23 35 13
-5 21 23
28 38 19
15 49 40
28 21 26
26 49 15
5 35 39
10 39 19
11 47 45
8 20 49
7 33 47
-1 44 28
12 17 44
5 20 29
23 33 27
17 33 45
11 35 48
14 20 14
14 29 46
3 22 22
13 39 20
32 26 45
21 26 49
-1 25 47
14 40 31
28 44 35
15 46 32
3 34 40
10 35 33
5 42 18
0 55 42
22 31 33
26 46 25
-6 54 40
33 42 45
1 45 32
19 23 47
22 41 15
29 43 43
-2 45 13
32 34 42
23 31 18
24 38 39
16 50 45
10 55 44
20 18 17
-1 32 52
7 47 52
7 19 43
22 51 20
19 27 47
24 35 25
31 52 15
0 42 28
1 46 19
14 47 47
-5 35 19
12 24 26
2 20 32
-2 51 39
20 44 15
23 35 34
32 49 23
19 18 18
-5 39 14
25 50 24
2 48 27
33 48 25
31 33 22
0 34 47
-6 37 47
11 52 17
33 42 20
31 47 49
28 56 43
-1 21 41
-6 52 20
4 29 19
27 50 43
-6 43 29
-3 31 28
14 17 23
29 50 31
15 17 35
31 27 35
11 32 42
30 37 38
24 32 28
0 48 43
14 37 50
30 31 21
25 21 53
25 28 48
-6 31 15
-1 35 42
32 44 21
3 44 35
20 50 30
16 27 24
28 54 27
-3 55 50
21 21 46
19 46 51
6 17 20
22 49 34
33 37 30
-2 37 19
17 45 30
9 41 37
9 27 17
15 19 38
-5 35 24
-7 36 20
8 16 41
25 36 49
5 33 13
-6 55 20
33 32 35
25 51 27
24 20 41
15 33 42
2 53 51
5 52 19
28 29 32
16 55 46
29 49 31
5 30 16
1 29 35
-3 51 20
5 28 20
16 41 17
-5 16 39
29 43 25
-6 40 24
17 25 39
24 52 21
24 49 25
5 35 53
21 20 14
24 16 47
4 34 42
20 31 23
3 55 39
2 51 26
1 17 50
17 41 51
29 28 39
17 24 41
3 39 13
10 18 17
-1 44 48
14 35 21
27 44 17
30 37 22
15 20 23
-3 51 22
13 41 20
12 30 24
27 31 19
5 33 14
13 42 28
-2 49 42
11 23 45
31 17 14
-1 46 16
25 53 48
3 47 33
11 45 21
-3 36 51
-4 46 47
12 25 37
21 29 16
4 54 48
22 20 37
1 17 52
7 46 27
19 50 15
2 53 40
26 56 25
26 22 38
26 54 51
25 32 53
1 19 43
20 18 37
11 50 31
21 22 41
-5 38 20
1 55 14
10 29 29
19 56 51
24 24 46
19 51 17
25 52 48
30 54 29
10 38 43
3 39 20
6 47 20
-4 27 21
-3 33 47
8 36 24
-5 25 13
11 17 24
14 51 24
22 50 49
31 41 14
30 22 21
6 46 47
30 50 27
24 37 45
13 48 41
9 33 33
1 48 23
25 16 23
22 49 32
-1 46 21
8 47 46
1 19 14
9 30 40
20 56 50
-2 31 24
21 32 22
21 53 35
12 51 46
-5 17 35
3 52 48
9 38 41
4 41 17
27 38 48
29 49 29
-6 49 35
4 19 18
11 41 22
0 19 22
18 20 43
19 43 51
4 50 33
28 22 34
-2 36 15
-3 17 30
21 23 32
-3 34 32
-3 27 49
15 52 20
22 36 53
8 29 19
5 26 19
27 45 41
16 33 38
24 18 36
18 21 27
26 55 29
33 43 42
23 31 18
7 47 38
-6 41 33
14 44 48
4 20 44
13 34 44
3 17 40
33 37 53
4 26 21
19 53 36
3 21 25
5 33 32
27 43 13
6 27 51
-7 30 32
22 23 32
7 48 52
0 31 44
4 26 22
4 29 23
-2 44 19
1 41 25
29 19 16
13 20 17
14 44 43
30 21 45
17 48 19
20 16 21
23 17 28
10 47 49
13 56 49
-1 45 41
-3 40 41
28 30 41
-2 43 39
23 18 29
26 50 13
29 18 40
6 46 35
31 37 34
16 18 37
15 50 26
14 50 18
1 56 37
-3 34 37
-3 30 46
1 40 25
31 35 45
20 34 24
0 56 52
23 56 29
31 37 53
-1 39 38
-6 37 43
-7 28 51
0 25 24
23 43 51
19 17 25
8 22 14
32 16 37
8 47 37
18 23 43
2 24 16
7 32 50
1 17 45
33 17 30
1 39 13
1 39 36
26 21 36
-3 18 50
26 22 51
22 29 15
31 41 19
21 53 52
10 45 52
3 21 49
-4 16 17
18 41 17
24 28 50
19 35 34
5 21 16
-7 39 23
-1 42 21
-1 45 13
24 24 32
17 50 35
9 42 35
8 33 33
15 23 25
27 38 39
8 33 15
11 55 43
-7 33 35
26 40 26
27 35 37
13 32 14
15 18 17
-5 56 32
32 41 27
8 26 21
1 20 14
-5 27 13
21 47 40
13 37 51
-6 39 35
-5 42 51
7 51 29
14 20 44
6 23 26
10 27 53
-7 23 45
15 43 19
2 55 50
21 55 17
2 36 24
12 35 46
-6 47 32
22 35 52
23 27 42
21 51 29
21 17 44
9 25 14
11 42 52
8 54 33
7 54 27
33 30 49
9 35 21
25 32 23
24 23 30
33 32 48
