41 73 97
53 98 104
49 76 78
57 85 91
65 75 88
50 77 83
59 74 67
45 105 76
69 79 84
66 82 100
81 90 77
46 105 101
78 79 101
71 108 82
43 84 94
74 104 81
64 105 98
44 84 104
77 112 102
47 79 90
60 79 66
52 78 74
55 103 93
66 86 89
75 108 99
66 106 91
43 105 85
55 106 102
55 100 74
53 77 70
41 80 93
44 111 96
68 92 76
41 103 98
53 92 89
46 109 84
63 103 77
52 104 92
48 95 90
78 86 66
61 112 73
50 81 67
74 109 72
45 91 88
63 95 71
52 112 104
69 79 90
52 90 92
44 79 71
41 104 69
73 87 99
77 100 101
47 74 70
70 106 73
80 109 83
41 101 76
72 82 72
77 81 80
76 97 71
44 72 69
57 82 97
48 72 77
53 107 99
78 91 95
63 91 66
73 79 66
65 79 74
64 97 65
46 111 67
52 87 84
81 84 92
63 72 72
62 76 101
52 80 86
51 72 65
73 101 64
61 73 77
66 97 102
41 95 97
56 83 98
48 88 100
48 112 94
55 108 64
42 86 67
42 85 103
60 83 72
69 95 96
71 107 89
75 79 100
41 108 101
66 103 72
78 104 66
43 83 90
46 90 102
72 72 100
55 77 72
61 79 93
54 103 85
78 112 83
73 97 65
54 88 95
41 93 87
57 72 95
67 79 82
50 98 89
46 81 80
69 83 104
55 87 81
55 73 96
48 78 97
76 108 99
62 79 83
56 88 64
50 110 74
71 99 95
75 91 79
58 108 73
76 110 76
77 76 64
53 96 95
46 87 89
77 73 94
50 111 97
51 97 67
74 91 77
50 77 76
64 104 95
57 93 97
50 81 74
72 111 97
77 109 85
62 105 96
78 89 68
66 90 92
57 97 86
43 105 79
60 91 67
70 78 103
53 72 81
54 112 75
50 88 80
50 83 102
68 74 69
78 91 66
61 107 102
54 89 74
44 93 94
44 101 78
67 100 75
73 77 88
53 107 69
72 103 87
79 96 64
63 76 81
79 112 94
45 102 104
42 107 102
77 98 78
49 76 66
57 76 90
79 87 98
76 82 103
63 81 69
43 112 73
75 72 74
75 86 93
42 83 72
45 97 91
42 104 78
65 99 83
46 110 87
52 100 88
43 101 65
55 80 100
79 80 73
76 104 86
57 100 71
79 104 90
41 75 78
67 97 86
69 95 66
55 76 85
76 96 89
77 110 87
58 77 86
72 92 64
41 78 93
51 111 80
54 81 87
72 84 69
66 108 102
57 77 87
43 104 93
45 101 72
68 77 79
42 94 95
68 106 85
55 89 88
58 73 87
51 77 79
41 110 99
47 112 101
52 86 96
41 91 67
62 83 70
57 93 69
62 99 94
67 105 93
43 79 91
78 110 64
58 107 65
46 104 97
66 73 79
52 107 68
52 89 85
42 85 72
46 97 92
58 81 102
51 88 67
49 83 77
51 88 93
69 109 69
44 80 73
63 85 85
71 106 72
41 100 88
49 108 78
77 93 103
70 79 74
67 82 78
55 97 80
60 85 90
43 76 73
73 112 68
49 77 65
62 112 73
60 99 99
53 110 96
68 98 75
50 91 82
69 92 75
50 88 99
48 90 90
64 92 93
66 88 78
43 92 72
50 77 84
56 94 74
66 111 82
46 92 91
74 102 90
62 110 104
61 105 85
71 105 87
74 79 99
51 96 101
66 92 69
41 79 65
58 87 95
77 85 83
71 108 89
73 72 92
73 98 88
56 101 75
43 81 94
51 89 77
61 92 76
53 94 88
41 101 74
66 110 88
49 87 69
81 74 89
45 73 75
66 74 64
72 79 103
65 89 76
63 83 71
80 102 72
47 76 77
75 83 97
65 98 64
79 109 64
67 100 91
80 75 96
64 88 77
60 92 81
46 97 95
72 86 74
53 77 98
71 72 76
55 103 76
54 81 104
61 75 65
50 85 84
60 88 96
48 88 68
60 89 103
81 77 72
46 83 88
66 95 104
49 81 95
80 95 100
77 107 97
74 75 67
49 91 81
78 77 73
57 102 91
53 95 69
44 104 67
45 95 88
81 92 80
49 106 92
43 77 99
75 108 70
49 92 85
67 100 76
72 73 99
53 94 80
61 106 88
54 73 73
61 88 80
55 109 82
61 75 78
54 87 92
42 92 104
69 83 95
49 97 72
63 72 81
74 91 95
50 103 71
68 74 72
43 107 75
60 84 64
78 107 65
81 81 73
55 84 94
45 76 78
62 78 66
64 108 99
48 94 75
71 98 83
70 111 88
54 100 87
80 78 76
59 83 68
68 78 68
41 89 73
76 89 104
46 77 98
78 95 82
76 109 79
47 98 81
48 80 78
45 94 104
42 110 104
61 95 87
43 107 99
54 98 91
73 94 104
70 89 78
72 108 70
44 110 88
64 94 77
46 78 98
80 105 89
55 98 74
55 88 81
72 91 87
49 100 104
69 86 95
51 92 97
81 83 81
67 85 75
53 82 66
55 110 83
43 86 73
50 109 72
77 72 102
74 86 95
42 88 77
51 89 91
56 72 64
79 110 101
69 97 78
77 80 69
51 108 66
81 98 98
64 87 102
57 79 90
67 96 86
67 85 92
44 84 104
74 107 103
70 112 96
52 98 81
41 99 101
56 86 87
75 77 69
57 75 67
54 107 99
46 96 100
41 78 88
78 92 64
58 95 81
57 76 75
80 96 95
58 91 90
79 83 68
72 74 64
77 93 95
54 74 78
41 97 102
44 101 82
77 87 77
65 108 79
62 108 76
62 96 91
74 84 66
45 99 81
53 110 79
77 104 88
80 105 70
52 93 67
70 87 86
78 107 94
81 93 87
74 77 99
76 89 94
77 82 81
81 96 92
75 99 66
64 75 80
49 108 73
76 84 69
48 77 98
76 84 87
61 93 66
53 96 68
55 83 86
67 85 81
63 76 85
56 94 67
65 87 74
58 106 94
59 89 100
57 108 89
46 104 82
71 102 103
57 102 87
75 90 75
79 75 82
80 85 78
70 82 85
68 108 90
53 86 83
68 107 71
64 76 68
67 86 70
60 107 67
80 109 89
60 90 65
63 102 102
67 100 96
54 90 73
78 79 87
65 95 74
80 106 88
61 76 82
48 100 98
64 79 65
43 90 104
64 75 66
64 76 82
76 112 73
62 85 70
70 89 64
60 100 64
42 106 69
76 111 81
64 92 86
59 83 90
43 91 94
55 75 103
46 96 69
80 85 91
59 110 79
81 96 84
58 88 76
58 89 93
47 77 65
42 84 100
56 76 81
49 72 90
43 78 96
71 76 78
51 98 77
43 82 72
60 85 75
46 73 103
41 90 100
42 82 66
61 89 81
57 104 73
75 112 91
69 92 87
66 91 69
66 89 82
58 84 71
67 79 75
58 101 95
79 73 65
76 76 74
54 83 86
47 110 76
54 93 88
69 79 97
48 102 67
51 90 96
52 96 68
80 84 85
47 83 65
61 91 79
63 104 90
60 110 71
61 112 68
60 101 88
62 81 94
59 73 72
46 78 100
50 93 89
55 85 82
50 111 68
73 104 90
61 73 90
61 83 87
55 103 71
64 94 70
60 112 101
68 95 75
59 81 78
43 108 66
76 104 88
53 84 97
47 98 104
46 112 86
53 96 86
76 74 91
56 94 80
73 77 78
79 109 83
62 78 101
79 76 75
54 102 102
64 84 86
56 109 88
50 95 104
76 98 74
61 85 80
61 112 99
41 98 72
50 98 70
69 75 98
57 83 88
74 72 94
47 102 79
80 82 92
75 93 84
69 83 87
65 109 87
42 111 85
79 92 101
56 90 81
71 94 65
66 100 87
54 84 64
45 103 78
46 89 89
69 112 92
65 93 85
78 72 94
51 97 65
49 88 89
54 97 72
47 99 67
68 92 92
80 75 88
79 92 77
66 78 79
60 74 92
48 111 84
66 75 103
75 105 103
65 95 76
48 78 64
79 106 69
73 73 84
73 111 69
72 84 79
71 84 97
71 77 69
73 78 98
57 82 95
74 101 86
66 87 90
75 82 68
48 86 76
47 108 72
47 101 96
41 101 82
80 89 92
76 75 81
77 110 82
69 106 74
42 109 100
71 76 97
65 82 95
45 83 65
60 111 74
56 111 94
56 73 74
41 101 82
64 89 69
71 90 98
78 107 98
52 89 84
81 93 74
41 89 70
60 90 78
44 110 94
61 103 85
59 108 97
62 96 102
41 96 98
74 104 96
64 112 72
56 100 90
81 94 93
53 96 95
66 77 104
62 104 96
71 79 83
55 94 86
61 111 103
48 78 96
71 100 91
46 79 70
44 88 88
70 109 85
64 92 100
61 108 66
52 77 73
70 72 91
68 90 83
44 84 86
47 103 91
69 73 71
50 78 100
60 83 68
62 107 84
62 101 80
47 95 92
72 107 98
49 90 81
43 110 80
47 104 72
71 112 101
42 97 74
44 77 74
55 90 89
80 76 64
42 106 99
80 99 68
66 74 64
79 98 77
78 87 103
50 106 98
44 112 86
77 107 84
78 86 65
68 106 103
56 90 95
69 86 84
49 99 101
41 104 73
52 86 88
80 89 66
56 105 90
72 73 95
47 95 75
42 73 85
79 76 96
77 81 71
60 83 92
70 75 90
56 84 72
55 103 100
74 102 67
46 103 73
78 75 91
55 73 80
77 86 102
68 95 76
45 110 87
48 98 84
59 90 83
45 89 66
77 88 100
67 74 85
55 94 71
49 88 69
42 79 72
60 103 93
54 100 93
80 94 92
56 94 67
51 105 103
51 86 75
55 92 72
79 102 75
73 101 87
79 85 104
58 73 86
48 99 68
55 103 64
78 109 83
48 110 93
63 94 66
75 82 71
52 93 88
68 83 90
45 92 101
48 85 69
65 82 97
58 80 80
50 85 82
66 93 82
74 110 89
74 90 102
54 80 99
62 84 83
43 80 76
41 110 103
49 110 104
61 98 100
41 112 75
76 96 95
47 72 80
48 84 93
57 101 104
69 88 65
42 80 87
74 110 100
55 75 75
42 105 87
66 110 72
69 104 100
50 73 67
45 103 95
51 89 68
81 101 72
51 88 81
70 92 96
72 99 102
61 89 101
57 112 84
41 91 101
46 99 64
59 76 93
44 106 98
73 100 100
51 73 86
56 103 83
77 84 93
56 84 100
76 112 98
66 109 67
78 84 76
53 90 104
69 76 84
45 77 68
44 103 96
65 94 89
41 93 88
54 82 77
74 96 98
50 88 101
48 111 88
45 84 104
49 104 66
66 79 102
75 111 91
62 103 79
81 79 77
50 85 96
48 82 85
74 88 83
72 90 93
60 75 91
81 95 72
50 87 68
41 112 79
66 83 87
63 87 84
41 79 65
59 103 88
45 87 76
41 92 91
43 101 85
79 83 66
44 97 71
41 86 71
79 93 72
65 107 81
61 102 80
54 72 75
76 101 73
75 95 89
49 82 70
63 92 67
60 103 97
76 75 95
72 75 67
59 100 81
68 77 88
80 91 94
69 103 89
50 77 99
69 89 95
62 76 73
56 98 83
48 103 94
41 103 89
63 80 64
45 97 79
53 95 73
72 95 75
68 95 90
76 72 90
53 102 93
58 106 70
76 87 87
61 94 68
47 95 73
76 98 88
79 110 67
61 112 100
57 75 79
50 73 66
72 93 87
74 84 92
50 84 89
71 97 88
45 98 93
69 80 103
69 99 83
51 72 67
79 112 71
60 85 76
81 73 70
66 79 80
49 86 64
42 107 103
72 74 76
43 97 82
80 79 86
53 79 78
74 108 101
48 96 91
66 75 82
60 94 75
60 110 103
45 82 101
45 99 77
42 104 96
59 77 89
68 95 90
55 93 104
62 75 87
73 86 66
44 112 69
61 85 93
78 80 88
73 72 104
73 103 77
74 95 69
45 76 90
57 91 84
73 97 77
76 101 74
76 74 89
52 103 86
73 101 95
71 83 66
48 94 83
56 108 72
45 84 89
44 88 92
42 97 69
62 97 68
68 75 66
79 84 103
80 105 76
53 96 68
72 105 91
80 91 88
64 100 67
58 94 66
50 109 89
53 99 73
50 76 77
64 110 104
53 96 102
50 112 101
41 85 94
58 75 97
42 97 81
62 78 98
48 94 101
56 96 83
45 91 75
54 92 67
49 93 64
54 88 104
77 88 86
65 100 93
80 101 93
77 98 65
50 76 92
65 109 66
59 92 67
47 87 98
58 77 68
75 95 73
63 94 102
73 108 82
80 107 79
76 109 92
45 103 102
79 84 72
81 109 75
48 79 70
81 92 67
52 101 76
80 83 78
43 92 102
65 111 95
71 99 69
78 101 99
41 102 79
70 97 101
42 102 101
81 75 96
48 92 82
73 101 91
65 75 68
67 92 65
46 94 87
60 88 92
74 110 91
74 77 66
62 74 88
78 72 93
61 76 92
64 105 102
43 91 101
45 78 64
54 89 96
73 108 90
59 101 91
48 91 103
81 91 95
64 109 101
77 111 67
44 82 71
54 95 85
74 88 84
68 83 79
58 107 95
67 91 66
56 96 71
74 109 93
57 102 64
47 98 70
78 101 85
53 110 99
81 75 104
41 105 93
44 75 89
52 88 74
79 97 95
57 102 98
76 103 104
51 87 95
51 96 104
81 98 71
79 100 87
72 108 101
74 81 95
54 98 65
79 105 74
41 76 81
59 90 102
45 83 68
50 72 83
71 110 86
49 90 93
44 86 68
72 89 85
44 81 91
49 94 94
64 74 84
70 108 67
60 99 79
76 107 70
49 87 86
79 79 87
58 83 95
65 73 94
44 102 89
53 110 84
45 74 82
76 88 99
67 111 93
43 91 92
77 92 89
73 87 97
80 108 85
57 104 95
76 99 83
76 75 82
62 92 74
78 90 100
60 107 72
75 81 100
80 75 94
59 110 74
46 85 102
48 78 70
41 109 93
47 86 67
70 110 102
46 108 69
79 86 71
71 95 85
76 106 99
56 82 64
65 93 100
77 107 70
64 110 86
73 104 90
50 88 80
47 104 65
69 83 79
58 91 78
60 99 84
47 90 97
44 105 102
80 77 95
66 77 64
49 111 66
77 83 91
50 82 73
63 79 68
61 104 97
71 78 78
63 104 81
52 95 78
76 112 73
60 84 78
46 81 76
81 90 67
56 94 81
79 85 68
60 111 72
64 98 101
59 77 68
46 96 95
50 72 82
60 101 99
61 100 69
56 80 82
55 84 68
65 98 95
75 91 85
43 83 89
56 91 77
79 88 81
77 89 99
77 90 76
77 111 64
44 84 92
55 91 73
60 86 67
52 93 95
52 110 99
77 86 68
68 100 100
68 98 67
70 72 95
78 104 65
73 93 89
65 88 66
62 75 80
53 106 98
73 80 87
76 102 85
77 77 80
43 108 94
44 77 90
73 85 66
67 79 80
42 88 83
42 83 75
80 76 71
77 85 95
46 93 91
81 91 77
56 84 100
66 100 71
45 74 74
63 102 104
46 75 69
49 89 84
49 103 98
55 84 78
65 85 76
56 86 82
79 83 76
58 106 82
78 85 74
41 111 65
70 88 86
56 72 72
60 76 98
43 107 102
58 110 78
64 103 64
52 74 93
80 75 89
77 91 93
75 78 81
70 88 73
57 87 100
69 88 88
47 101 82
50 96 96
60 72 80
80 73 88
44 101 104
63 80 74
43 96 65
57 73 65
67 83 77
52 106 89
42 99 91
59 106 90
60 106 73
71 86 79
49 82 78
68 94 64
70 102 87
53 82 103
71 99 68
80 85 68
54 76 69
56 105 95
80 91 96
79 90 64
63 88 64
51 101 101
44 92 66
46 106 84
66 106 79
81 84 104
59 103 74
57 104 91
79 75 68
49 77 97
65 80 100
43 112 86
42 90 75
70 94 93
63 84 82
43 73 96
69 79 84
64 74 80
56 85 76
77 103 76
67 106 97
59 99 80
58 109 95
59 85 104
47 107 67
41 94 75
54 98 93
79 100 92
61 94 86
44 96 70
66 84 70
79 105 68
64 83 80
54 72 64
47 78 97
59 93 103
55 107 68
42 72 81
69 87 88
76 87 96
45 110 88
78 76 104
77 104 85
42 85 83
76 106 78
67 79 89
69 88 81
52 107 82
53 80 81
49 75 96
77 104 85
49 93 78
45 101 81
79 101 76
79 107 97
53 88 85
51 103 103
81 89 81
43 110 84
52 84 83
72 103 80
47 93 80
41 104 67
42 103 99
41 110 77
48 110 89
79 84 95
57 106 69
72 77 66
54 102 66
80 77 95
78 87 103
69 100 104
81 111 102
63 104 67
55 94 95
64 105 102
62 109 95
81 98 77
43 79 78
49 99 84
65 106 87
60 83 84
59 92 104
53 86 83
43 78 89
57 91 104
50 95 84
65 78 71
66 111 72
79 86 72
45 107 77
49 108 99
71 81 80
48 76 79
74 86 100
43 72 90
58 96 69
73 75 101
56 104 99
68 80 93
55 106 97
79 103 95
74 100 93
58 97 75
47 96 84
72 108 88
53 72 70
59 87 102
74 105 97
57 79 68
58 92 73
79 108 103
51 76 90
73 98 77
80 75 79
48 84 69
73 84 82
50 112 92
41 108 70
63 100 79
52 87 77
52 91 65
52 98 104
73 83 102
78 90 70
57 110 65
70 95 100
45 87 73
79 83 69
45 105 97
64 88 80
49 102 82
50 92 103
64 86 66
77 93 88
78 92 103
71 82 74
53 99 68
63 85 81
77 94 99
71 89 92
57 78 69
76 112 69
73 105 92
60 98 96
52 103 94
61 85 90
42 86 98
80 111 88
79 79 92
55 86 77
74 111 92
64 73 103
65 95 88
79 84 66
64 73 99
77 110 83
69 95 83
68 90 77
69 72 84
48 111 74
45 112 88
54 95 69
51 93 85
78 74 98
81 108 77
73 86 77
76 106 88
42 97 79
61 100 82
67 103 87
71 81 65
54 104 79
80 105 88
73 107 70
52 102 79
64 76 93
49 85 80
50 111 77
47 100 103
70 92 81
75 100 101
48 82 73
68 74 80
73 74 79
64 109 65
75 79 82
61 90 78
43 92 98
80 98 75
49 80 76
61 75 69
65 111 93
42 108 94
69 74 65
65 76 94
74 73 102
68 73 83
47 106 83
67 100 97
70 106 84
47 89 83
56 98 104
43 99 78
52 94 69
66 89 65
76 99 99
51 107 80
58 89 84
63 95 66
57 73 73
59 84 78
80 105 73
80 96 95
67 74 70
56 104 91
59 87 81
45 81 67
68 112 69
47 78 73
59 90 92
76 105 81
78 74 64
76 86 96
65 111 71
47 109 101
73 88 65
54 90 83
56 107 99
43 86 103
71 82 67
53 78 76
44 108 65
63 103 69
50 72 81
78 76 76
59 95 101
73 108 80
77 112 101
81 95 71
65 74 103
67 81 74
66 112 67
62 83 68
42 109 101
74 106 81
62 85 88
47 84 98
77 94 96
44 93 75
76 84 103
77 99 89
77 107 68
72 112 64
77 74 85
60 82 69
75 99 73
59 72 68
41 84 84
51 101 99
44 89 103
50 109 86
53 89 79
54 73 64
61 80 87
63 87 85
76 104 96
71 89 77
63 85 72
69 85 99
59 111 71
49 80 74
51 94 93
45 85 66
43 84 86
52 96 95
51 93 74
74 108 72
62 74 98
43 89 102
54 75 91
48 105 92
81 74 79
63 82 77
43 101 101
62 93 64
65 99 87
50 106 104
76 75 98
56 81 83
73 87 98
74 90 94
48 96 65
60 104 77
47 96 73
46 78 87
81 91 102
60 96 67
53 84 66
64 99 90
71 93 85
64 73 81
73 97 82
76 111 91
81 94 82
58 74 86
76 84 79
78 87 79
54 109 90
78 112 73
69 75 65
71 76 72
76 72 69
47 108 98
42 100 95
60 88 65
54 97 78
44 73 88
60 87 102
78 84 80
74 75 86
66 94 84
46 92 80
43 82 78
42 79 101
67 99 84
79 103 78
50 96 77
63 104 91
78 102 84
50 103 94
50 79 83
75 103 77
47 97 78
57 75 72
81 87 87
53 105 66
68 93 64
75 101 77
60 79 94
75 108 64
79 104 75
81 77 83
72 84 100
44 108 75
47 102 71
41 103 91
42 76 74
44 104 67
42 110 94
41 98 95
49 86 79
42 111 95
68 75 104
70 106 86
75 84 87
60 108 75
76 90 72
77 92 87
69 107 77
74 82 103
43 73 72
42 86 84
75 107 103
59 87 65
70 77 82
52 107 82
46 101 72
47 112 94
43 81 71
64 81 88
66 82 70
73 75 89
55 90 96
50 83 100
73 106 84
75 102 71
43 98 68
65 73 95
68 98 64
69 102 85
69 104 98
69 73 78
75 111 103
81 96 70
79 93 79
45 93 67
74 86 78
60 83 77
69 73 95
63 85 76
59 101 87
58 80 104
72 88 68
58 76 87
60 110 87
41 107 70
45 81 94
41 92 104
60 96 70
47 104 90
54 78 77
68 72 74
48 104 79
76 84 96
54 97 80
80 102 65
44 86 100
70 73 100
58 108 75
74 106 97
81 104 92
46 104 101
66 81 82
73 95 64
62 74 73
75 73 99
55 98 104
75 77 73
48 88 78
51 85 67
64 78 87
70 77 82
69 106 79
73 76 100
47 97 85
49 76 78
66 97 75
59 91 96
50 97 90
48 79 68
48 105 101
69 109 94
67 95 83
67 93 76
59 99 75
42 98 70
78 83 86
42 102 100
79 99 69
51 104 98
50 86 102
53 82 91
61 87 74
69 107 87
77 91 89
74 78 100
74 83 80
75 72 97
48 112 79
43 74 98
45 104 92
75 78 76
46 111 92
64 106 64
58 76 85
81 102 87
66 72 91
80 107 101
60 72 75
48 91 102
81 77 76
54 86 66
77 75 74
79 73 104
69 90 85
70 103 64
44 101 75
74 109 102
43 87 65
58 103 70
56 108 82
47 111 103
78 81 65
62 89 75
79 97 91
71 104 101
42 94 66
68 75 103
47 98 98
69 105 80
65 93 65
64 111 84
53 78 97
52 97 88
71 106 85
53 84 72
44 88 85
50 77 87
70 72 86
45 79 82
71 105 66
50 81 102
42 81 65
64 83 82
56 93 71
58 90 83
53 77 78
80 78 69
42 88 96
81 82 100
71 103 92
67 91 98
45 94 75
69 93 88
68 95 82
48 110 93
53 102 87
44 112 84
48 105 84
44 101 73
81 84 79
61 81 78
41 79 96
75 74 72
67 89 99
70 83 68
63 85 77
47 96 66
62 81 74
45 111 78
47 81 85
55 89 83
55 95 76
46 75 104
47 84 88
81 100 73
47 80 70
55 112 102
56 102 103
56 85 76
75 103 100
78 99 84
54 82 76
68 111 67
59 96 73
44 104 103
66 81 77
49 109 74
67 76 79
52 98 78
48 85 90
56 82 98
51 104 84
67 84 85
42 109 75
54 91 91
56 100 93
49 73 102
57 73 104
59 92 88
81 79 84
50 86 86
66 103 87
56 99 98
65 75 65
78 90 103
78 105 76
73 100 68
44 104 101
76 101 97
55 100 73
66 100 90
60 72 84
47 103 69
71 74 66
41 100 96
49 85 97
59 98 96
70 83 75
52 80 96
47 84 66
73 100 70
60 106 77
68 82 72
58 109 97
42 88 91
42 101 89
55 107 80
65 88 81
55 81 81
63 111 103
54 112 78
54 99 92
75 107 87
60 80 94
55 111 67
77 80 68
45 109 92
53 90 69
72 90 82
49 94 82
52 93 75
49 94 78
59 94 79
74 110 88
50 110 85
62 82 66
81 86 84
45 84 96
78 95 90
62 98 91
66 111 98
60 97 64
71 75 92
41 85 93
51 89 66
50 112 89
58 79 98
74 95 96
59 76 100
70 94 70
77 93 91
46 76 90
53 81 77
56 103 96
61 110 66
66 89 82
45 106 86
75 75 78
78 95 97
55 100 90
58 93 70
55 89 68
42 85 94
42 106 93
66 94 83
76 90 75
50 109 96
51 98 66
42 110 103
48 67 -4
70 51 -8
53 70 -5
35 63 15
53 72 3
33 79 21
40 70 15
67 60 15
30 64 21
44 45 -10
45 79 14
69 63 -8
60 67 -3
63 50 20
53 53 -11
38 76 3
67 72 3
64 68 -10
50 52 2
58 80 -9
48 65 4
60 61 5
53 61 -6
56 52 14
60 71 -6
49 64 -5
40 80 9
64 64 13
47 49 -8
36 71 -3
44 76 -8
58 72 18
63 62 14
56 59 -6
60 83 5
54 67 1
62 84 16
32 73 5
42 62 -17
68 75 0
65 52 19
45 47 -8
50 53 -7
59 55 -1
43 55 10
54 55 -1
32 68 -1
42 71 -2
46 55 21
45 57 3
43 60 7
48 64 23
38 69 3
30 45 -6
52 78 10
42 77 23
63 47 8
70 75 -17
52 60 0
68 58 22
48 45 -5
33 49 6
51 60 -6
60 75 15
64 53 5
38 65 -7
35 77 15
64 62 4
32 56 -17
45 84 -1
41 78 9
69 66 9
30 63 17
65 64 13
48 82 16
30 67 -3
66 77 -14
44 47 0
61 76 13
67 66 0
67 57 22
68 80 -1
46 85 -11
62 76 -9
65 83 9
68 62 -5
42 47 4
33 60 15
47 63 18
56 51 3
68 85 0
38 81 22
54 50 22
64 63 -7
36 78 0
45 60 1
70 64 20
65 66 -6
65 74 15
31 46 7
51 74 22
67 50 9
38 48 15
67 45 21
60 76 9
31 84 8
39 80 2
47 52 -4
40 85 -16
55 65 22
38 66 -12
32 71 1
66 70 3
38 45 -8
42 72 -11
44 75 -2
67 60 8
56 47 -12
39 55 10
63 48 23
65 50 15
69 59 -6
65 65 7
53 67 -6
47 64 13
59 58 2
47 78 -17
41 85 5
50 66 -11
66 81 6
30 72 7
65 45 10
61 60 -1
55 81 6
63 50 14
39 53 3
31 54 -15
33 50 -2
32 61 16
65 69 8
30 56 3
70 81 -14
35 59 11
54 58 18
38 62 -16
34 71 1
42 71 -9
67 56 5
66 50 3
41 53 1
63 74 2
54 80 -2
57 85 -9
45 73 11
59 75 -2
48 77 17
54 72 4
53 63 19
66 45 -9
47 52 19
33 61 15
66 65 0
54 83 19
65 55 15
37 80 2
56 81 -4
48 55 17
51 83 20
63 79 8
69 49 14
64 54 -4
65 74 -3
67 65 11
59 63 -9
40 51 -7
43 59 23
30 83 12
60 82 -6
68 57 -7
64 71 13
43 52 -16
47 45 16
52 83 -8
39 76 12
52 58 9
54 71 -16
49 63 3
70 70 14
41 67 20
35 63 -11
44 60 6
38 83 6
52 74 -7
60 81 7
52 56 16
36 80 15
36 79 21
40 79 -12
59 54 13
46 58 8
39 69 23
50 48 6
35 75 9
46 82 5
58 66 23
47 65 -4
32 78 11
69 79 13
35 45 -9
49 57 -15
52 49 12
69 49 1
35 69 -7
66 61 3
43 55 4
52 64 -13
36 85 19
48 67 -6
69 84 -7
52 64 -1
39 57 5
33 64 10
55 51 20
63 67 16
42 81 -4
56 53 23
49 47 -1
42 82 19
49 69 12
38 82 -10
67 54 -6
36 45 10
31 71 14
41 79 -9
60 52 -3
38 54 -17
53 47 4
51 55 3
68 78 -2
49 63 2
34 80 8
49 58 -2
70 84 2
41 68 8
39 48 16
38 59 13
39 57 7
42 83 4
59 66 -1
48 69 15
62 64 -10
60 59 -14
57 83 -16
36 52 22
70 69 -7
39 81 -3
55 50 13
44 52 4
68 58 7
49 67 6
60 50 -10
55 56 -7
37 45 23
56 54 23
42 79 -10
53 58 21
38 74 3
50 56 10
55 57 8
41 51 13
56 53 18
59 57 -4
61 55 -17
52 49 -1
65 52 -11
35 73 21
61 73 10
59 47 10
63 78 2
67 62 -2
53 75 -13
53 67 -11
40 74 14
58 71 22
43 62 -8
50 52 15
54 58 3
51 63 -10
35 57 -15
62 80 8
51 54 10
69 56 0
62 67 -8
64 69 -5
56 66 5
69 60 -12
53 51 -17
69 78 -11
66 45 -2
62 66 22
58 67 -8
41 53 13
41 50 3
40 58 23
54 73 -7
30 61 -5
34 60 -7
66 47 10
41 68 -6
57 84 12
38 53 14
42 75 -5
30 80 18
32 45 13
46 75 -1
30 63 8
39 70 14
62 45 2
60 85 20
39 65 3
69 84 -1
35 48 4
68 80 19
39 51 13
67 50 -8
62 80 -12
40 76 -17
46 55 7
46 76 -12
56 50 23
46 45 6
62 78 -11
64 82 -9
62 64 10
57 57 15
67 52 -9
43 50 10
63 50 2
49 62 -4
69 83 12
42 79 10
51 68 15
66 48 14
36 84 -2
48 59 -2
49 61 13
55 65 -10
58 59 -12
47 45 7
50 82 -12
44 52 -9
60 69 18
63 68 10
35 56 -6
30 80 9
58 69 8
48 84 7
45 84 -11
51 61 -4
35 84 9
63 63 11
63 74 13
54 45 6
64 74 13
70 61 7
56 57 -7
59 62 15
55 62 -13
50 79 -13
64 54 -6
56 61 1
45 48 3
51 78 -6
40 74 -15
52 68 3
44 82 0
35 50 -10
31 85 10
66 79 9
65 75 16
32 55 14
40 65 18
36 52 -5
60 47 -2
39 52 -12
34 79 -9
30 65 20
38 69 -14
59 77 -15
30 59 16
42 71 2
67 49 18
45 60 5
45 65 13
50 47 4
41 80 16
54 69 -3
31 52 5
37 79 1
52 57 5
44 57 15
55 58 17
54 67 7
70 59 -17
42 57 -3
40 69 10
61 53 -9
63 48 6
45 63 -13
54 52 16
70 80 10
58 78 -17
63 52 -6
39 45 -3
57 63 -3
31 71 14
63 55 13
64 63 -3
30 60 -3
31 81 -17
34 54 -10
54 50 12
63 65 8
46 68 16
69 59 -7
34 66 -3
53 68 -8
36 83 -11
62 84 17
31 81 -17
38 60 0
36 70 11
47 66 12
42 79 10
54 57 9
49 81 17
62 66 12
30 71 2
43 67 -10
63 75 14
39 59 2
34 45 -13
57 45 4
64 84 -8
34 47 -11
43 66 6
54 67 18
69 74 -8
54 73 22
30 78 -4
49 73 18
63 83 2
35 54 22
53 85 -10
31 53 0
50 47 6
34 60 -15
35 45 20
35 66 11
65 64 -16
34 81 0
46 82 14
50 72 23
37 83 17
50 73 -8
63 54 16
62 85 -11
51 82 1
67 50 -3
69 50 -1
48 47 13
65 48 14
32 63 14
68 52 -2
57 45 6
51 61 2
70 63 -15
60 69 2
34 72 -4
47 78 -12
37 56 2
55 49 16
39 53 12
54 64 3
44 74 -17
62 74 -14
39 75 -5
45 71 2
64 71 -16
68 71 5
54 61 18
66 74 -2
67 59 -3
51 64 15
38 73 22
32 83 13
34 63 13
55 56 -9
53 71 5
49 75 0
61 48 -3
59 57 -4
51 63 -12
46 85 -6
61 77 -6
68 83 -14
50 58 -6
68 70 -6
38 69 0
40 45 -11
40 61 1
41 82 -15
44 74 5
42 80 4
30 70 -14
55 85 11
35 57 -14
42 66 -1
41 74 -17
51 51 19
39 65 1
31 72 1
62 74 -16
60 73 5
63 64 11
60 56 1
31 80 23
65 53 0
44 52 23
69 81 2
65 45 15
32 79 1
68 45 16
53 57 11
66 48 -13
62 71 7
36 82 -8
62 66 -12
48 84 -17
40 65 -3
53 74 12
64 75 1
62 46 -17
38 64 12
56 82 12
52 46 -1
69 70 13
60 80 2
55 76 -10
41 73 10
52 78 23
43 65 -11
49 59 10
66 76 12
63 65 5
70 85 22
50 63 -5
34 80 5
37 76 13
63 78 -11
56 76 3
64 62 7
37 47 14
65 61 -16
55 66 11
34 73 -14
46 51 23
69 47 -11
43 56 2
69 46 -10
56 80 15
41 84 22
53 50 5
59 65 9
51 49 21
59 48 -8
68 81 5
47 54 -17
54 81 14
34 73 4
53 46 2
43 80 -10
41 55 -1
62 80 9
56 79 10
46 55 17
65 85 -9
64 85 -17
35 73 7
59 49 -1
41 62 -8
64 47 7
51 69 -11
43 47 -14
45 79 12
46 81 -10
37 75 -10
47 80 5
38 64 1
43 56 -5
41 59 -11
53 74 23
32 76 9
30 51 -12
65 46 -3
34 47 23
34 65 -11
51 55 -7
39 65 2
63 84 11
38 50 -15
58 65 3
65 81 -8
41 51 -2
41 79 -11
67 55 -11
65 85 4
33 56 10
54 56 -5
55 47 -2
69 70 16
61 64 5
59 59 6
55 48 11
46 75 -16
47 82 -7
48 80 1
33 78 -12
31 67 -3
37 77 11
38 48 -5
60 45 -7
35 52 3
37 72 4
47 49 -7
57 81 -1
59 60 0
43 63 23
34 60 -12
35 63 18
64 46 -8
52 75 17
52 77 14
42 74 11
55 54 0
40 78 13
60 52 -11
48 82 15
43 62 23
70 63 -2
67 71 -1
60 71 -1
41 61 -3
38 76 4
33 62 23
33 57 -9
55 76 -8
46 82 -10
45 66 -3
59 78 18
64 85 -6
41 69 -13
38 47 18
50 60 19
49 46 20
35 65 21
63 55 -7
44 77 21
57 83 -1
45 67 18
69 49 -1
47 72 12
33 55 3
51 54 -2
33 68 10
44 60 5
45 63 4
37 63 -1
47 62 11
60 45 18
37 48 -1
60 61 5
38 70 4
57 74 21
64 45 -3
48 64 2
61 77 4
31 85 -1
70 49 11
35 65 20
62 48 10
44 46 19
46 45 14
51 53 15
53 78 -10
51 49 13
60 48 5
32 55 -17
70 55 22
67 83 -4
43 69 -6
30 67 5
56 85 0
48 79 22
61 83 -4
38 46 -14
64 79 -5
44 70 -4
62 58 -7
50 85 7
67 73 -9
43 69 3
48 57 19
30 52 22
54 78 9
61 53 17
70 74 18
60 65 -4
43 49 16
64 62 -10
34 77 9
38 53 10
56 67 15
62 81 11
39 52 9
68 60 -2
70 82 11
44 66 -3
36 82 7
53 67 -6
56 62 -11
63 84 4
33 85 -6
39 85 -10
49 77 -9
50 84 -17
63 56 7
30 83 4
65 76 -2
52 48 16
34 45 -15
41 47 -10
44 58 14
52 74 13
60 58 -10
69 61 17
55 62 11
47 58 -8
58 71 -17
32 85 -16
52 59 -2
48 53 10
56 46 22
52 46 1
43 80 9
61 50 23
62 56 -4
61 60 4
56 85 -9
32 52 13
48 84 -1
49 83 20
39 81 3
70 74 -14
50 76 -12
33 61 14
63 64 17
31 60 14
32 75 17
67 69 -5
35 73 -3
43 74 1
57 59 0
31 58 -15
31 79 7
41 63 -8
36 80 -4
63 82 -5
37 79 -4
68 58 21
67 52 -5
45 81 15
30 73 -6
50 57 23
48 85 -7
50 60 22
61 49 8
68 81 -2
41 57 12
65 56 23
37 79 -16
54 52 5
54 64 3
54 55 0
51 53 11
50 75 -7
58 81 5
39 57 12
47 55 -16
59 57 -1
40 83 20
43 52 14
56 71 -10
44 79 23
42 81 7
66 68 -6
30 74 10
66 65 19
56 64 17
70 63 4
58 62 -8
42 67 8
38 69 20
66 49 9
42 46 -15
31 61 -9
30 50 20
63 68 -8
41 68 -2
56 52 16
67 63 -7
36 49 18
45 60 14
32 76 -10
69 79 2
64 53 6
51 46 -13
64 58 -10
43 72 14
60 84 -8
34 61 10
54 79 -8
32 73 3
53 56 18
60 54 -8
68 49 -13
55 56 -15
66 70 7
70 66 -5
63 53 -9
60 76 11
67 73 11
44 85 -13
34 59 15
36 52 22
40 80 22
36 60 -9
34 50 -13
42 79 6
31 63 -12
65 59 -7
70 68 12
55 75 -7
56 55 -13
30 55 -12
63 72 13
39 55 11
64 64 7
48 84 -14
61 61 -8
67 59 10
37 65 3
39 54 20
47 84 -13
55 65 2
36 68 -13
60 80 -3
61 50 20
63 56 23
48 70 14
69 85 -11
31 79 13
62 80 -8
48 65 1
36 67 22
50 63 -14
33 47 16
32 53 22
36 66 -7
60 50 14
44 52 10
65 74 4
64 55 12
70 45 -13
66 54 2
52 75 19
55 69 5
50 68 -6
67 61 -16
38 47 2
66 46 14
35 59 -17
56 79 0
39 80 -1
53 57 9
43 70 -2
67 70 -16
36 47 6
52 51 0
40 53 6
58 50 -9
56 69 -14
53 73 0
53 60 -8
30 70 -7
50 82 17
37 49 9
58 83 -14
60 78 -4
43 76 11
36 70 19
55 60 -15
32 60 17
52 67 -8
44 84 11
70 59 -11
49 74 9
64 75 22
63 70 -17
33 46 22
30 60 15
51 62 -14
40 47 -14
35 56 -14
47 74 21
37 79 -17
33 72 -8
67 48 14
69 76 21
37 67 -10
65 85 8
33 60 12
36 56 16
65 82 22
58 71 23
39 76 -16
46 64 17
60 73 16
53 84 -17
46 66 7
52 52 -17
48 85 17
36 47 -5
49 74 -11
31 51 2
55 52 4
55 79 -10
49 70 -7
36 64 -6
39 51 9
50 82 -2
48 53 15
63 52 17
40 57 21
48 74 5
52 65 -15
40 78 -12
35 54 -15
55 80 12
37 73 -14
41 69 22
63 56 5
42 64 4
49 46 15
64 49 -7
64 70 4
63 67 -7
40 68 10
46 57 19
38 51 -3
37 49 12
59 81 -8
70 66 6
41 61 10
50 75 16
64 68 17
60 63 14
68 70 -12
47 55 -9
50 74 17
41 72 -1
55 58 12
35 80 17
38 80 16
39 68 6
39 72 23
50 72 -5
45 75 17
55 77 0
69 65 18
37 52 -4
45 74 23
40 70 17
60 70 15
40 64 -5
63 63 -15
48 58 8
36 69 -1
35 73 3
37 78 20
66 48 2
59 46 5
43 72 13
33 54 3
39 47 -10
69 53 19
30 79 -9
39 75 10
38 60 3
37 77 -8
31 80 -6
49 52 6
64 82 12
60 60 13
59 64 -10
58 61 20
35 54 -14
51 66 15
35 76 7
38 56 23
43 75 9
70 57 9
40 76 -14
55 66 15
42 52 15
49 48 -2
49 60 10
41 68 -16
33 56 5
63 66 1
34 49 23
64 45 9
69 54 -6
52 73 -6
46 47 14
34 70 -2
34 82 -2
68 74 -8
36 70 -1
32 60 -16
32 53 -13
55 59 -14
33 79 -16
53 66 14
49 85 -8
57 83 13
56 69 -5
32 73 0
43 58 -6
56 59 -9
61 77 -3
56 85 -4
51 63 4
46 65 -12
52 69 7
50 50 -7
37 62 17
68 63 21
61 78 18
40 65 -16
46 83 -12
66 83 -12
58 78 -12
30 46 23
46 45 3
35 77 12
70 61 -14
33 78 16
50 63 -14
69 71 18
49 76 -1
47 47 -15
62 72 -14
34 61 7
67 61 4
46 69 -14
70 57 17
61 69 -6
62 83 23
68 66 -5
47 63 -11
32 55 12
70 65 7
52 53 10
69 51 -13
31 84 12
69 53 -11
59 59 -16
49 65 -17
32 75 7
65 82 -8
42 70 -16
57 62 -13
59 49 -4
42 51 -11
69 52 18
34 80 20
31 70 -17
33 49 14
52 48 8
34 84 21
49 72 -9
36 73 -10
31 45 22
50 45 11
67 83 17
30 54 6
43 59 17
57 60 2
60 59 -4
31 62 13
47 48 0
65 74 -1
38 64 4
56 50 12
57 46 8
60 74 17
42 56 7
36 75 12
38 64 -14
66 50 6
54 46 -10
43 49 -9
47 64 2
56 47 -10
30 63 0
36 79 5
57 63 -9
31 52 15
46 81 -2
69 72 12
44 48 23
34 48 20
62 51 2
34 65 21
43 62 17
64 50 -7
40 62 1
53 77 10
44 58 -9
54 52 1
51 65 0
54 80 12
43 81 16
30 68 20
39 79 -12
31 81 -15
67 78 -16
38 58 18
57 59 10
37 51 -10
44 59 -12
40 51 -5
59 54 -8
60 50 -5
68 61 6
52 66 11
70 62 17
61 48 23
54 56 -9
46 46 -9
41 62 -1
43 48 -9
54 54 13
38 53 21
57 78 -12
63 83 11
67 49 -16
37 65 -17
52 68 14
70 65 16
41 68 -1
53 55 14
60 51 6
67 71 -12
34 49 3
57 58 15
59 84 20
53 50 -3
44 48 -1
45 85 13
37 81 8
54 54 -17
59 46 -13
67 66 1
40 85 -12
31 69 1
41 54 -8
63 78 4
32 79 -12
67 59 15
53 81 15
39 53 11
60 54 9
47 67 -16
42 46 -15
54 76 -4
37 84 18
63 75 -1
55 64 -14
40 51 -1
70 62 -4
43 82 0
50 66 -6
38 61 -14
41 58 15
32 66 -7
47 63 -2
58 65 -3
65 66 8
31 74 3
69 68 -11
66 46 23
69 56 23
46 50 -16
67 64 1
39 85 10
70 51 0
30 56 -2
50 79 -1
57 55 12
32 57 9
41 85 15
65 78 -16
70 54 -5
46 80 -16
62 78 10
39 54 -17
61 58 -6
44 52 -2
48 57 10
62 76 10
58 76 16
39 67 -7
46 52 -2
50 64 11
68 58 12
63 83 -12
59 79 -11
64 51 9
66 60 -5
39 57 -12
55 73 11
61 78 14
46 76 5
41 74 13
53 67 -14
40 72 -16
49 81 13
57 71 4
42 62 20
41 68 8
30 70 3
34 48 22
35 73 22
49 85 -6
44 65 -11
54 70 -2
35 84 0
35 83 13
56 63 -8
54 55 -11
59 64 11
70 72 5
53 59 -15
62 52 13
39 60 -5
30 63 3
58 81 -2
41 70 15
70 76 6
50 66 -10
53 61 19
44 66 -13
57 54 7
44 59 21
32 48 -3
55 61 21
31 80 15
60 56 -15
48 61 -16
58 79 -15
66 50 -9
70 67 12
45 75 -14
48 63 -1
40 76 -11
56 70 18
45 52 -15
67 67 12
32 71 7
44 55 -6
49 68 2
55 47 -4
63 68 -7
63 55 -11
37 60 -11
39 47 -1
48 82 10
36 80 -5
61 72 -11
33 58 -14
30 53 -16
54 66 -1
53 62 0
48 51 13
46 65 -13
62 82 22
65 60 10
55 48 -6
66 71 4
58 84 -14
48 58 2
55 45 -9
52 82 -11
44 61 2
54 80 -16
48 55 11
37 52 5
64 61 21
57 51 0
59 58 2
60 78 -17
61 70 6
42 58 8
45 68 -3
42 76 3
69 79 -16
55 65 1
56 82 -10
69 52 -17
55 46 21
43 54 -9
44 69 9
58 80 11
51 67 -7
31 63 0
70 45 -9
68 75 -15
67 52 -6
30 80 -16
38 64 14
63 78 8
65 84 -7
44 60 -7
41 59 20
60 75 17
38 52 -13
46 85 -1
35 52 -6
50 73 -1
67 56 9
57 57 14
43 49 14
35 60 -12
41 51 -9
37 71 -17
53 73 -14
64 55 16
32 62 -1
66 48 -15
30 60 11
66 69 22
49 70 9
63 81 0
65 63 16
54 49 4
69 79 4
64 63 -8
59 48 -8
66 84 -1
48 84 1
51 59 -3
51 81 -6
31 78 -7
37 72 -5
63 74 -2
61 72 3
47 48 15
32 76 -3
31 55 11
50 73 -4
30 56 5
57 49 -5
61 45 4
65 62 -15
49 67 13
53 45 4
68 79 5
44 65 -3
53 49 -7
39 66 18
67 61 -12
67 55 15
54 72 9
51 57 -14
50 80 -10
53 53 13
35 58 -1
32 56 -7
57 66 -15
38 56 -13
48 56 -7
50 54 2
58 78 -16
33 54 9
48 68 21
40 79 18
55 68 1
61 57 6
45 85 13
34 48 -12
60 70 11
54 85 -2
63 67 22
45 58 12
44 47 13
64 85 4
50 78 18
32 85 -4
33 77 -7
53 55 -7
65 62 -5
50 48 -11
39 64 17
51 70 -10
68 64 23
46 47 -3
59 53 -13
46 51 19
51 63 1
60 72 -9
40 69 11
49 67 18
46 56 -8
36 71 7
70 68 13
65 63 20
35 79 -9
47 59 3
62 83 -10
59 46 -11
31 50 8
59 56 -12
40 73 22
67 45 -15
38 64 7
34 45 -12
39 80 20
54 50 -17
45 48 -11
43 49 -7
36 69 12
65 77 16
48 46 -7
32 51 -8
40 47 11
32 63 15
69 49 -2
54 59 -3
59 77 -7
41 70 18
66 75 17
46 70 23
44 46 17
60 78 10
43 76 20
65 77 21
57 48 18
61 76 4
35 47 -3
52 70 10
51 56 -15
30 69 -17
67 85 3
43 53 0
52 60 -15
67 58 -14
64 69 1
53 75 -10
56 72 23
64 79 -5
35 50 -10
60 72 0
35 63 3
44 83 -16
67 66 20
65 62 14
55 83 -15
63 46 -5
62 56 10
46 68 -8
31 66 -13
65 84 19
37 52 -3
54 53 16
44 65 18
70 65 2
69 63 -6
43 78 8
47 62 -3
70 64 22
63 46 13
58 54 15
44 75 18
41 71 6
66 65 -10
58 69 -5
54 55 -1
46 48 -7
63 50 -15
54 82 10
47 61 16
53 68 -9
31 57 22
34 71 3
33 64 -9
46 67 -5
41 71 -7
32 66 9
56 81 -11
55 55 4
36 74 14
31 62 6
55 76 -13
42 77 8
39 49 -16
66 46 23
59 78 -3
37 66 8
63 66 19
49 80 -3
35 56 4
49 79 9
57 61 -6
33 71 22
68 67 -11
55 60 17
47 50 -1
63 66 -6
30 74 18
31 83 -4
52 45 4
60 63 4
63 78 19
55 67 8
63 45 4
54 59 17
36 64 4
48 47 -5
47 80 -6
64 45 -14
49 48 -11
45 56 22
39 75 -16
65 60 2
33 76 22
51 45 5
60 72 -13
56 82 21
31 78 7
44 47 -17
59 84 4
59 72 -5
47 76 15
64 66 23
53 76 -9
33 53 -2
45 78 -13
64 57 -2
51 52 20
30 58 -13
40 77 19
68 49 -16
41 75 10
31 65 -15
59 52 -16
56 69 -10
38 49 3
61 72 -12
31 71 10
55 45 -16
67 66 -3
57 50 13
46 59 6
39 61 9
50 82 10
40 73 -6
37 68 12
70 84 -8
30 65 18
46 46 -6
47 67 19
70 55 21
53 51 -2
31 58 3
55 79 0
57 64 12
40 67 0
62 79 20
70 71 12
50 64 -7
44 50 -5
42 66 -6
42 69 13
37 65 2
47 76 -13
50 54 -7
53 62 -4
52 71 12
65 79 -10
31 56 1
32 63 -7
54 83 -5
52 51 -13
38 76 13
59 78 -7
66 64 3
38 73 -1
43 81 -11
32 76 -14
64 75 -7
69 69 3
58 76 -11
34 49 16
54 82 12
32 45 -12
33 63 17
47 61 -13
64 82 -9
38 71 4
30 62 18
33 62 19
33 74 -4
36 46 7
42 71 -3
35 56 14
35 79 16
30 53 -11
38 50 14
37 69 -14
52 70 8
39 80 -2
60 76 8
35 59 5
56 76 23
66 73 -6
44 66 -4
36 59 -3
58 57 -17
34 70 4
47 83 18
48 55 -4
34 45 -14
43 52 -11
46 57 -15
56 66 -9
65 68 -15
69 75 -13
33 66 4
46 45 -12
36 80 22
33 57 5
49 75 6
38 55 -4
30 78 17
34 47 17
30 61 -17
30 77 23
40 47 -5
70 61 20
64 69 -1
49 46 -13
64 67 -2
53 85 21
48 64 18
38 58 18
65 83 -13
48 54 7
56 68 -5
36 53 -14
36 82 8
59 63 -1
30 63 -11
41 50 11
32 54 -16
62 71 13
34 53 20
37 51 -2
54 74 -12
34 53 5
33 71 12
66 70 11
60 61 -13
45 66 -6
32 47 -8
62 64 -2
38 45 3
34 73 5
66 69 -17
56 84 -16
64 79 1
54 50 21
37 65 1
63 84 20
38 58 -13
53 61 12
61 68 5
48 83 17
47 46 11
53 79 15
38 79 21
70 74 9
34 72 -8
45 61 7
40 73 0
30 83 -6
34 74 3
48 79 21
33 70 15
65 50 -4
49 84 18
33 79 2
52 72 6
37 48 12
63 72 6
61 84 13
65 76 -8
56 60 15
50 68 -2
44 72 21
42 80 -17
52 49 -14
59 48 0
51 68 -16
35 69 -17
48 45 3
68 85 17
36 76 12
56 77 21
63 74 -11
32 55 10
40 82 -10
32 48 -2
41 70 6
61 67 -11
42 61 2
47 64 -8
69 60 14
51 70 19
63 56 11
33 49 3
46 85 21
38 65 4
45 84 16
66 58 5
67 65 21
57 55 -12
31 80 16
70 56 -13
52 51 -6
64 50 -6
67 52 -5
46 53 16
47 66 2
53 78 12
59 68 1
60 76 7
54 68 11
32 71 11
54 69 -6
46 45 4
55 51 8
48 64 16
42 52 -16
45 50 -17
55 72 19
38 76 -9
54 64 -8
69 51 16
38 66 3
66 47 -16
37 78 13
40 61 3
67 65 -7
49 62 11
41 59 -7
45 64 22
55 53 3
61 65 -16
70 64 -1
65 59 13
53 61 -6
34 69 -12
61 67 2
31 74 20
66 48 -14
42 66 7
52 57 10
32 79 18
47 -3 47
37 33 53
45 9 45
34 15 55
16 16 51
30 5 40
9 11 26
43 23 19
12 29 33
23 19 48
8 4 44
27 11 30
13 35 21
39 35 48
17 3 50
30 24 56
24 31 48
45 20 53
43 33 25
26 14 44
31 28 33
10 -3 22
11 12 35
47 18 26
44 6 49
25 35 24
47 34 39
48 25 43
12 12 20
19 -1 54
27 11 22
16 8 18
33 16 27
17 17 53
19 4 51
9 21 22
36 3 51
18 -3 43
31 2 44
11 5 25
33 34 47
48 2 19
43 -5 24
48 35 47
48 32 50
48 4 32
23 18 56
32 6 45
8 -1 50
43 5 41
39 18 40
47 8 51
39 6 32
24 12 32
15 33 32
27 29 55
20 1 23
36 21 36
33 22 35
34 -4 42
46 30 23
20 9 34
25 31 48
32 21 29
19 24 35
43 3 43
39 26 30
47 -1 30
42 23 25
11 0 56
14 12 18
40 18 18
48 11 19
24 21 42
32 -2 39
44 9 50
15 19 45
17 1 42
35 -5 51
40 0 39
23 2 54
22 15 18
30 -2 22
31 16 48
24 30 18
10 33 33
27 27 37
28 33 16
38 29 28
21 29 49
28 29 36
46 13 26
30 1 26
32 16 26
8 35 27
45 23 32
47 23 27
26 11 34
21 32 22
19 24 40
33 29 40
39 2 16
42 6 24
11 1 21
26 15 47
29 31 47
39 33 33
11 18 19
20 15 34
22 22 50
17 9 37
24 29 35
42 16 48
33 22 27
32 10 25
27 3 47
22 22 53
26 14 50
16 -1 27
10 12 31
18 25 17
42 19 29
27 22 28
9 12 29
23 24 36
39 17 43
34 22 53
44 31 53
43 9 49
36 7 23
22 2 31
11 33 28
46 12 29
37 7 44
44 7 43
40 31 49
42 32 31
45 9 26
9 14 43
39 -1 48
11 22 35
24 13 36
33 29 29
34 8 42
47 8 34
38 21 43
22 11 16
13 25 56
21 23 35
46 8 30
24 28 17
20 11 33
25 31 32
25 12 30
9 28 25
38 9 17
47 11 25
14 9 38
23 27 55
34 30 19
22 -2 49
47 26 29
17 -2 26
8 28 16
9 9 47
47 34 49
18 34 38
23 3 50
26 5 46
37 -5 49
31 20 31
23 29 45
9 0 35
13 -2 36
24 27 48
31 31 20
33 14 17
30 18 43
35 18 39
34 1 38
35 1 46
36 11 30
26 30 38
27 19 51
13 12 51
43 16 31
46 2 36
46 8 16
42 32 34
27 22 29
19 32 37
21 19 48
31 29 33
36 10 23
22 33 27
25 5 53
45 19 30
21 -3 17
30 7 18
13 14 40
24 25 17
36 26 53
19 28 31
33 32 49
8 10 44
8 17 17
13 11 22
45 23 20
22 10 21
41 -5 17
43 28 26
37 34 46
18 -3 29
18 16 26
26 14 39
29 -5 41
20 17 38
11 29 16
14 26 32
35 26 40
45 4 29
45 25 22
40 33 33
42 -2 41
19 12 22
21 19 27
33 21 33
42 -5 27
28 7 18
39 12 32
40 2 43
48 2 47
9 7 51
33 21 19
30 29 38
32 4 46
22 5 44
8 24 34
40 14 23
15 34 33
27 24 20
38 33 52
35 28 43
13 25 19
32 10 42
26 -1 28
27 9 18
8 8 37
42 4 20
31 28 16
42 20 29
44 1 44
11 10 41
47 19 17
48 2 41
36 -4 47
39 4 48
25 11 37
9 24 21
42 8 44
26 8 50
33 22 24
19 26 49
8 34 36
8 20 39
17 19 34
32 4 36
38 26 23
40 -5 55
24 9 39
33 0 27
46 19 52
19 34 29
20 5 19
33 34 38
25 32 50
40 21 29
21 3 46
29 30 20
22 -1 25
10 -5 48
41 12 24
35 11 36
18 0 56
17 12 31
43 -2 49
40 6 27
47 -2 47
21 -5 30
48 17 37
34 27 54
48 24 49
32 27 49
34 27 16
24 17 37
19 3 38
9 0 52
10 13 39
27 22 55
46 35 25
32 1 56
39 23 22
34 10 25
26 19 19
30 19 55
23 5 22
37 32 42
10 -5 51
16 -5 32
40 17 26
45 15 16
34 -1 33
29 20 20
34 34 29
38 21 32
38 34 44
30 14 44
27 9 35
9 17 50
46 0 54
31 11 37
44 4 40
37 1 39
48 26 29
43 22 27
42 26 51
45 3 25
25 16 44
44 -5 54
47 32 56
8 31 35
33 19 37
25 5 44
9 21 33
12 2 40
25 13 30
39 -4 33
47 4 56
36 35 54
27 24 37
25 11 47
18 5 27
26 9 20
11 2 40
24 8 27
20 15 23
14 9 28
19 11 46
40 28 25
27 10 26
9 32 47
45 13 36
20 -4 18
37 26 23
36 -5 26
17 4 20
43 8 48
30 16 22
48 4 17
16 -5 31
32 20 43
47 17 52
26 31 34
35 0 38
16 12 23
40 18 22
26 9 40
26 11 17
17 -4 26
21 1 31
30 14 33
8 23 21
17 10 16
36 18 30
12 33 40
37 10 16
36 35 19
41 10 54
19 22 52
41 16 21
29 1 17
18 6 34
40 18 51
47 7 45
20 3 40
44 24 23
39 -3 51
19 0 38
22 -4 44
20 15 55
21 21 29
44 27 40
19 -5 38
20 13 22
28 33 19
44 -1 41
18 4 20
25 35 20
42 -2 30
19 14 26
44 26 16
33 29 46
27 12 51
47 3 16
40 23 30
10 -5 20
42 26 22
48 -1 22
8 -5 26
34 1 23
34 34 50
11 19 54
42 5 35
26 23 20
12 26 34
35 6 33
37 24 43
25 35 48
27 33 28
26 2 33
9 20 49
26 -3 28
16 27 17
46 34 55
12 18 17
47 3 51
31 10 17
16 18 40
16 17 31
15 30 16
26 17 40
41 27 43
35 -3 26
40 20 46
39 7 49
25 28 31
10 11 44
37 12 21
42 21 40
18 -4 52
40 11 37
16 8 17
32 13 19
22 6 42
20 15 47
23 23 24
31 -3 20
47 2 24
29 -2 21
38 -3 40
36 8 53
17 29 27
43 1 34
46 -1 54
42 17 54
26 -4 23
48 24 45
44 2 45
18 7 16
13 15 54
34 26 27
16 6 35
17 6 19
8 22 27
30 16 56
19 5 19
41 7 20
46 0 29
26 33 32
34 3 55
48 30 44
46 9 49
41 34 56
46 11 20
32 19 43
23 25 36
47 10 20
40 28 55
12 8 35
24 -1 48
16 4 40
31 25 50
28 5 51
41 32 55
13 29 48
42 -4 49
10 28 32
48 21 55
32 12 19
12 21 42
24 16 48
23 26 40
20 0 43
19 -5 23
12 9 56
8 17 37
15 14 46
37 9 19
14 -1 51
37 8 23
16 25 56
17 8 30
31 3 33
39 9 35
24 7 51
42 9 39
47 24 45
28 11 22
19 20 17
38 7 17
20 14 41
19 15 38
42 16 55
25 9 44
25 1 52
46 24 25
33 -5 28
9 30 37
18 13 56
10 24 41
31 15 40
48 16 47
25 9 19
37 10 22
36 30 32
31 25 52
19 10 34
9 26 53
31 14 22
41 4 23
22 3 55
20 26 44
8 -1 53
8 13 29
29 9 36
38 -1 42
48 14 38
20 16 23
30 30 51
19 32 30
40 34 21
40 25 36
22 -2 33
29 19 20
45 14 28
10 11 26
10 33 24
11 24 22
23 17 25
27 -5 51
38 19 38
21 23 54
34 -5 21
18 -2 19
43 28 55
37 16 49
20 1 18
40 3 53
22 2 40
46 11 42
14 0 26
11 1 47
10 15 22
15 34 34
12 32 32
19 9 34
39 23 49
22 17 35
16 25 41
41 14 50
34 9 47
16 14 37
26 32 32
22 30 25
17 16 56
26 27 31
32 24 40
48 20 23
29 -4 52
35 -5 21
42 21 41
12 29 28
41 23 46
12 -4 24
32 -4 35
14 28 30
14 1 48
18 3 55
26 6 27
35 16 48
26 4 53
28 34 40
18 27 52
30 6 24
47 26 26
35 24 56
32 0 41
39 28 26
24 33 42
20 -1 19
44 17 22
32 9 51
36 29 18
23 15 16
44 14 54
31 23 25
15 26 28
35 5 23
45 3 37
29 29 51
47 14 24
37 21 49
43 19 24
43 29 38
20 24 24
40 34 21
12 12 31
13 22 38
48 31 22
19 27 31
27 24 34
27 3 32
9 12 53
34 18 18
37 3 22
24 31 24
41 5 41
22 8 26
29 11 34
14 33 23
12 11 47
15 -4 21
13 22 39
31 35 47
45 30 32
15 30 16
32 16 32
42 35 34
15 32 32
27 24 25
22 -5 28
42 32 24
11 25 25
46 18 33
11 -5 55
42 31 48
15 34 20
20 26 43
37 17 34
11 3 49
34 32 32
38 30 17
17 -4 51
13 19 22
12 21 51
12 30 46
31 26 28
35 -2 21
27 -4 52
10 16 56
39 12 34
13 12 32
33 24 27
28 12 30
13 32 36
19 19 17
25 24 53
47 2 35
31 12 31
14 23 22
14 22 48
42 28 52
32 18 33
29 24 47
48 6 30
9 27 47
11 11 25
13 1 17
8 31 23
12 -5 16
22 32 21
21 2 41
43 17 50
30 18 35
17 2 23
9 -3 49
11 34 19
19 28 26
33 1 41
29 13 47
20 31 52
14 35 29
16 -2 25
23 10 31
23 12 37
11 33 17
15 34 55
31 26 24
43 26 39
12 30 52
35 17 53
16 29 31
22 -3 45
30 33 27
46 9 30
32 27 33
39 5 16
20 16 25
46 10 31
42 -2 17
48 11 32
30 24 19
34 27 35
28 27 53
38 0 33
29 3 51
24 23 53
33 2 29
40 15 22
19 -1 54
13 20 50
33 -4 46
45 -5 44
35 32 18
41 10 32
28 21 53
10 27 26
33 19 42
35 29 43
17 -3 33
28 35 16
41 9 49
10 23 35
36 22 23
10 7 19
31 15 33
41 33 50
27 4 53
41 14 35
40 15 39
27 1 34
38 31 27
21 -2 52
16 28 16
25 30 48
18 19 21
43 10 25
43 23 51
28 27 45
15 23 28
47 17 19
28 -3 52
48 20 53
31 0 38
33 17 52
47 2 53
18 18 51
18 -4 25
28 18 38
32 14 41
25 20 22
43 26 43
46 9 19
27 -2 55
12 30 34
41 21 42
34 11 54
41 31 45
18 -2 36
48 0 33
23 16 49
10 10 26
22 28 29
48 15 24
41 12 22
18 24 26
40 21 38
29 4 16
15 4 46
41 3 54
11 34 50
23 16 52
16 -1 42
34 18 18
40 20 50
27 22 27
20 35 52
36 29 35
37 22 27
11 29 18
33 9 18
38 24 50
24 27 32
36 35 38
38 12 51
45 -4 55
38 1 32
45 33 51
8 23 46
48 9 21
35 10 22
23 5 46
26 -5 49
46 29 46
8 12 26
39 -1 35
28 0 35
40 -3 19
17 16 32
44 35 18
32 1 53
37 29 23
43 7 26
38 2 17
16 8 45
40 10 26
13 23 20
36 32 54
37 -1 40
21 1 19
14 18 49
44 -4 17
36 33 45
9 -1 51
34 -4 29
24 21 37
15 17 27
11 -3 51
24 19 28
19 20 41
29 18 44
35 12 53
8 1 25
23 6 40
44 9 42
20 0 19
26 5 35
47 -2 26
23 10 38
27 -5 51
48 27 22
29 11 43
44 20 33
36 23 51
32 34 37
31 20 30
37 7 44
22 27 54
32 -5 42
39 -1 45
19 0 17
13 33 20
44 28 46
46 21 47
47 12 16
16 30 31
8 1 48
19 -1 54
48 5 56
23 14 51
11 29 29
28 26 28
43 31 42
29 14 25
41 24 50
15 30 16
12 2 44
9 35 37
37 17 27
16 3 23
33 -5 42
37 16 48
29 23 38
28 32 28
8 32 35
40 26 27
18 29 30
15 15 36
43 1 20
24 7 54
31 -2 37
41 26 16
17 17 45
8 -3 25
43 12 40
14 15 53
25 29 50
10 25 42
36 9 16
14 16 42
44 16 54
19 -5 45
11 8 29
36 34 16
21 33 19
18 18 49
37 21 19
28 -4 16
39 19 27
26 12 56
11 15 36
9 -5 53
39 13 48
46 15 48
10 -3 20
46 35 27
43 17 19
33 14 51
17 1 43
28 20 31
18 -1 20
36 3 54
21 -5 16
36 32 26
16 14 50
33 12 31
8 11 32
38 5 28
38 16 32
27 8 52
43 22 31
18 33 41
39 5 28
9 -1 52
42 15 52
34 31 46
23 4 43
38 35 25
23 -2 26
45 14 29
36 8 35
37 1 36
19 2 21
43 2 51
12 17 28
43 25 56
23 11 22
29 2 17
19 5 41
30 -3 21
34 26 44
20 22 23
24 12 53
38 20 27
13 0 56
39 14 23
16 16 22
17 29 27
41 24 56
35 5 54
30 21 18
41 27 30
33 4 33
34 35 54
21 26 26
18 6 42
13 26 55
8 14 18
11 -4 25
10 23 42
18 27 17
29 6 33
37 6 16
28 3 54
45 -3 27
28 27 40
14 25 41
27 10 40
46 29 50
42 18 46
17 19 22
22 4 16
35 17 47
17 31 55
16 30 16
27 29 39
30 15 22
12 24 27
28 17 41
28 7 47
16 31 18
30 15 56
15 31 30
9 14 42
9 7 35
38 22 36
38 7 39
12 32 55
42 18 48
12 4 17
45 26 34
30 2 34
46 23 18
9 24 42
41 25 21
34 20 16
27 -4 35
45 18 30
33 2 32
31 11 49
28 7 41
33 24 19
13 6 45
24 24 55
47 2 17
10 10 42
8 29 53
43 18 18
45 23 34
42 12 40
46 2 52
31 2 27
13 -5 35
14 25 26
38 -1 25
18 12 27
38 11 41
37 3 56
31 23 31
45 19 54
26 9 55
10 23 51
42 -4 46
18 7 33
9 21 29
43 35 39
37 -2 55
18 34 24
46 15 55
44 1 41
34 26 28
14 24 55
41 13 54
27 11 17
25 4 49
13 2 45
19 22 43
40 34 40
15 -2 30
12 33 54
33 23 41
28 -3 42
14 2 50
19 19 38
21 16 33
33 6 19
43 9 31
14 29 51
43 19 37
10 34 17
41 15 25
48 34 17
31 21 28
15 33 55
47 2 32
45 16 35
30 29 16
8 8 49
11 11 28
15 20 47
33 0 20
44 14 54
18 -4 20
19 22 52
29 15 51
30 34 29
48 2 26
47 17 34
14 17 44
22 12 54
45 -3 43
27 35 46
38 31 36
23 8 30
37 19 53
17 8 40
45 21 54
11 -1 53
11 -1 52
25 6 20
30 14 19
42 25 21
48 2 47
44 -1 26
47 0 33
23 15 45
36 29 33
28 -1 18
32 22 26
39 31 18
38 -4 20
34 28 32
10 14 45
21 3 41
25 -2 32
8 28 51
12 12 45
22 15 46
28 5 24
33 8 45
32 -5 52
14 26 56
21 11 27
12 -2 20
20 17 39
13 6 31
24 30 29
9 21 27
36 4 20
42 27 31
12 11 30
24 15 20
44 33 35
39 2 45
19 34 42
36 5 39
11 13 21
48 -2 34
40 21 20
21 16 33
41 30 38
14 20 34
33 -4 33
48 30 28
18 15 20
29 2 45
47 30 22
21 1 49
37 27 22
39 22 25
41 -2 38
44 -1 25
44 -2 20
35 22 53
39 1 32
31 13 54
10 20 52
21 18 16
20 9 48
24 23 31
32 21 24
43 14 55
45 8 29
28 9 41
39 -3 52
33 4 19
33 0 42
40 6 27
35 -4 40
47 16 56
19 32 32
12 -3 50
10 10 44
8 35 45
45 -3 37
47 15 43
48 13 47
35 26 18
41 13 51
12 26 19
39 -4 49
28 -1 54
40 2 33
21 3 25
20 29 45
44 25 32
34 -4 43
36 23 19
19 32 33
11 13 34
39 14 35
21 13 30
26 25 27
25 0 38
26 5 31
28 7 20
19 12 55
42 5 28
31 3 21
33 16 51
15 -2 30
45 7 32
9 20 23
30 -3 19
25 10 43
42 20 51
44 17 52
19 16 47
17 24 51
17 33 44
37 -4 27
32 29 23
47 10 46
36 2 17
35 3 17
40 10 26
16 -5 23
35 16 55
8 26 34
48 27 18
9 1 54
13 13 40
26 23 39
42 15 53
21 8 46
48 35 37
42 22 36
32 11 20
26 23 26
44 17 42
31 26 27
41 10 19
19 23 40
34 10 25
33 12 19
13 0 52
44 31 26
32 32 21
15 6 25
40 14 28
11 2 56
35 35 38
41 17 22
27 21 24
41 26 22
12 34 19
16 33 16
21 4 24
39 10 48
15 31 36
34 25 33
30 24 26
44 10 54
37 -5 21
44 24 41
23 13 45
27 22 54
25 21 52
8 -4 30
35 14 33
22 30 42
36 8 44
9 13 26
33 -3 46
48 9 29
19 22 19
43 6 38
39 27 23
41 -5 31
20 25 43
15 -1 19
28 0 53
23 24 23
13 3 37
13 10 20
45 3 49
33 0 23
44 -2 34
40 7 36
23 16 24
34 19 22
45 32 20
13 6 35
32 6 49
10 27 54
11 9 21
24 11 21
15 15 37
22 16 31
15 13 46
42 1 46
43 15 19
22 31 25
33 6 48
34 12 41
32 -5 37
42 6 17
30 9 18
25 15 53
19 1 42
26 1 37
41 34 39
12 18 39
26 23 54
30 7 19
19 19 20
24 21 34
18 7 43
42 -5 39
13 14 46
30 8 20
27 18 31
40 7 48
15 7 16
21 8 50
19 25 22
11 2 23
22 11 40
41 23 25
31 28 29
39 22 28
21 18 54
31 1 41
25 14 48
31 23 30
32 0 24
10 33 34
8 29 43
48 20 32
38 -4 33
23 14 39
20 33 38
48 26 17
32 27 35
21 10 33
11 1 39
37 11 42
16 5 37
10 16 33
40 24 19
39 29 20
38 33 43
19 14 33
40 4 46
35 25 54
21 13 31
16 17 25
47 31 36
47 22 30
36 8 45
17 25 46
33 21 41
8 20 22
35 34 43
26 34 16
28 15 45
11 10 55
21 4 41
27 23 49
14 -2 37
44 21 35
31 34 23
47 27 20
9 18 32
8 19 18
30 14 54
23 -3 29
11 9 49
36 25 53
48 24 36
46 29 25
34 1 44
19 3 34
14 33 21
17 9 16
42 26 40
28 19 23
36 -3 43
23 -1 54
46 22 31
43 15 21
17 27 55
30 29 45
21 1 29
39 11 52
16 15 50
17 29 24
19 13 43
30 13 42
21 33 37
47 9 22
20 34 46
10 0 44
14 22 25
21 28 55
20 27 22
46 10 49
10 18 38
19 7 36
46 32 16
41 2 19
17 17 29
37 -1 46
42 10 19
15 34 33
16 21 41
47 17 50
22 18 20
47 33 50
21 20 53
39 5 25
30 0 41
16 26 30
32 -2 50
38 31 19
39 22 56
36 0 44
39 7 53
42 -1 51
45 19 43
31 29 31
17 13 36
25 29 28
9 7 35
22 2 39
14 24 25
8 28 36
12 -5 34
13 1 29
17 14 56
31 18 32
11 12 16
27 1 21
12 22 17
25 20 17
24 12 28
34 21 51
18 25 35
27 -4 52
47 16 38
31 18 50
13 8 27
47 18 48
46 2 44
28 28 35
44 3 37
31 18 45
13 7 34
41 2 55
29 30 29
25 24 51
48 25 42
43 13 36
30 6 20
41 15 48
35 14 24
13 -5 48
44 13 40
32 25 40
41 12 34
42 26 25
45 -1 17
19 0 55
14 35 23
32 29 55
24 25 33
33 12 52
16 1 16
12 5 43
39 1 32
41 34 37
38 11 51
9 -5 36
9 10 32
17 33 48
35 33 22
9 15 42
18 25 47
30 12 18
41 30 16
13 23 17
8 13 22
33 29 50
42 17 53
16 30 49
9 1 24
38 13 28
35 7 30
10 -2 27
19 23 54
15 27 51
9 10 28
27 14 40
19 -1 35
28 32 54
23 -1 18
33 1 46
44 14 17
23 8 16
8 1 39
22 8 16
47 17 43
18 19 36
16 7 53
8 28 31
10 8 55
10 4 50
37 24 37
48 22 56
13 26 51
39 30 34
25 19 30
10 29 25
12 33 18
48 8 34
29 22 54
8 1 50
41 9 55
40 27 47
37 6 48
31 8 18
10 12 54
31 5 28
28 24 29
33 19 25
23 -3 26
8 2 35
18 4 36
24 6 38
31 21 24
21 23 33
47 29 47
39 14 20
11 4 56
47 -3 37
41 32 49
8 15 51
20 34 21
25 17 50
25 22 40
12 16 34
31 23 22
21 16 47
26 32 41
47 10 18
31 -5 48
34 -2 49
28 31 17
14 25 40
17 15 51
23 6 48
40 -1 37
42 17 29
29 29 51
43 2 51
37 8 26
23 16 38
24 -3 25
43 30 53
28 0 33
37 19 22
9 18 50
40 11 46
47 20 35
34 15 28
41 19 54
48 20 44
14 31 29
12 17 24
21 -2 35
10 27 19
18 34 46
41 1 36
32 23 54
34 24 54
43 8 43
43 11 23
26 11 46
28 29 24
12 3 42
33 24 32
29 -2 40
48 16 45
26 24 18
8 2 42
43 18 38
31 33 28
34 -5 53
42 23 39
31 -3 50
12 21 39
40 10 40
19 21 23
17 4 21
16 24 46
28 31 55
21 29 32
10 12 27
20 9 45
45 -3 22
16 26 47
8 27 49
13 29 19
41 31 43
26 21 56
35 31 19
15 8 26
41 24 46
10 33 38
10 26 41
24 27 31
44 29 55
39 3 43
36 29 35
42 11 16
38 34 33
12 8 28
42 11 34
36 -2 31
19 21 30
19 19 16
10 28 30
18 1 25
29 11 56
47 14 47
39 35 21
15 28 17
26 21 29
8 11 50
9 26 47
10 27 53
42 34 35
33 23 17
39 34 29
30 1 38
47 3 18
31 32 55
18 12 21
23 -1 43
46 17 45
16 14 45
22 29 54
45 20 54
19 13 32
32 24 46
38 21 19
22 13 25
35 17 25
28 17 16
21 29 54
24 29 30
13 25 33
48 -5 46
43 28 16
21 31 32
32 11 37
39 9 25
39 33 51
21 12 46
24 28 16
43 -4 55
17 13 23
16 16 48
41 23 33
41 8 42
28 10 54
21 -3 37
19 31 51
15 5 38
25 7 48
17 4 45
20 11 27
18 1 30
33 27 45
32 33 31
41 10 32
35 -3 38
8 32 40
39 35 19
44 34 16
20 3 46
28 8 27
26 21 48
22 8 21
44 34 41
25 -3 55
31 -1 30
27 13 19
48 -3 32
40 30 18
34 22 30
43 19 25
18 17 41
11 31 24
42 -4 17
42 18 55
20 0 50
41 -4 26
11 7 52
47 14 53
30 14 27
27 25 46
46 -5 18
29 -3 32
39 -5 54
20 2 46
21 28 20
16 31 17
13 34 21
29 30 53
31 20 50
15 5 25
28 -3 33
19 -3 33
46 11 46
30 31 28
43 17 18
12 17 56
9 12 25
38 22 16
32 35 38
44 12 20
17 8 32
25 20 50
36 16 24
35 25 34
10 4 38
42 29 49
30 3 44
33 31 51
41 23 51
29 6 47
47 16 26
45 -4 24
18 0 17
9 -2 49
35 21 50
31 24 30
45 25 47
31 33 25
25 25 54
22 17 56
36 21 35
9 11 49
30 0 41
16 16 48
8 14 50
43 14 55
23 15 28
42 10 51
45 25 44
39 5 42
39 -2 29
33 13 49
23 14 39
17 -4 28
44 20 26
27 16 37
30 10 51
41 -5 56
15 9 39
40 31 51
28 -5 36
32 -1 24
46 30 30
41 30 36
19 20 17
21 20 33
21 3 29
35 1 44
29 23 26
29 2 36
22 6 41
22 12 19
36 21 47
47 -3 53
42 5 20
29 -5 26
47 25 45
40 20 19
14 24 54
47 -3 17
14 12 47
30 8 30
11 25 24
45 28 54
21 -3 45
44 16 52
13 22 25
12 20 28
20 -2 49
38 -3 25
13 22 16
28 11 17
38 32 30
42 29 20
32 6 41
46 11 17
14 -5 54
32 -4 44
16 19 41
46 27 24
12 0 33
11 -5 36
30 23 50
35 30 38
8 8 51
17 5 28
12 24 51
26 -1 56
12 -4 50
36 24 47
9 -1 41
43 10 54
47 2 35
10 18 50
38 30 51
8 12 39
42 28 47
26 20 45
104 68 17
93 63 13
87 82 12
90 65 28
99 97 4
88 95 -5
90 68 27
95 88 -3
105 73 -6
111 72 0
92 88 11
114 91 -6
82 58 21
94 81 -5
85 94 26
111 75 17
90 80 11
90 93 -6
109 90 18
92 60 2
116 75 19
107 91 12
114 76 17
93 97 18
115 59 9
96 85 29
83 64 29
117 64 -7
114 78 2
95 65 10
100 74 -3
102 88 29
102 64 9
118 92 5
105 74 -2
111 76 28
104 95 -6
116 70 19
112 78 5
78 61 2
106 58 26
100 75 24
93 59 24
88 76 18
99 91 28
102 88 1
91 58 15
100 59 5
106 77 24
104 77 -5
80 69 30
109 86 0
104 78 8
91 59 -2
108 62 13
89 89 21
105 57 -9
105 80 21
116 89 28
114 88 30
103 96 30
110 73 30
89 75 28
116 90 -9
108 85 6
116 85 3
80 96 22
95 82 9
94 92 13
78 95 22
81 62 3
86 91 24
97 75 6
101 82 14
106 74 6
98 81 23
105 66 -2
86 60 27
106 83 23
112 63 -4
81 71 12
91 75 -9
107 82 12
90 84 24
78 76 15
107 70 17
109 72 21
88 73 0
86 87 -4
103 87 26
109 59 6
118 79 2
98 97 8
101 70 11
93 85 -10
79 82 10
111 89 -5
105 96 -8
80 82 -6
102 77 11
112 60 8
116 86 13
81 76 11
106 65 15
112 73 17
106 89 0
98 66 -8
108 88 16
92 70 15
95 69 -10
96 84 -8
113 83 18
86 58 6
96 89 18
106 64 27
92 60 21
111 83 24
100 64 25
104 58 21
78 78 9
87 95 20
100 85 6
108 94 -4
110 90 16
99 79 29
112 97 -4
93 74 -7
81 91 -6
88 79 15
87 66 -1
94 95 -4
81 92 15
106 73 -5
92 82 11
98 78 6
102 70 -7
112 88 2
116 59 29
94 58 9
112 75 16
98 61 14
85 63 23
104 82 17
95 69 9
85 71 13
113 85 -2
106 61 2
100 67 3
85 64 5
82 84 5
107 81 25
86 67 19
100 92 2
92 97 13
110 76 -1
116 62 6
107 93 28
101 91 10
95 63 18
98 72 29
80 89 12
89 90 3
106 59 8
94 97 3
115 94 29
94 74 7
104 61 18
86 79 19
94 86 13
88 62 29
102 72 21
78 79 22
102 96 -10
103 90 9
95 66 2
113 68 27
107 70 -2
85 77 23
103 73 26
99 94 0
112 62 28
103 95 -2
101 62 16
111 90 21
104 67 6
95 67 14
112 95 23
112 78 15
118 67 6
92 77 16
89 87 -5
100 64 -5
93 58 26
79 79 19
83 75 17
93 92 7
112 91 -4
92 77 9
104 74 27
81 87 20
101 68 -10
88 70 -9
94 85 30
111 86 14
81 86 -7
86 89 29
108 91 17
104 82 19
114 74 8
78 94 30
99 73 13
113 79 -3
96 86 30
114 70 1
118 60 11
100 69 29
115 66 -5
108 84 15
109 58 22
101 81 29
96 58 28
82 65 5
91 93 30
102 72 9
100 92 11
91 63 1
107 79 13
112 90 18
89 77 -3
99 68 1
118 95 21
108 80 0
106 79 20
95 86 27
105 86 -8
78 66 -1
100 65 13
82 72 -1
116 90 8
96 95 7
100 81 23
82 80 10
107 79 16
81 94 30
110 78 4
102 80 -1
101 97 23
85 89 17
94 86 -7
112 73 27
94 57 20
86 85 2
114 89 11
111 90 -5
91 88 3
89 68 16
83 70 24
89 90 30
85 75 26
81 70 3
81 73 16
97 94 -7
93 76 11
106 58 25
104 87 28
86 86 -7
107 60 4
115 71 20
112 66 16
110 65 26
85 82 -2
87 88 12
104 91 20
107 85 3
103 89 -5
110 90 8
105 57 5
90 57 13
91 80 9
79 74 15
91 66 -4
105 64 19
104 68 -3
83 74 9
103 68 13
113 94 26
106 62 13
117 88 30
111 60 20
116 96 8
86 83 6
82 92 19
109 68 3
112 91 -5
112 62 25
118 89 -2
84 76 18
84 59 9
112 91 29
109 62 1
81 68 -6
91 97 -4
111 58 2
86 80 8
97 85 20
99 67 27
118 97 0
104 95 26
107 58 16
88 95 -1
93 82 27
86 78 -6
103 85 7
113 86 3
118 97 23
116 77 16
79 62 13
109 73 2
90 91 4
107 92 26
99 78 26
108 88 5
79 73 -1
113 68 23
92 70 1
116 85 11
84 60 9
83 92 10
107 60 11
107 92 14
106 62 -5
89 97 10
81 94 -1
117 64 -2
90 59 19
80 96 12
87 90 10
86 68 4
82 59 -1
88 61 25
90 78 23
110 67 4
86 63 4
83 76 5
84 73 21
90 80 28
91 87 5
102 68 26
100 84 21
99 62 5
85 81 29
83 62 11
86 67 9
106 72 -9
93 84 12
78 68 29
108 88 3
117 71 -5
106 85 7
116 58 30
88 73 12
109 97 23
112 92 26
103 90 0
81 58 17
97 65 25
97 69 13
87 93 8
110 93 8
108 63 1
99 63 4
95 73 25
110 72 30
78 92 0
79 71 -3
111 63 -3
106 62 14
112 89 9
116 57 15
112 82 18
95 97 22
88 89 -4
80 57 -3
104 95 13
89 91 -4
89 90 18
94 61 21
105 63 8
116 62 25
78 90 21
96 90 -6
91 93 4
118 83 1
99 57 -5
97 77 17
88 95 7
90 77 27
111 92 17
115 72 11
83 65 8
81 66 -3
79 88 -3
100 82 -1
82 84 -1
90 94 12
105 83 11
82 76 26
110 66 26
78 93 19
108 85 9
114 95 20
89 71 21
106 84 19
78 86 -4
82 57 9
81 71 22
91 71 -4
115 61 9
97 64 16
79 88 14
107 90 -8
92 67 27
108 77 -2
81 58 17
105 78 -8
97 92 24
95 64 -10
110 88 26
90 78 19
98 57 24
117 63 11
92 61 19
96 96 22
94 59 -7
80 94 -7
78 65 30
94 94 30
102 74 16
79 81 1
115 77 6
87 91 13
101 89 -7
107 95 30
113 57 -7
79 64 7
82 65 -6
92 65 4
98 60 8
79 94 -8
93 68 3
91 87 -5
83 77 5
97 61 17
98 90 26
90 94 -2
87 88 -4
118 85 -5
103 95 -9
79 68 17
115 69 -7
85 82 13
92 87 -8
83 63 -7
92 87 29
81 89 -2
86 97 -8
99 75 15
97 57 9
115 67 26
93 68 10
85 91 19
116 64 20
84 82 15
88 61 5
118 63 10
91 66 6
85 81 25
113 58 -8
102 65 22
107 76 -7
90 97 3
108 87 13
98 97 -8
88 60 27
111 95 26
115 63 -9
107 88 22
112 77 -5
80 81 11
102 85 12
91 86 13
78 57 18
83 61 11
101 69 -9
86 63 12
88 78 23
88 74 -6
79 84 -9
91 91 17
94 82 -2
118 81 -3
105 81 -9
88 89 -10
86 75 18
104 85 25
103 82 -1
117 88 -9
106 72 21
87 93 -5
118 71 17
98 92 -5
90 74 5
101 84 21
115 77 -2
89 80 -9
89 87 -9
101 68 29
88 60 24
84 76 13
116 85 20
113 58 20
103 70 14
100 93 7
115 81 29
85 80 13
114 76 14
108 92 17
85 92 30
81 68 23
90 95 0
99 90 -10
79 82 26
102 74 -6
102 65 29
85 58 -5
118 81 18
98 65 10
99 96 23
78 71 11
117 97 -5
117 74 19
78 80 -7
116 60 -6
118 64 25
79 80 12
109 69 30
107 59 -3
81 62 14
90 62 25
85 83 21
83 81 26
114 62 7
82 95 28
103 69 29
107 70 12
79 94 6
117 87 23
92 82 13
111 91 -2
115 94 21
78 72 -9
91 75 7
83 74 -5
91 63 27
100 92 27
105 96 20
80 68 24
103 59 21
80 92 29
86 74 16
78 64 12
112 97 27
80 97 13
96 76 26
94 68 0
84 85 15
110 86 26
101 65 6
89 76 23
108 91 -4
98 63 -3
108 90 5
109 92 13
82 59 28
93 63 5
92 60 21
91 89 23
97 94 -3
105 83 21
79 79 14
106 68 11
101 67 15
107 70 25
92 89 -6
107 89 19
92 61 -10
84 91 30
97 76 11
115 64 -9
92 90 10
101 87 30
93 83 28
89 95 22
112 97 28
92 62 -8
85 91 8
103 80 19
88 91 23
113 91 -8
111 88 -10
101 73 -9
110 65 16
87 81 14
82 90 28
115 73 6
97 65 12
99 75 19
93 76 8
97 79 -4
89 65 25
100 77 -5
84 81 -10
118 71 28
92 58 20
91 62 8
86 72 10
109 58 15
108 86 7
83 66 25
106 82 26
101 87 -7
88 76 15
96 67 18
92 90 19
98 65 26
78 94 24
88 88 12
117 64 22
108 80 -5
112 59 29
112 72 10
81 86 27
116 69 -5
104 61 24
80 90 10
112 58 4
104 85 24
83 79 11
80 79 8
88 75 28
117 79 0
104 60 21
101 96 30
114 80 -3
104 76 -3
83 60 -10
95 73 -1
96 80 -5
104 73 13
85 70 -2
90 74 -1
84 91 21
89 93 -4
88 68 -1
83 70 30
109 68 8
81 59 10
105 73 7
86 96 4
100 61 27
88 78 -8
91 64 -3
107 85 25
84 83 9
90 76 10
110 89 -5
92 67 -10
116 91 0
111 81 -8
83 96 25
108 58 1
81 97 2
110 93 -8
107 65 25
116 84 -3
94 92 21
102 69 -1
80 76 23
105 84 -2
92 92 -5
86 64 5
93 76 29
111 90 0
94 93 20
102 62 -6
84 62 29
81 77 -6
109 72 10
87 64 10
115 74 23
107 69 -3
80 82 4
103 68 9
109 63 -9
79 95 30
91 81 29
111 90 11
113 89 -3
78 59 2
101 63 -7
85 72 -5
110 95 14
87 80 -10
90 68 4
108 77 19
118 71 1
109 94 1
102 79 17
118 84 30
93 84 4
84 96 9
102 69 13
103 65 -8
85 61 30
109 62 -3
81 95 -10
111 80 14
101 66 19
116 90 -6
94 82 -9
80 84 4
106 95 21
91 78 -2
81 57 13
88 72 2
91 82 3
93 67 -6
117 69 30
78 96 1
100 62 6
109 66 6
108 72 1
101 96 -2
89 91 5
97 69 3
101 88 2
116 70 30
97 87 -10
98 60 23
81 81 29
90 94 27
97 90 -2
87 57 4
101 71 5
87 88 6
91 62 -8
93 74 17
83 81 21
90 60 13
110 77 -9
84 82 16
84 77 13
114 64 14
83 87 0
92 62 -2
104 69 -6
98 70 -6
91 65 26
79 68 -1
107 74 17
78 65 -2
86 64 -5
81 83 17
86 71 -8
98 86 -2
98 73 29
82 68 -6
116 92 3
115 59 -5
81 77 -10
81 66 5
82 88 -8
82 66 13
110 62 -9
116 68 4
78 73 20
109 93 20
88 81 17
103 77 6
93 88 18
82 97 2
97 90 -3
89 84 -9
91 67 7
108 58 14
96 61 10
94 81 22
103 91 -4
91 71 11
115 96 -10
107 84 -3
117 58 21
78 97 4
105 92 -2
102 90 6
85 88 26
82 63 16
79 69 3
117 84 -9
85 58 27
84 93 22
101 64 23
113 93 -1
91 86 -5
95 62 24
91 64 26
87 73 29
116 73 -7
86 65 -2
97 90 8
111 88 -3
110 69 7
80 73 2
108 73 25
93 81 3
117 97 23
101 84 19
114 79 -3
102 86 20
86 59 28
102 77 24
87 74 3
110 67 17
78 92 -6
86 77 28
106 71 1
99 95 16
101 68 29
103 61 -3
112 61 28
115 64 11
98 86 18
103 72 9
113 66 18
87 97 6
84 85 21
79 95 22
97 64 5
78 82 19
87 60 19
94 84 -1
98 68 2
91 69 -4
97 89 20
101 67 -4
100 97 8
108 95 23
90 65 7
97 59 26
104 71 9
118 92 -6
78 93 7
109 64 -3
94 69 7
93 76 2
97 85 -8
85 83 2
111 72 4
118 74 1
92 96 4
84 60 -6
103 63 -1
89 64 9
114 86 5
118 68 24
89 57 16
87 61 19
81 88 26
106 82 3
99 87 22
80 77 -10
101 90 3
82 69 19
118 59 8
114 78 2
89 87 28
105 95 -7
90 60 0
102 78 -2
79 81 -9
105 57 -2
118 65 15
118 70 23
96 81 27
80 83 4
105 73 25
91 76 2
93 95 7
90 74 22
105 66 -5
118 92 6
98 69 26
116 87 19
98 86 20
102 68 29
112 67 -10
86 82 6
95 58 -5
84 62 13
108 70 12
78 69 4
106 94 0
103 84 -10
90 76 20
112 72 -5
96 61 18
99 97 3
113 61 -10
85 68 4
104 89 26
83 67 8
95 72 -2
89 60 30
78 73 -5
115 78 26
94 74 5
95 85 6
98 89 2
92 96 8
84 70 20
81 88 21
101 90 -6
86 85 8
80 73 -8
86 80 10
94 76 23
106 95 14
91 79 13
94 79 -5
100 59 22
104 63 26
84 57 22
112 89 6
80 77 -6
115 71 -6
105 57 23
98 84 8
90 73 23
88 91 26
82 69 0
105 96 3
118 89 11
80 68 4
88 62 -5
107 69 -3
105 70 -3
95 79 -3
104 60 6
106 97 -2
89 85 10
83 94 3
96 61 1
94 69 28
92 57 25
96 82 -5
87 63 4
100 81 1
112 79 3
118 66 12
117 77 -6
111 69 -6
117 91 -2
79 67 -9
97 83 23
86 84 21
84 79 1
79 94 21
112 89 21
99 66 -9
90 96 -1
85 61 -7
99 80 22
98 93 10
94 90 24
84 74 13
107 60 -9
103 97 17
97 61 6
85 80 0
80 88 24
118 58 25
109 88 29
79 95 15
86 97 9
114 92 23
94 69 0
111 65 17
111 67 9
97 73 17
83 93 25
94 62 12
106 78 23
85 75 15
103 60 -2
117 64 10
108 66 21
98 69 25
92 66 -4
78 96 -2
99 78 -5
88 70 7
91 96 20
89 63 -10
84 80 11
89 74 25
80 94 -5
82 84 19
113 69 26
114 93 18
104 80 12
113 82 17
110 88 20
90 58 13
98 77 20
113 93 6
101 91 -3
108 65 -10
100 89 -7
113 84 23
118 81 -8
107 77 -6
117 91 22
105 59 -5
93 91 9
101 95 18
103 61 8
84 66 15
110 59 7
91 65 28
101 74 -5
84 62 22
114 78 -5
107 96 13
106 57 6
115 64 27
103 89 -9
96 83 28
116 66 2
83 72 6
109 67 8
88 60 20
101 85 -10
78 95 23
88 78 -9
82 92 6
111 82 -1
90 85 2
79 71 16
117 79 0
87 97 30
83 71 12
108 90 -6
79 94 26
112 85 -9
100 91 -7
107 77 24
80 59 14
115 72 17
97 88 -9
113 81 -6
82 61 5
113 74 5
98 77 -6
104 76 28
105 95 19
80 57 -7
99 62 -2
90 83 26
108 64 27
103 82 26
82 90 -9
83 57 -8
103 83 18
78 67 19
98 96 3
88 84 6
102 65 2
93 94 10
94 81 13
95 88 29
103 73 28
104 67 15
113 64 23
116 76 24
107 96 -4
114 75 10
116 96 21
105 97 21
99 93 22
82 65 -8
114 71 20
113 68 2
87 73 -8
79 72 19
94 90 2
89 86 18
87 92 5
114 91 18
82 88 18
96 69 12
92 77 -6
106 88 -4
87 70 17
93 77 4
94 70 21
79 86 10
81 77 16
100 73 9
99 77 -7
108 74 9
81 67 -3
97 93 2
91 89 22
108 72 26
79 91 20
116 77 1
105 65 18
110 92 13
94 57 12
105 84 24
84 84 0
105 75 20
91 86 28
118 70 21
81 78 28
110 83 -1
106 65 0
102 88 30
88 59 7
115 69 22
111 94 16
96 91 7
112 96 23
90 57 -7
80 59 25
85 62 -5
114 60 -10
91 76 11
94 65 -7
107 93 4
79 80 7
80 89 -10
98 62 7
103 71 1
86 80 12
118 62 9
90 61 -5
101 93 -7
78 71 30
95 78 8
112 72 28
94 74 -5
81 89 8
105 95 -10
104 58 0
80 85 25
115 83 20
79 63 -2
94 59 -8
104 66 19
109 87 24
94 62 -3
117 86 7
84 66 24
107 67 -8
86 71 11
85 70 17
78 74 2
99 92 19
84 95 -1
106 86 4
105 68 -2
85 93 28
94 70 -1
94 63 30
95 77 15
101 64 13
101 72 -5
88 71 10
103 70 -6
91 80 13
82 83 -2
80 66 -10
100 97 29
79 62 24
102 57 24
101 57 23
104 87 -3
94 88 13
115 84 25
86 93 -10
91 58 18
114 93 15
115 95 24
114 96 13
84 90 -7
103 57 -3
108 62 7
101 65 20
108 82 23
102 87 25
102 86 16
79 86 28
89 85 9
81 83 15
101 69 14
117 62 28
99 62 -2
83 63 10
110 81 -3
90 89 5
103 78 18
85 85 -7
114 88 7
94 67 -4
90 61 2
98 91 24
84 78 -10
109 65 -5
99 72 10
101 61 -7
83 89 -8
117 70 30
83 63 29
89 85 13
95 59 -5
107 89 25
92 83 11
94 76 0
82 90 -3
96 78 23
86 60 0
85 80 16
113 86 17
93 72 -4
94 82 -6
87 85 6
79 82 -5
104 91 -9
98 88 20
107 91 -6
79 75 -3
107 85 21
91 97 -1
98 77 -3
109 97 13
115 77 9
112 66 -7
110 79 5
89 63 6
110 68 18
97 84 9
93 69 12
109 77 14
103 57 21
108 78 30
110 87 23
92 96 23
97 95 -8
95 81 16
116 79 13
102 87 29
79 61 13
96 65 21
94 57 25
92 96 12
83 60 -1
105 91 -1
90 95 20
86 97 26
79 89 19
92 92 -6
110 95 -1
106 92 23
105 90 -6
92 75 7
115 61 24
101 76 -4
78 84 5
95 92 5
111 91 28
110 59 29
88 67 -1
96 78 29
110 93 -1
118 58 -10
110 93 17
100 93 17
99 86 9
82 79 0
114 61 -6
109 62 16
90 72 23
103 59 12
107 77 -3
80 90 25
114 80 10
99 60 -2
78 72 24
95 68 11
81 81 26
104 81 23
84 68 1
90 68 2
82 78 23
88 86 5
118 83 9
102 80 3
100 88 -9
107 81 19
109 92 0
80 58 -10
105 96 16
85 75 30
113 96 16
106 82 1
98 92 25
108 97 2
97 66 24
82 57 10
82 79 -9
91 91 14
113 73 23
82 80 9
103 80 13
83 65 -7
96 57 8
100 81 21
102 75 10
80 89 23
110 81 21
88 82 -3
104 69 -9
113 84 22
111 71 -10
82 60 27
99 74 -10
117 58 15
79 82 29
82 78 5
97 96 3
86 72 12
112 57 18
113 97 2
112 91 13
97 96 17
83 81 9
95 80 3
97 58 -7
93 92 26
100 74 20
93 71 -10
88 63 7
110 84 8
115 85 -6
114 86 -10
104 78 11
106 77 29
81 61 12
108 88 29
105 88 26
78 96 21
110 61 -6
114 87 4
104 85 -5
116 60 2
96 70 -8
111 58 1
117 84 8
89 85 -6
95 72 -1
112 80 16
83 83 19
111 85 28
89 66 14
107 70 23
91 87 2
81 58 1
96 68 7
114 76 2
96 88 -3
104 61 -8
101 57 3
94 97 20
81 92 -6
95 73 2
91 59 3
98 66 5
83 62 20
88 69 10
90 71 15
85 72 21
115 84 -10
115 90 -3
109 57 25
84 94 -5
101 86 25
89 80 -5
84 79 6
98 69 9
88 89 27
81 60 5
117 83 3
98 80 8
109 78 2
118 75 23
114 82 16
96 82 4
115 57 10
109 62 30
99 70 -10
104 91 -9
89 69 23
102 65 28
112 85 -7
115 90 -2
78 74 21
97 97 27
114 72 8
115 82 -2
96 81 26
82 73 7
83 88 4
98 82 12
82 65 5
117 83 28
99 92 14
118 60 0
83 72 23
109 83 27
80 58 13
118 82 17
114 66 -4
94 72 17
115 95 -4
114 95 6
80 69 -10
103 86 -3
78 69 -1
91 97 1
106 91 16
86 97 9
103 87 27
87 93 17
113 82 17
112 82 15
102 92 13
79 89 0
81 69 25
116 92 26
107 95 14
118 79 27
116 89 30
103 70 -7
78 58 21
106 91 -1
82 78 25
102 74 -10
101 92 6
110 58 12
92 60 16
98 65 19
110 62 8
78 95 17
116 76 18
100 69 20
109 64 4
113 79 14
88 93 4
78 96 -7
91 71 22
94 76 -3
102 67 14
116 89 0
100 94 8
116 90 11
89 58 -1
110 61 -9
116 68 30
90 97 20
118 94 21
98 76 6
92 87 0
116 72 12
116 77 -8
106 89 7
94 83 5
78 80 17
82 80 2
86 74 22
78 63 13
81 91 -5
111 71 -10
82 80 22
110 69 30
118 88 4
80 66 5
94 94 22
113 87 26
111 89 21
94 93 24
81 69 10
110 61 -3
88 68 13
85 85 5
109 71 5
99 97 12
117 81 30
80 82 29
116 67 4
79 68 8
79 95 19
113 61 -7
112 58 1
79 78 23
101 79 -1
79 59 -8
97 76 5
110 95 -7
96 63 -3
118 79 -3
83 57 21
111 72 16
111 81 -9
91 71 14
109 78 -10
94 84 -5
105 58 8
117 81 4
82 91 27
93 73 10
108 90 4
109 75 14
115 84 3
99 65 13
118 94 10
89 84 30
101 92 14
95 87 15
78 84 5
88 94 -2
85 94 13
101 80 20
105 76 25
94 93 28
88 68 -5
80 95 15
110 84 19
100 63 13
104 59 9
116 80 26
112 64 1
108 93 16
87 59 6
87 84 27
91 81 22
98 80 -2
96 89 -6
99 96 -4
94 78 -6
96 74 17
93 65 -5
115 61 1
84 65 27
84 78 14
87 73 -6
101 84 28
88 89 -2
101 89 8
107 63 19
94 86 -4
84 87 30
91 84 19
98 69 28
92 68 -9
96 85 11
112 79 22
115 83 -4
93 86 -7
113 87 17
111 81 -7
82 76 8
84 86 19
112 88 19
80 60 -7
96 68 23
93 75 10
94 62 14
82 60 29
118 78 25
103 93 20
96 59 16
100 92 2
94 69 -2
107 93 11
78 72 -1
94 85 -4
83 67 9
96 62 19
88 59 26
96 69 11
81 62 -4
100 94 10
89 89 19
81 75 -2
97 67 3
106 64 -10
91 77 -4
117 97 26
110 87 25
82 83 -9
96 62 5
78 82 9
96 78 16
115 70 17
107 90 11
107 60 1
104 80 6
112 93 13
93 59 21
118 97 0
101 82 -5
106 66 1
113 64 3
118 59 30
112 85 1
109 95 18
85 61 -3
113 95 25
118 92 23
101 62 7
89 74 30
110 58 16
84 69 -2
92 85 10
78 71 16
88 70 9
108 58 -10
89 65 -9
118 73 -9
101 82 12
106 57 30
109 62 14
102 91 20
113 80 30
93 62 3
97 64 10
103 77 -8
90 61 -2
92 89 22
108 75 20
91 62 5
98 85 29
116 73 -10
113 89 26
118 76 -8
105 93 25
108 67 28
116 95 30
78 86 -5
88 84 11
94 82 30
80 86 12
112 78 -10
118 88 23
118 97 7
118 90 29
111 95 -8
100 95 -3
102 76 -7
96 79 16
88 64 20
83 57 4
104 79 -6
106 72 3
107 83 -7
97 90 2
106 87 26
94 74 -5
117 93 -10
80 80 11
83 89 -7
103 90 0
81 83 13
85 59 4
84 93 6
108 60 -9
79 77 28
90 68 22
108 90 20
98 96 6
105 66 29
116 79 6
93 85 21
101 96 26
105 96 18
91 69 -5
84 79 8
83 96 -5
97 85 5
112 85 15
115 62 7
105 90 13
82 97 1
109 84 -10
112 83 4
112 64 7
111 95 26
85 95 7
79 71 29
80 97 16
102 73 -8
81 58 21
108 90 15
78 90 20
109 88 21
86 84 19
80 66 12
78 97 10
94 88 -4
79 84 3
104 60 -5
78 67 0
111 96 17
101 90 -6
96 92 24
86 66 -9
109 60 30
92 58 -5
88 62 9
82 57 -5
94 84 5
111 61 -6
102 79 -2
80 70 -1
97 63 15
82 63 -2
88 85 14
98 66 28
92 94 9
96 79 25
79 75 9
114 71 -10
90 76 7
86 71 16
80 62 5
112 75 10
86 57 1
83 67 14
116 82 9
115 70 24
112 72 -4
80 94 21
115 90 -1
95 88 -4
83 72 22
85 61 -7
114 97 -10
87 86 16
87 80 14
113 78 11
96 61 20
106 62 10
104 57 8
105 68 25
104 83 13
84 69 25
109 64 22
88 72 -9
88 77 13
109 80 2
102 62 4
93 57 25
116 97 -7
103 74 11
90 83 9
102 67 28
100 86 4
113 83 29
105 87 16
93 87 -1
107 64 26
99 77 27
89 86 27
91 81 -7
115 87 -1
97 62 14
85 94 25
111 68 15
80 92 28
2 100 21
-3 77 15
2 91 52
34 110 12
12 106 41
28 112 18
13 106 14
20 113 23
11 83 21
7 108 14
29 89 48
31 104 16
24 95 18
3 93 19
12 82 37
2 82 24
14 92 43
23 86 16
9 86 14
21 79 38
16 96 13
5 110 28
22 80 40
-1 113 44
14 117 31
31 113 50
17 81 52
10 84 28
5 109 36
10 77 33
13 110 20
6 104 43
4 77 48
24 107 48
0 104 40
4 91 45
37 78 52
19 111 43
3 101 22
17 82 13
35 110 17
21 111 25
22 111 22
31 110 46
3 84 31
9 113 34
4 93 50
18 89 48
1 78 24
-2 109 49
16 86 30
6 105 42
3 110 22
8 90 46
3 99 26
23 80 37
22 89 42
29 89 13
11 101 32
-3 95 21
-2 104 19
31 103 16
37 114 22
-2 117 32
31 85 30
34 104 52
11 87 18
13 89 48
3 114 22
10 83 36
20 93 46
24 109 23
34 114 33
24 83 19
7 87 46
18 83 28
5 96 26
9 96 14
27 86 14
15 81 39
14 84 12
33 109 44
23 77 21
19 99 36
32 96 29
26 95 15
10 106 52
27 80 20
20 81 15
34 113 20
18 89 25
3 112 26
3 96 21
27 85 25
30 115 51
7 85 13
6 96 36
21 95 14
15 77 35
28 108 42
17 99 27
24 79 33
6 106 39
0 114 51
4 96 39
-2 102 17
31 79 41
17 102 44
8 113 17
35 97 16
24 77 36
28 97 40
17 79 13
17 80 15
2 104 20
3 112 31
11 108 12
35 115 23
21 87 17
1 95 29
36 109 14
35 79 16
35 115 50
27 90 51
22 108 18
14 99 49
8 94 12
33 77 49
33 104 19
2 80 15
6 86 36
36 81 39
19 95 16
12 117 13
16 84 12
33 79 47
26 88 15
34 92 18
17 97 21
34 97 16
16 99 49
3 84 17
37 90 48
7 84 30
11 97 16
23 83 43
6 104 50
3 115 23
1 96 32
-2 93 29
15 100 39
36 107 14
6 99 29
22 105 29
32 96 36
28 84 30
4 115 42
24 97 14
27 116 29
0 109 22
4 78 51
12 112 15
29 78 44
20 106 42
14 113 38
12 78 48
28 104 40
34 114 40
32 88 33
36 96 36
9 115 52
0 86 46
35 96 14
11 79 20
2 99 23
4 96 41
18 110 44
30 83 43
2 109 12
28 115 39
23 107 40
22 83 17
20 101 50
25 110 21
36 96 25
4 91 26
-3 101 31
27 101 33
19 79 21
5 112 48
34 92 49
4 112 22
9 79 42
8 78 36
22 113 28
24 109 35
17 87 28
20 85 23
16 86 52
25 115 19
10 93 43
6 94 20
22 99 30
26 96 21
23 108 29
23 88 39
25 104 34
32 115 39
37 95 34
-2 95 21
27 101 38
3 114 25
28 105 42
23 88 37
26 111 12
19 111 19
11 93 16
32 95 51
34 109 13
28 104 47
15 100 31
1 90 19
-1 113 29
14 106 13
5 115 49
5 108 45
15 105 27
11 97 28
26 115 51
-3 104 47
35 81 24
31 117 33
28 117 14
15 90 21
7 87 51
26 111 33
37 90 13
14 104 38
24 92 48
24 115 51
10 80 33
0 91 15
18 78 52
8 97 47
11 80 17
2 97 36
25 115 31
37 83 43
6 83 23
21 83 21
-3 104 21
4 91 47
6 82 48
17 105 35
9 90 21
27 80 39
5 117 30
4 112 44
23 107 49
17 84 51
23 109 42
-2 90 27
20 116 21
3 86 47
36 117 49
28 99 49
28 116 45
28 94 45
6 83 27
11 81 45
29 78 21
10 102 45
21 91 25
30 80 30
11 92 44
25 98 14
37 114 25
1 80 20
8 79 38
14 111 21
4 86 38
7 82 27
33 110 51
-1 111 45
9 84 41
-3 92 46
8 116 25
3 109 47
26 108 42
0 85 52
12 82 34
30 102 18
21 79 38
7 89 25
0 87 19
12 85 13
37 79 37
13 79 46
34 114 46
21 85 32
29 93 38
11 109 43
18 80 13
7 99 47
8 102 37
29 102 17
18 91 32
-2 100 48
3 91 46
37 92 36
-2 110 37
11 102 51
33 85 28
9 109 48
30 90 20
22 97 40
29 88 13
-3 113 44
27 116 17
32 115 14
29 77 13
3 95 27
3 85 17
30 111 17
4 82 16
9 100 12
2 85 42
6 81 34
36 94 30
28 116 20
15 91 50
12 104 22
12 117 50
7 89 43
28 103 38
5 92 47
30 79 37
1 109 16
14 110 46
31 108 28
31 117 43
23 85 14
11 105 17
8 117 29
19 114 21
26 114 30
3 90 46
17 98 50
24 113 48
0 80 48
30 89 43
31 109 52
35 89 43
-2 98 37
19 91 36
32 100 23
33 96 12
24 105 14
2 94 44
34 103 25
33 80 18
18 99 52
28 114 15
20 82 31
4 86 20
10 109 45
24 84 14
23 100 44
4 81 42
36 88 14
10 77 26
-2 112 50
36 88 39
30 89 32
23 80 33
3 92 42
2 103 52
30 86 35
7 108 24
24 115 14
10 99 18
2 99 42
37 85 38
29 99 42
37 108 27
31 77 39
6 108 49
10 86 48
26 96 24
31 81 19
14 102 20
4 108 20
31 109 30
17 113 29
25 102 40
17 83 25
34 114 42
-2 85 46
10 112 45
35 102 24
26 97 49
18 107 15
13 104 20
14 114 23
9 87 32
10 77 15
12 108 41
24 82 35
34 79 37
1 113 39
2 110 21
22 94 18
27 103 21
35 87 15
22 86 26
8 107 24
4 101 17
10 114 44
4 95 14
12 86 18
17 82 40
-3 96 29
33 103 29
1 103 27
36 110 39
28 96 48
37 96 19
21 92 20
15 83 41
14 113 49
16 88 27
9 79 26
14 103 18
22 105 40
5 94 43
3 84 52
12 88 50
15 97 38
36 105 35
20 98 52
23 110 51
6 93 20
23 91 25
15 88 41
-1 78 30
1 78 52
31 87 32
11 96 12
11 108 16
19 82 38
18 90 48
15 93 12
28 97 16
34 112 42
8 81 17
25 87 35
-1 113 38
7 78 51
36 117 43
11 84 30
18 111 20
11 99 27
16 108 13
32 86 51
21 95 51
11 115 21
33 103 46
31 116 31
37 104 23
31 102 41
26 79 39
27 90 22
8 96 12
2 113 20
31 110 35
20 107 39
17 94 30
4 84 41
28 113 19
10 84 20
6 105 32
13 103 21
1 86 23
15 106 26
3 113 43
35 114 25
3 109 31
3 82 48
13 96 40
31 85 29
8 90 43
32 89 34
5 82 44
8 83 26
1 81 46
10 81 22
3 99 43
19 100 14
10 107 29
31 105 47
23 117 33
36 92 36
1 99 33
7 82 26
17 77 15
12 85 12
32 109 35
30 95 32
5 112 52
-1 94 29
-3 103 38
35 94 36
23 117 34
12 87 33
11 81 51
33 94 41
3 100 26
14 90 26
36 80 35
11 105 16
6 79 14
16 96 17
37 97 15
36 94 32
37 102 45
16 98 13
1 88 28
35 92 37
11 81 21
1 101 17
10 101 31
16 80 30
33 79 28
4 99 46
5 103 24
2 103 31
9 104 14
33 100 46
32 107 12
14 93 41
25 85 23
33 103 20
19 98 46
28 99 30
2 89 32
8 101 18
-1 112 43
10 112 31
10 81 22
37 81 17
12 87 16
26 96 50
35 90 20
4 86 48
32 89 30
2 105 32
4 87 22
24 114 31
34 94 22
-3 103 26
26 86 28
24 97 20
11 114 23
4 113 50
11 102 43
5 88 34
1 86 26
36 92 15
-2 87 28
7 84 31
3 117 19
3 113 20
15 94 22
17 104 15
26 103 21
8 109 14
21 102 35
31 90 36
31 89 47
33 112 27
23 112 15
0 95 52
30 86 47
-2 88 12
12 83 45
18 78 36
-2 89 42
35 90 28
19 83 38
35 80 40
2 113 18
25 117 46
8 93 35
10 99 42
6 80 35
24 117 35
29 101 30
24 107 32
1 108 24
34 110 31
34 91 37
17 109 13
33 116 20
32 99 27
37 77 16
5 117 39
6 79 42
19 96 52
-2 79 22
30 94 49
6 91 42
7 105 43
26 101 16
37 86 20
17 98 39
4 93 23
17 103 27
3 82 13
37 104 43
7 96 41
21 82 40
12 79 31
25 85 27
14 93 48
3 85 27
12 98 21
13 87 13
36 103 34
25 98 36
11 94 15
17 77 44
3 115 17
7 100 43
6 84 24
2 90 14
1 97 20
14 84 32
13 99 40
-3 96 20
24 90 16
-2 81 20
10 112 39
-3 99 41
22 85 12
1 88 42
35 99 31
33 87 34
37 88 20
25 89 23
31 109 46
9 114 44
18 93 51
33 88 24
25 104 13
25 103 45
10 83 12
9 107 30
6 102 30
1 88 33
22 100 13
3 92 30
1 111 13
35 82 41
17 91 45
34 107 40
-2 94 19
19 103 39
8 112 30
17 108 17
29 88 22
12 110 40
3 85 51
22 113 23
26 82 38
4 83 36
14 115 16
29 97 46
24 111 27
37 116 21
19 85 43
1 88 12
6 79 51
0 91 40
24 116 51
23 105 42
29 104 48
10 103 51
24 114 42
-1 79 50
36 106 39
36 112 33
12 87 36
30 116 48
23 106 12
36 77 22
7 114 20
14 107 26
27 81 22
11 113 22
1 78 43
8 108 27
16 98 39
36 78 35
9 109 24
3 113 22
20 111 19
25 116 23
2 80 43
35 94 19
13 84 15
29 99 21
13 85 25
19 107 37
2 100 31
16 115 41
30 107 42
31 80 36
25 112 25
18 112 32
11 82 12
-3 110 25
36 101 34
9 105 49
18 102 37
23 90 48
36 110 24
29 97 13
17 113 29
10 92 12
31 77 37
12 83 39
36 87 42
5 107 40
11 84 27
26 112 25
6 111 28
14 98 29
31 89 15
6 88 38
33 96 43
35 110 20
15 81 17
-1 78 29
6 113 43
34 100 51
18 97 34
23 85 17
22 78 22
15 89 51
15 90 35
34 99 20
35 95 52
11 99 37
0 81 33
8 99 19
36 97 36
26 106 17
0 79 21
19 86 45
5 109 42
5 109 13
32 104 19
23 100 22
2 92 51
10 88 14
2 82 42
-1 86 20
26 77 41
33 97 29
0 94 32
10 102 19
10 88 39
11 105 46
13 108 25
20 108 51
18 117 46
28 111 41
-2 87 33
6 94 32
28 105 34
19 83 38
3 88 35
21 100 48
25 117 32
22 97 44
9 105 42
3 90 35
7 78 50
13 85 14
36 109 50
26 86 14
9 85 23
12 114 21
28 112 25
18 102 20
11 117 28
34 100 45
5 109 29
7 99 28
29 114 39
-1 110 25
23 100 13
5 97 48
32 101 21
9 93 48
12 105 50
9 110 22
26 77 19
32 113 23
10 98 48
14 114 32
-2 102 19
10 84 45
-2 117 36
5 117 37
26 80 39
5 99 39
27 80 46
29 82 18
18 116 14
10 117 41
16 113 23
19 91 32
11 79 35
13 87 34
34 113 42
7 99 41
23 111 25
24 110 39
1 80 24
16 82 25
8 114 50
24 116 20
23 94 52
-1 105 51
37 94 25
-1 105 52
25 106 13
8 77 44
1 94 46
29 90 17
32 105 31
3 111 41
36 98 33
9 104 16
-2 86 50
32 112 40
-1 106 16
-1 116 30
4 117 44
7 117 37
-1 89 12
20 106 49
11 89 45
34 102 39
4 82 22
34 94 26
28 91 13
37 105 14
24 105 32
15 77 39
23 90 52
33 91 52
34 87 32
24 89 34
6 106 38
-1 117 18
34 83 14
0 94 26
10 100 37
14 82 31
10 91 30
8 80 34
5 78 40
9 115 13
33 112 31
19 87 37
37 111 49
8 93 37
21 105 26
20 108 22
37 98 21
6 100 37
-3 115 51
28 87 40
31 91 21
9 113 18
31 100 26
1 99 39
17 106 31
9 112 48
16 98 34
3 115 12
-1 84 29
8 106 29
6 88 38
19 77 33
20 86 30
-2 84 27
16 100 16
1 112 27
-2 113 47
-3 114 42
17 108 27
14 82 12
3 115 37
26 102 43
22 82 47
29 94 25
5 112 52
21 115 34
36 101 27
6 81 13
14 96 41
11 85 33
0 84 40
-2 91 52
30 77 26
4 86 15
4 98 32
-3 81 52
21 80 15
30 83 18
27 104 43
34 86 48
-1 101 43
17 82 44
8 94 27
37 87 44
3 79 23
17 99 46
8 77 32
20 92 19
9 83 12
10 82 20
7 80 20
1 92 25
2 82 23
30 103 34
35 80 16
34 88 44
10 113 22
31 117 21
14 91 47
3 100 49
29 99 24
18 105 20
21 86 23
1 92 30
-1 85 22
3 103 30
31 85 37
14 92 37
34 116 23
9 115 14
6 112 16
18 90 42
13 81 45
32 83 34
24 104 47
34 107 50
37 86 46
5 107 51
36 89 32
12 103 27
23 102 37
29 82 14
4 91 22
20 98 43
35 104 31
7 81 30
31 104 33
8 107 33
10 87 23
4 83 45
-3 117 52
18 117 40
20 80 16
29 102 43
17 109 52
-2 78 18
1 111 26
31 99 30
16 104 41
1 96 30
34 89 17
2 93 40
26 101 49
28 91 46
31 114 49
1 79 47
8 100 27
26 89 40
17 85 41
22 89 51
26 80 29
13 87 30
35 92 15
23 114 50
24 83 28
-3 107 37
27 84 41
2 89 23
13 99 16
14 78 13
31 99 19
2 95 27
9 78 45
2 89 41
1 96 25
25 86 47
30 100 35
3 117 52
9 102 15
21 110 15
13 108 28
21 113 39
34 92 28
-1 105 13
17 116 16
4 85 33
1 103 51
-3 99 50
28 78 31
7 87 17
21 90 14
32 104 52
36 77 31
21 88 17
29 106 40
25 78 19
16 78 29
31 93 41
37 103 22
16 113 20
31 91 40
23 94 31
-2 88 16
24 89 51
7 95 48
25 82 39
-2 97 34
4 87 51
13 111 19
14 95 34
32 107 31
29 114 28
36 112 45
22 110 43
13 113 48
2 98 13
-1 91 41
32 91 42
32 116 23
2 111 13
33 113 35
34 83 20
20 105 46
-2 110 16
27 88 37
31 89 22
20 110 48
31 116 22
1 89 12
7 82 45
10 92 13
7 97 30
21 97 40
1 82 36
24 91 22
8 109 47
17 112 36
31 94 51
25 100 33
24 105 51
37 84 49
29 105 29
35 96 24
37 92 48
14 101 40
20 103 45
14 77 12
31 89 39
-2 100 14
11 113 52
29 100 22
37 81 27
-2 112 25
23 97 44
-2 97 32
28 95 12
8 117 42
24 106 22
3 114 38
16 100 19
17 115 18
29 90 41
6 92 50
-1 86 18
23 81 49
33 80 29
-1 109 22
-3 99 44
34 117 14
-3 95 41
20 79 16
0 109 51
4 99 37
33 87 12
3 89 12
4 114 20
29 115 40
37 104 24
35 107 42
14 96 39
9 99 48
-3 86 38
10 107 24
7 111 35
11 112 27
35 101 14
16 109 29
6 82 22
12 108 34
16 82 47
10 88 19
8 95 14
3 83 24
9 92 24
15 117 48
8 96 26
15 78 35
3 91 23
18 117 33
24 111 38
14 84 45
32 106 37
25 109 36
22 115 31
36 111 13
20 116 40
-1 100 32
6 89 44
24 96 18
20 107 47
1 110 31
2 108 50
22 85 43
26 107 51
5 95 26
-2 105 40
7 91 14
20 79 35
23 78 29
9 82 43
33 115 20
16 95 30
12 85 14
15 109 43
4 110 28
10 95 15
37 101 34
3 107 13
29 89 17
24 81 48
32 108 12
0 107 30
5 87 24
16 106 23
19 107 52
28 108 45
19 103 25
34 86 29
34 105 26
1 87 46
22 79 28
3 116 19
14 86 18
4 113 26
-2 98 23
22 88 33
10 78 41
20 102 40
3 111 32
30 108 32
0 88 31
32 79 35
7 112 49
15 107 49
-1 79 43
5 94 48
12 84 34
24 114 20
2 80 40
16 103 14
11 110 34
12 90 47
24 81 23
1 105 34
26 83 16
10 79 14
24 79 42
34 98 24
25 96 24
31 102 20
25 103 14
23 90 34
6 90 24
-3 109 34
29 104 32
17 84 45
25 99 26
19 100 23
19 89 45
15 88 45
23 106 25
6 99 28
-2 84 20
-1 109 17
27 86 30
13 84 12
13 104 13
10 93 42
20 80 41
20 111 39
27 96 50
7 107 27
21 82 30
35 102 23
36 113 30
14 91 34
-3 112 45
31 111 32
15 103 52
0 117 21
35 91 35
9 85 45
33 107 38
22 95 30
37 104 17
15 97 32
20 92 16
30 78 46
-1 114 20
-1 98 16
31 87 44
33 82 12
-3 100 21
33 94 37
30 113 42
27 115 29
3 88 40
25 108 44
3 83 42
16 113 48
7 116 41
30 110 14
16 116 13
13 82 31
35 91 13
7 86 35
14 100 32
13 100 39
35 105 14
27 104 20
33 87 24
0 77 48
24 88 20
32 99 27
-3 117 50
7 99 38
37 83 12
33 100 46
8 92 48
34 94 51
33 98 23
1 78 36
17 106 31
36 87 42
3 93 47
10 86 37
4 117 12
4 103 16
5 100 15
-1 97 36
4 109 40
-2 113 51
-2 107 35
2 113 14
26 100 24
2 91 38
22 97 49
-3 115 52
36 107 45
19 78 50
11 93 26
24 110 27
24 99 34
25 88 12
31 83 13
22 108 52
26 79 27
7 77 50
10 109 12
35 82 30
31 98 12
13 116 29
17 80 49
33 117 32
30 100 50
36 79 14
23 96 28
8 117 22
19 110 18
3 114 41
19 116 15
7 79 34
11 114 27
35 82 36
29 90 43
17 114 24
4 93 41
19 98 47
19 109 37
26 102 14
9 84 17
7 86 46
10 107 14
0 77 42
17 80 42
20 83 22
15 114 35
0 103 25
27 107 19
24 81 23
15 99 33
18 88 39
10 99 37
24 108 15
32 99 27
33 77 13
24 116 12
0 92 32
19 97 35
32 107 35
22 115 49
19 84 14
-3 114 31
12 82 29
35 78 50
3 86 44
3 79 16
8 90 46
7 77 41
1 77 42
-2 90 37
18 103 32
6 117 20
13 102 16
33 113 18
34 83 22
21 109 42
-1 97 36
-3 88 43
2 102 33
7 100 12
33 96 20
34 78 27
-3 112 43
-3 95 52
21 95 49
5 90 24
0 80 43
12 93 39
10 85 33
29 110 29
31 102 45
20 88 35
11 84 50
13 100 16
30 90 33
28 82 44
34 97 30
10 82 28
9 116 29
22 96 46
15 109 20
20 77 43
9 97 16
37 116 22
4 111 29
15 117 33
14 105 29
-3 82 43
17 96 18
37 101 14
22 79 44
1 101 43
15 98 23
22 91 44
8 109 44
-2 95 52
27 107 41
-1 93 30
5 107 22
15 104 17
20 113 42
4 106 39
18 94 49
16 110 16
28 117 32
28 98 31
36 79 42
7 84 38
8 103 24
5 90 42
27 116 52
14 87 51
2 112 48
15 83 23
-1 104 46
12 103 14
6 99 35
35 79 23
34 86 15
35 86 41
1 78 34
10 96 33
1 99 28
36 107 36
5 110 17
32 104 46
3 109 43
25 112 49
9 79 38
11 107 38
7 99 49
30 93 28
5 110 39
30 96 22
0 97 15
24 115 45
27 77 16
30 108 44
11 86 33
3 81 34
17 109 16
22 109 51
23 90 15
18 99 37
33 100 41
14 88 29
15 109 32
22 112 42
30 77 22
29 93 25
-1 114 31
4 97 12
30 103 28
-2 115 15
19 90 41
29 78 36
2 79 33
14 102 30
6 111 13
31 90 48
19 113 25
28 92 41
36 103 48
0 81 46
29 90 39
27 90 19
12 115 35
-3 117 43
1 77 28
-3 82 19
12 89 37
17 115 16
0 91 26
33 111 13
-3 94 43
3 96 22
37 87 29
9 93 27
5 94 46
36 79 38
32 79 19
8 85 40
25 82 18
18 101 46
8 78 31
1 91 52
32 112 13
20 94 22
31 89 38
-1 100 30
-3 89 14
1 90 40
7 88 32
25 103 44
26 95 47
26 93 27
18 78 52
7 84 15
19 109 16
23 106 47
2 112 47
33 79 33
4 84 41
10 80 14
33 117 19
21 85 50
19 90 30
26 106 28
33 81 15
12 109 18
11 90 22
35 94 33
36 96 51
11 102 15
11 100 43
37 79 49
12 108 35
27 83 30
19 80 20
15 84 20
20 111 17
3 78 44
30 117 37
17 83 51
28 91 31
24 78 36
33 83 46
1 85 43
22 94 38
6 90 49
23 89 21
8 91 48
35 84 14
35 83 25
15 97 20
-1 90 34
8 81 49
17 109 20
18 83 15
20 105 27
1 108 26
32 93 30
17 95 21
5 81 52
20 94 48
22 97 19
33 93 14
-3 106 43
23 86 16
37 87 45
-1 111 28
10 108 12
-2 105 48
22 97 17
3 117 23
24 93 12
4 112 35
32 102 16
34 105 38
-1 89 24
28 99 35
33 116 17
20 117 31
8 113 15
29 114 34
11 117 35
1 83 36
21 108 27
20 117 31
-2 103 36
0 94 40
10 113 18
9 108 27
29 77 24
33 89 19
13 97 45
6 104 47
9 110 26
3 107 21
25 110 37
0 115 38
-3 109 48
15 116 31
1 114 32
17 86 43
18 80 46
30 84 47
34 102 43
17 96 26
24 103 52
4 94 30
9 101 41
18 84 30
6 89 39
7 99 33
31 82 19
-3 83 43
33 103 33
35 86 13
13 117 17
26 84 47
33 90 49
28 103 19
12 113 21
17 77 19
0 110 52
28 96 21
9 77 19
21 107 29
3 101 38
16 81 52
-2 103 15
8 97 14
24 77 28
0 89 39
19 86 49
0 106 13
22 81 43
8 88 21
16 102 39
27 84 14
-2 79 39
21 116 37
20 99 46
20 80 25
34 87 50
22 108 27
9 96 52
24 91 22
23 110 30
34 83 17
3 109 19
25 103 47
21 91 46
27 100 51
36 103 37
0 89 48
3 99 21
11 88 29
1 107 47
26 114 31
13 114 45
32 107 33
36 91 33
35 84 33
13 99 29
-3 79 40
24 86 22
18 84 31
27 108 49
25 97 42
7 92 42
35 79 42
20 117 50
5 90 45
31 96 14
28 111 33
10 85 47
24 99 47
-2 83 28
14 117 24
29 83 30
8 86 32
0 114 46
12 114 37
25 107 43
16 104 14
15 96 40
0 91 50
22 105 16
16 89 44
-3 115 14
29 83 29
14 113 20
31 105 44
11 115 43
33 95 48
7 101 23
2 105 43
4 82 23
36 91 22
34 108 20
18 83 49
31 109 48
29 81 25
25 87 27
24 104 25
1 116 25
13 88 37
26 101 21
0 90 37
-3 89 44
8 84 42
26 101 40
15 80 47
28 82 23
18 113 23
29 106 21
-1 97 51
1 108 39
35 89 43
15 108 52
19 85 28
9 78 22
6 98 44
-3 112 17
24 102 26
11 103 29
24 78 20
19 116 29
18 107 48
6 114 39
16 84 28
2 93 24
10 95 32
32 81 51
4 84 22
15 101 38
27 114 27
28 109 51
18 110 45
16 84 22
17 95 16
7 102 40
13 86 17
24 106 23
0 99 49
11 98 30
26 105 16
26 100 28
17 91 35
2 95 40
16 107 31
22 82 27
4 98 22
29 108 32
0 97 51
12 105 28
9 112 24
4 103 23
1 100 49
10 102 24
2 98 30
16 112 38
29 89 50
31 117 42
24 114 28
25 83 18
36 107 26
3 95 18
5 94 34
28 79 28
20 94 22
13 78 13
20 79 42
28 92 42
20 94 50
3 80 26
4 96 15
14 104 32
6 110 36
9 100 43
0 104 20
10 117 34
16 99 28
19 77 17
21 102 12
13 77 22
27 107 48
33 109 37
11 78 34
17 117 13
5 115 18
-3 108 38
7 81 35
32 87 31
5 107 25
10 85 28
3 88 18
33 109 14
0 104 37
12 92 51
30 92 34
2 80 38
1 90 48
30 100 40
17 85 36
5 98 12
15 102 42
19 98 48
34 96 50
17 114 21
28 116 34
9 111 23
