48 84 20
85 82 45
50 93 39
69 82 14
80 98 50
62 99 21
85 75 50
77 110 43
72 93 29
68 96 31
46 77 35
81 98 27
66 104 16
82 76 39
57 85 38
72 102 51
56 89 43
68 91 48
82 77 28
85 109 37
10 74 9
-2 53 19
-2 42 3
31 49 10
-4 66 11
10 68 -2
31 60 -17
12 71 -4
-3 64 -14
9 47 17
4 69 18
0 75 -1
9 44 -7
31 71 20
-1 74 8
4 46 -7
12 52 -2
3 79 7
32 75 -6
20 44 -3
60 17 69
66 32 63
73 6 61
56 11 67
68 20 69
70 16 45
54 38 44
42 16 60
59 35 73
72 15 62
41 8 54
75 29 50
67 21 63
41 1 57
68 39 64
78 25 56
57 8 49
47 34 53
73 29 54
41 34 67
86 28 64
78 7 97
52 26 72
59 31 60
54 28 74
75 9 97
68 0 90
85 17 74
72 21 72
84 21 68
69 5 62
81 12 95
63 30 100
87 -4 80
61 19 85
82 0 97
69 2 95
76 25 63
76 31 60
58 23 60
100 46 7
79 48 9
94 52 38
83 60 38
83 27 41
68 52 39
88 24 37
82 54 18
95 47 31
98 32 10
101 41 6
97 34 6
67 56 37
82 38 28
101 49 40
84 28 32
79 34 17
83 51 20
95 58 10
93 52 44
21 26 89
43 15 89
28 35 101
17 18 96
38 38 95
5 45 73
7 14 84
17 40 64
42 36 95
33 33 67
31 23 62
7 39 77
26 25 69
18 31 81
11 21 92
10 33 74
33 37 72
35 52 89
28 53 99
44 31 80
23 12 66
22 6 66
24 9 74
-1 26 65
2 18 77
31 14 56
21 17 65
3 23 88
28 33 65
17 37 76
-4 4 74
1 32 87
24 35 88
-6 24 72
-4 4 79
15 4 69
8 23 81
11 26 76
9 36 54
0 1 84
84 56 38
69 83 42
81 90 28
92 52 6
58 82 7
81 77 40
96 53 37
93 73 9
93 55 10
83 53 35
60 73 42
65 53 36
80 69 39
76 68 32
83 79 28
90 77 38
97 67 32
64 68 20
62 87 9
61 60 14
57 75 105
54 78 80
60 60 93
70 64 95
73 73 80
50 78 103
85 71 100
86 83 104
88 74 85
54 82 84
71 85 86
66 66 95
78 53 109
52 78 81
55 90 82
86 59 101
75 79 75
81 87 74
76 56 102
56 63 75
71 18 79
39 11 78
68 3 99
55 -6 88
48 -2 86
49 -2 86
68 -13 95
65 11 83
45 11 92
37 18 84
33 18 71
45 -12 81
55 20 83
63 14 74
63 -7 87
39 4 96
52 -7 83
46 -9 86
58 -9 94
56 -4 82
99 52 97
110 52 98
113 69 88
82 59 106
111 60 78
83 68 88
78 68 88
83 52 92
84 58 79
102 67 81
97 59 81
78 53 111
114 76 95
90 61 94
111 44 109
78 47 84
82 72 93
114 60 105
95 71 106
106 66 100
53 107 8
19 93 22
26 76 27
25 86 38
21 70 30
37 91 35
20 99 6
53 107 9
25 79 39
56 101 35
21 99 20
30 107 7
54 67 16
49 67 9
38 82 27
35 87 24
31 95 40
41 87 30
49 100 13
31 90 10
-7 92 82
-11 83 68
-17 96 65
23 99 82
2 78 87
-10 90 70
3 100 83
-10 82 64
2 85 81
16 79 80
22 79 87
-13 107 88
7 101 69
-14 87 54
-14 76 72
6 95 58
23 90 60
-16 111 57
16 87 62
-12 87 90
36 88 38
43 75 57
36 86 56
28 81 35
42 87 53
28 104 32
44 95 51
15 96 57
14 73 49
16 85 32
28 70 34
34 101 58
41 64 23
44 75 38
35 102 31
31 86 48
31 65 33
7 90 44
37 85 38
6 79 49
26 64 84
42 63 63
52 71 96
62 66 88
46 49 71
30 32 100
60 54 63
30 61 82
51 39 87
27 55 83
31 52 71
45 57 71
41 36 92
59 62 69
38 67 79
29 50 62
57 65 74
54 45 101
49 33 78
45 50 95
102 37 42
80 10 27
77 9 26
93 36 49
85 28 55
73 41 30
92 21 24
75 20 29
102 17 52
77 10 24
100 14 50
99 40 23
84 11 53
97 23 33
69 26 30
103 24 35
94 18 38
81 39 39
88 25 21
76 5 47
3 100 80
-3 65 57
-4 66 80
0 86 65
3 82 52
14 81 61
1 99 75
3 71 91
3 69 61
15 88 58
-19 101 63
-15 62 84
20 73 79
-9 73 70
1 82 90
1 70 90
-7 74 74
-10 70 86
-9 87 60
-9 88 69
27 41 41
38 49 20
52 11 9
16 28 42
18 47 16
19 27 24
26 11 39
17 22 13
34 25 18
20 24 37
43 12 14
32 44 45
24 28 42
53 20 8
26 15 24
14 14 31
15 15 40
45 44 35
46 25 6
51 25 23
53 -7 19
32 12 22
13 -16 53
20 5 21
16 -1 21
40 -12 55
34 0 40
37 -17 30
22 -7 52
39 -6 24
36 -6 23
25 4 58
18 -11 50
47 15 29
17 0 36
53 13 24
48 -1 30
44 3 31
49 15 35
36 -6 31
84 19 81
69 33 97
96 19 76
93 34 92
71 15 84
85 3 68
84 0 83
66 6 76
90 -3 74
90 14 102
60 18 75
66 33 79
61 23 95
81 28 89
70 17 94
60 26 65
66 14 71
62 26 98
87 12 74
84 21 96
77 35 29
62 46 52
80 29 35
70 53 52
90 64 38
83 65 41
77 35 57
74 35 27
88 27 54
86 52 42
76 50 21
57 39 60
58 37 21
70 37 21
79 63 56
89 57 22
84 25 54
93 37 51
60 25 60
87 62 51
61 37 -4
32 19 29
42 28 20
24 11 1
40 13 -3
22 35 0
56 27 -8
48 36 -6
29 26 -5
35 44 22
54 31 24
37 35 21
46 13 11
50 15 -4
48 14 19
30 41 15
37 37 7
28 10 -2
44 34 19
46 24 5
62 105 36
86 77 22
58 82 51
83 78 47
65 100 39
92 80 46
59 107 43
67 95 54
97 82 35
96 85 45
80 95 36
82 99 44
75 90 46
70 89 42
66 103 49
90 96 31
97 86 32
79 113 36
93 82 29
67 100 37
34 35 60
10 21 50
12 1 46
44 12 62
41 36 72
29 -1 49
35 1 53
8 31 66
44 4 56
17 37 44
43 23 49
19 1 75
36 28 54
11 34 43
22 30 58
11 37 57
38 36 49
14 18 52
46 27 69
25 36 53
52 64 -13
55 63 0
48 69 -15
49 76 0
48 57 14
58 74 3
45 42 -20
56 76 -11
67 76 16
38 40 -1
50 41 17
40 57 -5
62 40 4
64 57 3
38 66 14
30 67 6
32 44 -19
53 36 -8
54 43 -2
61 41 -1
50 38 10
23 32 4
29 23 33
48 30 -2
47 19 0
47 34 -3
55 12 35
27 13 -1
42 8 32
35 31 0
31 7 35
56 31 16
61 3 13
53 22 33
53 1 18
27 4 20
33 12 22
56 21 23
44 22 35
60 11 17
8 -1 86
28 24 82
22 -7 85
7 -4 87
23 -8 98
-1 5 103
14 2 88
25 21 88
22 10 87
18 16 90
0 24 67
34 -2 68
21 24 87
2 -4 87
-5 4 91
4 -8 87
29 23 68
3 13 83
22 -5 76
28 21 64
2 72 87
-8 112 76
-14 91 90
8 103 77
6 75 84
17 86 97
-15 77 71
-8 104 72
1 109 95
14 86 65
19 91 99
-15 78 72
-2 104 66
19 111 103
-2 109 102
3 99 97
-19 111 101
17 89 90
1 89 63
2 76 63
64 3 16
48 13 35
59 21 22
56 18 9
59 19 43
85 0 40
76 1 11
53 4 5
64 1 38
59 10 23
60 2 40
46 13 9
60 8 36
64 15 5
56 12 19
70 -3 31
71 7 43
52 34 26
80 9 38
51 6 35
1 -2 76
0 14 99
-14 0 93
16 26 90
22 17 62
9 10 62
-12 24 66
23 29 82
25 -7 94
-3 2 96
3 32 82
16 -6 90
-8 -2 79
21 0 62
1 -4 60
17 13 86
-13 -1 64
-11 7 90
13 0 93
2 4 77
83 27 5
106 44 30
105 62 16
95 59 -5
68 62 4
70 63 10
86 49 21
75 31 9
77 25 18
97 46 26
71 61 2
82 49 18
71 65 23
86 32 -5
87 56 30
88 35 24
88 65 2
86 62 28
73 35 16
89 56 0
51 23 17
53 3 -1
38 19 29
70 4 -2
75 1 14
68 -7 8
39 11 15
59 17 15
56 1 22
42 -10 -2
46 12 22
42 -3 29
56 28 -6
47 -2 23
50 25 33
45 10 1
73 -4 -4
60 19 6
72 21 -3
60 -2 15
32 35 54
50 69 62
41 68 70
47 42 64
58 59 39
34 34 74
23 42 60
47 41 44
55 40 59
47 63 50
42 69 70
52 52 75
33 49 58
39 68 64
59 63 63
45 65 49
30 42 47
41 56 68
59 50 48
45 55 49
-5 41 82
5 60 81
-4 41 80
14 63 49
21 25 83
13 29 55
6 28 66
-1 49 82
17 30 54
2 61 54
-4 31 75
14 53 60
-1 42 45
-8 63 50
-6 36 70
23 25 78
-10 26 63
-1 56 62
16 31 82
19 25 62
3 99 85
28 108 87
37 78 98
39 93 92
39 95 77
34 107 93
16 85 78
10 89 97
35 98 80
2 89 85
15 79 86
17 76 76
10 86 90
27 95 88
14 101 61
37 72 87
6 92 58
14 90 64
17 91 91
2 101 72
29 79 57
32 77 49
53 62 74
51 91 57
19 67 77
45 57 53
18 85 47
45 70 57
50 84 43
26 72 76
42 57 48
53 76 41
26 57 42
29 53 51
50 60 58
14 90 54
47 89 72
34 76 53
43 64 71
27 76 54
4 34 2
5 29 21
23 6 27
24 23 1
8 25 11
8 29 19
-7 24 8
8 8 11
19 33 15
27 37 36
22 4 2
22 2 1
-6 1 19
23 16 23
28 34 22
6 4 29
31 25 10
8 41 35
15 12 13
20 28 19
72 56 84
71 38 58
56 53 86
73 58 70
70 44 55
39 59 66
41 61 77
64 34 66
68 28 50
45 36 82
76 48 66
72 36 78
59 39 59
48 27 58
49 42 73
61 33 77
70 30 86
57 34 57
50 50 65
41 33 76
18 19 68
-7 4 69
25 24 67
21 15 65
17 20 56
9 26 42
17 25 57
20 34 53
-1 0 77
-7 -5 65
24 11 40
-2 32 78
19 25 62
4 2 56
8 4 62
-4 11 41
14 7 52
20 33 80
6 29 57
-10 2 77
56 -3 25
31 8 13
51 -4 9
40 1 -6
31 6 11
45 -15 11
33 -10 2
47 -14 6
54 22 5
32 7 0
58 10 10
68 -5 13
35 -12 -7
38 -4 -2
55 3 -9
47 18 24
44 18 -4
51 21 25
36 18 11
67 2 -5
42 75 23
45 74 -7
58 53 26
63 37 -3
66 39 14
37 46 27
59 54 28
58 44 13
56 46 30
57 67 -8
53 69 -7
64 66 3
59 55 -3
62 52 11
40 72 24
62 57 -9
41 61 19
27 76 14
66 44 -3
51 52 13
25 61 35
13 76 30
13 49 46
15 45 30
9 71 26
17 75 39
25 63 18
37 81 31
44 61 37
45 63 41
33 44 46
49 46 34
30 81 32
27 45 33
42 50 14
24 77 13
22 82 17
33 76 27
31 45 37
9 54 36
20 14 36
29 4 10
45 -3 21
26 -2 8
42 30 9
19 16 26
23 23 22
11 -7 12
11 -10 35
31 11 22
38 18 37
28 23 35
20 -7 1
12 30 26
24 30 25
39 27 2
10 14 17
17 28 33
16 13 6
13 11 0
40 48 29
38 81 -2
36 52 16
62 55 16
55 53 26
46 53 8
47 51 1
50 79 25
49 63 23
57 48 17
64 64 3
47 73 20
33 53 2
30 74 -2
30 72 -6
38 56 -5
62 84 14
41 61 25
49 56 31
27 60 10
53 27 41
49 46 25
42 54 30
46 59 50
52 55 15
72 20 34
40 34 19
73 34 39
38 30 51
52 52 26
42 40 32
45 48 17
66 21 29
43 31 35
73 57 21
45 60 26
77 48 20
47 24 41
56 50 26
43 21 48
16 69 12
14 91 31
33 92 43
28 107 29
31 97 34
27 80 43
24 99 28
13 89 32
18 94 25
6 75 40
29 73 37
39 74 39
23 76 31
16 86 47
11 101 18
14 80 41
13 91 38
9 76 21
23 80 21
27 75 52
43 48 45
35 40 44
56 43 73
36 68 60
57 73 55
34 50 60
56 49 35
58 39 59
62 57 44
45 57 51
48 76 71
65 74 42
51 64 58
41 55 60
36 50 39
42 45 53
32 63 56
40 46 41
53 51 58
44 53 54
20 -7 15
-1 -4 -8
22 3 10
13 22 -10
-11 3 17
5 17 23
2 15 25
0 3 10
-8 19 -13
7 -1 4
12 -10 -12
-3 -16 22
-14 14 10
3 -5 10
-12 3 22
-18 -1 1
-4 4 12
11 11 10
19 19 0
6 -14 21
46 88 88
52 88 108
56 71 112
46 87 107
53 79 82
24 84 114
61 76 82
30 75 87
39 88 87
49 93 84
35 70 108
48 71 90
30 91 98
50 106 108
55 72 93
50 100 99
51 98 85
45 86 90
51 94 110
32 105 115
56 22 31
44 21 37
62 21 26
79 23 47
73 24 42
78 31 25
66 2 19
56 22 35
49 10 40
53 22 22
61 16 56
42 1 23
71 5 57
60 4 45
77 -3 36
78 18 55
61 14 40
62 9 19
77 23 19
75 33 48
