25 66 20
23 81 34
34 96 5
30 94 6
19 79 19
23 75 11
12 64 38
25 103 30
16 65 41
44 69 16
15 80 43
10 102 39
27 88 34
43 83 39
45 77 43
23 63 27
18 94 10
11 76 29
12 66 43
26 84 7
18 70 44
43 65 35
45 96 43
9 100 16
28 72 15
33 68 24
18 88 12
12 101 37
43 82 38
6 69 17
10 77 10
35 87 36
36 74 33
45 70 22
27 74 44
14 96 44
16 66 24
29 93 34
22 98 10
28 64 45
16 81 10
42 69 19
43 84 39
27 80 18
11 65 44
30 73 7
36 88 25
43 88 35
35 81 35
29 82 35
45 83 39
6 71 19
9 85 35
16 65 16
24 74 23
23 85 21
9 69 39
36 100 24
9 79 7
44 100 23
15 102 42
18 101 22
23 77 28
26 102 9
32 101 30
27 76 37
44 89 43
21 66 18
34 63 45
19 65 38
7 73 20
33 66 29
41 75 32
16 64 18
25 74 14
40 83 19
44 66 7
37 69 13
44 103 32
37 79 6
33 102 22
30 84 39
6 101 8
45 78 23
35 91 25
28 69 12
19 75 30
40 80 41
43 99 7
6 76 9
26 95 13
44 98 28
40 75 36
23 101 11
42 92 34
33 91 32
25 96 22
7 88 14
37 67 30
32 85 7
33 68 16
8 89 35
36 91 17
36 95 18
9 94 32
14 100 43
34 96 30
41 90 44
6 100 33
35 76 20
35 89 11
41 69 38
36 79 29
13 63 37
19 95 23
24 101 40
27 83 26
29 81 26
39 67 17
26 72 32
23 93 13
43 87 45
7 70 24
13 100 27
38 69 17
12 74 19
36 88 44
29 90 13
45 78 41
46 80 24
14 64 37
18 87 20
38 80 9
44 71 6
14 77 37
32 100 32
23 64 41
22 70 35
43 80 25
45 77 12
30 86 21
14 82 11
12 78 35
17 88 36
28 95 7
37 87 6
9 87 12
44 93 29
33 80 20
25 73 38
11 103 28
30 68 12
16 75 11
20 81 12
23 79 10
17 84 40
6 76 45
40 78 25
10 83 37
25 95 31
36 91 31
25 77 24
42 88 14
21 95 22
32 68 42
41 66 14
23 90 5
8 102 17
16 83 22
36 93 13
43 100 13
37 88 9
19 70 29
14 91 43
17 84 33
9 103 36
10 80 24
41 76 27
6 79 15
15 99 20
9 73 14
7 95 8
29 95 23
9 65 33
32 76 22
33 103 23
43 90 36
22 103 43
15 75 37
39 79 19
17 72 36
22 90 45
24 98 37
35 89 38
45 92 29
22 86 15
6 94 21
6 99 31
14 86 33
15 93 18
117 47 118
84 29 87
94 52 93
87 56 109
102 39 118
100 17 90
91 23 87
100 28 112
95 54 104
83 32 84
115 32 94
101 30 86
81 41 98
93 30 118
114 54 117
85 36 117
97 31 91
88 32 98
104 17 81
111 50 115
106 46 114
107 54 101
83 52 109
118 26 119
80 31 116
115 51 118
92 46 110
113 16 89
117 16 92
86 51 104
87 44 108
103 46 110
88 18 112
93 54 87
95 28 94
98 23 88
84 50 119
119 51 115
97 27 108
113 55 107
85 23 86
104 49 85
86 21 108
111 46 118
101 53 82
107 54 79
98 24 116
100 25 88
81 17 114
99 30 98
104 26 79
89 27 97
85 20 81
90 39 98
113 22 109
109 20 118
99 44 100
95 54 104
117 33 92
115 47 100
107 54 79
90 23 94
102 45 82
86 30 82
106 16 89
86 49 113
85 42 80
99 24 119
117 21 100
109 29 84
119 43 105
106 16 104
83 48 80
100 54 87
107 44 106
114 24 86
89 49 88
115 42 82
106 24 86
86 25 83
107 42 95
118 28 111
116 51 85
112 54 112
114 16 81
83 34 82
93 33 80
88 21 84
82 37 84
111 34 115
92 19 87
101 49 83
102 48 114
105 35 96
103 29 117
115 49 85
86 33 87
91 52 96
116 34 86
102 56 112
111 25 96
114 40 92
84 41 89
99 39 80
120 29 86
112 35 88
113 56 82
84 44 105
101 51 109
86 16 110
118 31 117
106 23 107
84 21 82
82 27 104
105 48 86
107 51 93
102 26 89
109 56 116
87 24 107
113 56 105
109 22 112
96 37 108
116 26 96
106 33 109
115 23 97
91 52 108
92 43 83
112 43 83
108 52 89
102 42 79
104 23 89
92 56 93
83 51 113
98 38 109
94 40 80
83 47 83
102 49 101
111 46 105
87 43 106
103 37 87
85 26 96
108 50 89
117 53 109
82 46 81
104 36 114
120 51 92
112 27 110
108 53 98
81 45 85
94 33 98
81 50 96
86 27 115
87 21 110
97 17 80
95 28 87
80 29 101
95 51 79
81 21 111
84 41 114
110 36 101
112 23 99
114 38 79
105 51 81
81 41 98
99 39 99
116 41 100
100 38 83
98 23 119
119 44 92
89 27 88
86 23 84
104 40 104
113 44 84
92 25 86
115 18 96
92 21 82
120 28 89
118 46 83
113 52 87
117 28 113
114 30 118
106 44 118
91 36 111
88 18 85
114 45 84
120 45 104
87 43 89
107 52 91
108 53 80
108 35 98
101 56 80
99 48 109
120 31 96
80 20 95
116 41 117
84 32 103
99 26 110
103 33 107
80 25 115
94 25 100
63 8 12
70 -10 42
55 20 46
76 5 12
60 5 23
67 12 47
71 2 23
60 -3 26
68 -10 49
47 4 44
64 17 23
62 16 30
72 16 25
60 -5 50
57 -7 41
44 -17 38
62 9 49
80 16 23
67 -2 14
66 11 42
59 -9 43
74 2 49
48 -15 15
48 19 29
53 15 41
51 7 18
61 -17 16
46 -12 49
47 -2 42
47 11 33
51 12 19
44 -2 11
59 16 35
61 1 25
80 -15 15
68 1 25
68 5 24
61 12 44
49 5 42
83 17 24
61 15 31
51 21 44
82 -16 38
44 18 28
45 -1 39
61 -12 30
48 15 15
62 1 16
57 -3 32
43 -1 22
70 7 43
72 -9 19
45 -1 14
64 14 26
79 9 45
81 21 13
65 6 42
74 19 14
80 -2 43
44 5 19
54 -2 50
46 -15 22
77 5 13
79 15 21
75 -1 46
80 19 34
83 -11 14
50 -2 21
74 -14 14
67 10 39
66 -4 44
83 -1 36
61 0 30
70 12 41
45 -14 22
64 14 23
45 -11 19
66 16 38
47 13 37
59 5 35
81 -8 39
59 14 49
47 11 44
63 8 45
51 2 42
62 -7 25
55 7 13
72 19 14
67 6 25
80 18 36
47 -4 15
47 14 35
68 19 17
63 19 29
44 3 34
53 -9 25
51 1 39
79 4 15
54 1 34
70 -12 11
48 10 37
53 22 31
64 16 27
44 7 12
52 -7 13
48 -10 22
74 -10 21
45 -16 42
56 -14 17
75 20 43
45 3 42
75 -4 30
66 3 11
66 -8 38
81 -12 40
62 5 35
81 -7 12
60 -4 41
52 6 47
68 7 44
81 -15 50
48 -5 48
81 -4 16
80 7 34
67 19 35
72 -15 11
71 -3 24
71 23 14
59 23 17
63 5 27
47 15 47
81 -5 11
83 8 11
66 17 26
70 7 20
49 -6 37
81 2 23
68 23 19
67 0 50
75 5 29
69 4 39
67 2 44
58 0 15
72 -13 33
43 16 47
47 -14 41
64 -12 37
77 -11 34
58 -12 37
83 0 32
76 6 14
71 18 17
61 2 20
74 4 16
48 17 18
62 17 31
56 -3 41
43 12 33
78 4 49
57 -9 26
69 4 18
57 15 13
69 2 45
44 -16 36
78 2 18
76 17 31
74 -17 28
68 -6 22
61 -15 23
63 4 18
79 -11 50
61 -9 45
64 -16 31
80 12 47
63 15 42
60 4 26
67 11 23
76 16 41
58 0 27
73 12 38
61 -1 24
72 10 31
48 11 48
55 9 25
62 -10 11
66 10 39
81 9 26
51 -16 32
70 -12 21
70 14 15
69 18 27
50 -5 15
81 19 14
63 -5 33
62 -15 34
44 9 49
58 12 40
67 -7 30
75 0 49
47 2 51
87 31 49
78 30 64
97 42 38
112 22 53
89 27 40
100 42 46
92 32 61
99 28 34
86 28 34
99 33 55
80 35 54
105 44 37
103 26 52
100 52 54
108 30 40
98 54 51
105 33 49
81 54 52
73 20 40
109 54 67
95 39 41
80 17 44
78 18 44
111 53 43
89 43 65
109 44 34
112 22 44
93 52 47
75 20 36
76 23 43
74 23 59
76 47 31
94 24 65
94 43 40
96 21 42
112 54 34
90 32 37
100 55 53
106 26 52
99 41 31
83 28 35
79 24 56
98 29 56
83 43 40
107 22 32
95 36 33
106 46 46
84 43 44
113 36 55
105 34 65
110 27 51
91 50 51
79 36 55
96 20 45
108 28 58
93 32 55
99 56 66
89 51 33
98 33 48
111 47 56
101 24 63
92 26 40
109 37 45
88 57 62
106 44 54
100 56 68
80 45 47
96 20 51
89 36 43
90 32 64
104 31 58
87 40 61
86 40 34
78 43 54
90 48 62
113 54 53
81 30 44
91 31 64
103 33 41
79 23 40
109 56 43
78 43 30
104 52 69
96 41 63
104 35 63
95 23 49
78 27 48
111 22 55
98 55 62
108 29 70
78 31 36
109 54 49
92 19 50
110 18 59
94 47 31
95 19 32
107 22 67
97 54 45
102 22 32
92 35 58
81 56 69
107 54 67
100 32 66
102 38 38
104 56 31
75 38 50
96 45 55
80 56 53
84 34 60
104 37 43
73 24 64
104 20 45
80 54 56
73 54 55
78 37 42
76 18 31
102 31 57
84 51 38
79 34 66
81 40 43
105 57 32
86 56 30
82 32 33
95 18 38
100 55 30
110 44 67
81 36 38
78 28 36
90 22 64
108 37 47
83 35 61
88 41 64
90 21 55
104 38 50
92 23 61
78 46 50
104 48 58
89 29 47
100 39 49
96 22 69
88 17 31
109 20 53
94 50 37
82 22 33
78 48 63
90 57 48
94 35 67
113 43 39
78 43 66
91 48 42
80 26 49
110 56 63
107 32 54
77 41 68
97 48 48
93 35 70
103 31 63
90 37 57
111 20 33
85 52 70
97 33 56
80 42 39
104 34 67
104 53 35
101 31 53
78 32 44
85 23 32
93 22 46
83 28 42
94 34 48
96 26 40
103 55 51
102 23 31
79 37 52
75 42 60
76 25 48
92 28 65
90 34 67
73 19 43
109 22 63
113 25 64
86 39 38
87 41 67
90 52 34
111 21 33
87 51 58
91 19 64
80 29 50
76 25 53
92 34 67
95 50 54
107 44 66
102 28 66
89 23 37
73 52 57
80 52 67
84 53 53
108 39 41
87 53 59
82 18 59
23 64 54
4 92 58
8 97 56
6 94 66
40 82 63
22 67 75
20 104 54
35 89 73
29 87 64
34 96 49
15 76 71
40 98 69
29 83 80
5 94 53
10 74 53
8 84 42
8 92 59
36 98 42
7 95 52
18 95 67
3 84 82
0 83 82
39 67 67
22 65 57
27 84 67
14 78 80
7 102 45
0 81 77
39 84 48
8 78 61
25 82 64
9 72 70
6 69 60
15 76 80
0 89 54
40 89 51
33 87 76
35 78 52
16 87 76
2 75 54
20 81 56
36 73 80
30 74 56
1 83 77
29 94 49
0 98 43
29 79 77
34 103 69
28 89 49
35 92 59
29 97 73
40 78 64
38 92 61
36 102 65
20 81 78
40 99 48
15 103 78
11 81 55
12 69 47
33 79 76
38 79 47
32 104 64
22 97 64
8 68 45
23 66 61
8 98 58
9 91 66
34 64 66
37 69 54
26 96 50
18 101 69
14 71 55
15 79 72
6 64 75
16 97 77
29 78 53
19 95 82
2 93 69
20 75 81
6 64 61
0 91 75
35 64 70
13 74 56
17 90 51
38 65 64
38 103 65
17 94 70
17 84 54
39 100 46
24 68 81
28 70 52
26 85 48
13 78 73
16 69 57
10 66 82
22 94 52
34 76 66
20 83 75
10 67 42
38 95 53
36 92 52
22 93 79
24 79 69
13 64 82
38 99 50
1 70 53
34 100 42
7 90 57
25 99 72
5 91 42
32 78 59
19 73 70
13 76 50
1 92 82
26 81 82
33 97 42
28 70 57
31 67 73
30 95 70
24 90 47
4 88 47
15 92 54
37 92 53
6 92 42
36 73 66
37 77 42
9 67 62
17 85 71
22 81 64
19 78 67
12 65 51
28 88 56
29 65 73
8 84 63
29 88 70
1 73 50
13 99 66
24 100 43
21 73 47
30 80 42
3 86 75
2 80 43
6 71 45
38 89 49
24 68 82
32 84 69
8 73 55
7 84 78
11 89 73
33 75 80
28 92 82
24 99 61
21 68 81
16 92 53
4 88 65
7 79 75
5 100 45
6 104 52
10 93 70
2 73 46
1 101 66
20 64 56
18 69 61
5 84 81
12 93 56
5 93 76
6 64 63
10 96 42
21 96 64
20 65 63
30 100 57
7 72 51
0 68 44
24 82 63
10 99 62
5 68 66
0 75 73
21 69 60
11 67 47
36 75 60
10 85 49
2 99 82
40 86 44
25 93 54
34 91 53
23 82 58
26 67 63
26 95 80
3 75 57
26 64 78
3 104 68
19 67 74
34 79 48
25 71 73
32 102 46
30 91 58
6 80 77
0 91 73
17 87 44
31 69 80
43 41 15
49 28 19
32 15 2
31 10 6
27 43 -16
42 33 4
13 43 -14
35 39 5
42 47 -11
28 47 22
37 33 -6
44 35 18
40 46 -1
49 40 -5
30 43 -18
47 11 7
43 32 6
47 9 0
19 23 16
31 41 -14
41 30 2
26 35 -14
37 9 16
33 29 20
37 29 -17
32 45 -12
12 44 3
45 18 -11
28 39 -15
44 26 -8
12 7 0
19 44 12
34 15 14
42 45 -11
32 45 12
31 10 -18
49 30 10
29 20 9
26 13 1
51 31 7
41 22 18
21 28 1
44 40 -16
45 36 16
43 23 7
15 47 -8
39 13 -13
47 36 20
20 33 -5
19 38 -6
38 21 8
32 26 -5
41 9 -8
40 29 -8
31 28 8
47 43 9
46 32 4
43 24 4
17 25 -14
28 42 -14
32 20 -14
20 29 -9
40 28 8
12 10 -17
46 41 -18
33 28 1
45 18 -11
19 34 14
34 38 5
25 20 5
39 33 -14
51 32 9
50 24 5
19 40 -13
14 21 18
33 13 -10
26 40 5
23 23 7
14 13 2
16 25 11
28 45 15
42 14 6
20 47 21
32 47 10
50 43 -15
16 39 9
29 43 -9
39 14 20
42 17 -4
23 8 8
30 32 0
16 17 17
48 9 -11
48 24 -17
41 45 12
18 10 -4
26 29 -11
35 35 20
17 34 2
32 10 17
36 12 5
37 26 -17
47 13 -15
47 17 -18
36 11 -12
34 7 -3
13 38 -4
19 46 13
12 10 9
43 11 -8
43 31 20
22 47 14
40 45 -5
22 30 19
41 19 -18
39 46 8
37 23 -8
21 16 6
16 16 -10
33 20 15
27 21 -2
38 40 18
34 34 21
22 17 -2
15 33 2
51 18 -6
50 19 -14
40 27 -3
19 24 -18
27 12 7
21 25 19
18 45 0
22 35 9
46 26 0
44 8 -7
33 40 -13
12 29 -4
48 19 8
47 33 1
22 38 -2
31 17 -14
49 34 -6
47 30 18
42 7 9
27 40 -8
36 31 -7
14 35 11
44 8 11
27 9 16
51 34 13
40 26 6
36 14 4
40 40 -11
20 21 -9
38 8 4
11 33 -6
49 8 17
27 46 -2
46 12 3
48 45 11
27 43 5
38 17 20
40 26 14
20 35 -11
21 47 -6
33 32 8
40 10 -14
35 36 7
26 43 12
46 16 -11
38 43 19
49 35 8
13 31 4
42 10 0
40 16 3
37 42 8
37 20 9
29 15 2
47 31 3
27 36 18
43 46 10
31 17 19
13 36 -5
29 31 16
43 26 -4
18 45 9
26 12 -6
14 7 -3
22 21 15
33 46 2
41 37 -8
33 10 3
25 22 0
32 29 11
15 25 -9
41 27 -11
27 41 -17
44 12 18
47 33 -4
48 9 -3
37 42 46
23 56 43
42 59 54
33 82 41
37 50 64
4 55 77
31 59 72
27 49 51
12 52 63
10 64 55
6 67 77
2 55 46
9 75 58
30 51 77
22 45 56
35 55 61
12 59 57
38 53 68
33 58 64
26 70 62
19 53 78
23 61 62
29 43 49
26 80 52
2 74 68
30 51 44
23 77 81
14 79 56
24 65 59
34 59 46
13 45 67
28 65 46
38 45 70
26 43 52
29 76 55
3 82 69
17 57 48
10 42 55
11 56 64
13 73 49
33 72 48
34 49 61
26 50 79
3 54 52
14 76 65
38 52 76
7 79 71
12 60 69
24 68 79
12 78 45
11 43 79
21 80 72
22 63 69
19 64 46
18 49 46
28 74 80
41 47 66
9 72 64
40 43 66
37 80 68
35 79 67
15 53 57
24 78 73
37 67 56
12 45 54
2 68 55
10 65 68
38 79 79
22 58 48
28 67 71
32 48 78
26 44 72
42 78 61
33 45 42
4 64 63
4 58 81
15 48 76
27 79 79
23 57 62
35 65 75
14 75 70
34 75 54
14 46 66
11 45 73
30 77 44
35 79 56
8 79 79
23 60 69
28 64 73
33 55 61
38 74 73
31 67 44
29 82 42
3 51 58
3 68 80
23 53 63
37 77 76
40 48 48
14 58 45
41 72 73
21 57 76
15 78 74
31 65 72
39 69 74
16 76 48
5 47 65
14 77 65
15 68 44
25 42 80
14 79 53
18 68 63
21 61 59
19 80 41
27 57 50
12 68 75
23 80 61
18 61 77
16 67 67
22 61 68
6 51 62
24 47 48
41 67 81
41 46 61
36 53 49
17 65 76
2 47 70
8 61 61
41 68 76
19 46 46
28 56 47
38 59 49
24 61 79
25 76 42
32 67 41
3 79 58
26 61 50
16 71 58
31 69 43
2 57 70
27 47 77
2 68 49
15 79 61
22 70 76
19 79 41
28 49 75
2 80 60
33 47 42
12 60 73
12 80 73
21 78 48
25 43 52
2 53 45
38 48 73
19 63 41
14 49 49
14 63 42
21 66 68
32 46 58
3 65 67
33 78 70
19 60 73
8 46 41
2 48 60
36 68 74
28 71 65
28 44 66
15 71 46
6 75 41
20 59 56
18 57 48
27 66 51
5 63 65
36 82 60
42 72 65
37 58 52
24 49 78
15 56 64
33 82 76
3 66 67
28 71 45
30 71 56
38 70 44
39 63 78
7 74 49
12 56 65
16 72 70
29 61 68
33 59 58
34 60 46
31 74 41
10 53 43
33 81 48
8 51 54
13 60 48
6 77 69
10 45 71
22 54 62
26 42 77
8 74 60
23 71 48
76 24 76
69 32 65
75 19 70
68 38 57
69 55 54
81 35 56
80 50 58
48 47 66
52 48 64
52 25 52
52 18 79
81 26 86
78 48 63
48 40 48
56 20 64
55 43 76
75 48 80
54 32 61
50 40 78
58 20 76
73 26 49
50 31 59
80 18 74
44 55 80
56 28 55
74 19 68
57 36 48
65 20 51
43 56 67
54 47 83
47 49 51
47 43 66
42 55 64
41 41 53
49 20 83
72 42 68
59 20 82
63 45 77
56 42 54
69 40 52
71 36 55
79 31 85
62 28 86
45 57 47
77 43 56
57 53 81
42 22 67
55 34 56
60 25 70
57 40 80
53 35 63
77 47 81
61 57 86
71 44 73
63 55 47
47 32 61
53 51 74
69 33 53
74 34 48
68 36 78
74 45 64
78 41 46
63 42 69
62 38 82
48 39 47
51 19 46
51 22 81
58 56 85
47 47 74
74 55 58
73 47 72
61 39 66
45 24 71
65 34 79
45 35 68
52 26 69
57 38 54
63 23 76
44 21 80
70 21 58
79 29 77
44 40 59
73 23 65
49 58 52
69 23 82
73 24 78
77 26 83
69 33 72
71 45 81
51 25 51
42 43 48
65 52 82
46 18 86
81 29 48
69 37 68
78 25 73
41 41 60
43 56 78
78 47 55
71 40 61
55 43 62
46 46 65
71 36 52
65 24 77
48 36 53
65 56 75
70 49 77
73 36 59
54 21 67
61 51 67
50 49 52
80 52 55
45 27 71
48 51 63
73 25 68
66 18 76
76 53 80
71 26 54
51 48 52
49 30 60
52 22 65
60 36 47
42 37 79
55 55 60
80 44 47
70 29 73
47 45 68
41 39 57
70 24 71
41 45 85
60 24 55
76 45 86
61 22 66
67 58 69
60 41 66
72 29 67
53 23 63
43 36 49
63 31 53
56 18 82
79 27 71
79 57 67
50 34 86
55 40 70
58 49 69
79 56 77
68 23 67
47 36 84
69 43 57
41 54 54
50 38 86
60 43 75
70 45 71
44 25 80
72 37 59
51 28 60
65 32 85
60 25 79
77 25 55
64 53 57
61 52 55
49 54 63
51 43 54
62 49 47
69 31 52
68 52 64
67 25 71
81 42 73
74 23 80
48 44 86
62 24 71
65 30 85
74 19 80
44 37 46
60 39 71
61 57 80
81 54 58
63 54 52
62 32 63
70 52 56
54 39 55
43 47 73
58 52 58
68 43 50
67 35 83
44 29 82
50 49 72
54 25 76
70 27 59
43 40 79
74 32 64
50 21 48
46 29 51
64 24 70
58 19 77
42 40 65
55 26 86
48 47 47
70 32 63
66 21 61
12 44 51
4 42 72
8 48 50
26 26 47
1 39 66
18 30 73
-5 40 60
19 16 61
-4 28 73
15 32 61
0 42 69
-7 34 60
14 42 59
17 38 85
13 52 84
-6 17 77
15 49 72
9 34 65
0 40 62
15 38 81
-1 51 57
13 51 54
15 41 66
-5 52 77
18 37 74
-7 17 48
5 22 53
-3 40 51
27 38 84
17 47 67
-10 53 86
24 35 81
-2 35 64
-11 45 46
3 16 72
-11 43 78
12 37 52
-2 41 85
9 52 69
18 39 72
18 37 73
19 14 77
22 38 57
-4 19 76
20 48 80
27 33 55
-2 45 84
19 21 57
23 44 73
24 50 75
24 36 57
-5 47 50
18 50 70
-2 27 73
1 35 77
1 38 67
-9 22 84
2 25 81
14 21 66
8 39 47
-4 19 66
-4 36 80
-9 14 50
18 37 58
22 29 79
1 21 46
-1 52 50
22 52 65
12 34 71
18 26 76
-7 42 72
5 24 84
-4 49 84
25 47 64
-8 29 83
26 32 66
24 52 50
27 54 70
23 25 50
26 14 71
-5 45 77
14 49 47
5 45 86
13 15 85
-8 35 57
0 49 66
5 27 66
9 36 66
-9 53 79
-9 54 51
0 41 47
8 46 81
14 51 47
8 43 58
-7 40 86
26 28 52
19 25 49
5 29 47
17 19 52
-13 51 80
-12 23 66
1 45 51
14 29 65
21 49 59
-2 38 64
11 34 85
-3 41 54
1 20 46
15 30 83
2 41 58
-2 45 74
15 26 54
-8 42 75
24 25 78
-12 40 55
-10 45 47
25 32 75
-3 26 72
-9 17 71
2 20 52
19 43 70
20 29 74
-11 36 49
25 26 50
-12 21 58
7 31 83
20 30 64
4 46 64
9 50 70
25 39 58
9 46 85
9 43 48
18 36 61
-13 16 85
-8 46 56
23 41 83
0 44 66
-8 48 85
-12 18 68
1 38 67
1 39 68
-7 35 59
16 28 59
-6 38 47
3 40 81
13 49 56
-10 16 52
11 36 47
-8 35 82
26 38 77
3 47 72
-2 16 84
-2 49 86
15 28 60
14 35 60
-13 52 86
10 23 51
-1 40 56
6 52 72
23 54 63
-4 36 79
-3 54 86
19 29 80
9 28 85
0 52 48
-1 52 81
-1 30 62
9 30 76
25 20 46
2 26 75
17 24 72
-4 45 54
-10 14 74
26 40 77
3 48 63
-8 49 59
24 30 60
5 33 82
-6 35 77
-12 28 63
5 51 53
0 30 68
-12 17 63
-9 32 76
-6 38 68
24 54 59
13 28 67
-11 45 58
26 26 75
-11 14 57
1 33 56
15 41 61
-9 33 52
27 52 82
12 22 78
-4 16 70
27 52 72
20 33 70
0 48 79
-10 24 55
36 24 61
75 16 77
56 24 68
41 23 75
59 8 71
47 34 70
38 -2 68
69 36 74
71 10 45
57 2 49
73 0 53
65 11 76
51 11 46
61 -3 63
62 11 44
51 28 52
66 10 81
65 19 66
64 11 74
68 21 51
56 25 64
42 -3 58
36 26 62
41 4 71
55 36 72
70 -2 62
46 24 56
48 2 80
48 -3 57
60 3 72
35 20 48
42 13 42
71 2 49
68 32 73
49 7 55
52 17 57
40 26 56
55 30 64
44 6 61
60 33 54
66 17 45
51 9 72
62 23 76
59 35 73
69 28 60
44 32 42
41 4 59
67 22 81
54 25 47
40 8 49
62 -4 73
71 29 76
70 30 69
61 4 56
42 22 78
52 3 47
50 2 60
45 21 72
42 32 69
74 2 54
69 -1 64
37 25 47
66 25 63
38 18 47
60 -1 79
50 2 76
75 3 63
59 26 43
54 6 50
37 11 79
37 35 47
66 -1 71
69 0 53
64 32 48
56 10 80
43 0 48
45 33 67
55 17 70
54 24 60
50 18 64
42 2 81
64 33 42
36 9 79
49 11 58
37 0 50
58 36 65
67 24 82
65 -1 51
36 25 45
61 19 59
66 31 81
42 21 65
44 36 44
52 -2 61
58 4 69
66 25 45
42 23 42
63 17 52
60 23 58
70 23 62
61 21 52
36 8 57
74 18 51
38 36 57
64 33 44
39 -2 78
37 23 59
59 11 69
43 9 78
41 28 76
60 4 72
51 12 78
72 28 80
59 34 78
74 19 70
69 15 76
42 10 74
56 5 52
51 27 59
72 13 80
40 3 55
74 13 71
53 20 68
49 3 70
72 17 66
74 2 44
68 16 65
67 0 43
51 11 45
72 2 46
36 9 52
70 12 45
73 18 50
35 15 63
57 25 46
35 13 51
75 31 78
74 9 52
50 19 50
57 25 75
71 5 57
57 20 64
55 7 66
63 36 53
39 7 69
63 8 79
45 23 70
51 28 75
68 35 50
64 30 82
54 18 82
70 24 43
75 2 73
57 -2 78
57 34 82
55 11 73
41 14 79
56 -1 47
68 15 66
42 18 45
41 8 45
55 5 54
35 35 55
60 23 75
40 0 64
75 13 45
68 15 44
68 15 61
75 29 75
44 32 50
44 15 59
57 4 66
71 31 62
58 32 65
70 13 70
58 -1 45
49 5 70
70 4 59
45 13 47
62 26 52
56 6 54
74 7 49
39 35 66
60 22 63
65 4 64
60 -2 78
66 17 56
58 -1 46
61 2 58
50 8 81
59 14 76
46 -2 55
48 0 47
64 0 52
75 29 72
61 29 68
36 36 60
70 10 48
71 4 63
53 30 56
68 17 82
88 6 101
64 21 84
93 -1 84
92 22 104
81 9 106
84 26 90
67 19 84
76 10 101
91 -12 83
76 18 85
98 0 99
61 -7 84
75 -9 95
71 8 77
78 0 83
68 -3 96
84 -1 116
71 -10 102
76 19 109
80 5 95
84 8 93
91 9 109
69 -10 76
80 8 79
72 20 116
75 -11 81
98 12 88
72 23 79
61 13 76
91 19 97
85 20 111
96 -7 116
86 15 83
62 1 92
99 -12 86
89 16 93
60 25 81
90 -12 79
63 8 96
89 3 99
72 19 91
65 21 89
63 10 107
73 15 89
85 -13 88
92 -6 76
86 10 113
78 -7 110
94 24 91
68 12 94
91 -8 91
88 -7 109
83 4 76
74 2 108
67 7 116
87 2 85
81 20 78
66 16 115
78 0 77
59 -5 82
66 3 114
70 24 86
80 9 92
83 15 89
69 -13 81
99 -8 92
64 10 113
66 22 98
76 -3 83
60 11 112
95 11 110
85 3 103
81 -13 116
84 16 97
60 19 95
89 9 115
68 -13 97
86 27 84
91 -4 78
78 6 95
75 -6 92
66 23 80
81 27 85
87 9 113
75 24 106
98 23 92
65 -2 108
74 14 94
80 27 96
66 -3 77
63 -4 84
60 13 105
75 7 88
74 14 114
73 -10 90
76 6 115
85 -13 114
70 -2 103
97 27 92
86 20 78
81 2 107
65 22 94
68 9 102
82 7 87
94 -8 85
69 19 103
93 -4 90
83 12 85
72 11 110
93 -8 112
91 20 106
73 -11 113
60 -12 82
75 27 103
66 -4 112
94 4 98
61 -3 111
67 22 110
99 17 76
83 11 101
72 14 99
69 -11 78
78 24 85
71 21 100
79 0 84
72 -6 112
71 -10 82
60 8 100
88 19 116
78 18 106
79 -11 110
70 0 82
67 26 113
81 -11 114
99 -11 102
85 -2 79
85 24 97
89 9 89
97 9 111
82 26 108
96 23 97
93 3 106
67 3 87
70 7 107
95 23 97
97 18 76
82 18 107
60 26 101
80 -1 105
78 25 101
88 20 112
90 -4 111
59 23 86
94 1 79
83 15 108
71 9 102
93 11 114
82 19 85
90 17 111
68 22 84
97 9 78
93 0 93
70 25 94
96 -5 106
95 13 84
89 -11 94
74 -2 78
66 26 93
85 7 84
66 14 101
62 -12 90
75 -4 89
74 21 83
99 25 88
78 -10 77
98 13 106
79 20 82
72 -8 107
75 1 97
82 -3 111
78 -6 116
84 6 102
82 17 101
69 8 107
74 -5 112
61 -8 80
93 10 79
97 -12 85
94 0 87
85 12 109
65 -1 85
75 13 114
89 0 88
80 -10 88
83 19 101
73 -13 95
91 23 98
75 21 88
76 -8 94
23 46 22
36 41 17
15 40 31
33 24 11
13 32 26
40 44 26
33 11 10
40 9 29
46 39 28
37 21 14
31 38 4
38 48 32
25 48 38
36 14 10
38 9 29
22 13 10
20 34 21
31 38 14
17 34 14
17 35 18
17 31 15
45 11 3
15 30 25
40 8 30
45 35 23
40 30 31
33 8 38
36 15 33
27 35 30
14 29 5
36 47 4
14 28 39
9 9 14
48 36 0
19 37 8
30 40 17
48 44 23
21 45 3
44 35 29
48 28 31
19 15 20
21 18 23
28 37 24
35 32 26
44 10 24
42 27 18
36 24 15
32 48 4
20 35 27
23 34 20
42 15 33
44 16 9
34 42 29
26 9 33
18 46 20
11 13 6
9 45 1
48 11 10
26 39 5
36 14 24
21 17 8
45 15 13
15 27 11
38 31 16
22 25 7
32 11 9
45 42 37
48 43 23
30 23 9
14 46 31
33 44 1
48 33 7
31 15 17
16 23 19
37 34 32
22 42 39
39 38 3
26 23 14
25 21 27
15 42 10
41 29 2
9 29 28
20 18 24
44 22 23
30 9 21
42 9 0
46 14 3
26 26 1
28 20 20
15 17 27
47 32 8
48 25 7
37 25 20
36 45 15
17 26 9
33 32 32
21 29 27
40 13 34
36 26 32
8 47 3
41 21 24
9 22 20
47 25 11
32 29 33
12 21 13
30 36 22
32 37 8
37 8 3
15 45 8
37 16 16
24 46 27
43 25 10
28 37 36
14 38 14
35 24 25
46 28 31
35 26 19
10 22 0
38 27 4
42 18 20
35 18 14
20 42 39
8 29 29
38 45 37
28 21 10
15 9 39
11 43 22
37 24 22
8 17 -1
8 9 3
44 31 15
44 9 38
28 33 28
17 11 -1
18 26 37
8 29 27
17 13 25
33 28 10
41 36 32
31 14 34
14 29 13
29 29 20
47 23 32
33 29 -1
13 31 11
46 39 13
48 46 28
31 42 8
27 44 39
39 25 1
34 42 11
38 32 4
35 16 10
44 43 29
10 26 18
39 36 2
12 31 14
33 30 6
29 39 25
48 33 20
12 44 4
21 21 2
23 48 4
37 14 14
28 39 22
8 28 2
45 35 4
48 13 26
46 13 13
41 33 18
8 29 26
44 24 0
33 42 30
15 9 13
46 31 21
39 25 4
43 25 1
9 35 27
21 45 36
35 46 36
10 27 39
41 36 24
27 23 35
23 38 17
38 29 11
18 42 25
28 21 25
20 18 32
46 31 3
32 25 7
27 41 36
27 17 7
12 23 36
29 13 9
14 16 31
26 25 -1
13 28 35
42 8 -1
39 26 9
22 40 2
10 27 38
10 40 24
-12 30 8
1 15 24
5 41 14
-15 14 11
-2 35 6
18 13 30
-13 32 33
-12 36 19
21 42 17
-2 23 14
-2 11 44
7 9 18
8 32 18
4 43 20
-4 29 7
0 32 18
5 19 16
1 27 17
16 26 39
-15 8 6
8 16 10
14 45 42
4 6 33
12 17 30
14 12 28
17 37 44
-5 12 25
-17 33 31
-19 26 27
8 43 39
-6 22 13
2 10 29
19 42 23
21 36 13
-11 12 40
-17 8 43
19 18 30
21 23 14
0 27 11
-17 28 42
16 36 40
-3 8 27
14 28 39
4 8 42
18 14 33
10 44 25
-10 6 30
-10 16 37
1 43 39
-19 11 17
4 15 12
11 35 29
17 43 8
-9 34 31
21 36 35
13 43 6
4 37 42
15 27 7
-1 42 35
-15 25 21
-1 13 34
7 12 10
1 7 44
11 29 34
-10 39 21
-10 35 7
12 21 25
9 19 17
18 6 37
-3 45 9
-16 10 21
7 30 43
17 35 23
14 32 33
3 35 10
-13 21 21
-17 11 20
-1 30 37
21 15 37
3 36 18
-7 11 36
12 25 16
1 17 22
-16 9 26
11 41 34
11 21 24
-9 38 15
17 39 36
8 27 39
-18 36 29
8 42 7
0 23 45
1 19 34
-10 9 25
-16 36 29
-7 5 7
-5 26 37
2 27 30
21 23 9
-16 30 31
-6 32 39
16 45 41
-7 15 32
9 32 29
10 11 34
14 12 26
-18 22 30
-4 28 35
-1 18 36
15 25 5
11 44 20
13 41 31
-17 26 30
15 6 41
2 16 13
-2 12 15
-17 16 44
8 17 7
6 24 43
-7 22 40
16 14 12
13 6 16
7 31 31
20 31 9
12 28 12
-9 13 12
11 18 7
-17 29 19
13 41 12
-4 26 39
4 20 8
-15 16 24
8 41 16
-2 39 28
-13 28 21
16 32 33
11 11 38
16 38 15
12 13 28
-16 22 5
6 36 27
-7 13 37
-4 26 7
-17 8 38
17 12 5
1 43 42
-9 41 15
-8 38 9
-6 45 35
-1 33 19
21 29 31
-3 28 16
12 21 16
0 39 41
3 7 11
-9 32 17
-6 11 9
15 12 36
-16 43 17
4 6 44
20 13 16
6 45 43
19 29 39
-5 35 18
2 12 43
0 21 8
-5 23 6
-14 43 30
2 45 14
-1 14 43
-11 34 37
10 12 26
-3 38 13
15 27 34
-15 36 13
-11 11 7
10 14 30
6 39 18
-2 41 18
-2 6 19
-10 42 14
-13 35 45
15 8 22
0 40 21
-7 44 26
9 43 14
-15 13 42
-11 40 28
-4 9 12
13 32 38
2 17 25
15 6 13
-19 38 33
-2 10 28
-8 28 39
13 39 36
-9 11 41
-2 16 11
93 80 32
66 89 38
89 92 45
100 78 63
86 97 59
66 80 42
66 108 57
93 107 60
94 96 29
86 77 29
104 90 38
70 111 53
74 88 67
89 85 67
82 99 42
98 78 48
102 105 32
104 79 32
106 117 64
76 95 68
98 103 68
106 115 58
82 85 58
97 81 64
89 96 69
74 100 47
92 95 31
83 93 37
85 113 40
67 96 58
82 81 65
106 81 62
74 95 57
101 81 46
104 106 39
79 103 32
92 102 53
83 85 41
103 106 41
68 116 46
103 101 38
89 103 53
84 91 41
97 106 40
78 82 50
102 102 61
74 116 53
73 99 53
96 101 58
105 97 41
85 85 65
67 117 55
100 112 63
75 90 49
105 81 51
88 79 56
87 82 62
82 105 32
97 86 67
74 102 56
85 102 55
67 103 32
80 116 51
69 107 66
74 114 57
96 104 29
80 108 57
104 92 61
83 102 35
69 108 52
67 95 61
68 108 43
79 113 68
97 77 37
104 107 48
82 88 40
76 91 68
66 83 31
89 115 46
82 95 38
79 95 51
72 90 51
94 104 58
100 96 60
100 101 46
68 87 32
70 79 64
69 104 44
81 117 55
92 95 39
104 113 59
95 95 49
83 80 60
101 109 68
80 78 48
86 91 55
80 92 36
89 83 45
79 99 64
66 101 57
75 85 52
72 103 32
81 86 38
72 93 45
67 107 54
87 111 30
67 83 31
82 101 33
83 101 66
84 83 66
99 114 47
94 77 60
100 85 65
70 90 47
85 87 43
82 108 43
98 109 55
92 110 56
76 113 67
102 115 49
95 114 41
88 86 59
92 104 51
100 94 64
103 84 35
68 87 32
87 92 66
97 98 52
97 107 48
77 95 60
103 112 32
85 77 64
96 88 29
89 83 46
82 99 43
87 92 46
89 88 37
79 96 39
69 104 64
86 100 29
86 104 68
100 82 66
87 113 53
85 107 61
74 77 49
82 100 63
92 111 44
70 80 69
83 92 55
77 95 32
83 107 66
85 98 51
67 111 60
76 93 48
99 88 46
106 101 49
93 110 63
69 83 29
101 94 40
81 93 57
106 112 62
71 97 67
77 82 63
93 95 48
77 94 50
71 98 61
70 84 42
106 79 50
98 98 69
94 104 33
99 94 62
74 84 68
102 91 63
90 101 67
74 93 41
99 85 30
94 82 42
91 117 48
79 105 33
70 112 33
80 106 57
72 85 69
84 93 49
95 115 33
94 92 58
81 105 36
80 78 40
67 98 29
72 110 58
68 97 33
84 86 43
95 105 33
74 86 38
101 110 56
78 109 48
83 81 52
95 80 56
105 82 46
66 112 48
95 114 67
69 71 43
71 86 39
94 76 34
77 73 37
98 53 28
76 58 40
65 88 28
63 56 19
85 77 46
93 68 39
100 49 34
85 50 18
82 74 17
99 87 45
65 66 39
95 58 45
84 88 20
63 85 45
65 66 54
78 74 20
73 86 14
88 52 17
81 83 14
72 69 52
98 73 53
79 54 23
96 58 51
99 56 26
82 71 47
93 74 35
96 84 18
76 75 42
69 50 40
66 66 31
67 78 47
96 89 33
64 61 36
90 57 21
70 60 34
79 64 30
78 80 36
87 78 28
84 62 31
75 49 53
89 55 40
81 53 20
86 69 52
96 54 40
64 63 38
99 75 15
64 51 53
101 56 31
93 67 31
63 62 29
67 56 31
80 75 38
78 87 48
102 77 16
90 53 40
76 66 31
90 85 53
88 72 22
69 83 20
102 71 21
80 69 33
99 68 53
80 74 30
71 73 30
83 81 17
100 81 46
83 76 30
96 62 42
65 55 36
96 79 39
93 55 44
78 73 50
70 50 47
84 65 33
88 76 35
101 53 23
96 62 50
82 67 17
78 67 49
84 87 47
72 55 42
83 54 46
63 52 38
81 51 53
68 50 50
63 61 22
83 69 20
83 89 49
90 52 17
80 69 32
82 52 38
71 63 33
93 72 40
94 85 33
79 80 18
73 77 22
88 67 33
93 66 51
88 89 29
96 64 42
73 50 34
79 82 30
63 89 43
74 51 17
65 60 32
78 59 18
82 85 15
75 62 29
96 53 40
80 79 46
74 53 41
94 71 53
76 79 44
80 83 28
99 63 52
65 89 18
80 86 20
90 67 19
76 76 23
87 49 49
75 62 18
99 68 33
82 61 32
63 61 27
90 65 44
95 60 26
92 82 19
94 64 41
69 60 34
66 70 45
63 86 40
75 49 18
84 61 25
88 54 25
84 58 31
65 59 33
71 73 49
66 80 24
71 70 18
102 52 53
103 77 43
63 65 49
93 79 53
82 70 46
103 88 40
77 70 24
79 62 20
95 61 24
65 56 46
101 62 44
81 79 22
67 61 48
102 55 45
76 88 25
100 83 48
84 51 46
87 86 20
90 81 30
64 68 50
98 58 53
97 54 26
64 58 27
87 53 46
68 67 28
97 81 29
99 65 51
65 72 26
77 82 23
77 59 18
68 87 15
73 64 51
98 56 46
98 75 25
103 69 43
71 51 16
76 56 32
67 51 32
95 68 31
91 78 38
82 89 39
77 52 51
95 76 49
100 88 23
80 80 37
79 74 19
77 59 40
98 73 24
89 75 22
79 51 29
91 79 29
75 57 14
85 62 22
97 59 36
70 86 50
91 73 32
70 79 48
4 -2 30
-15 15 24
-2 14 16
13 1 12
24 11 -1
22 -12 13
-10 -9 7
21 -1 31
13 12 24
10 5 23
22 -5 1
3 16 -2
9 -6 -7
4 -5 10
16 16 5
-12 21 17
20 21 29
24 14 16
7 -7 19
-4 4 29
10 -11 18
1 -5 31
2 -4 2
17 7 18
20 23 20
12 12 24
22 -14 27
19 17 23
12 13 7
-12 18 17
8 -16 5
8 15 -1
7 -12 12
20 4 24
11 17 29
-14 -12 18
3 -14 19
-15 22 11
11 -1 -8
-9 12 6
-2 -5 10
-3 20 0
7 21 7
9 10 -3
13 -4 -8
20 0 -4
-15 22 21
25 6 19
-13 -12 19
24 -1 12
24 1 28
-5 2 12
-15 -16 0
1 -13 10
12 20 21
25 6 6
-7 9 2
-3 22 29
21 -9 4
-3 8 13
9 -9 23
16 24 27
-6 -1 19
12 7 16
11 -9 -4
-6 -7 0
24 22 -6
-15 23 6
19 -5 1
24 -13 -6
25 -8 8
15 -10 6
17 20 6
16 -2 10
24 23 27
6 -6 28
-13 5 2
3 15 4
17 23 -4
0 6 12
19 4 31
0 3 -4
11 22 14
23 1 20
3 13 29
-14 -2 -2
-14 -9 11
2 -16 23
-13 2 3
-14 -3 22
0 20 24
14 -12 12
-11 -3 24
21 1 0
14 20 31
16 2 25
-2 -15 16
-9 -11 24
18 17 -4
20 11 22
18 8 -7
16 1 6
-8 -6 -2
-15 -9 18
-4 -8 32
11 15 -5
18 1 14
24 13 -1
4 -7 17
-9 -14 -6
-9 4 18
24 -15 27
-1 0 23
-15 15 7
10 -7 27
7 19 9
9 20 22
25 2 14
17 21 -4
-1 -16 13
-3 -15 31
5 12 -7
9 -5 0
-12 8 20
25 -13 27
5 21 21
-10 21 14
14 15 28
2 7 8
4 16 29
0 11 -8
2 18 11
-10 -14 17
12 21 -7
12 23 31
7 -1 22
0 23 2
-13 19 5
24 18 28
-12 -12 -2
13 -6 -5
-2 24 0
-4 16 15
-6 -5 22
9 5 31
17 2 -4
-9 21 2
6 22 32
-5 -3 7
6 20 11
25 5 16
10 1 13
6 7 7
18 16 30
-14 4 8
-10 12 6
15 17 14
11 23 8
8 9 -7
20 21 -3
25 7 11
-6 18 9
22 19 32
2 -9 0
18 -2 9
-11 16 24
14 5 22
2 9 -4
9 0 0
10 22 27
0 1 29
-15 1 1
19 -14 31
7 16 -3
7 9 -7
-1 -12 25
-12 4 28
4 2 13
6 11 27
-5 -16 -5
5 12 29
10 7 -6
14 16 4
7 21 20
-11 -2 15
-5 16 23
10 12 -4
-13 -1 2
-12 -3 13
8 -8 24
19 21 22
-1 2 20
-6 16 32
16 2 15
16 24 2
14 -5 -1
-5 2 -3
-7 16 10
4 24 -8
-14 4 -8
40 20 -2
36 34 1
57 46 12
39 55 22
57 22 11
38 32 23
39 19 21
62 25 -6
59 39 18
64 32 25
69 19 15
33 50 11
42 37 19
57 29 10
58 19 -11
32 49 28
45 40 22
68 30 9
62 51 10
52 35 -11
39 54 20
66 25 11
68 22 14
41 36 22
54 54 28
45 22 12
34 48 5
38 33 27
58 21 26
45 28 -1
41 27 20
57 29 7
40 48 -10
69 57 2
59 33 4
31 44 -9
39 41 1
58 54 16
65 58 22
55 26 9
31 50 10
56 44 14
36 51 27
66 55 18
57 47 24
57 38 -6
54 22 10
48 33 -8
56 23 2
68 35 24
57 58 -7
56 56 5
51 58 11
33 50 23
44 30 21
48 24 25
60 25 -1
60 51 4
48 52 5
56 50 19
54 37 -6
45 57 -6
49 26 23
32 29 1
70 40 0
38 40 -10
52 53 11
58 18 16
66 52 14
57 20 13
58 26 5
50 19 11
44 54 -11
53 22 2
40 21 -11
42 39 -5
35 24 9
64 22 22
33 27 16
34 49 -8
37 53 -7
31 55 28
33 57 26
55 38 16
41 23 -11
53 26 11
57 28 10
39 32 27
66 29 27
31 18 10
30 49 7
67 34 28
39 42 15
60 27 7
64 49 17
48 46 10
37 45 22
57 34 11
31 37 -6
30 50 4
36 26 23
67 20 -5
56 45 21
51 37 -5
42 30 4
36 38 25
48 36 -2
69 39 20
70 34 -12
55 18 24
50 30 24
63 34 22
32 28 12
57 45 12
67 46 -10
43 34 -3
53 32 26
55 26 23
57 30 -3
34 25 -11
46 52 -7
30 44 -7
43 31 6
38 48 19
65 49 15
35 57 6
31 33 16
44 35 -9
45 52 27
58 22 -10
56 20 16
61 42 2
68 49 9
68 56 10
56 49 -12
34 28 22
46 49 -10
45 39 -2
61 19 24
47 38 11
40 24 0
57 44 22
62 22 1
52 32 9
49 57 -6
70 23 3
66 26 1
70 36 14
62 58 3
64 18 27
58 44 7
58 36 -11
63 43 1
34 40 -1
52 57 2
32 45 -8
45 55 -10
33 44 21
51 33 19
44 44 -8
66 45 10
51 44 24
31 28 20
33 25 -6
53 35 14
66 53 21
53 26 -4
38 33 7
36 23 -3
39 27 24
31 54 25
37 32 -6
70 34 11
48 47 -5
66 32 2
59 47 -2
65 24 -12
44 29 -6
56 34 6
65 58 4
31 51 -4
36 37 5
34 32 5
40 29 27
43 24 9
41 55 -12
42 39 4
43 55 26
59 43 13
54 36 -12
64 36 8
55 48 24
53 50 8
48 49 -1
69 38 7
34 46 13
54 35 28
54 39 -9
53 30 28
66 45 20
38 29 -3
26 36 5
32 9 -6
43 17 9
47 0 20
14 31 13
29 35 30
34 19 8
13 30 23
11 27 24
25 0 30
40 30 26
9 4 19
20 31 13
19 35 21
27 29 -1
38 7 16
19 29 3
15 34 24
33 27 18
21 -2 2
23 5 24
49 27 -6
11 16 30
21 29 14
38 -1 14
47 -4 15
36 34 4
42 23 13
28 34 11
40 6 23
9 17 -6
11 1 1
35 11 29
37 4 -2
22 36 13
40 26 -3
33 8 16
18 19 34
23 8 6
12 36 15
19 27 33
34 4 0
19 10 21
46 27 32
17 31 -2
13 29 24
37 7 2
16 11 -5
28 14 20
17 27 -1
29 17 2
31 9 -6
28 11 25
10 31 5
18 15 2
21 20 -1
46 28 -6
21 0 15
35 14 -2
19 34 1
27 7 3
28 5 6
31 11 9
46 1 14
34 14 16
21 4 -4
38 27 0
15 -3 28
10 15 22
37 14 21
42 -2 -1
29 16 17
23 34 24
47 9 34
15 30 -1
23 13 2
9 6 31
26 1 -1
26 6 -6
17 30 8
36 11 23
33 34 7
37 3 -1
36 11 -6
21 20 27
37 11 16
37 35 6
42 31 -2
9 3 -4
22 23 30
18 30 25
14 24 -4
39 24 33
44 13 -1
49 2 0
21 25 32
9 30 24
27 32 16
19 2 1
45 32 -1
38 32 32
22 14 22
19 10 24
37 29 18
18 11 22
12 8 -6
35 13 29
28 4 13
23 16 0
34 4 9
43 34 10
17 13 19
37 32 7
10 0 17
39 16 31
30 24 25
36 19 31
21 -3 21
44 5 22
23 12 26
14 -1 7
20 18 -6
23 22 -3
42 8 -3
23 3 3
37 -4 2
35 18 -2
9 20 1
28 32 -2
42 -2 7
49 31 30
22 19 3
30 10 12
33 8 19
47 10 19
48 29 18
49 13 -3
18 15 -4
19 23 13
20 6 20
12 33 5
48 33 -6
42 14 23
46 16 18
27 2 28
15 24 -5
27 34 -6
49 2 -1
28 32 -2
43 3 28
41 33 7
42 8 21
20 29 4
9 10 6
10 8 6
38 20 9
38 13 31
25 33 16
27 30 33
40 36 -3
47 15 13
15 32 5
15 15 25
35 21 34
36 24 12
28 18 -2
34 0 8
44 8 7
47 20 18
41 15 32
17 13 31
12 19 34
34 2 -4
30 1 17
13 0 21
33 4 -5
34 36 1
39 5 23
24 6 28
45 26 34
32 10 8
22 1 2
47 7 4
28 26 32
30 30 15
35 14 16
42 2 -6
21 20 11
48 34 -4
44 20 6
25 33 5
17 11 -3
25 16 17
18 14 9
15 20 10
12 29 -2
24 35 -2
44 10 22
40 21 -1
87 32 91
118 37 95
99 32 61
91 20 72
101 18 58
98 14 95
113 49 94
90 36 70
117 19 81
82 46 84
87 47 91
90 46 60
97 48 58
110 42 92
86 21 88
88 31 87
104 25 75
93 20 71
97 31 63
83 17 70
83 43 72
103 48 85
91 30 95
103 48 71
84 50 76
116 19 68
79 43 70
108 45 68
81 19 69
96 50 76
79 39 80
79 39 81
88 47 71
92 21 59
118 18 68
84 14 82
88 30 89
114 19 70
114 40 65
114 46 82
114 52 68
92 44 83
117 22 58
86 19 89
98 32 64
91 44 79
117 24 71
89 38 87
112 46 84
82 52 76
87 25 98
101 28 75
105 48 89
87 27 94
90 40 67
81 54 91
93 47 90
107 25 94
96 22 62
115 50 76
115 23 85
118 37 68
104 49 94
80 52 67
92 30 89
106 42 58
95 33 98
106 51 78
112 32 83
114 39 89
113 47 72
111 25 88
79 40 97
111 31 97
84 40 76
90 46 76
109 29 83
111 24 93
117 52 72
99 39 89
111 39 64
115 40 93
80 35 77
82 53 88
89 15 96
81 32 88
114 51 89
113 36 63
112 31 91
80 36 88
114 34 98
81 32 94
108 15 63
96 31 77
84 22 86
98 48 79
118 32 64
113 42 72
83 49 81
89 29 85
108 30 67
102 52 78
105 41 69
103 49 64
103 22 82
94 36 85
84 40 84
93 35 58
81 28 74
95 49 95
82 48 83
91 39 68
102 20 93
108 37 79
110 45 74
79 51 83
92 41 90
84 31 86
107 30 96
96 21 90
93 23 85
103 23 78
86 14 61
112 54 95
111 44 84
118 18 64
83 39 95
119 54 78
118 30 83
95 48 79
107 15 86
91 40 93
85 47 61
105 46 77
86 53 96
104 40 97
105 22 67
93 27 67
87 25 82
95 20 90
92 50 75
87 37 68
81 18 88
114 45 93
111 25 63
95 35 74
86 51 96
119 23 96
90 38 74
93 49 68
94 54 62
99 40 84
95 30 79
104 44 86
110 49 73
102 17 58
100 47 86
110 15 92
108 32 96
118 40 70
95 37 97
91 18 76
107 45 78
113 34 70
92 14 90
118 37 66
100 39 58
91 43 76
88 28 58
102 31 77
86 39 63
88 22 95
93 50 65
91 26 62
93 40 76
87 16 71
100 19 84
90 40 67
85 40 78
111 33 78
115 35 95
119 34 98
95 47 58
108 53 76
90 40 58
111 48 65
95 31 73
81 40 75
110 17 80
85 19 95
91 41 66
118 17 58
83 42 94
110 40 84
115 40 96
117 46 93
119 20 91
95 42 58
87 16 95
85 41 84
59 24 33
75 24 60
66 37 35
52 33 56
62 39 32
56 51 60
68 39 51
62 62 42
67 50 36
70 56 58
60 38 33
89 34 60
67 26 57
66 49 34
78 47 55
82 45 32
70 38 40
57 53 60
85 46 32
61 55 64
53 42 35
76 22 46
79 23 61
63 38 57
86 26 25
92 55 34
73 39 59
52 48 53
57 53 24
77 61 55
75 42 43
70 56 58
92 49 29
59 46 31
92 51 63
52 56 50
57 23 39
74 53 43
77 57 50
84 55 32
70 45 56
76 48 58
88 35 40
76 60 52
85 24 63
86 23 24
87 23 43
69 24 26
78 24 27
74 58 27
58 54 44
77 41 27
53 46 28
59 23 47
87 33 27
77 34 64
53 23 49
61 54 27
58 42 34
69 34 60
78 41 36
67 61 44
90 24 24
68 32 34
52 38 34
59 55 28
87 49 57
83 25 45
74 31 49
59 48 40
64 41 61
84 24 50
85 37 56
72 35 48
75 59 57
87 31 54
54 49 37
77 33 47
52 61 26
81 31 28
62 35 57
80 56 29
78 27 55
91 61 59
70 30 47
77 40 35
81 60 26
52 60 61
92 57 59
79 57 39
74 56 37
73 61 42
81 40 34
80 61 27
62 52 35
71 34 48
91 24 64
90 23 28
89 36 61
87 28 46
69 36 25
78 29 61
86 24 60
72 30 24
78 51 58
71 53 33
56 33 54
79 29 54
57 25 24
80 52 45
53 25 29
53 24 48
74 44 33
64 50 59
72 35 60
76 35 24
90 52 31
64 22 27
54 60 55
71 53 29
86 39 52
80 33 61
71 41 29
62 26 52
86 44 27
84 59 33
77 45 49
92 59 39
66 53 35
80 49 56
65 24 40
87 33 64
89 55 37
70 61 52
67 54 28
82 33 34
91 46 27
73 27 28
90 38 33
79 57 56
92 35 52
92 26 44
81 31 37
89 49 62
69 26 34
62 62 26
60 46 40
54 55 46
88 62 64
74 61 50
60 37 45
83 59 45
68 42 32
82 31 52
90 36 56
71 23 33
58 61 57
69 28 51
66 55 46
64 29 41
80 60 51
63 51 55
91 31 53
67 35 52
69 27 42
87 60 25
92 31 48
52 45 28
52 41 27
92 51 28
92 28 64
65 45 49
65 53 53
88 32 31
77 46 42
70 43 57
52 49 60
86 31 50
73 51 49
77 41 60
84 39 32
85 42 57
52 46 61
87 36 47
74 25 44
61 52 52
79 42 34
84 57 39
53 27 49
78 58 50
54 38 52
77 58 57
79 26 45
66 44 30
76 60 25
70 43 33
89 27 32
91 53 55
60 61 64
67 38 30
72 10 13
57 27 34
70 47 15
65 33 16
47 47 25
74 29 16
64 8 2
60 34 32
56 15 4
82 45 36
51 36 5
45 22 34
59 8 34
49 14 1
47 42 31
53 46 -1
44 39 10
81 44 -1
67 14 12
62 46 0
52 13 27
47 39 21
65 35 25
50 30 15
47 30 26
79 7 1
68 24 19
63 11 12
73 41 13
80 26 31
55 7 27
69 35 21
62 34 22
79 17 33
57 23 25
46 28 8
64 16 25
67 28 11
48 15 28
66 10 18
60 47 26
62 36 0
66 14 0
47 32 37
56 9 9
70 14 8
66 25 15
82 18 13
64 34 12
71 9 2
78 13 21
44 28 33
47 32 31
47 15 13
53 9 24
75 41 22
50 16 33
64 16 36
83 21 5
60 25 3
77 12 20
69 11 -3
69 34 -1
69 32 -1
51 27 10
61 15 2
52 20 21
79 7 12
51 28 14
69 36 -1
67 39 -1
65 14 18
76 38 22
83 37 7
45 19 17
44 40 33
61 31 14
59 17 22
68 45 29
60 24 10
74 47 29
79 27 2
46 46 13
48 10 17
59 29 1
55 11 4
77 15 18
77 47 12
57 11 34
51 42 13
47 44 6
68 20 29
44 11 3
70 36 14
44 16 15
67 15 -3
62 28 1
52 14 -2
58 46 22
50 37 37
84 15 -3
51 8 5
69 36 33
65 41 2
82 38 19
82 11 16
58 37 37
46 42 8
83 9 4
72 36 10
81 25 5
50 47 21
50 19 27
77 12 13
53 39 6
79 20 32
51 38 37
49 8 -3
59 14 9
82 42 36
64 32 27
54 30 15
63 45 9
53 43 11
62 39 12
46 33 14
46 10 2
69 46 19
84 45 12
74 13 5
76 8 27
74 38 2
76 11 36
57 46 32
52 33 37
71 15 23
75 21 10
69 18 29
69 12 0
51 35 10
62 21 31
55 25 10
74 8 9
44 46 32
73 12 6
82 31 37
58 44 -3
71 36 24
51 16 8
49 47 35
61 46 2
75 45 8
70 18 0
73 44 6
61 11 30
82 39 34
52 23 36
74 46 8
69 17 14
63 35 20
65 32 16
73 24 20
61 24 25
84 45 33
70 28 11
69 15 30
59 12 33
64 39 34
48 31 19
58 34 -3
48 25 17
70 34 4
80 24 1
72 29 -2
60 12 22
45 32 20
83 30 4
72 29 15
55 26 36
49 27 13
75 25 10
69 34 26
47 25 20
53 43 5
73 26 18
61 31 20
66 33 18
79 27 36
76 47 9
83 18 34
55 37 24
77 40 36
63 39 21
55 10 22
73 44 8
45 20 -3
45 13 34
69 20 33
84 12 15
71 43 1
61 36 51
83 26 58
65 11 44
84 8 61
93 5 48
70 28 44
81 22 47
80 24 45
63 12 70
70 38 65
58 1 66
73 40 56
88 8 56
78 0 54
84 5 68
67 38 55
66 15 49
76 34 65
95 27 56
59 0 60
82 37 63
93 36 74
69 29 58
64 4 43
75 15 69
78 17 76
73 39 62
61 25 53
61 0 45
92 14 58
94 8 58
77 4 52
68 5 63
59 11 53
65 2 64
73 13 63
67 37 42
84 3 36
91 25 43
73 4 53
69 1 41
80 22 39
83 16 72
71 35 76
62 30 43
80 28 69
85 17 62
76 35 55
85 35 53
70 27 56
66 39 51
59 11 37
91 18 70
74 16 75
80 15 72
82 18 37
59 6 36
71 37 66
56 27 55
72 17 68
80 24 71
69 14 57
68 17 59
84 24 66
63 5 57
94 22 64
62 30 47
57 28 62
57 8 76
88 39 71
74 19 69
71 36 42
82 6 70
67 24 45
70 21 59
71 32 60
85 16 50
93 7 58
58 40 66
83 15 73
78 13 41
77 22 54
82 38 72
56 21 70
64 32 58
78 4 51
88 36 55
86 4 48
95 37 46
94 5 50
90 30 57
91 21 69
75 16 70
86 21 54
82 40 36
73 39 73
64 8 75
60 28 42
82 15 63
67 26 44
66 33 63
92 0 40
75 27 75
56 18 69
70 9 57
64 10 53
63 16 71
92 17 43
65 16 48
88 4 75
77 26 62
79 13 71
82 17 36
88 37 56
94 37 44
55 7 52
72 30 50
84 10 57
78 25 67
74 13 47
80 14 47
92 40 74
60 37 45
67 39 75
86 31 72
85 1 71
85 39 75
72 39 62
65 34 59
86 7 56
80 33 49
62 10 60
89 4 53
75 24 39
83 21 45
64 30 66
59 39 37
88 23 64
85 15 50
90 8 44
91 6 64
64 18 36
70 0 58
94 15 41
92 12 76
88 35 44
56 8 66
66 9 41
58 38 68
85 9 44
57 30 53
82 40 65
92 13 62
74 2 42
76 15 56
77 23 69
66 29 70
77 12 45
67 18 56
55 28 61
92 31 37
78 36 55
90 28 67
85 10 51
93 26 54
78 22 63
83 32 43
78 9 42
56 30 76
64 23 37
83 38 62
58 16 46
63 30 43
59 24 42
57 38 66
61 25 66
74 20 51
77 18 52
90 33 60
75 22 57
90 38 66
83 25 59
56 23 46
95 19 57
68 0 73
57 22 73
72 1 76
58 10 45
88 26 68
94 40 51
93 19 49
63 1 47
86 33 76
89 10 57
55 23 65
68 7 40
76 8 71
95 13 56
84 17 58
66 19 40
85 85 33
104 108 54
117 104 55
93 88 39
112 87 47
108 110 48
95 107 42
98 98 53
83 119 58
102 116 34
99 88 55
107 104 39
110 103 38
106 96 36
106 104 43
100 104 27
114 91 46
79 94 56
86 119 21
92 92 40
82 95 31
94 116 22
106 84 44
99 113 50
83 96 30
100 99 24
79 97 43
92 102 22
86 83 28
116 101 38
81 109 42
99 97 55
82 96 27
95 85 26
105 85 42
89 106 45
99 97 50
99 116 40
115 110 21
102 94 40
103 115 38
107 115 60
98 108 29
85 115 30
104 109 44
112 117 53
110 106 54
112 111 28
85 116 28
83 95 41
102 83 59
94 112 38
107 93 30
83 119 50
108 84 24
79 111 49
83 114 30
110 88 58
87 119 26
95 103 36
101 120 55
112 93 49
105 80 57
118 86 58
118 86 25
99 87 32
107 108 59
80 120 36
116 85 51
82 109 32
108 89 57
103 84 23
98 90 29
80 107 24
85 103 50
117 113 35
101 107 33
110 96 42
111 90 59
107 99 54
88 105 44
107 101 45
108 80 22
110 98 61
80 112 24
105 82 29
107 111 39
80 100 56
106 115 40
79 91 41
99 100 57
90 99 36
110 88 40
108 116 49
109 90 53
112 114 52
95 112 28
89 106 44
80 114 44
79 86 52
113 89 44
96 112 31
107 105 53
91 120 50
97 83 37
117 96 22
102 113 28
97 108 56
111 85 58
89 107 56
105 99 21
79 86 46
86 81 55
89 83 54
115 112 22
116 91 57
108 119 23
103 91 35
115 90 33
88 87 52
88 109 37
88 116 21
96 98 57
114 89 34
109 97 50
102 105 44
93 119 41
80 118 61
95 83 59
109 114 29
104 92 53
95 102 48
83 114 22
89 102 41
106 105 33
85 85 23
91 114 30
90 107 51
85 106 52
113 87 49
101 111 59
109 86 25
107 115 49
96 118 52
114 82 37
115 82 36
81 117 21
95 99 45
107 104 36
95 80 52
90 91 38
82 118 47
80 110 57
101 112 21
101 108 41
113 95 21
91 106 39
101 102 48
83 103 22
99 117 55
105 112 61
107 116 25
85 91 60
104 86 45
82 113 46
112 119 48
87 117 26
105 105 53
101 106 30
78 106 61
93 108 61
106 112 60
96 116 51
82 91 23
98 94 21
89 84 56
87 83 49
109 115 26
91 112 22
107 109 23
93 116 48
81 117 46
78 84 57
93 100 49
96 102 61
89 100 51
97 101 60
89 118 49
110 103 46
87 117 59
87 110 54
114 105 49
100 81 40
109 116 54
97 87 59
95 117 46
118 98 40
117 97 48
83 88 40
89 103 49
49 94 7
80 88 20
49 73 7
77 91 11
50 71 -3
47 93 19
68 106 -4
81 77 1
80 83 6
79 109 17
78 71 15
57 110 -4
52 90 -13
67 81 19
73 87 7
66 89 14
43 85 16
81 86 18
57 107 13
67 78 7
81 82 13
49 81 26
72 87 23
65 96 -2
82 72 8
76 79 5
75 82 -5
48 96 5
73 83 -9
51 79 1
62 108 26
72 76 -9
63 73 24
73 87 3
62 100 22
52 93 25
74 111 25
47 86 14
75 80 4
52 97 24
74 103 -11
69 87 1
69 95 3
65 96 21
63 83 -10
57 107 -5
65 86 25
68 94 13
58 93 8
70 110 16
57 106 22
57 90 -8
83 106 19
62 90 -12
61 86 3
60 88 -9
61 86 -5
45 99 -9
51 73 27
72 100 13
56 111 26
67 78 3
60 91 22
50 85 0
77 74 -4
70 94 -12
52 111 12
52 96 1
51 101 2
53 71 23
62 81 -3
49 110 1
76 80 -9
56 81 13
71 102 11
56 93 9
71 109 20
54 74 -3
50 82 -1
71 109 0
50 89 17
63 93 20
73 89 5
55 80 10
58 91 11
53 109 23
72 102 22
77 100 -1
52 79 23
74 80 25
52 85 17
47 104 -3
65 72 20
68 82 25
57 105 25
44 110 9
79 101 0
44 110 18
43 103 7
64 90 27
81 86 26
45 110 5
69 110 12
55 111 13
80 94 7
57 102 25
78 79 18
72 90 26
66 99 25
78 98 0
56 98 -4
55 100 13
75 86 9
67 103 13
55 104 0
55 106 -9
61 102 19
82 89 9
50 103 -6
78 97 8
45 89 -12
61 87 3
82 96 -8
66 73 13
65 80 7
54 91 14
52 96 1
82 89 8
44 99 -11
66 95 21
60 81 17
55 84 -13
50 74 -7
83 87 5
77 82 -13
80 78 -1
83 73 5
61 107 -6
69 105 -11
61 88 0
66 97 -10
76 95 21
82 99 20
49 90 -11
43 76 16
59 78 4
64 99 -10
63 96 -1
70 100 25
63 84 -8
79 101 17
47 77 2
48 83 -9
58 95 14
74 88 18
55 97 -4
82 104 -13
83 111 23
58 98 9
79 82 -13
74 97 20
56 93 4
49 95 12
44 104 27
83 89 14
51 88 15
79 78 20
76 94 4
56 85 -4
52 101 14
83 99 18
80 99 11
59 97 24
55 83 19
58 111 17
72 96 2
62 111 19
77 83 12
68 71 0
64 101 11
65 94 15
64 109 9
80 92 17
47 99 21
56 97 -8
60 80 22
68 90 23
43 99 20
66 98 1
48 81 11
76 88 -10
58 89 20
74 85 27
50 103 16
48 93 -8
72 83 -2
78 74 5
83 104 11
53 94 26
80 88 24
71 92 28
61 90 19
48 68 35
57 77 16
43 56 25
69 83 19
57 72 52
73 74 36
38 80 29
74 55 42
46 56 56
46 76 32
68 75 19
57 86 47
40 78 20
35 73 53
49 85 55
54 77 53
62 59 37
62 75 16
69 73 56
55 82 38
71 76 52
70 59 26
41 60 17
72 65 46
46 93 31
66 81 42
61 88 50
66 55 31
37 66 47
57 66 30
45 76 33
64 54 16
42 68 35
67 82 18
38 74 35
69 84 31
75 82 44
59 85 16
61 93 29
43 93 53
45 73 24
69 81 40
63 69 40
41 54 54
42 75 44
41 62 42
68 88 30
45 73 17
75 73 19
58 91 27
68 88 51
53 67 49
62 87 46
75 79 53
44 73 31
39 83 42
45 62 25
61 86 29
55 74 44
60 88 46
73 62 36
52 83 38
55 85 36
54 71 45
62 90 44
45 68 56
38 67 21
71 65 31
38 75 55
49 86 21
37 63 35
69 55 52
55 69 54
69 83 16
53 58 41
73 69 46
48 55 34
36 60 52
66 55 38
55 71 51
35 84 41
66 76 50
64 86 31
45 60 20
51 76 21
71 70 52
61 92 18
69 64 45
75 65 25
44 92 35
55 57 35
54 62 38
53 75 46
41 69 43
67 66 23
43 70 20
57 73 45
52 87 20
52 86 46
75 65 24
52 93 19
58 79 45
39 70 54
70 63 16
36 66 53
44 68 19
52 73 48
68 81 49
58 82 44
62 56 35
62 68 54
48 64 30
39 66 21
69 82 44
39 82 47
39 76 33
60 76 38
51 54 26
75 90 48
56 73 53
39 64 33
38 74 20
36 85 31
68 70 22
54 72 45
57 62 32
37 67 50
62 90 47
68 67 43
68 83 21
57 74 24
49 59 23
73 85 38
36 53 30
37 87 55
59 75 56
35 63 44
56 59 25
60 61 32
59 53 53
54 88 54
56 84 50
65 54 17
42 63 50
39 70 19
52 75 37
37 66 25
48 57 27
37 84 45
61 71 34
67 75 38
38 75 23
50 93 25
57 62 34
73 77 37
58 87 19
58 56 32
55 57 18
36 83 21
70 75 34
57 90 17
61 62 51
37 53 49
73 81 41
36 79 56
69 58 32
71 65 30
52 77 19
45 79 23
59 71 34
63 69 18
68 69 54
62 65 27
45 72 24
66 69 41
35 67 20
62 79 34
69 57 33
43 68 53
49 61 54
46 75 38
43 85 36
64 83 19
71 74 51
48 89 36
75 89 26
35 73 43
61 57 37
59 90 52
53 68 56
60 79 24
44 74 38
64 69 36
42 79 26
67 86 51
66 75 42
37 89 33
56 93 34
14 17 87
13 31 79
22 11 93
31 14 95
41 25 102
19 3 74
14 18 98
44 15 86
37 10 110
39 36 72
40 8 96
18 2 72
19 9 100
14 28 107
18 18 106
29 26 92
13 18 73
37 25 83
35 38 83
42 10 89
36 15 71
28 18 76
20 35 71
18 22 103
31 25 73
28 31 87
8 37 109
5 12 100
41 20 102
43 4 98
29 10 108
34 17 91
13 21 90
24 39 106
7 4 86
21 37 73
10 0 76
38 37 101
35 24 105
7 5 95
43 15 84
42 38 87
12 6 99
23 39 80
11 28 71
39 -1 79
18 -1 80
39 20 107
7 37 88
13 5 88
41 14 81
5 7 71
13 9 83
27 17 93
5 30 93
12 29 110
29 10 106
18 23 78
22 20 105
27 12 105
16 27 86
22 38 104
6 14 106
25 0 108
33 33 72
19 18 81
17 17 110
34 17 107
22 33 110
7 5 79
32 21 97
5 31 81
43 0 74
24 20 81
44 7 78
20 2 95
30 20 73
14 30 80
45 23 104
29 12 100
12 -1 101
14 8 104
39 15 91
25 34 84
10 31 71
39 34 106
26 32 100
10 35 77
33 36 79
9 37 98
28 29 77
22 6 83
34 33 81
25 38 102
35 26 98
13 29 82
5 7 81
17 26 100
40 24 79
21 17 105
33 3 98
45 37 98
43 14 106
40 12 106
23 36 82
39 3 103
42 3 86
31 21 85
24 2 86
23 34 75
15 18 90
25 6 108
20 39 96
36 12 74
10 34 98
35 32 90
31 13 109
35 32 109
19 6 91
6 39 80
8 37 98
25 28 80
30 4 101
28 -1 93
30 10 75
32 12 89
19 6 74
25 19 99
20 1 100
17 12 76
39 38 71
9 33 78
31 31 75
14 18 103
22 1 87
22 13 86
44 29 102
25 37 96
17 35 90
33 16 108
19 33 108
18 0 85
7 2 77
31 36 91
33 28 72
31 15 88
33 11 106
10 34 97
23 31 94
43 14 89
5 17 81
17 2 95
31 25 99
32 12 82
15 5 82
32 33 104
9 24 74
30 31 88
36 8 81
32 31 90
12 19 74
15 9 93
6 34 89
13 28 95
29 21 93
37 21 80
20 22 72
22 21 110
40 18 101
34 21 102
42 13 87
7 29 104
14 25 108
42 15 75
17 33 74
39 14 108
30 9 73
26 12 87
44 36 98
30 35 86
14 35 82
37 18 105
33 12 77
22 5 97
23 27 103
43 9 97
10 18 98
32 18 93
6 28 80
30 10 78
23 3 84
40 15 87
22 11 81
15 38 94
24 27 94
10 39 96
40 4 81
28 28 89
15 8 78
35 19 82
34 26 74
62 58 71
62 59 55
36 33 44
57 26 46
30 28 68
57 43 72
46 38 51
52 25 63
31 38 81
49 52 77
59 34 63
32 59 65
39 38 80
42 51 48
32 54 53
53 55 80
36 50 66
65 40 53
60 33 48
40 56 77
33 59 46
26 55 56
63 38 59
31 34 46
31 60 74
50 32 50
48 60 65
65 57 60
43 47 82
26 45 76
58 45 74
26 33 72
44 24 74
42 40 68
53 28 83
32 62 77
56 57 77
50 32 45
27 60 58
28 58 60
28 39 74
29 45 64
63 47 43
33 60 74
34 52 43
65 38 57
42 38 73
30 51 79
47 27 52
65 57 58
54 43 78
45 50 59
52 39 72
66 35 68
41 50 54
45 42 65
32 22 76
37 36 70
61 36 45
41 37 83
50 31 82
61 36 43
41 62 50
64 43 79
39 52 54
36 44 83
40 23 50
47 60 66
56 57 70
38 58 47
53 55 81
43 53 45
43 52 82
60 27 47
65 51 52
37 31 56
51 28 55
62 40 44
33 39 68
40 49 63
57 37 48
57 40 76
34 51 74
28 28 79
62 24 56
37 39 59
27 53 75
47 53 50
33 62 81
41 55 75
66 25 58
49 58 74
37 36 78
65 54 61
55 39 77
41 47 74
32 55 53
44 46 59
36 60 50
65 44 59
66 43 47
62 61 63
48 59 63
39 54 64
46 57 52
28 45 62
55 44 57
51 29 64
33 62 48
47 56 68
45 30 75
32 52 83
60 24 76
64 58 73
59 35 50
44 60 60
38 25 61
44 50 52
43 60 77
34 40 43
52 53 43
51 27 75
43 44 43
65 57 58
55 31 69
39 53 60
27 31 52
36 31 52
62 32 72
37 46 62
30 24 69
51 57 43
44 30 48
29 57 74
57 53 50
64 60 55
42 48 58
62 29 54
44 36 47
35 38 69
42 25 57
41 32 72
28 43 60
53 57 52
64 39 63
40 23 70
58 48 44
48 38 59
38 30 72
58 55 59
55 61 44
29 39 45
55 28 56
26 56 76
57 49 53
43 37 57
28 43 71
36 32 46
43 42 68
58 36 65
66 58 53
36 25 68
42 30 52
49 47 69
36 59 46
29 27 58
43 47 62
44 28 66
54 49 48
50 31 77
49 34 51
58 55 61
33 61 83
56 36 83
42 48 60
46 35 48
39 44 68
44 45 76
27 31 45
29 28 70
65 33 61
39 35 58
33 56 57
39 40 67
65 43 61
50 57 78
42 26 74
61 40 45
57 58 64
61 47 67
60 56 81
37 24 64
60 45 45
36 25 77
59 40 53
31 40 55
40 37 79
44 45 58
58 59 64
-9 64 19
-1 80 34
-10 77 32
-7 65 30
3 87 17
3 55 3
19 88 13
-4 77 17
13 68 2
20 73 12
5 91 11
13 91 23
10 84 10
17 67 23
11 86 23
-3 79 31
-6 81 22
-1 72 31
3 74 8
-7 79 36
9 88 2
5 63 35
0 85 22
24 65 9
10 92 33
15 61 26
2 76 14
2 89 3
8 86 35
15 58 17
12 82 18
-1 80 21
-10 73 0
-9 69 16
-2 87 11
17 61 19
15 80 33
5 87 4
29 61 26
0 83 0
7 73 36
7 61 14
6 75 22
-3 78 25
-7 85 24
0 64 9
10 84 9
11 88 17
-11 77 24
27 86 2
21 78 25
12 82 37
29 70 0
1 93 33
-8 64 20
11 68 28
15 53 11
20 67 39
9 69 25
-1 80 39
27 90 24
23 55 29
5 78 3
29 91 18
24 71 8
-7 73 31
16 92 15
15 64 37
-2 89 28
4 77 24
20 58 24
0 89 5
21 71 32
22 67 30
26 64 16
0 55 29
-2 81 39
1 81 31
0 93 14
29 58 35
-10 86 12
24 81 13
8 80 15
-9 67 3
18 74 -1
14 77 5
21 59 32
23 53 38
-10 63 25
19 84 14
28 61 16
16 88 35
14 86 -1
14 67 31
-3 62 5
5 78 10
-7 54 23
27 71 30
21 53 31
-3 65 33
14 92 -1
5 63 23
5 67 30
21 54 26
4 63 27
12 71 10
18 58 38
8 55 -1
29 85 24
10 70 38
20 86 24
24 64 31
-11 57 20
-9 57 12
9 69 11
16 62 5
19 83 32
2 75 23
20 83 27
16 75 1
11 89 39
20 93 29
-8 65 16
15 54 5
4 90 13
-11 73 19
17 53 9
17 74 12
19 62 32
-1 54 19
14 62 18
25 64 9
22 74 26
7 80 19
1 80 2
-5 66 16
-5 64 21
9 64 17
16 71 5
-6 91 21
25 84 11
10 91 34
23 54 25
3 54 30
26 54 33
-3 88 -1
-3 77 24
14 89 25
24 73 39
-3 85 39
11 69 -1
-10 73 10
23 92 0
27 82 16
-10 88 9
-8 57 5
-4 80 39
0 55 18
-1 85 -1
-1 80 32
22 81 14
-10 62 20
-9 92 38
-6 60 30
-4 68 8
22 92 37
-7 86 22
5 73 18
7 79 15
-8 59 38
7 85 26
17 69 30
-11 56 31
10 80 24
1 74 32
18 73 39
15 87 4
21 89 19
9 86 33
19 71 0
19 69 38
-1 79 15
10 71 1
8 61 1
1 54 23
7 60 13
28 86 17
13 55 20
-2 67 20
15 62 5
13 80 28
-11 71 35
29 91 18
15 61 28
25 86 13
-7 61 16
27 63 8
22 80 31
19 81 1
1 67 14
53 51 12
39 74 30
19 62 23
15 71 0
21 55 17
20 54 23
42 71 1
16 73 13
45 77 21
34 70 4
37 77 15
27 81 18
41 83 34
23 48 -3
17 54 -4
21 73 3
54 48 0
35 48 1
29 54 26
26 63 15
17 76 30
15 70 0
32 57 26
52 50 9
46 66 3
42 82 11
28 75 13
34 53 24
32 65 34
53 69 25
37 64 16
18 58 15
23 48 13
38 50 11
48 82 22
43 49 12
54 58 0
44 67 3
22 49 10
27 49 36
49 71 18
42 86 3
53 72 11
31 72 3
35 68 22
50 49 8
35 73 11
27 47 36
33 60 1
23 70 6
42 74 33
27 51 10
35 62 0
28 54 9
50 80 19
52 64 34
49 80 0
31 71 20
32 73 18
21 64 35
40 69 34
49 47 1
47 84 2
40 82 27
42 70 17
38 59 9
22 68 35
23 49 31
30 79 4
34 51 33
28 70 11
19 85 9
28 50 0
30 84 2
31 48 18
52 87 33
19 78 -4
22 73 8
33 78 15
41 77 3
15 87 14
19 63 16
27 87 16
23 79 28
24 48 8
31 72 28
26 86 20
42 71 10
47 87 23
42 79 5
24 52 28
25 82 21
31 70 5
15 68 4
16 80 12
22 75 -4
28 63 1
38 77 1
51 71 2
48 82 12
54 47 3
16 69 3
29 78 20
50 63 16
25 56 17
33 64 13
29 55 5
36 60 0
36 47 33
39 85 14
42 67 29
49 59 15
45 73 -3
26 58 7
39 59 1
47 54 21
32 53 20
24 51 -4
21 77 34
18 66 8
20 74 21
28 77 14
19 60 -3
25 69 21
24 84 30
19 69 6
15 68 25
39 63 12
16 56 14
16 47 0
40 66 20
15 80 19
36 52 15
27 86 5
34 72 -4
43 87 11
42 48 34
50 63 8
31 67 14
27 54 16
27 83 8
24 83 1
16 77 19
36 48 23
32 78 35
24 87 32
26 77 32
52 63 0
29 83 33
14 75 0
53 85 23
54 83 -1
41 83 27
30 60 9
20 49 23
23 84 36
44 79 12
30 81 29
45 64 21
40 85 5
30 76 21
28 72 14
14 82 20
35 85 19
18 87 15
45 48 22
44 72 26
48 60 -1
40 51 31
48 73 11
45 54 28
52 54 33
15 62 30
53 76 25
25 66 20
44 50 16
45 58 -3
28 85 10
34 83 17
40 56 10
24 72 9
38 50 8
17 59 31
19 53 16
16 67 36
53 83 25
27 68 6
27 53 18
22 63 1
26 60 14
31 57 3
41 87 14
14 50 6
22 51 2
23 87 19
17 62 -1
52 74 10
23 63 29
35 71 28
29 66 9
49 37 24
22 58 15
56 36 16
27 46 -8
28 62 10
27 38 24
42 64 -2
36 60 -11
36 53 -9
42 50 23
19 57 10
50 44 21
54 60 4
47 60 8
40 41 -1
45 40 15
56 48 27
43 54 1
55 38 16
34 55 2
58 53 -4
51 56 17
35 60 15
28 56 23
29 42 -3
49 27 -2
42 34 14
29 62 14
43 50 6
53 33 19
34 62 17
37 31 11
22 39 -6
31 45 -8
45 51 11
35 60 -11
44 29 16
29 59 17
18 41 9
51 38 -13
38 35 2
57 60 12
43 53 2
48 49 -5
41 56 7
36 28 13
26 41 2
57 62 9
24 42 -11
35 36 -12
23 45 0
44 63 15
45 37 -13
47 50 26
51 30 20
35 57 21
34 35 -8
33 37 25
30 41 6
57 41 12
22 51 12
28 31 22
25 31 8
30 33 1
58 59 3
27 60 17
21 26 0
30 28 -1
58 48 19
21 26 6
51 44 -3
33 28 16
45 36 7
49 29 -11
38 44 -1
47 59 13
42 28 -1
44 55 26
46 37 27
20 45 -10
57 50 -8
47 37 21
18 66 -5
48 60 15
22 47 26
20 61 5
43 44 -4
24 39 9
35 55 16
22 55 27
31 50 7
18 35 26
46 66 2
44 44 -1
49 36 15
24 26 -5
26 50 -1
20 62 1
18 31 -2
32 66 15
29 34 14
58 39 -3
50 62 15
45 28 19
33 63 -8
18 39 13
18 39 -6
24 60 25
37 43 13
32 33 16
20 64 10
55 48 9
58 55 24
46 60 -9
19 44 26
42 43 24
35 32 14
57 40 -6
37 50 10
30 63 18
27 57 -10
56 37 15
55 41 19
37 48 18
55 29 -4
34 52 16
26 52 9
43 50 -5
52 64 13
20 66 7
49 32 24
27 35 14
50 44 -13
45 39 17
45 58 11
33 30 14
24 40 7
51 62 26
49 45 9
53 35 -5
38 35 2
26 47 5
58 53 -13
51 29 8
31 39 27
56 51 27
34 45 10
18 32 -8
27 51 -7
25 29 -7
48 62 10
48 33 -3
23 44 -7
57 53 3
26 29 -7
42 63 1
57 58 14
48 62 14
54 64 20
26 36 21
28 60 0
58 58 -8
30 34 -9
22 52 -1
44 48 -6
56 29 -5
32 27 -2
43 26 18
28 35 6
20 51 13
57 43 22
53 28 1
29 41 23
37 61 -2
26 27 9
26 31 10
19 45 23
36 45 16
41 36 23
35 28 1
52 44 27
18 37 -1
34 47 20
20 27 19
42 40 23
48 63 0
42 55 6
21 64 14
26 62 -6
38 34 -4
52 48 25
26 53 26
34 47 19
21 34 25
50 42 11
58 50 18
21 38 -9
22 29 14
19 40 25
49 42 20
4 112 52
30 97 74
15 80 45
2 76 39
21 97 75
8 95 45
16 92 64
0 88 44
2 112 78
-1 103 53
21 108 78
29 100 49
32 113 58
31 108 63
-3 91 41
32 108 79
24 95 56
6 93 45
11 106 54
-1 105 53
14 88 79
-7 76 53
30 106 41
3 112 50
-4 80 58
23 105 44
23 113 62
31 115 64
28 94 40
29 107 78
26 83 58
21 96 72
11 99 43
22 110 61
29 93 62
0 101 39
-7 102 45
15 89 42
7 88 70
-5 91 54
24 103 52
26 78 57
27 115 51
2 115 52
13 89 73
25 102 69
19 100 51
-3 106 73
10 91 39
-2 110 59
32 103 62
-3 107 58
-3 108 47
-3 88 41
14 92 56
28 104 71
-4 113 53
2 78 71
12 102 55
5 94 51
32 109 51
8 97 61
22 90 53
8 83 43
28 90 43
0 116 61
9 91 72
-5 85 75
5 82 74
32 87 64
-7 101 44
31 91 67
8 95 59
25 93 48
9 78 50
16 90 76
15 109 57
-6 79 51
12 79 39
17 95 51
14 109 68
0 108 39
1 100 48
32 80 46
12 105 60
32 97 73
6 104 69
18 115 63
2 94 53
2 76 57
19 88 75
9 94 62
21 116 75
27 91 57
5 90 79
12 107 42
-7 108 74
-7 79 42
13 108 54
-2 78 54
28 110 51
32 86 65
9 98 42
8 108 50
24 77 68
15 76 74
13 96 47
28 86 44
11 82 54
-8 106 49
2 94 44
20 104 44
8 100 52
9 96 75
32 109 58
14 96 56
22 79 77
6 98 65
17 102 70
0 76 74
-7 109 55
23 76 59
20 92 68
17 84 49
29 89 74
21 82 48
5 108 61
18 101 51
15 98 72
-2 89 55
29 110 76
11 93 63
10 99 64
18 116 53
-6 93 55
-2 114 60
1 84 75
16 108 65
31 81 63
12 100 66
-6 116 63
22 92 46
-6 82 52
1 84 56
32 98 72
32 90 61
-5 95 50
18 90 42
6 107 49
7 112 59
16 80 76
31 107 53
22 88 71
2 89 70
27 108 75
9 86 71
22 96 77
23 90 39
9 80 67
11 108 50
-2 103 64
32 100 53
22 76 75
16 108 63
-7 80 55
8 87 49
19 84 50
-1 99 39
11 78 40
-1 108 45
28 90 45
1 96 54
29 87 59
10 82 58
3 109 73
-1 115 69
28 95 68
10 79 70
8 83 46
24 109 43
27 101 64
-2 97 42
31 98 74
12 100 47
-6 113 39
7 80 50
-1 110 51
-4 76 42
-6 101 41
14 77 54
1 77 73
-2 88 65
31 111 59
15 76 70
32 88 69
-6 99 57
1 90 62
29 99 74
24 78 52
30 103 72
10 78 32
24 69 42
39 46 26
21 65 11
9 63 17
29 56 7
36 68 5
6 56 17
32 82 20
18 44 28
26 49 8
4 57 3
38 62 25
8 76 37
37 54 33
8 74 15
10 58 9
3 78 6
2 70 20
1 50 19
2 76 38
1 48 40
6 73 23
-1 78 21
20 75 38
20 79 12
0 76 33
28 66 31
2 79 8
24 71 37
18 77 32
30 77 42
30 49 10
12 48 17
15 51 12
8 83 17
11 83 2
8 44 37
31 49 26
7 58 42
10 54 8
20 58 5
6 69 42
-1 54 40
36 62 23
24 79 15
10 50 39
16 58 42
25 76 14
33 64 27
26 58 13
5 57 26
33 75 10
38 50 39
39 75 30
2 67 35
14 70 17
28 53 4
18 47 41
22 84 34
11 77 38
33 69 4
7 65 21
7 59 10
13 46 2
37 50 16
9 73 16
10 71 31
13 80 29
15 48 40
1 57 36
15 66 26
7 74 32
6 82 29
7 64 28
20 78 20
14 74 15
1 45 5
10 53 7
35 54 24
15 58 33
22 60 18
25 64 21
20 50 15
7 50 42
18 67 2
15 76 18
36 65 31
8 56 7
17 70 4
32 53 25
7 73 8
16 62 33
14 53 9
1 48 18
16 73 29
36 49 42
16 84 16
12 61 20
1 51 42
17 66 13
26 77 26
20 66 32
30 66 9
14 61 11
18 82 30
34 62 9
25 73 31
13 71 13
0 52 19
20 61 10
25 79 23
3 66 35
38 64 4
9 50 23
4 79 17
33 84 30
6 78 13
35 56 23
-1 79 35
19 66 27
24 69 16
20 57 35
12 50 16
-1 65 34
38 83 36
4 57 13
19 83 26
16 70 21
26 70 23
12 62 11
3 74 9
32 46 3
6 71 26
21 77 38
34 70 15
16 58 18
7 73 17
8 77 28
19 61 21
15 56 42
10 56 35
30 58 42
1 81 4
7 63 30
-1 66 27
13 79 28
7 79 9
34 60 29
29 62 41
3 77 11
33 54 42
30 50 13
21 66 20
9 77 41
35 60 29
3 59 31
23 49 16
34 69 12
30 72 11
24 65 39
12 48 23
5 66 22
33 77 16
0 72 3
28 45 13
37 80 7
31 73 10
13 63 31
39 47 42
8 64 37
2 78 34
9 46 11
21 47 42
15 45 18
10 63 3
29 53 13
17 68 34
7 59 19
14 63 15
9 82 27
14 59 24
15 53 5
-1 69 41
19 53 28
6 56 25
19 48 35
26 67 21
6 45 24
10 71 12
31 72 39
15 50 27
3 61 9
5 81 12
18 45 18
30 59 26
-1 50 24
8 45 21
28 52 4
38 61 34
87 77 75
94 83 71
108 74 96
95 94 76
92 71 104
93 76 91
107 71 78
74 81 99
85 79 87
88 55 97
98 91 96
79 62 98
106 62 104
98 59 100
82 72 100
91 77 92
83 76 71
85 64 86
100 63 104
81 90 87
88 81 92
104 74 76
104 79 111
88 76 90
76 89 103
110 85 84
93 65 99
110 92 111
109 54 75
109 70 78
79 84 110
101 75 95
101 81 108
87 90 95
99 80 80
105 60 75
99 89 80
89 57 77
81 79 85
106 87 103
80 76 99
94 66 102
106 58 72
76 66 87
96 75 90
105 64 93
107 55 107
83 59 99
83 90 83
95 82 108
96 89 77
91 87 79
104 78 79
99 92 91
92 55 109
75 73 107
87 89 108
89 58 101
82 92 93
90 72 73
89 73 86
113 74 90
99 94 110
103 69 84
113 72 109
89 55 102
88 56 71
90 68 94
96 79 94
95 87 71
109 83 83
102 93 73
76 90 91
108 72 101
92 56 79
88 64 105
75 80 84
80 73 110
98 65 96
93 56 71
82 74 103
82 88 102
103 76 81
90 83 106
87 73 87
105 90 96
81 65 79
102 75 105
105 60 105
104 94 73
100 64 71
114 59 106
84 54 75
84 64 87
106 62 98
107 91 71
84 86 72
81 94 79
75 86 72
80 70 80
89 63 76
91 57 101
109 58 92
82 73 94
94 80 88
88 76 111
114 57 95
101 71 107
101 76 87
81 84 92
98 94 80
104 88 93
81 67 108
91 55 81
105 82 83
103 72 97
111 75 81
111 73 74
106 57 85
93 60 79
111 94 101
105 54 98
77 80 76
111 92 76
111 74 72
101 69 86
111 68 104
92 55 106
96 93 72
114 76 95
102 88 92
114 90 79
87 71 96
106 58 79
86 65 85
107 81 94
91 59 102
104 65 103
113 93 87
110 63 111
111 76 99
89 67 87
96 94 84
93 62 91
97 87 109
79 87 87
97 69 107
80 68 86
91 92 82
112 85 87
88 89 91
109 87 85
98 82 108
89 85 91
74 93 78
103 92 109
99 60 76
104 60 111
83 88 101
101 54 99
111 92 98
86 94 86
90 64 92
91 58 82
78 59 88
114 79 86
82 56 93
80 73 103
109 92 78
91 63 92
111 89 81
87 85 73
110 92 109
111 85 84
74 54 78
109 54 92
100 94 77
109 82 97
98 62 104
108 58 106
100 54 74
81 57 90
79 59 102
91 64 101
103 61 104
95 63 87
83 80 79
112 89 106
106 82 108
82 86 110
107 82 94
79 88 78
107 67 103
102 85 93
105 67 95
85 73 78
85 66 105
95 89 84
104 65 105
84 74 98
54 35 18
63 51 29
54 44 25
60 59 31
42 31 45
62 54 11
41 34 11
42 23 24
58 58 48
46 53 33
43 22 19
53 29 48
53 53 22
50 45 43
33 29 28
53 40 43
32 56 43
48 43 37
34 55 21
59 46 12
47 44 24
31 46 16
31 52 14
64 33 45
62 51 32
46 52 13
64 20 49
33 34 29
66 40 9
57 44 21
58 28 36
53 58 19
33 20 11
37 42 42
52 40 32
28 26 47
63 55 30
41 23 17
61 42 46
34 58 40
68 55 30
38 56 24
52 24 26
57 23 30
30 38 19
56 42 10
66 36 18
35 41 27
62 42 11
65 37 10
38 36 21
36 33 42
57 25 44
65 41 49
37 57 28
37 56 49
45 31 29
66 26 27
60 50 46
50 28 18
39 41 34
62 26 49
49 37 37
40 26 26
40 36 22
65 32 31
65 36 12
56 31 19
49 58 16
43 35 22
64 36 15
56 27 34
57 22 32
67 45 40
51 20 34
34 27 34
29 29 12
51 37 47
41 40 29
34 24 12
48 36 43
32 42 42
57 35 36
45 21 9
40 34 22
43 58 10
66 30 26
55 24 40
58 21 16
64 43 30
29 28 43
64 39 15
39 40 35
36 31 15
28 30 23
67 60 31
54 43 22
49 33 46
55 47 9
44 23 20
66 41 16
33 50 49
29 45 41
44 38 34
60 38 16
32 29 40
49 41 11
44 44 33
57 21 12
58 53 21
54 32 19
60 29 15
60 36 10
46 22 44
35 23 18
58 28 40
53 32 21
50 50 42
64 50 21
53 59 45
30 55 41
53 38 9
66 35 16
63 26 13
64 20 22
57 29 44
32 36 31
50 44 12
57 31 25
38 46 40
44 29 15
32 49 12
28 40 44
33 31 11
32 45 35
63 39 26
42 33 29
68 50 17
64 41 38
66 45 44
36 42 48
62 49 38
58 53 27
44 51 16
63 49 45
29 26 32
51 23 36
40 39 13
60 39 11
32 21 44
30 60 23
41 26 18
47 39 41
62 28 12
33 30 20
42 51 39
61 55 26
34 41 24
40 33 45
48 32 29
60 55 49
63 41 43
59 36 46
60 34 21
29 40 25
64 23 42
37 58 23
34 25 24
48 32 48
33 56 39
30 58 35
65 44 15
35 55 26
64 53 28
33 30 37
47 57 47
32 46 34
40 37 15
61 45 13
38 20 30
38 32 26
67 58 40
49 31 38
53 58 18
58 58 17
34 39 19
45 27 29
59 38 31
52 23 9
36 46 46
53 29 43
28 31 21
36 29 9
61 55 22
48 29 9
38 51 32
61 47 18
65 39 18
47 21 46
42 41 12
44 68 62
48 60 83
40 52 88
61 58 83
28 35 66
61 68 65
31 58 76
58 57 76
32 35 71
42 36 69
32 59 70
62 50 71
23 67 86
28 49 80
55 58 93
61 51 66
31 56 66
33 46 92
55 69 85
54 67 86
55 49 65
33 43 82
48 45 70
29 62 89
38 55 67
63 33 91
39 62 78
27 65 88
46 52 55
34 54 63
54 60 76
27 58 58
51 34 67
45 63 64
25 39 88
44 34 54
53 66 83
53 31 56
27 43 86
37 38 89
28 46 79
27 61 72
45 51 90
26 70 92
49 30 80
48 44 68
49 40 60
53 50 94
43 56 62
31 64 69
51 36 65
40 56 85
33 41 56
56 53 55
35 39 71
59 46 85
51 42 60
55 49 93
57 37 81
47 57 65
46 41 61
45 69 66
60 40 88
56 64 78
58 42 90
56 61 91
52 67 88
39 37 75
32 58 58
51 50 57
57 58 76
44 63 75
24 31 54
59 61 78
56 56 92
25 47 83
47 53 85
25 35 82
32 48 69
35 37 88
31 69 54
55 65 79
44 36 60
52 49 73
52 30 77
43 69 89
42 33 76
55 63 91
41 58 60
52 39 75
45 48 60
39 57 73
42 60 91
55 67 62
50 43 82
32 63 61
24 57 75
54 65 79
28 31 63
30 49 80
40 63 83
60 61 70
60 47 67
53 41 80
27 49 60
35 63 72
59 41 77
61 65 78
39 48 73
45 67 71
31 47 73
47 60 89
34 68 88
54 69 82
24 56 89
32 59 56
51 37 70
30 53 76
30 69 93
61 69 89
62 51 66
43 55 78
46 62 86
40 61 73
37 66 62
49 33 79
34 35 66
26 63 79
42 63 87
35 38 72
48 48 93
43 32 63
50 67 55
30 36 94
25 67 66
31 58 88
59 62 75
40 51 71
38 53 78
57 59 57
54 33 57
36 39 56
59 33 61
30 44 94
27 35 76
44 59 64
33 46 62
55 41 76
53 31 73
48 67 86
46 69 82
25 64 67
41 40 77
34 32 66
53 41 74
40 48 88
37 37 91
54 57 83
34 53 74
61 45 65
50 69 82
44 70 54
38 54 54
39 49 66
57 67 68
53 50 66
57 32 63
54 64 86
62 45 72
60 49 75
60 31 60
25 52 75
33 31 78
38 35 63
62 32 90
49 40 60
44 65 55
43 40 87
28 49 59
30 62 65
60 55 56
35 42 84
45 41 80
61 52 88
44 43 93
61 36 74
43 39 56
53 31 86
49 30 73
48 53 93
62 57 87
57 31 93
31 66 91
32 50 77
38 57 67
48 40 83
43 46 72
45 63 68
40 49 56
60 37 66
50 82 47
60 97 47
41 69 35
72 59 38
38 76 41
67 69 24
45 61 50
62 77 47
57 95 19
43 68 46
69 82 30
63 72 13
72 69 18
46 78 43
37 62 40
37 78 42
60 85 50
40 83 46
63 71 50
46 87 35
40 80 29
73 77 16
66 73 46
51 96 30
38 95 43
47 86 30
60 82 32
64 62 46
51 90 39
68 83 40
66 64 16
54 62 23
62 76 45
70 70 43
74 97 50
52 88 34
51 93 29
43 93 37
67 95 44
53 63 35
53 93 30
53 98 31
74 80 44
70 83 50
70 80 18
47 62 36
71 86 28
70 77 10
35 69 37
71 75 20
68 66 27
48 64 18
70 90 30
66 76 37
66 67 42
51 94 27
66 61 48
58 73 24
42 67 34
54 75 14
48 83 16
57 58 14
40 93 30
52 67 15
71 63 44
62 94 40
60 68 30
56 80 16
48 69 40
52 60 28
60 59 28
67 61 27
48 63 42
39 87 46
69 63 45
51 93 47
58 96 39
49 61 11
49 85 50
36 98 22
64 86 46
67 87 47
34 65 50
61 96 48
72 97 16
57 76 44
69 71 22
60 72 11
43 76 32
57 77 49
67 58 25
34 65 32
57 95 20
34 65 29
40 92 12
69 77 46
35 65 46
34 88 19
55 85 31
38 74 25
50 97 31
44 91 46
50 68 48
66 71 49
55 79 38
70 75 23
46 69 39
72 58 40
72 59 42
45 84 17
72 65 32
64 70 29
57 63 40
59 61 17
73 69 30
63 98 17
66 77 32
59 86 39
61 68 23
39 92 50
55 71 16
43 65 19
58 63 38
64 82 33
44 63 14
34 97 35
67 62 17
34 90 39
49 63 17
74 59 46
58 74 17
52 67 35
63 67 31
44 89 19
40 93 13
47 60 41
70 70 46
38 84 37
55 80 43
61 86 47
47 58 16
41 79 23
73 61 49
55 80 10
64 85 46
51 63 46
49 69 44
65 88 44
35 80 28
40 80 36
74 85 13
38 82 25
50 59 25
45 62 46
57 94 26
37 61 25
73 83 28
57 95 11
59 73 14
48 65 37
56 97 49
59 95 39
71 59 43
55 70 24
71 68 29
48 60 31
34 62 28
65 89 44
46 81 32
71 72 42
74 69 47
58 78 29
70 97 34
61 88 39
49 73 40
46 67 44
37 74 31
54 58 42
72 79 26
62 62 30
62 93 50
63 59 40
54 87 49
53 78 40
38 69 30
52 79 36
57 59 21
34 60 36
43 64 17
47 85 11
43 81 47
56 88 47
47 66 20
56 68 11
43 70 18
62 59 21
67 98 46
39 74 38
43 68 35
47 72 19
65 -8 70
52 22 95
27 11 87
58 13 81
27 20 84
51 21 95
44 16 83
61 9 71
32 19 68
38 1 82
45 17 94
52 -5 68
36 4 69
52 -1 91
62 19 87
34 6 61
40 28 97
40 11 67
63 -8 80
58 28 94
50 -2 97
48 -5 79
64 17 59
27 3 91
43 -5 83
57 22 93
46 -3 64
48 13 69
48 19 84
64 0 68
64 7 94
36 4 64
33 -5 61
46 25 90
31 25 61
56 15 89
39 -6 88
58 21 97
60 26 94
31 2 61
30 18 75
50 22 73
36 23 58
34 12 78
49 8 69
62 1 73
47 -2 79
55 2 61
56 10 86
53 29 61
66 6 81
36 -6 57
66 21 86
41 17 64
33 10 95
37 2 59
64 20 72
59 15 95
48 7 74
48 4 91
59 1 78
55 13 62
39 3 92
66 -8 66
26 23 58
66 -3 81
38 27 97
31 -7 76
34 -5 80
29 -8 95
46 -2 70
40 -8 66
28 18 79
57 26 83
36 -4 62
44 19 85
35 11 75
26 -5 91
60 -4 67
42 29 89
61 27 71
51 25 66
34 2 84
30 7 83
50 30 89
61 -1 60
62 18 63
38 31 83
37 23 76
34 26 82
56 25 92
54 7 83
45 7 73
58 9 74
52 25 97
66 23 68
61 24 83
47 22 92
56 -2 82
62 24 75
34 13 63
26 6 77
38 27 90
55 31 70
52 8 79
38 -5 65
28 -2 87
48 22 67
58 25 96
47 4 58
36 2 77
51 29 75
41 21 70
56 18 91
63 4 59
64 13 71
51 25 80
46 11 61
51 16 76
58 3 95
42 17 69
49 23 94
45 -8 88
41 9 67
62 16 87
35 4 75
44 23 60
49 -4 82
64 -5 91
39 25 83
33 -4 96
54 21 66
31 5 87
36 -2 96
27 27 92
66 22 95
37 12 69
37 -3 62
54 15 89
59 -3 86
53 4 69
52 31 67
38 0 82
55 18 69
62 32 81
60 17 60
54 18 95
56 -1 94
35 20 74
46 0 88
30 30 68
43 -6 71
48 10 66
40 22 69
63 22 65
63 7 96
30 27 65
35 6 90
52 7 85
43 19 70
48 22 85
33 27 92
55 19 83
59 -7 83
46 3 91
27 19 71
47 -2 88
28 22 77
62 25 80
66 2 76
53 30 93
65 2 80
31 5 58
46 -7 59
59 20 82
56 3 77
29 3 78
32 21 59
51 31 74
58 7 78
40 -5 58
61 -6 86
27 28 66
33 4 73
47 5 63
53 17 73
50 23 66
55 9 88
40 11 61
58 14 62
27 25 78
34 5 68
32 -8 73
44 21 72
53 0 58
51 11 70
46 15 91
42 3 57
29 23 76
33 19 77
3 99 11
-11 83 15
-12 93 41
20 72 19
-6 82 12
20 84 47
-14 97 37
5 91 27
19 63 31
18 87 19
12 95 20
-14 98 38
16 65 40
3 83 18
6 89 46
18 80 44
-16 75 12
12 102 26
-2 66 24
-1 80 25
8 72 28
1 66 33
0 67 28
-2 87 19
-17 95 21
6 76 14
12 76 47
9 101 11
11 69 34
-3 68 24
5 102 18
12 62 12
-1 77 13
-1 80 26
4 75 33
-14 84 39
-19 98 34
-16 75 13
-2 68 37
7 65 21
16 101 31
-19 89 26
-13 68 29
4 71 18
-20 98 33
13 93 47
-12 83 22
16 84 17
-6 72 8
0 95 33
-12 71 31
-6 69 19
1 71 31
11 91 11
-11 98 20
3 79 35
-13 101 46
5 77 22
3 94 12
-10 66 26
-20 77 41
7 80 42
-1 97 29
19 82 17
13 91 36
15 76 20
12 89 47
12 82 37
-7 101 40
17 62 25
20 81 20
5 66 8
-16 78 22
17 91 26
0 86 44
-1 86 22
4 80 35
15 75 9
12 92 20
6 84 33
16 100 43
-10 86 22
-6 88 26
2 96 25
-20 87 46
8 82 8
0 97 10
-13 98 34
3 63 15
-17 81 19
-2 68 31
-9 67 7
4 74 32
2 94 9
14 86 44
-11 67 20
14 79 21
-8 83 10
-3 102 16
16 70 19
13 90 25
8 83 14
-6 91 47
-3 78 22
-9 76 35
7 100 13
-7 76 32
0 83 43
11 67 14
-12 65 33
-18 93 29
-2 83 40
-8 82 19
10 97 31
16 89 46
9 75 30
-4 90 12
-10 64 44
-14 71 32
13 67 47
12 75 11
6 67 7
16 81 33
-19 90 21
-13 97 28
10 75 18
-13 65 44
15 96 17
2 92 31
0 70 28
-10 99 35
13 78 24
20 63 17
-2 75 46
-15 82 37
1 71 35
-12 94 13
-18 83 17
-12 65 30
12 100 36
8 73 25
0 84 41
15 101 19
12 72 41
-12 63 16
-9 73 45
12 85 22
8 87 30
-13 83 17
-15 80 16
-4 82 43
1 67 42
-3 88 31
-20 85 28
8 66 41
2 86 44
-9 81 31
6 80 13
-13 98 20
11 62 35
-3 73 26
-14 75 37
13 72 23
16 86 20
-18 82 40
-18 87 40
-10 86 15
11 88 46
-7 102 46
-10 63 43
16 91 14
14 86 17
-19 79 21
-3 102 34
-20 84 37
2 100 39
-10 66 35
-11 74 32
-17 97 27
19 98 37
-12 78 7
6 86 36
6 101 28
-3 69 19
-6 70 36
13 89 20
-13 81 21
14 76 42
9 69 29
-5 92 23
-18 71 17
19 95 45
-20 68 32
3 79 21
-1 63 34
19 83 12
-3 68 17
0 93 43
-4 85 39
-9 67 10
88 37 67
98 66 67
108 39 69
78 56 73
97 60 73
114 54 83
109 41 87
105 43 50
85 68 60
108 40 82
83 44 73
96 46 75
114 31 81
87 60 55
108 33 80
109 35 59
85 39 78
84 52 86
85 70 62
112 60 83
102 34 78
95 43 67
81 44 76
90 51 74
83 61 63
100 41 61
99 44 81
107 60 57
78 42 81
101 30 51
82 51 78
83 70 83
98 50 76
88 63 72
98 48 73
85 47 60
77 69 70
97 46 57
76 52 85
78 62 86
87 49 73
98 34 55
104 30 70
111 62 74
112 67 72
87 42 73
104 60 53
110 67 56
98 42 64
108 43 52
113 61 66
89 30 65
80 63 68
110 44 60
108 56 55
85 69 66
91 52 68
106 50 89
108 48 59
107 35 87
103 31 63
85 53 83
94 67 72
81 36 65
81 33 89
98 42 84
97 56 64
74 57 80
109 43 78
80 68 77
95 42 63
86 59 54
101 59 50
82 37 68
110 47 59
96 57 86
88 45 53
75 70 52
97 47 51
99 54 68
83 41 85
83 52 56
113 46 53
78 30 76
89 51 78
85 63 59
87 36 70
89 49 50
87 42 89
98 41 50
108 54 60
94 69 59
74 68 64
112 55 81
86 69 87
94 68 54
108 34 64
77 70 83
106 63 59
97 64 85
105 54 59
99 65 58
113 45 61
93 49 63
89 42 59
106 56 62
92 40 59
114 66 54
106 35 75
81 49 58
88 58 52
111 46 57
101 64 72
109 37 77
100 60 77
105 66 86
104 63 51
107 52 56
96 69 68
83 56 73
75 70 65
98 51 71
101 65 51
89 70 88
109 65 76
75 63 84
79 62 52
89 43 58
92 39 67
105 61 70
86 57 60
102 57 80
76 59 83
113 66 66
111 41 68
75 58 58
74 35 74
76 61 68
81 51 60
93 32 71
114 66 51
80 34 51
82 36 63
105 60 89
97 48 66
94 61 81
104 64 87
113 56 78
74 46 77
106 38 79
74 66 64
77 38 73
101 45 55
74 60 61
106 38 58
89 55 62
102 50 74
82 31 76
101 67 59
100 34 80
101 53 73
84 66 54
80 54 72
104 48 75
99 69 66
76 51 83
75 68 82
97 36 78
85 53 70
81 63 61
94 44 73
106 59 76
101 61 88
87 33 85
110 36 79
79 58 52
110 70 65
80 37 50
111 46 52
93 61 64
104 41 81
103 60 69
108 40 63
83 59 53
74 65 57
93 68 61
110 34 68
93 32 63
93 35 58
89 67 90
86 39 75
84 32 72
98 54 73
92 44 64
75 58 65
106 46 63
78 37 59
110 32 56
81 34 65
88 67 61
22 17 101
39 12 77
46 -9 98
52 -10 83
21 11 105
20 -19 80
46 -4 82
34 -16 75
20 -1 81
31 -10 80
18 9 74
15 12 77
48 7 102
48 9 96
31 -4 67
39 -3 95
17 -13 75
16 13 93
16 -1 103
13 -2 92
14 2 74
37 -4 81
50 13 107
35 -9 94
22 -7 84
22 9 86
25 -13 99
49 -4 97
35 -2 89
45 1 101
23 11 101
40 13 81
45 -14 79
14 -11 89
41 -2 83
12 9 73
50 8 105
52 15 77
40 -12 107
22 -13 103
49 -14 73
51 15 94
37 18 71
39 13 96
12 2 94
16 18 69
14 -3 82
49 6 85
18 -18 74
38 7 101
35 -1 104
34 13 82
36 -3 73
24 -14 82
21 -20 94
22 2 72
27 13 102
19 -2 94
34 -9 77
47 -8 86
14 -14 96
47 9 102
33 1 74
12 -1 79
33 -10 76
46 5 79
15 19 83
37 -13 83
46 -1 95
26 2 77
41 7 100
22 -14 68
42 12 96
32 -20 90
45 9 73
28 -6 78
15 -9 96
40 0 73
12 -16 105
43 12 94
12 -1 92
16 19 79
28 -10 77
27 -18 75
39 0 74
20 -8 106
21 4 91
28 -15 73
26 16 104
16 10 80
41 18 74
45 4 72
20 -19 85
52 8 85
16 14 106
52 10 68
13 2 79
46 -1 72
26 -19 102
42 10 71
20 -14 92
15 -4 81
28 -6 99
29 -13 103
38 -2 99
14 4 76
42 -18 84
31 16 86
52 -2 100
41 -17 68
49 -19 96
49 -16 71
41 -3 101
16 9 103
49 -5 74
51 -16 69
31 -11 93
47 10 89
38 20 106
34 2 81
15 -5 68
49 4 100
41 -13 103
27 4 99
51 13 95
36 -10 67
34 -16 95
37 8 80
20 9 88
21 -4 98
42 8 68
31 -10 70
19 5 88
39 -17 97
16 -7 100
51 9 85
46 -1 100
26 11 97
32 18 68
13 13 79
44 -1 73
39 -11 97
25 -18 71
46 -17 71
30 6 80
12 3 89
27 3 75
13 18 81
39 4 102
46 1 106
17 -17 88
26 15 76
31 -20 98
18 6 94
26 -3 68
21 -12 74
20 -18 71
24 2 98
40 13 103
48 -14 80
31 -4 107
24 1 100
36 -16 107
45 2 81
27 -4 100
45 -19 98
31 7 76
15 5 107
21 -11 84
30 6 85
38 -9 87
46 -4 77
38 -2 88
14 -13 86
22 1 84
14 1 88
24 17 88
16 17 88
33 -10 106
40 -8 68
29 8 92
33 0 78
31 -16 74
38 11 71
35 -15 71
45 16 100
26 -10 105
20 -12 104
22 14 84
52 2 104
52 20 101
36 -13 96
17 15 98
52 -7 79
15 18 95
45 -9 68
34 8 75
27 -16 83
48 -10 91
17 0 103
104 117 22
89 93 19
106 95 11
90 79 30
93 90 36
79 80 18
89 88 29
115 80 34
95 87 39
97 90 45
94 84 12
100 115 10
117 96 18
98 118 23
83 90 42
79 82 42
111 117 26
81 96 11
98 105 24
93 95 30
93 106 19
77 113 23
95 93 30
91 85 47
86 114 34
100 92 29
115 111 25
89 104 15
107 101 22
114 97 25
99 106 21
78 97 33
88 100 28
112 110 11
105 116 28
102 118 48
115 85 35
115 101 43
92 89 47
79 100 21
88 108 31
80 105 15
106 97 38
87 101 39
103 110 28
95 84 47
98 98 11
86 116 46
79 93 21
101 96 25
104 88 36
106 119 33
117 117 31
100 101 10
88 105 14
109 109 26
117 90 27
90 90 20
109 108 27
88 105 26
117 119 8
114 87 31
96 115 36
107 90 19
108 105 12
89 116 45
94 84 27
98 79 13
91 89 48
83 113 19
116 106 47
109 117 37
113 80 38
98 109 9
103 84 8
99 115 20
84 81 44
100 85 16
93 110 9
78 109 30
109 101 17
113 90 24
97 107 42
78 94 27
104 107 41
112 103 21
91 118 16
89 79 36
77 108 30
90 95 13
83 96 12
116 115 25
80 112 28
110 86 9
104 106 46
82 119 46
81 86 24
117 86 34
94 98 42
116 106 48
115 104 38
83 113 21
86 108 39
87 85 14
91 112 13
103 90 30
85 87 35
103 82 9
108 93 17
96 91 18
92 86 26
115 85 47
84 99 11
88 79 43
108 92 39
112 119 26
91 118 26
78 94 42
103 81 27
110 107 24
102 92 13
98 111 11
85 119 13
94 84 36
117 116 48
91 115 34
94 102 35
111 95 30
78 82 10
80 102 17
93 83 27
108 109 47
81 90 24
107 113 36
100 89 48
114 119 43
92 91 37
89 108 27
77 88 8
90 114 31
94 89 22
95 116 44
77 89 12
77 83 42
85 97 23
97 110 10
77 119 47
84 88 37
81 107 35
96 104 26
103 81 32
100 98 41
115 104 40
79 104 29
117 93 23
96 90 32
79 82 40
117 99 32
83 91 19
81 98 19
89 92 26
77 109 26
82 109 36
104 94 43
93 92 13
107 102 29
84 85 20
79 82 18
94 83 8
77 92 31
97 79 37
106 79 42
95 116 10
77 101 27
91 91 17
78 97 14
102 79 16
112 92 25
102 113 9
113 110 9
93 103 46
106 111 21
111 117 8
93 108 23
108 106 10
104 87 17
95 81 41
88 117 8
116 81 22
100 83 42
91 100 35
103 110 10
114 95 19
90 90 9
94 93 10
77 80 43
94 99 44
82 106 12
95 95 33
80 100 44
55 57 106
49 58 73
65 93 82
49 84 71
81 64 99
47 83 95
55 74 75
65 58 85
55 93 70
69 96 74
79 96 90
52 96 68
67 57 68
46 84 81
47 69 77
67 77 67
72 64 105
46 96 96
65 84 73
67 83 100
55 78 104
47 92 102
80 88 88
48 83 98
74 94 102
81 68 106
61 65 81
73 68 93
54 91 106
74 68 68
66 78 93
83 62 87
72 64 80
82 82 87
57 81 71
59 56 100
54 90 97
76 76 69
63 67 94
67 85 83
63 72 83
63 68 73
76 87 71
82 92 69
65 63 100
62 90 73
60 82 79
67 88 86
47 96 98
77 91 96
45 81 95
45 79 81
49 90 66
68 73 92
53 92 95
72 90 84
51 69 82
79 67 89
71 60 86
77 96 88
50 91 85
58 68 83
67 93 80
52 70 97
77 88 74
67 62 85
53 66 104
73 95 75
80 77 92
59 72 78
47 82 96
50 57 86
63 84 75
48 62 80
67 67 86
48 89 93
46 94 66
74 89 96
51 56 90
46 73 73
85 74 67
83 93 76
66 75 87
55 74 104
79 58 90
81 70 77
55 86 69
45 76 85
45 70 86
71 81 90
64 56 104
49 66 100
70 87 103
73 96 101
57 58 98
48 73 76
85 69 105
56 77 102
83 95 72
58 67 95
49 81 70
67 92 94
50 88 97
69 90 85
81 70 72
83 92 74
46 71 83
53 56 103
64 63 69
57 75 75
55 84 72
85 91 77
81 62 88
61 59 104
73 90 102
68 64 92
74 69 68
52 91 104
84 60 91
67 74 79
78 75 74
66 80 91
61 86 86
72 95 91
81 85 87
51 78 72
64 71 90
74 78 90
58 56 74
70 63 92
50 70 101
72 72 87
46 78 66
70 70 104
81 71 89
45 56 92
45 75 73
60 94 80
83 84 106
52 61 97
59 92 94
53 86 66
46 89 71
51 56 101
76 96 91
52 62 103
74 96 73
53 90 90
63 95 77
66 84 76
51 69 105
79 82 101
53 85 75
58 80 103
60 77 83
75 93 77
74 75 74
68 76 94
71 72 69
78 80 94
51 73 68
48 86 104
81 84 86
73 94 98
65 87 87
76 76 76
75 90 76
81 77 91
82 65 67
56 77 93
74 57 87
81 88 67
56 56 79
59 59 68
61 58 72
65 95 95
46 79 97
57 62 98
66 88 67
64 72 67
51 69 86
76 71 77
85 68 79
76 89 87
58 92 97
46 90 77
79 90 101
77 63 106
76 72 96
58 70 104
56 77 81
79 95 69
85 75 106
72 81 90
50 80 72
66 62 67
66 64 101
53 77 90
49 89 79
78 87 97
44 40 57
29 41 54
37 13 40
36 8 44
36 5 49
38 27 38
49 3 34
37 29 74
18 16 36
27 18 39
46 5 35
37 37 46
23 17 74
16 36 42
32 38 41
12 36 41
15 36 50
25 28 72
25 23 64
43 4 35
17 26 58
48 25 36
45 29 40
27 6 48
33 5 61
11 18 49
42 33 72
23 5 54
50 40 73
42 34 47
30 39 49
10 35 55
15 14 50
45 9 64
14 21 41
50 23 42
21 17 71
10 25 68
29 23 74
34 36 48
38 33 53
16 13 71
18 10 54
42 11 64
46 21 39
14 27 51
22 22 62
43 28 34
12 32 74
33 41 46
36 26 48
10 11 46
35 26 37
13 35 58
22 14 52
40 21 47
44 3 48
35 15 48
29 3 73
44 15 60
21 34 38
17 38 66
11 19 38
28 19 40
11 7 35
28 6 60
42 8 59
43 27 50
46 41 60
19 33 39
28 43 45
18 13 47
27 22 52
38 39 69
36 22 57
46 29 44
36 22 42
26 3 50
12 7 49
32 39 67
43 21 62
10 10 72
27 40 46
46 38 70
45 20 40
48 30 63
16 5 61
35 32 51
10 32 34
47 18 65
30 25 46
12 36 38
40 34 55
10 43 39
10 43 35
11 3 58
41 17 34
40 16 68
44 34 50
38 40 54
20 4 58
38 14 36
30 12 48
16 20 41
33 43 39
21 19 59
46 43 56
18 39 73
46 20 73
38 26 54
23 17 69
37 18 36
30 35 62
38 7 48
34 7 65
26 42 38
45 16 57
36 32 61
21 7 51
24 3 44
39 7 36
49 29 70
37 18 63
34 31 47
23 34 62
24 38 64
26 39 62
18 31 53
29 11 48
29 34 35
34 43 41
49 26 47
37 42 44
25 21 50
32 18 66
20 19 35
40 31 50
34 18 58
47 29 66
34 30 53
42 22 59
10 5 53
18 24 68
33 30 56
42 42 46
28 23 46
48 40 61
34 12 44
30 38 74
31 5 44
25 28 69
50 41 59
12 9 52
23 8 50
44 11 71
27 8 57
30 21 57
20 10 34
27 40 58
18 30 62
48 30 45
38 6 54
19 43 36
46 27 50
42 11 53
27 42 63
24 20 59
23 14 38
26 9 54
13 29 57
38 28 45
12 13 53
34 20 63
21 6 67
44 26 48
12 36 66
27 30 60
12 7 61
30 22 67
19 11 63
15 23 54
12 32 38
33 33 44
21 42 68
26 29 58
35 34 61
12 22 71
32 28 65
28 40 72
16 12 54
49 13 73
35 22 59
47 38 49
20 6 74
50 32 69
43 39 70
19 8 38
38 16 44
14 9 51
19 5 56
48 75 17
52 73 35
20 102 6
21 105 4
39 97 22
17 99 38
46 104 4
45 92 15
25 71 31
53 73 11
46 80 9
48 87 28
55 108 12
28 95 6
38 103 28
29 83 31
43 90 26
35 80 21
49 82 18
28 97 -1
37 80 21
25 82 23
24 92 22
35 105 36
56 83 19
45 101 7
26 97 17
39 69 0
33 94 31
39 105 26
32 81 -1
21 82 27
51 71 2
18 71 28
29 80 3
45 89 1
55 94 13
49 75 12
30 69 12
21 73 31
26 104 36
39 98 16
19 75 19
56 102 2
29 93 31
52 71 4
38 105 32
43 100 38
43 104 22
52 84 -1
35 76 5
28 85 21
56 102 6
30 96 -1
29 105 1
42 94 11
19 94 30
42 72 27
46 92 19
26 95 16
18 88 36
17 88 30
27 104 -2
36 102 37
39 70 18
28 104 -1
18 85 7
46 100 21
49 77 23
41 73 7
29 85 34
30 87 18
52 85 26
48 99 22
43 107 2
42 87 28
47 72 29
35 85 2
25 74 14
43 104 11
18 89 24
27 96 26
21 97 -2
39 69 37
23 88 -1
22 95 31
30 91 12
39 71 26
27 96 17
25 97 31
40 100 5
53 103 10
54 84 7
16 87 -2
24 83 34
40 92 21
27 84 29
26 91 29
28 74 11
46 71 2
50 96 13
22 89 31
49 72 5
32 105 11
17 103 27
47 96 32
37 86 19
49 81 25
56 73 30
55 76 0
41 95 21
53 97 11
48 107 23
37 107 0
42 108 24
30 97 35
18 76 21
54 88 33
55 74 3
47 91 29
43 108 7
28 88 26
38 100 33
22 102 15
31 92 27
23 91 -1
22 95 5
32 73 -2
32 90 23
36 82 11
32 78 17
17 79 31
30 83 29
49 104 9
34 70 2
39 71 22
50 86 -1
39 106 1
54 87 -1
42 81 6
33 81 38
56 77 8
33 85 30
17 96 3
46 107 12
31 96 34
31 101 38
17 72 9
30 69 2
42 86 1
46 98 36
55 83 3
24 100 23
19 78 30
39 82 27
17 104 18
20 70 9
50 83 9
46 77 18
20 98 34
43 81 26
27 107 38
51 97 0
16 77 15
44 107 11
41 106 11
26 99 26
29 100 36
27 86 29
17 84 19
22 72 7
54 103 8
28 85 31
44 104 37
49 76 12
36 77 29
39 77 36
21 106 9
47 102 22
46 89 26
31 87 15
31 74 36
20 78 37
46 89 37
34 105 1
28 73 10
33 82 36
51 87 26
35 94 0
56 84 23
16 83 24
37 94 32
43 80 25
35 90 24
43 100 28
51 78 22
56 97 19
46 78 32
35 78 33
33 77 31
78 -2 71
98 20 72
72 10 72
85 -10 57
80 12 45
105 14 52
83 27 64
101 5 63
78 13 64
98 -4 55
93 26 63
72 11 53
103 14 41
77 9 59
79 14 65
73 -11 43
100 25 44
70 -8 73
74 15 58
79 21 64
82 16 65
65 12 45
72 10 67
84 4 55
103 25 72
98 13 67
83 23 46
74 17 52
82 6 74
77 -6 65
77 -6 41
68 1 70
100 20 67
66 -5 69
82 -10 45
81 11 44
80 2 80
88 5 45
67 3 56
102 22 51
87 24 42
76 -8 54
82 17 53
102 4 53
80 11 51
66 -9 65
83 23 63
85 2 72
91 20 53
99 23 46
88 -6 51
87 4 73
104 -13 76
82 -1 79
79 21 71
93 -1 59
90 -3 48
105 18 55
95 20 76
74 15 75
73 -2 68
65 -4 80
75 3 64
97 4 41
104 16 66
81 17 46
91 -1 67
94 23 78
92 -11 78
103 13 54
75 13 78
87 18 81
104 17 43
86 4 60
84 8 66
90 24 44
93 5 52
99 12 41
82 4 61
90 26 73
105 3 78
89 0 43
84 0 58
104 9 56
102 -10 80
92 15 77
67 15 64
98 15 57
97 -12 64
84 -7 52
73 23 60
92 -10 45
103 6 79
105 25 78
81 -1 68
72 18 43
69 0 66
105 -4 80
76 -1 67
65 17 45
65 -10 75
90 10 59
105 -10 76
87 -8 41
101 1 79
102 22 76
95 -3 79
81 11 49
73 24 58
81 22 52
102 20 77
92 -8 76
95 6 69
66 -8 67
87 -3 59
103 9 72
88 3 77
84 23 50
79 3 47
89 27 61
84 -10 48
86 -8 69
75 15 56
95 -2 65
68 19 46
105 -12 70
86 -12 78
100 -13 49
89 8 76
94 0 76
70 26 71
89 26 78
72 -13 53
91 12 46
100 -2 43
90 15 46
75 2 78
69 21 67
70 20 78
66 -5 43
93 16 71
73 10 70
101 -7 62
96 10 67
95 2 63
88 4 66
84 12 74
99 -13 54
95 10 65
77 19 41
92 6 80
74 1 41
68 18 70
70 -5 72
78 3 71
89 12 68
81 26 41
70 25 58
71 20 81
83 3 72
86 8 42
83 0 75
100 12 62
87 17 68
92 27 57
86 -6 71
103 0 47
65 20 68
103 -3 48
103 -13 47
73 -5 44
86 9 46
79 13 64
90 27 81
92 16 80
92 23 74
71 8 66
104 17 49
72 -11 45
73 26 59
80 17 51
72 -8 64
75 23 54
68 16 74
90 12 71
70 26 49
99 15 75
89 -9 42
78 6 60
84 -8 79
99 25 73
94 1 54
72 -11 52
91 16 80
95 25 45
77 27 42
102 -10 79
71 -2 77
66 17 41
103 17 61
50 88 35
60 96 42
52 91 34
40 83 29
48 108 24
35 85 50
48 82 23
60 88 42
68 79 32
67 110 36
31 89 56
34 116 23
58 92 29
52 113 50
44 88 56
67 98 55
35 80 42
44 78 20
69 107 55
41 109 47
40 110 25
57 90 46
60 102 54
56 98 50
59 87 34
33 86 44
54 90 31
60 86 56
35 104 44
69 112 47
67 98 60
37 107 30
30 95 25
55 90 25
69 96 60
57 102 44
49 113 41
56 94 46
44 91 60
61 83 42
46 99 42
67 80 23
45 109 55
68 79 56
57 83 60
30 110 45
67 113 29
30 117 42
35 110 57
35 89 47
49 105 58
62 109 35
57 93 45
65 96 46
46 109 24
49 96 37
45 98 20
37 87 34
40 92 36
53 117 60
42 108 56
63 91 26
30 100 58
55 81 54
63 85 55
68 96 40
48 114 49
36 85 51
39 114 57
37 88 48
69 78 60
66 92 57
37 118 34
68 96 35
38 101 57
47 109 22
63 111 45
53 91 26
40 87 40
55 89 32
35 83 45
61 103 34
45 85 38
50 87 52
39 108 40
57 117 52
57 91 39
61 115 48
49 86 51
53 113 27
30 104 49
55 105 58
37 82 42
67 86 46
40 107 48
60 89 36
30 117 58
52 104 53
51 89 26
66 103 58
39 96 44
32 103 28
33 89 37
70 118 28
52 109 36
56 89 35
60 92 27
33 112 32
70 81 59
49 101 24
64 110 21
30 117 37
41 86 44
33 83 26
31 104 30
46 101 53
35 92 24
66 109 50
32 102 47
36 88 60
50 109 20
38 97 45
48 113 31
54 108 58
54 117 21
47 105 42
48 111 23
60 113 48
65 90 56
40 83 54
52 91 34
49 100 54
48 117 33
67 85 34
35 93 30
45 81 34
63 78 30
42 111 60
37 97 22
60 110 28
66 95 26
55 80 32
51 116 49
64 91 50
63 111 24
53 113 32
67 104 48
39 100 42
67 99 48
47 78 36
57 98 50
43 107 52
59 96 57
42 97 23
55 104 59
66 100 53
69 100 41
46 80 37
45 91 34
69 106 20
33 101 30
47 80 27
47 104 25
48 78 45
30 103 45
54 101 46
64 113 23
52 79 34
51 88 39
63 79 36
47 81 31
40 87 47
68 104 40
60 118 46
63 90 45
50 83 21
46 90 29
59 86 24
60 94 49
50 116 23
52 78 34
30 108 59
62 88 26
50 100 20
50 97 44
49 116 47
40 94 22
44 103 24
60 106 38
49 87 20
53 86 49
34 100 24
51 114 58
35 80 51
31 89 20
49 99 24
58 89 30
63 115 22
43 105 42
35 109 28
24 71 82
19 53 101
20 75 75
36 56 71
36 83 100
30 92 69
16 91 104
17 75 79
43 90 97
39 73 67
16 72 97
40 57 81
40 62 96
30 66 97
21 86 106
7 86 106
42 69 95
33 78 77
6 87 76
46 91 96
17 67 81
41 60 87
20 92 74
25 91 96
31 77 88
37 84 83
23 75 86
37 62 71
15 89 101
10 55 95
35 70 103
20 75 96
8 53 88
27 56 86
26 79 97
34 65 77
31 86 105
30 85 97
34 54 85
9 88 77
20 86 87
20 72 96
6 61 82
8 57 90
20 79 106
19 71 104
39 55 103
13 73 74
43 57 67
39 86 80
34 67 99
29 85 68
46 88 92
13 59 78
42 83 99
8 57 91
26 84 66
25 53 92
6 83 91
23 78 97
40 60 102
34 83 92
24 86 82
46 72 103
44 84 67
31 85 77
29 68 87
25 92 69
20 61 74
24 90 90
6 85 70
45 60 69
40 89 83
31 64 100
10 68 91
17 69 105
17 84 104
19 55 92
31 89 99
13 74 104
6 90 85
28 79 97
30 70 106
46 91 69
31 68 106
32 83 76
15 88 79
45 83 78
28 56 84
19 88 70
30 88 79
27 58 80
40 91 85
17 89 86
43 61 104
9 87 100
41 61 69
12 89 102
20 91 97
22 79 88
24 73 74
42 79 90
13 92 95
41 66 67
24 61 103
39 84 67
13 58 67
18 90 98
21 63 71
38 55 99
27 78 100
23 61 89
41 61 98
9 59 72
36 59 99
18 76 77
22 87 91
41 74 104
21 64 86
44 64 91
43 87 75
45 90 97
44 78 90
42 67 94
19 75 92
30 92 102
45 65 106
24 67 88
22 71 87
38 92 67
12 82 102
12 90 85
29 77 90
19 53 66
43 54 75
9 89 103
39 69 99
22 58 74
12 57 100
33 53 97
32 69 88
30 78 71
21 89 74
38 78 99
13 57 81
44 81 73
21 90 71
42 86 76
16 80 93
45 67 85
23 67 67
12 92 91
10 85 79
45 87 79
12 87 106
37 93 74
19 85 73
23 60 87
32 61 83
22 75 76
14 58 86
10 60 81
33 64 80
44 81 93
12 67 81
9 79 88
31 76 74
16 64 95
16 78 75
36 90 98
7 83 79
35 80 102
27 77 101
42 56 89
15 92 75
30 77 96
6 89 102
9 89 91
33 76 70
6 87 102
28 77 74
23 75 81
14 61 76
23 56 106
41 73 80
12 59 94
14 84 97
13 88 95
27 69 90
32 83 66
9 62 74
36 71 76
10 62 98
13 64 82
37 92 81
10 63 99
40 81 106
23 72 99
10 68 72
43 68 81
97 68 30
108 91 28
102 97 28
96 106 39
87 67 25
106 88 59
69 84 26
105 85 62
101 99 30
105 79 48
72 102 52
107 79 56
79 101 54
74 105 28
70 99 58
69 83 45
109 102 38
93 96 41
79 97 59
104 100 31
90 71 49
109 103 23
74 101 26
97 89 34
85 102 49
81 98 47
71 79 44
102 101 62
77 78 37
96 99 47
87 86 29
70 89 63
98 87 49
77 103 54
87 97 44
72 82 51
69 86 48
78 98 24
83 88 23
97 76 35
103 89 44
99 105 55
91 85 34
83 94 32
95 67 43
71 86 62
77 78 45
93 76 62
70 82 62
109 86 52
88 103 53
78 83 42
88 76 62
74 104 36
85 100 27
106 82 51
99 75 25
91 92 40
94 104 58
101 83 31
75 91 31
82 78 26
84 101 28
97 76 63
74 70 58
75 76 56
78 73 29
99 68 58
85 91 39
103 105 37
83 67 23
92 93 48
100 86 62
83 76 50
91 101 35
87 96 62
77 79 57
74 75 44
100 72 44
101 99 36
96 91 54
92 73 43
101 77 39
85 86 55
86 96 37
93 75 28
91 98 24
88 87 25
93 76 24
84 75 48
103 88 63
87 76 24
105 81 29
85 98 59
100 78 45
99 97 48
80 74 57
91 92 59
87 100 62
94 82 35
99 94 62
107 89 58
98 83 52
88 69 54
76 95 34
79 89 23
72 100 35
70 102 35
87 75 24
90 101 28
109 106 24
104 86 44
72 70 28
77 79 26
94 98 46
71 94 35
101 95 34
90 83 44
105 70 61
85 103 47
84 90 36
83 96 45
103 84 37
103 84 46
69 74 45
100 70 60
98 69 63
106 69 29
91 86 41
72 78 55
71 96 47
104 77 45
96 103 53
99 79 28
70 90 52
74 71 53
77 102 44
98 67 47
75 80 35
103 68 34
102 76 37
74 95 47
73 96 57
76 79 35
89 98 40
84 76 55
80 93 39
102 93 53
87 83 63
85 78 49
98 84 47
77 84 53
93 69 42
95 68 61
79 89 29
72 79 55
86 70 44
77 68 55
99 68 39
90 70 40
81 75 44
107 100 32
69 103 34
88 104 28
107 101 45
69 67 40
78 94 52
69 76 30
108 84 36
74 80 44
92 103 43
69 96 60
103 71 61
77 76 41
92 71 60
109 71 43
92 67 51
106 92 44
86 68 35
97 84 47
73 89 32
92 77 23
90 88 55
102 89 50
83 75 31
86 74 60
107 79 59
70 71 30
75 81 63
72 68 40
75 76 34
108 107 44
102 93 45
87 91 56
90 67 27
83 97 63
102 103 37
90 100 31
90 78 25
73 81 40
36 48 -20
30 27 20
42 21 -19
42 15 8
21 35 4
10 27 -18
15 33 0
20 20 -11
12 40 -3
21 32 -4
28 17 -9
16 52 10
36 20 -17
33 41 -20
30 37 -16
10 43 12
47 12 -8
12 18 10
14 42 -5
27 44 5
28 38 18
39 41 11
38 40 -20
27 37 7
11 29 1
26 25 -17
18 34 3
22 24 8
47 12 -4
48 38 3
48 40 -9
19 39 10
26 21 -12
24 15 -2
18 36 -8
28 17 2
10 34 0
47 24 -20
25 18 18
33 44 3
9 47 12
44 38 -16
15 34 -13
49 25 15
22 17 3
41 32 -4
27 24 5
29 24 16
24 20 -5
42 25 -8
39 40 17
22 37 -6
21 40 0
12 48 -9
37 32 6
12 12 -3
9 45 13
49 43 -5
29 26 -10
16 30 -18
16 24 -13
40 48 -19
33 51 -9
28 52 -3
27 50 18
45 46 6
41 49 18
38 33 -12
46 40 8
28 33 -19
17 51 20
39 39 15
44 48 -3
33 30 -17
24 49 10
29 45 5
14 18 -7
23 50 -8
24 49 13
13 42 15
18 14 -1
26 21 -1
42 27 8
26 36 -12
32 27 -8
15 25 6
44 39 -18
14 26 -4
48 46 7
15 51 13
36 41 7
31 16 4
14 30 -20
32 19 1
16 35 -9
16 32 -11
36 24 9
43 36 -18
20 52 10
42 50 7
11 33 14
16 39 -8
28 37 2
32 24 5
11 40 9
32 36 -16
37 23 -3
9 16 11
45 34 -8
12 51 -4
18 41 -10
44 27 17
48 41 4
27 12 10
25 37 -16
32 21 -3
35 21 -8
11 19 -15
36 25 -16
17 14 -19
23 18 -10
34 30 -10
17 25 -11
25 13 20
15 27 -20
23 16 5
19 28 -17
31 21 12
43 14 2
33 29 -16
37 27 16
46 31 -11
15 45 -15
38 34 3
26 52 -19
25 49 8
22 34 -13
36 37 -7
48 43 -11
41 29 -14
46 18 -1
31 36 0
40 28 -16
32 21 6
32 40 0
15 30 -9
19 18 -3
30 14 -2
35 12 -6
45 17 -8
20 38 15
44 17 -12
47 43 -11
13 32 12
49 25 8
27 32 -9
16 24 -3
23 20 6
27 12 -20
37 15 20
26 40 7
23 48 0
46 39 3
36 17 -11
11 15 6
37 46 -18
19 52 18
14 20 12
20 52 -19
46 14 -14
44 26 0
17 25 14
26 52 18
33 45 -17
40 49 11
11 29 -17
21 37 1
21 24 -2
49 19 6
36 37 -18
28 41 2
35 38 -12
9 50 -14
39 34 -17
45 16 -9
15 18 -12
12 32 8
28 47 19
36 26 -19
24 43 15
11 18 3
35 47 4
29 45 -1
41 28 2
26 50 -19
42 46 0
49 17 -1
48 26 -5
33 14 9
37 18 -3
17 26 33
24 16 30
53 2 2
42 20 -1
25 22 4
19 25 12
24 22 4
54 9 16
36 27 15
40 8 13
30 -11 11
22 -11 35
42 15 11
21 21 18
18 16 14
33 4 4
54 -11 33
29 17 28
35 17 32
24 16 -1
49 -9 38
50 0 15
21 14 11
29 -2 0
23 -5 7
17 -1 18
21 1 23
41 -5 -2
49 -7 14
27 28 24
34 6 24
18 28 0
36 -7 -2
40 10 12
45 21 14
43 -6 23
31 13 5
19 -8 33
31 14 32
31 22 5
51 -2 20
30 19 29
22 17 15
51 -10 2
51 13 24
46 13 23
17 2 36
30 14 17
40 13 7
35 -11 15
53 18 3
41 19 0
19 0 23
24 13 20
16 8 11
38 8 21
44 22 5
53 -1 4
25 27 31
27 11 35
24 13 0
53 22 31
49 0 4
30 19 -1
15 -1 35
17 -6 6
49 -11 0
31 -7 16
29 -3 9
42 16 14
48 7 29
43 -6 -2
39 -10 14
31 11 38
34 3 9
20 25 25
48 -4 11
46 14 16
34 28 28
26 23 24
34 20 9
54 22 28
26 20 26
47 -3 16
31 15 30
55 27 23
18 0 4
25 17 8
17 15 36
44 -11 8
35 20 12
47 22 15
46 27 34
52 6 37
23 6 29
45 1 28
21 12 17
25 -4 32
43 -6 9
40 12 25
50 20 5
35 1 14
32 16 22
17 -3 1
20 24 29
39 -6 22
40 -3 14
31 11 14
31 7 28
30 24 6
39 1 15
51 3 18
31 12 17
20 22 1
22 19 17
40 -3 38
26 21 7
31 19 4
26 6 29
43 27 31
30 24 21
44 14 30
35 -9 23
37 28 14
15 8 5
39 3 14
46 26 17
30 15 37
23 0 3
46 7 -1
55 -9 33
44 -11 35
22 8 7
55 16 37
28 21 6
36 15 26
15 2 27
53 -8 36
35 24 6
53 27 4
15 1 11
45 4 9
34 -11 17
36 -1 12
42 17 14
31 -12 2
35 25 -1
17 12 3
25 14 26
46 -6 30
54 9 7
44 -11 23
45 22 27
20 1 38
54 -1 36
38 0 26
26 18 13
16 9 9
55 12 14
41 -10 32
17 3 3
42 6 0
48 0 33
48 3 14
38 1 18
55 -4 20
31 10 11
38 11 9
31 1 33
53 14 10
26 -2 26
37 10 17
51 16 31
24 7 32
35 20 6
54 16 29
44 -11 11
55 16 30
20 14 35
43 6 8
29 16 2
52 0 18
25 24 9
51 -3 17
39 11 29
17 -10 -1
43 -6 4
22 8 7
41 10 13
24 25 18
23 -10 1
38 26 17
28 -10 37
19 22 15
53 22 9
47 25 19
25 25 18
48 -6 10
21 4 34
36 -6 15
