74 95 34
81 106 21
90 97 43
80 88 36
101 82 30
70 84 39
68 79 28
79 110 45
70 111 33
91 105 21
75 106 24
98 86 55
84 107 51
98 91 53
101 92 40
63 95 24
75 104 23
99 93 21
78 93 44
79 113 43
99 79 37
74 93 37
95 101 24
81 96 27
71 78 36
71 84 52
99 84 53
92 82 40
92 101 48
83 84 35
88 116 39
81 78 27
63 87 51
76 105 45
94 115 21
101 87 43
101 113 47
91 94 33
67 106 51
65 110 44
27 41 45
32 43 49
20 34 33
19 51 40
25 32 50
50 24 51
32 42 50
25 33 44
46 42 50
45 36 55
18 47 41
27 33 41
15 28 37
32 46 48
13 52 31
38 36 34
36 23 60
38 40 45
21 30 51
47 38 41
42 36 48
45 50 43
15 33 35
27 28 58
25 31 49
43 26 49
35 28 42
20 34 32
31 43 32
29 31 35
32 21 53
16 50 38
49 22 44
50 50 57
12 23 42
12 36 58
18 22 41
31 47 31
49 38 32
17 33 32
27 80 54
36 94 58
41 104 37
61 95 57
37 85 33
64 96 36
50 104 55
51 82 63
64 88 67
46 101 37
40 107 39
35 115 39
35 107 44
51 81 44
33 99 67
54 112 37
50 99 48
25 88 65
46 88 52
49 112 38
58 82 43
59 117 67
41 119 65
65 91 30
31 114 36
28 80 37
57 106 70
55 101 58
35 82 66
57 91 46
60 91 50
33 94 34
58 91 52
36 102 48
49 80 39
64 103 33
57 91 59
48 90 58
30 88 48
33 80 36
78 8 29
87 37 30
77 21 9
82 37 46
87 47 39
56 7 37
75 45 21
66 15 25
61 25 45
88 12 34
62 40 31
76 45 37
71 9 24
63 46 18
78 7 22
90 13 45
58 14 47
53 27 14
66 27 41
54 13 20
84 22 11
58 28 29
77 37 15
62 11 27
80 9 24
54 47 27
54 15 19
63 36 23
84 45 16
93 24 36
58 32 15
65 42 29
79 11 39
59 20 28
55 10 44
60 33 23
60 15 35
86 22 42
86 7 21
81 42 44
70 78 83
70 72 89
56 59 87
51 93 74
44 58 64
47 75 71
68 73 66
58 59 86
43 82 56
73 88 89
55 88 73
44 90 52
77 54 87
60 83 80
69 59 73
47 59 70
75 73 79
81 71 66
71 88 52
63 62 52
51 64 70
75 59 80
53 59 72
78 55 63
60 87 58
76 60 82
53 82 75
61 74 86
68 54 55
81 68 52
51 61 92
62 60 92
61 60 70
63 79 92
71 62 59
58 69 71
52 84 79
63 59 71
69 68 77
65 57 74
27 70 56
22 69 76
-11 69 63
18 60 69
23 75 81
-2 90 56
-2 55 61
17 94 45
2 81 76
-9 86 42
2 87 80
28 92 72
4 63 70
-7 60 42
9 72 75
17 73 46
10 91 46
10 62 72
20 60 71
18 90 41
26 83 72
-12 62 58
2 94 63
19 66 47
24 84 73
25 60 43
7 69 49
6 64 51
6 63 81
15 86 58
-5 58 55
20 86 64
23 68 55
-7 54 42
10 59 58
23 67 72
-1 58 78
-9 80 44
22 74 68
12 65 51
21 36 57
59 58 61
47 51 51
53 61 48
52 48 62
54 46 62
60 52 54
50 43 52
20 59 70
42 28 55
26 32 82
59 56 72
54 58 60
31 32 56
40 37 52
36 39 59
58 46 70
58 57 72
37 35 46
22 52 73
42 45 81
50 35 82
23 47 71
59 40 70
48 46 65
36 37 83
48 36 74
45 68 77
48 47 56
20 65 63
38 33 66
55 59 50
50 63 61
33 59 52
33 39 58
50 62 73
51 64 64
44 28 50
45 67 54
21 40 79
73 77 95
96 54 105
97 81 84
88 74 105
83 77 102
103 52 95
69 61 90
94 78 82
77 82 86
101 84 106
87 71 107
106 78 90
99 63 103
87 83 86
103 71 84
91 53 112
80 83 80
89 57 82
86 68 93
82 66 101
106 70 103
85 65 98
92 49 79
99 86 100
74 81 102
89 86 103
84 66 96
90 63 98
86 54 105
104 74 92
84 48 108
75 61 93
75 85 101
89 69 115
74 83 114
66 57 89
81 65 77
106 66 88
79 86 79
90 65 110
29 108 95
29 110 64
27 97 79
47 94 75
49 92 69
44 108 88
21 77 97
52 80 101
50 94 98
46 77 89
45 101 95
16 106 65
39 98 100
48 112 83
39 93 84
34 84 64
31 78 74
26 97 70
45 81 65
26 108 80
20 102 93
49 109 69
41 88 65
21 91 75
18 99 93
40 110 85
46 90 94
41 107 63
39 73 85
22 76 86
34 87 77
17 74 61
52 103 96
16 83 72
44 89 73
17 93 65
19 91 94
27 83 61
47 107 62
29 86 93
21 61 38
28 50 37
38 35 37
27 39 40
26 61 23
21 61 15
37 44 29
43 31 21
15 66 32
22 50 26
19 55 14
15 56 18
33 67 35
35 56 17
29 39 53
43 34 54
25 31 26
31 67 21
18 47 45
47 48 39
48 51 33
29 52 20
28 59 30
41 45 28
14 64 49
19 34 21
18 37 51
21 63 21
23 49 17
30 31 38
42 45 40
35 43 20
39 53 54
31 33 47
29 65 38
35 65 46
20 57 20
18 34 14
26 48 45
50 67 31
82 45 84
66 56 90
76 76 63
62 55 64
89 50 63
91 60 82
65 69 90
91 70 55
67 52 59
94 68 73
96 53 52
88 56 78
66 67 58
74 71 64
71 61 73
65 79 67
84 56 58
91 79 92
84 53 54
71 63 88
88 78 58
88 56 61
96 40 61
80 57 77
60 54 54
56 48 65
78 61 86
79 74 81
92 59 79
81 49 86
79 66 88
69 71 79
84 62 64
84 48 82
96 64 83
62 73 59
80 39 77
77 62 60
83 51 66
64 43 89
0 -1 20
-5 18 -9
-9 29 11
19 -5 25
-1 -6 11
25 10 -3
24 7 -2
-13 1 1
21 21 26
-3 13 15
9 32 25
-9 7 -11
10 32 7
14 29 22
-7 29 -14
10 32 21
17 11 20
13 -3 1
13 28 -11
24 -2 4
-14 32 -4
-7 25 22
3 8 -14
-2 33 -10
13 26 0
14 11 -3
-7 27 13
-13 0 13
16 10 21
-4 9 -2
5 -4 15
8 30 22
-2 5 24
21 -3 4
8 -3 13
25 6 -5
-8 11 -5
4 5 8
-8 28 24
8 7 16
54 78 -16
58 81 12
51 76 11
80 77 -13
80 94 -1
68 80 7
90 98 -9
70 79 -3
82 95 17
68 64 -16
91 69 14
68 70 -16
69 62 11
59 63 -4
54 100 11
88 69 -1
57 69 -4
55 82 -15
52 83 2
91 95 -11
52 65 20
75 62 16
90 69 -1
70 99 21
70 69 -7
64 61 -1
87 86 10
67 65 11
60 101 -16
68 68 -7
62 89 7
91 65 -4
81 67 3
84 98 9
60 76 -13
63 89 2
82 68 -8
88 76 6
61 69 15
53 80 -14
103 0 0
78 16 -9
106 26 13
95 11 -8
93 15 10
93 2 16
92 31 -11
72 11 6
78 21 14
68 -2 2
96 12 -12
95 37 2
83 37 -1
104 9 -19
78 14 19
87 6 13
106 28 18
81 7 -13
87 24 1
73 10 9
80 0 -4
83 -1 14
101 14 -8
96 37 12
79 32 -4
84 6 8
108 24 10
104 6 -12
79 19 -13
78 1 0
85 22 3
87 35 17
108 13 8
87 15 -11
88 37 -6
79 7 1
99 28 12
76 31 2
94 11 -14
73 38 20
97 25 -9
93 35 19
73 37 11
98 20 24
64 11 18
90 20 30
98 25 22
99 44 22
84 22 13
63 40 -2
71 4 19
71 15 9
90 23 11
70 23 19
86 17 8
89 16 1
100 28 -3
89 14 30
99 30 7
100 40 19
86 6 21
70 42 9
97 8 28
62 8 -9
89 22 18
73 32 26
100 10 -2
93 44 0
99 30 18
91 26 28
67 6 -8
80 14 0
97 10 24
90 16 1
67 36 28
62 8 20
62 26 12
98 22 8
70 39 25
67 40 5
31 30 69
54 25 69
57 37 102
40 49 85
21 43 71
44 30 73
42 49 79
35 49 72
53 40 86
33 57 90
24 30 78
41 40 104
52 35 83
50 36 87
48 29 93
53 54 74
40 45 75
26 37 100
56 43 103
52 23 104
23 56 80
21 43 83
49 29 106
26 46 82
22 50 104
40 38 85
21 43 92
58 39 104
59 51 81
25 60 77
39 56 95
34 41 105
33 30 70
28 23 98
46 50 85
21 52 81
54 45 107
38 35 101
59 38 92
30 35 97
92 69 35
96 57 45
77 55 38
85 59 13
72 55 5
72 65 18
101 78 35
70 78 34
103 66 6
66 59 30
75 68 18
98 66 40
88 55 19
75 75 35
103 87 20
87 62 16
77 76 17
96 74 7
94 55 14
92 80 44
98 67 42
102 82 45
92 81 45
79 77 28
89 82 18
100 76 38
101 58 8
95 92 22
82 94 18
95 55 21
72 56 30
68 94 41
101 62 43
72 63 44
70 56 42
104 93 22
95 85 27
69 63 8
75 84 16
72 89 29
84 51 101
84 56 77
91 45 114
81 22 115
96 47 99
71 29 91
76 47 106
99 44 91
90 23 116
100 57 79
70 20 105
63 36 84
67 54 81
80 42 100
91 28 99
70 28 98
64 51 95
88 33 93
82 25 79
86 23 108
76 41 77
80 22 99
72 22 115
100 48 85
73 42 83
92 55 113
97 25 82
94 41 100
68 48 88
98 37 83
82 45 111
66 41 104
93 27 93
88 21 96
100 57 114
82 23 93
98 32 110
90 22 101
93 36 103
81 23 89
22 79 85
45 52 109
31 49 110
38 65 92
23 51 99
58 75 116
39 84 79
43 66 90
43 48 79
36 82 91
30 69 108
47 49 100
47 73 114
48 85 105
37 61 78
25 80 98
26 56 81
41 82 104
56 73 82
47 48 79
23 56 79
45 69 94
32 72 93
23 81 90
30 79 109
51 65 93
45 56 107
31 82 108
23 76 108
22 76 81
28 83 89
59 80 79
33 74 92
49 66 90
55 76 82
37 82 99
31 79 89
59 85 81
55 49 91
21 73 98
28 89 -9
-5 67 8
0 60 -2
2 75 19
23 68 2
32 67 27
11 77 10
6 64 9
25 75 4
9 84 3
13 80 18
24 83 22
-3 89 -1
4 74 14
28 52 -12
30 70 -6
24 70 1
3 76 21
22 56 26
14 57 2
14 59 23
28 67 20
16 62 -4
32 63 9
22 66 8
21 77 22
9 59 14
3 60 -3
18 65 25
-1 86 -8
24 67 11
26 71 22
-5 53 1
-6 76 15
0 88 20
8 83 -2
34 61 13
20 57 17
23 80 15
6 88 -12
107 12 29
118 22 23
114 18 15
114 31 20
100 23 37
108 34 21
116 16 18
96 41 35
80 12 3
94 22 12
80 13 23
88 36 29
106 16 26
104 36 15
91 11 33
92 9 13
98 40 2
90 39 21
106 18 24
100 39 36
110 33 13
119 25 10
80 21 4
117 11 8
79 16 18
108 6 22
104 40 16
103 6 4
104 39 22
87 11 11
94 20 36
97 39 4
119 41 18
85 39 20
112 26 22
117 12 7
108 35 18
100 35 2
97 24 0
100 7 14
-8 101 84
7 112 84
-5 78 78
5 102 89
8 110 102
-3 81 85
17 82 75
-14 86 89
18 77 99
-6 105 81
19 103 108
-10 94 98
14 74 91
18 101 107
1 93 102
18 95 85
23 80 91
13 103 78
-10 110 107
-4 107 79
-7 78 85
-1 108 97
20 105 81
-9 97 84
-12 96 90
21 94 100
3 90 105
12 113 82
-8 103 72
3 97 97
5 99 108
-17 81 87
-14 81 81
18 74 107
17 106 71
1 102 99
18 77 76
-14 91 99
4 102 100
7 90 105
42 107 19
40 106 1
55 91 28
30 110 24
32 81 18
54 78 -2
51 89 -2
40 82 19
54 111 -6
40 96 5
49 115 19
41 116 22
45 89 19
47 112 -8
58 94 11
43 81 26
31 113 29
55 101 12
30 83 2
37 97 -4
47 98 17
22 78 28
53 104 17
55 86 24
25 113 16
49 108 29
55 102 13
39 116 23
31 76 25
54 103 25
56 79 10
37 111 16
45 96 3
39 101 15
39 97 14
32 102 -7
58 80 -6
45 107 13
37 97 4
47 91 4
21 70 2
8 93 -5
22 96 4
9 82 -8
17 96 4
13 84 11
40 92 25
20 86 24
4 83 29
32 76 24
17 64 30
11 65 1
8 91 26
40 88 17
34 70 22
36 100 12
39 79 10
22 103 7
26 85 31
14 82 17
35 81 -8
25 82 23
7 66 11
3 91 16
9 68 17
15 66 22
19 84 -4
15 70 7
14 89 27
19 94 22
31 72 9
35 73 11
9 102 -6
14 97 12
10 76 31
21 101 -3
13 101 18
2 91 2
36 80 30
19 96 4
104 -12 13
103 -7 1
81 -14 -6
115 7 8
100 2 -19
116 7 -3
104 17 20
116 21 0
107 -9 -17
117 -2 20
93 -14 19
112 8 18
97 9 -2
84 12 -6
116 18 5
90 8 -16
113 1 10
106 -5 -5
91 4 -11
101 15 -2
85 5 -9
118 1 15
95 -9 -14
101 19 15
80 -14 21
109 19 -3
115 -5 6
80 11 -5
99 0 -3
86 -10 -15
80 -7 16
111 13 -2
101 23 -11
116 -17 9
110 14 1
85 23 13
115 20 3
93 -6 16
94 -14 1
119 0 2
90 74 69
92 80 48
83 52 67
58 81 33
67 75 67
58 62 38
77 45 71
67 74 38
75 57 53
81 64 66
79 83 35
97 47 48
69 49 49
76 52 65
83 80 43
60 67 71
74 50 51
84 54 53
74 70 69
57 75 40
71 60 57
58 65 53
63 79 62
71 50 50
66 50 66
79 82 63
77 67 48
95 56 54
84 80 33
78 54 52
85 45 60
71 72 34
67 49 59
85 46 51
64 59 51
75 59 40
73 45 73
73 47 39
92 67 66
60 72 39
86 9 24
87 33 19
82 17 9
49 16 35
83 33 5
51 8 38
57 13 32
59 34 30
83 12 39
59 25 11
80 38 24
86 10 32
84 30 33
64 20 14
71 38 8
86 27 26
74 37 35
49 44 29
78 43 6
84 7 5
49 40 10
49 33 8
50 34 12
82 27 15
76 20 9
72 12 4
56 7 38
71 29 3
86 14 20
80 8 17
61 20 30
57 9 41
68 21 11
85 18 29
83 34 5
48 10 3
67 29 40
68 19 13
85 11 39
85 15 32
79 58 5
83 37 26
82 70 8
71 58 7
90 62 33
110 37 29
103 40 26
82 39 27
92 65 24
82 55 32
80 65 14
107 41 8
110 72 11
87 45 31
111 43 34
96 58 20
111 36 27
103 73 3
100 51 12
101 42 33
90 60 32
90 63 9
73 69 10
111 39 13
103 53 4
94 61 3
105 37 9
77 50 20
87 61 16
72 55 35
74 38 26
93 61 14
86 43 18
103 67 14
104 41 42
111 57 16
81 64 7
110 39 14
102 43 38
84 34 9
89 15 83
93 27 84
112 19 75
103 14 99
108 4 106
75 21 94
84 32 79
95 1 100
74 17 90
108 19 77
109 32 97
101 14 71
96 9 101
82 2 81
114 12 85
80 8 80
88 32 104
108 32 95
110 34 101
82 18 79
78 9 102
78 29 93
77 4 98
94 35 71
110 25 83
100 6 98
114 18 92
107 3 84
104 35 82
98 8 83
107 29 76
103 16 95
89 12 76
100 29 74
86 18 75
79 29 76
84 36 94
100 22 88
82 30 97
95 12 91
46 59 44
53 68 80
75 43 55
77 57 69
60 71 60
70 45 67
43 47 84
45 63 51
41 58 51
48 48 84
68 68 57
53 72 76
48 65 73
51 65 68
51 60 83
79 71 77
63 70 60
49 60 63
73 56 57
61 50 68
59 80 50
52 54 64
78 74 71
49 50 48
54 79 48
52 80 54
56 48 51
58 58 76
65 65 61
55 49 83
62 53 75
64 78 59
75 67 78
39 64 56
54 60 68
68 79 49
55 74 84
67 54 58
49 74 81
46 52 67
5 48 4
-5 47 26
19 40 5
0 32 9
16 39 8
23 38 20
10 43 5
-10 34 -2
-13 30 31
-6 35 11
12 51 2
-8 43 18
8 33 19
15 66 14
-7 65 20
5 40 7
14 45 23
7 55 5
-3 45 24
20 57 7
-11 69 14
-5 68 25
25 30 24
20 69 35
11 57 16
3 61 22
-3 30 21
26 69 34
-6 55 35
11 47 16
-1 43 25
6 30 27
-13 32 -4
5 66 4
12 37 6
3 59 33
3 52 9
4 53 -4
4 63 8
13 58 -3
70 0 4
84 20 -7
85 -1 8
66 1 -13
72 -5 1
84 -1 1
87 -2 22
71 -8 9
60 -4 12
69 24 21
60 24 17
71 25 -1
84 27 21
62 -7 12
72 24 14
57 28 0
76 7 5
87 26 -5
70 -3 -16
57 -2 0
72 20 23
72 21 -2
73 1 11
78 6 21
62 5 1
58 21 7
81 1 6
90 3 -3
67 -3 16
57 2 -15
51 5 -11
75 -3 7
67 28 13
58 23 12
64 3 -9
63 18 -7
84 9 11
89 7 13
66 7 -2
59 -8 -5
41 87 41
35 60 43
52 84 43
53 75 80
54 66 53
31 73 47
35 69 46
26 62 65
50 63 79
47 95 67
57 77 65
47 72 55
48 66 72
50 91 65
61 80 64
24 82 79
30 85 78
59 67 68
46 78 71
33 77 62
51 86 66
27 75 52
34 93 55
49 97 51
42 95 62
32 77 55
27 79 42
47 65 58
63 82 51
57 88 44
61 58 57
63 77 76
50 85 75
30 66 75
43 92 67
41 89 60
40 59 63
27 57 50
52 91 75
48 86 50
46 74 24
21 93 11
24 86 33
44 82 34
31 90 36
52 81 22
24 70 13
33 69 18
26 92 25
27 92 44
31 106 30
29 86 37
35 91 7
29 76 27
46 76 13
23 93 7
29 70 31
30 97 39
43 102 19
29 85 35
37 106 31
44 84 42
43 94 35
42 102 11
51 86 30
33 97 11
23 105 21
33 76 33
48 93 15
41 100 9
53 94 17
26 100 14
24 88 17
46 84 31
48 69 13
50 77 45
52 80 5
23 97 37
34 96 6
22 71 38
9 61 101
14 49 74
10 42 71
23 33 82
23 59 94
11 57 82
15 37 78
36 47 99
28 58 98
31 56 81
36 50 85
40 39 91
35 42 80
34 45 72
14 30 99
10 63 92
37 44 81
7 65 70
17 43 89
16 68 80
45 38 93
39 36 85
16 31 81
12 43 74
24 37 70
15 58 68
18 49 98
15 30 89
46 58 74
42 56 101
11 61 96
15 50 89
19 61 80
44 35 81
43 29 81
14 64 90
11 36 101
29 56 84
12 37 107
27 59 107
52 82 50
71 94 16
52 101 51
90 110 47
68 85 26
54 99 52
52 106 47
74 97 36
52 100 42
61 108 28
78 98 31
52 116 28
86 104 21
51 112 25
72 116 18
76 90 29
59 85 40
82 110 38
86 105 19
77 113 40
82 114 19
61 89 21
79 120 21
69 105 15
72 105 38
67 105 42
73 98 23
84 108 55
75 94 54
56 80 26
78 116 49
80 96 47
55 91 31
68 94 25
56 101 21
86 115 17
52 107 26
71 95 43
76 94 30
85 95 23
-7 65 7
5 43 -4
1 50 23
-3 67 21
-10 53 6
6 44 25
4 61 4
18 58 -10
26 70 -4
18 59 7
12 51 16
22 59 22
15 37 6
-6 70 10
-8 44 -7
-8 42 2
4 69 13
-9 36 19
11 47 7
23 56 -12
10 61 -2
-12 42 0
20 56 -6
5 72 19
1 53 -14
14 43 -8
1 41 -12
-2 54 24
-5 36 14
19 39 15
16 62 -8
6 36 10
21 69 -4
-1 54 8
-1 36 -9
-10 44 -12
7 58 15
4 63 -8
-5 37 -1
26 34 23
1 95 8
24 95 24
19 73 19
33 83 23
10 74 7
19 68 10
11 66 11
32 96 -4
13 76 36
28 92 18
6 79 -4
21 66 4
23 96 8
10 71 18
14 85 27
20 89 8
29 72 19
4 95 1
30 94 15
12 98 29
38 98 35
27 78 -2
37 94 -4
13 67 -4
21 70 12
15 74 4
25 95 18
14 91 22
39 88 4
20 79 10
26 92 -3
22 67 3
38 69 23
38 88 6
39 86 -3
25 78 -1
20 100 30
14 66 2
30 87 35
34 85 30
41 17 -5
16 11 -4
42 23 4
15 19 -2
14 24 31
38 21 17
29 29 31
32 28 10
25 23 16
24 9 7
28 9 -9
42 39 14
23 34 12
15 9 29
38 4 23
23 34 23
38 34 29
24 27 31
30 7 -7
27 10 -2
12 34 27
18 8 15
39 17 14
37 42 16
19 2 -8
7 37 8
28 42 12
38 41 -4
24 23 19
24 25 1
27 21 15
34 36 11
22 18 2
34 42 -3
30 28 23
3 26 -5
15 20 -9
15 27 18
10 28 -9
14 23 6
4 33 33
9 37 55
-5 29 50
-3 15 58
30 46 54
5 25 46
16 11 53
2 48 51
8 22 47
-3 27 70
1 45 65
33 41 68
-7 26 35
13 9 31
19 47 68
-3 13 65
32 17 52
-6 33 63
3 42 60
-7 24 63
0 33 58
11 42 70
4 26 45
12 23 42
27 27 48
30 43 58
21 28 56
-7 41 71
28 19 33
11 42 56
0 36 41
20 25 50
7 28 34
29 38 36
-6 45 70
18 26 60
4 43 33
18 21 34
33 46 37
-5 30 37
45 64 8
23 38 33
38 67 36
44 43 31
28 58 14
25 73 32
30 69 41
26 48 29
41 44 12
28 64 24
52 67 28
38 50 23
39 70 13
19 58 13
40 70 31
39 55 35
29 63 18
19 59 12
14 64 32
19 70 31
35 57 10
13 50 48
14 44 13
51 46 37
38 38 9
13 63 38
23 74 32
15 71 9
49 68 28
19 69 29
42 44 11
37 61 39
50 67 35
33 38 32
26 68 21
25 41 17
32 47 21
33 75 31
26 73 13
28 61 37
-6 47 -4
8 35 23
5 20 32
-3 43 25
-1 19 1
-9 50 -3
19 54 20
0 47 20
11 30 12
8 32 -5
11 42 13
22 15 -5
-9 34 0
-7 36 -1
7 43 25
16 18 -3
27 50 -6
1 55 5
16 18 -3
-10 48 25
4 49 30
5 52 0
13 19 -3
-8 27 7
10 27 -1
17 35 11
-12 15 30
24 17 22
2 46 1
14 31 15
-12 17 -6
14 48 -3
9 26 21
-1 47 -3
0 51 5
-5 19 20
22 16 1
16 18 10
-1 49 18
0 35 -6
21 13 101
7 7 103
9 -8 80
44 -13 76
4 -5 68
19 23 89
16 -4 91
21 9 73
19 0 81
28 -10 94
43 -10 68
6 -9 105
9 6 88
14 -17 86
36 6 95
17 3 103
22 18 99
19 6 68
20 -2 66
42 -16 94
6 19 78
42 4 98
28 18 79
33 -2 99
27 20 92
34 7 91
4 9 103
22 8 77
13 -2 97
4 -4 80
44 -15 101
9 20 89
31 20 103
6 -2 65
30 6 83
25 -17 85
33 17 101
5 -2 71
12 7 77
31 -5 83
32 36 68
6 46 54
19 21 43
22 34 47
39 24 66
32 22 39
38 17 60
18 38 46
11 24 55
5 25 52
22 50 65
21 22 68
17 35 67
24 44 55
7 48 57
30 46 52
31 30 32
26 33 68
16 23 61
26 28 47
17 44 39
33 37 61
34 22 69
28 29 39
27 44 47
6 47 45
38 39 37
27 21 43
15 50 34
4 21 52
32 24 47
10 48 39
21 28 51
36 51 39
37 40 39
41 52 31
26 55 62
30 22 47
39 24 31
28 37 41
79 83 6
74 71 24
46 89 24
47 71 36
51 84 10
51 67 15
48 68 31
67 90 45
67 61 28
70 74 37
64 67 25
69 92 24
85 61 40
47 70 28
79 64 21
70 72 11
57 78 22
79 88 30
57 77 30
56 66 17
70 60 19
85 87 31
81 74 26
49 64 20
46 60 6
58 75 8
58 84 30
84 64 5
58 91 21
54 92 27
79 64 38
82 68 24
80 92 12
56 80 44
51 58 8
50 65 29
86 93 26
77 63 27
64 87 9
49 89 13
65 4 15
69 -1 35
52 12 7
74 15 39
70 21 34
62 23 34
59 -1 11
76 -7 21
58 20 29
83 25 38
52 1 7
61 -6 19
75 -13 8
52 -11 39
84 20 29
49 4 13
79 -4 24
60 22 38
73 14 45
70 -7 44
75 1 34
80 21 31
51 6 9
77 6 13
69 11 33
55 -13 42
61 6 17
70 5 17
69 6 40
61 -14 11
70 11 7
62 -5 14
86 -4 44
77 19 29
83 9 30
70 0 6
84 22 27
84 21 6
70 6 31
57 12 25
6 71 107
-5 42 72
19 45 88
-17 63 83
8 63 85
12 58 97
-5 60 86
-3 38 89
-1 72 80
15 60 110
18 67 111
20 58 73
5 40 76
-20 58 84
9 61 100
-13 45 93
15 48 99
7 63 71
9 60 103
19 46 77
-8 50 87
11 38 90
2 48 107
-9 64 110
12 49 107
19 35 105
-17 41 109
3 70 90
-7 36 82
4 63 89
2 68 93
-4 36 72
6 63 96
-8 72 79
-3 60 85
-3 75 79
-4 48 97
10 50 83
17 58 83
-8 40 101
31 68 16
48 75 3
18 84 35
50 77 35
46 62 35
27 86 3
35 66 30
19 74 27
25 83 35
34 89 21
20 58 25
47 77 16
48 72 30
37 66 35
39 78 8
35 53 32
46 67 17
58 91 5
41 60 10
45 65 13
50 65 2
22 70 18
44 68 37
49 87 7
28 74 23
54 79 19
32 79 28
47 92 11
34 58 21
28 53 2
52 79 10
56 76 19
22 62 32
46 68 5
47 87 31
40 64 40
49 73 6
53 58 29
33 65 2
43 83 38
32 54 56
29 75 52
21 59 58
6 63 60
22 68 50
17 45 79
41 67 65
25 72 50
37 63 53
36 57 65
13 46 77
6 69 72
44 62 49
34 57 54
8 63 58
24 55 58
28 73 76
22 36 41
29 53 56
16 44 50
22 62 58
13 70 54
17 56 43
14 53 46
37 39 62
43 74 79
16 69 68
34 44 70
34 42 45
43 68 45
7 71 39
25 69 42
36 75 47
34 71 64
15 52 74
8 44 68
5 62 60
18 51 49
33 64 76
5 58 66
63 19 68
73 -7 86
70 4 75
66 21 108
47 0 86
70 -1 92
75 8 76
58 -6 77
71 22 68
79 -6 86
65 -6 108
48 8 94
61 30 83
73 5 71
50 -10 87
74 14 104
71 15 77
58 11 68
53 -10 69
53 21 83
54 19 68
82 26 107
56 25 72
57 5 102
46 -1 70
70 21 84
78 23 84
51 26 73
60 19 106
70 25 98
54 -8 82
75 5 88
48 25 92
58 5 98
48 28 104
80 21 79
68 0 69
72 -9 97
51 25 104
68 12 108
