53 38 20
52 59 5
76 55 -4
81 57 31
49 39 -4
71 69 -1
50 70 17
73 69 4
82 35 1
65 68 3
67 36 -1
76 43 28
47 46 1
82 51 26
50 49 21
78 57 0
45 42 18
82 45 28
53 71 34
58 43 -2
83 56 32
48 44 31
67 37 30
70 40 13
68 36 17
58 68 20
66 36 27
69 45 29
58 37 17
46 35 20
79 44 0
49 37 32
79 73 35
67 65 8
58 60 -3
59 59 9
46 54 17
75 52 12
78 46 8
73 54 7
78 54 8
56 52 16
70 65 18
70 49 25
46 37 9
53 63 13
76 70 16
72 48 27
60 59 4
69 38 20
68 69 -1
48 56 0
62 44 35
70 61 12
71 64 19
56 68 20
48 45 31
51 66 33
77 63 15
66 34 23
17 49 47
37 27 40
30 55 20
17 61 40
29 36 28
31 48 33
43 40 34
31 55 25
39 62 44
45 62 9
31 44 28
32 59 22
22 27 31
39 48 40
35 54 21
28 47 48
40 28 10
41 63 17
42 36 40
30 62 41
32 30 38
36 59 24
27 32 18
27 59 38
54 47 41
47 41 19
22 31 36
26 46 15
33 56 25
43 62 29
44 49 17
19 29 28
22 45 35
50 43 28
37 45 22
30 58 22
39 30 42
16 42 24
56 41 8
48 59 44
49 50 19
33 44 37
52 39 13
36 57 10
38 57 20
19 49 19
22 39 44
37 40 33
23 29 28
41 54 42
36 27 46
50 66 8
23 61 46
28 59 8
48 51 30
53 34 37
29 28 14
44 51 30
20 29 19
26 58 38
7 15 18
15 3 27
41 18 26
8 2 33
9 -14 34
13 -10 17
18 6 9
15 6 28
36 -15 28
17 -8 19
42 -6 28
31 18 1
42 19 21
38 3 25
27 -18 -1
41 15 2
9 -13 32
27 18 11
14 13 21
5 -1 6
43 6 16
42 9 31
12 0 28
14 -11 18
43 -13 2
38 8 -4
36 -4 14
6 -15 0
29 -12 3
12 -11 34
39 -7 21
11 12 13
21 -17 25
38 15 14
6 -2 2
15 -19 6
32 7 32
28 15 18
22 1 4
13 14 8
10 -8 29
12 3 29
17 -6 27
18 -7 -4
37 -5 34
32 -7 19
41 -6 -1
34 -10 -5
27 0 19
6 14 16
15 -4 28
32 2 10
43 14 32
8 8 8
4 -12 -4
36 10 12
43 4 28
33 17 3
32 -18 32
19 -11 31
78 115 86
76 83 79
66 103 78
63 90 77
52 114 89
62 102 84
67 91 61
59 103 62
51 77 90
58 78 75
74 89 92
87 115 65
66 82 61
61 110 89
87 89 83
59 106 63
66 85 91
78 87 100
59 97 74
84 114 78
64 90 101
56 108 95
51 105 71
64 106 69
68 96 65
89 114 67
85 79 75
62 97 69
84 83 94
70 105 76
90 91 88
75 96 93
66 103 85
82 81 85
74 98 76
72 78 81
86 85 97
61 97 81
83 85 65
51 78 92
88 79 75
64 102 92
79 83 91
74 111 80
71 89 79
87 80 90
73 90 63
82 105 69
63 113 92
50 115 75
69 108 74
82 109 97
65 104 69
64 89 69
61 84 85
69 114 67
50 87 72
65 102 100
70 80 91
57 116 91
68 107 8
34 115 18
35 98 26
63 103 32
57 97 21
50 83 23
50 102 26
36 83 17
49 107 0
60 109 36
70 120 18
45 88 27
39 81 10
47 84 36
43 82 10
54 85 24
66 108 -1
59 112 29
33 98 9
45 93 24
45 86 26
33 118 32
61 98 16
44 84 30
42 110 14
64 95 -1
54 93 23
45 95 27
64 86 -2
59 94 16
38 119 33
60 102 3
48 83 4
69 120 26
35 95 24
68 110 32
63 101 5
47 117 -1
56 100 -4
48 110 8
56 95 14
69 91 19
61 84 -3
60 94 8
64 99 15
45 108 3
69 85 22
60 119 33
58 93 3
70 118 36
37 108 32
38 110 7
50 94 34
44 108 19
66 117 2
70 89 14
37 83 12
50 97 23
71 120 28
61 90 29
62 56 -16
81 34 13
84 71 -16
79 37 8
64 52 8
66 35 7
64 48 3
72 49 16
54 41 -5
82 50 -3
85 64 11
48 62 -1
47 43 -17
75 45 13
53 48 -16
64 59 9
63 65 -1
82 44 16
63 58 21
70 71 12
51 63 -15
80 33 1
68 45 -2
69 71 -8
76 44 21
71 63 -2
62 63 -16
80 43 7
80 34 -18
82 68 14
72 68 8
60 34 3
54 43 0
85 51 4
73 72 10
76 52 21
71 72 -8
85 46 20
53 46 11
75 33 18
66 69 13
57 68 -1
67 39 -11
77 58 13
55 72 -8
74 53 -4
60 40 3
63 42 -19
55 63 -4
57 69 -15
55 61 -19
52 58 13
54 64 -8
86 54 11
71 56 16
80 63 14
73 66 7
81 71 15
61 62 14
63 73 5
81 98 73
105 61 100
68 77 76
76 98 73
70 78 102
68 81 88
104 69 109
107 81 81
103 73 102
85 89 109
76 82 70
71 85 95
89 91 98
95 59 103
81 71 72
104 87 81
103 87 108
77 87 70
70 72 105
84 98 86
71 67 93
79 82 71
86 87 108
86 69 95
68 75 94
84 69 77
74 89 91
67 97 110
72 87 93
95 93 108
78 60 72
85 82 87
100 95 105
83 60 74
76 59 104
72 63 91
73 91 110
67 78 84
96 66 89
72 63 102
91 91 105
105 81 77
87 98 104
72 60 108
105 92 92
79 90 100
106 65 108
93 83 97
79 80 79
80 93 106
106 76 79
103 63 88
101 59 97
70 81 71
68 60 92
70 96 96
77 59 88
94 92 86
88 72 87
91 77 88
53 58 -14
38 34 9
43 51 -18
40 52 -20
29 42 17
66 34 -16
67 73 5
44 34 15
62 71 -8
57 48 3
33 60 -17
35 47 2
38 70 4
57 38 15
37 41 -15
63 49 9
28 70 -10
64 34 19
63 49 -16
65 58 -14
32 46 -17
29 49 -20
58 46 5
66 55 -9
62 65 11
36 37 17
54 53 -4
35 67 1
64 72 18
35 33 7
53 52 -17
54 34 9
64 44 -4
40 60 16
59 52 -10
55 47 14
57 58 2
49 33 15
60 43 -17
60 35 1
51 49 5
65 35 9
47 65 15
51 61 6
45 58 -1
45 42 -13
66 56 -13
31 39 14
52 68 8
37 41 -4
32 62 -4
62 62 -17
38 40 15
60 49 -20
61 36 -11
46 52 7
55 58 13
33 58 10
65 69 -2
56 51 2
37 10 104
43 5 72
45 40 74
38 20 79
59 16 94
43 40 97
43 8 99
47 41 72
67 25 72
48 14 72
29 26 84
41 23 73
53 33 71
69 7 100
45 33 95
60 35 72
64 26 91
64 37 105
58 16 71
65 26 70
45 24 95
36 40 104
67 20 82
31 21 100
59 9 90
52 25 74
33 11 95
39 25 76
50 11 72
44 28 87
38 37 105
69 38 86
50 39 99
60 13 77
47 42 75
61 6 84
69 21 107
33 21 88
51 13 85
38 43 109
54 28 73
49 26 85
65 35 79
52 12 98
52 13 95
29 39 88
60 39 82
61 42 96
62 20 75
37 40 70
60 7 93
57 8 88
50 5 69
45 11 98
49 32 88
47 8 96
62 5 93
55 25 70
45 31 83
54 32 101
61 64 102
59 44 76
46 53 113
55 54 86
62 60 111
59 55 86
55 42 102
64 44 109
62 38 104
61 64 105
73 62 74
80 69 88
63 61 114
71 57 82
42 62 81
70 46 75
77 59 104
44 37 111
64 34 89
73 46 85
78 46 95
46 72 101
79 65 93
42 73 91
59 55 112
71 57 99
80 40 74
81 58 79
45 67 110
59 63 101
68 61 107
44 61 105
49 72 88
57 56 101
42 72 95
51 58 109
53 34 94
63 37 114
78 69 91
59 41 81
65 43 78
80 43 106
75 57 76
48 58 82
44 61 96
65 69 90
52 59 105
74 36 82
43 73 112
73 35 102
64 47 113
48 53 104
62 63 77
44 45 76
44 35 100
77 44 75
46 64 74
65 61 74
82 70 112
53 64 91
4 72 6
24 87 22
-8 72 -2
5 83 -1
20 79 23
11 98 7
19 72 7
24 94 22
20 67 2
25 69 3
28 77 -7
21 104 24
18 69 29
-7 90 18
-2 74 -1
-10 84 18
8 72 8
26 97 9
24 75 0
12 89 22
-4 96 22
-5 68 -2
0 86 9
14 106 5
2 77 26
-9 70 14
15 71 -7
27 69 1
-9 105 13
23 94 6
2 73 22
9 91 -5
21 79 2
3 88 15
15 89 11
4 79 -5
-5 107 14
13 69 12
12 67 7
10 97 24
-4 79 22
30 79 7
12 93 13
7 70 20
-8 77 -4
6 91 23
1 82 3
6 93 12
7 90 21
0 87 -5
6 91 17
27 85 20
11 75 4
24 99 -8
-9 95 -7
5 99 29
8 102 13
13 80 31
-7 83 -8
15 103 7
28 31 19
64 41 28
34 42 31
54 41 44
45 37 10
57 44 6
29 42 39
54 20 33
29 14 46
38 12 11
33 10 33
61 22 22
65 42 46
27 13 11
53 24 21
30 16 37
35 42 17
49 47 17
40 28 8
31 39 38
26 17 18
57 43 33
54 24 36
28 32 43
42 12 31
52 35 10
58 27 22
37 35 18
55 8 39
46 48 35
54 39 30
64 12 25
45 22 6
39 18 32
56 36 40
27 40 25
30 32 32
40 38 28
62 47 32
34 28 23
48 10 17
36 24 25
65 14 43
65 20 10
50 40 30
65 35 15
63 20 14
50 48 35
59 41 12
25 30 20
64 37 6
58 31 22
64 36 33
27 12 18
47 11 17
26 27 23
53 29 9
64 33 31
30 28 41
55 42 21
97 70 43
108 55 41
90 49 37
79 81 19
80 82 33
100 79 24
99 62 24
93 82 21
113 54 7
81 73 33
78 60 39
77 55 40
104 78 14
114 58 27
78 57 34
112 70 8
113 84 13
82 50 27
99 62 43
99 62 38
105 56 36
86 51 25
112 86 16
109 64 32
85 83 17
115 55 36
92 83 45
95 71 27
81 87 40
102 78 8
90 69 16
101 76 21
82 82 35
97 76 15
81 49 29
83 81 16
95 70 12
116 54 27
78 85 8
84 72 41
115 76 25
78 84 9
78 69 10
109 52 39
94 72 26
97 83 36
98 51 8
116 82 21
113 81 36
78 58 18
107 48 36
78 59 21
95 54 37
78 50 35
99 58 27
114 74 45
101 85 41
105 84 35
105 52 13
114 47 41
35 28 52
50 26 43
64 18 44
42 19 67
30 8 55
36 4 49
48 25 60
35 35 55
50 22 68
44 38 44
48 34 38
50 9 40
40 17 36
50 39 74
33 27 49
64 16 37
40 7 41
67 31 39
61 16 59
55 3 61
70 26 75
58 12 65
37 12 53
32 10 54
70 9 39
32 16 65
63 17 70
37 32 49
69 14 51
59 8 76
44 40 41
48 1 67
34 26 52
65 22 67
31 40 57
68 32 74
43 15 70
59 35 40
68 2 48
65 22 46
34 22 42
53 24 74
39 34 63
55 20 47
45 8 52
42 26 69
49 9 68
39 31 55
45 16 54
37 29 65
45 1 46
54 15 53
57 5 69
58 26 63
47 2 58
49 4 71
36 23 51
61 22 73
46 25 65
59 1 67
101 91 45
67 65 22
69 78 21
90 71 27
106 82 53
81 66 29
95 86 54
76 79 52
73 92 39
75 68 22
72 73 21
74 87 30
102 83 44
77 83 30
83 72 27
91 81 24
106 99 24
96 99 34
87 78 60
87 97 37
93 78 34
80 86 38
106 100 50
98 67 24
106 82 56
102 74 41
104 89 33
87 77 55
94 103 55
70 79 52
69 97 58
79 88 25
71 71 53
75 99 46
97 66 46
86 73 34
102 69 57
68 103 60
84 68 50
75 104 60
94 102 21
74 75 51
85 100 46
106 75 35
105 89 29
71 80 40
83 93 52
72 89 30
72 97 35
91 95 35
79 73 40
91 81 20
78 69 24
68 80 60
88 89 26
68 66 43
77 86 31
105 98 25
92 69 40
68 65 23
-11 -2 5
-6 9 19
20 15 23
9 6 15
-5 4 -13
7 -2 16
5 -12 -13
10 1 1
-13 -14 14
21 12 17
-6 4 -4
-4 9 -13
-4 -4 0
-2 15 13
-15 -11 0
-3 -8 0
21 21 10
19 1 1
24 -12 10
2 5 22
-12 -15 -12
4 -6 -14
-13 18 11
12 4 6
1 -13 9
14 10 16
-8 19 4
7 22 6
3 9 19
5 11 -2
18 12 11
13 -8 18
-4 15 9
14 23 0
12 -1 5
15 6 -15
22 -15 -1
21 15 2
17 -4 24
-7 -14 19
17 -13 5
20 13 8
1 14 24
20 -12 3
23 -4 8
0 -7 -8
23 -2 4
11 18 2
-7 -7 -2
-4 -14 24
6 8 1
-5 -16 19
-9 21 2
2 -4 23
-3 16 5
20 -7 -13
14 23 2
1 -15 -6
2 -15 -4
-6 21 13
-1 80 65
0 100 54
36 80 58
22 94 85
17 87 78
29 100 77
4 104 92
32 104 86
23 82 71
5 106 92
25 66 92
4 87 83
21 91 72
34 66 91
7 81 68
19 92 83
31 68 78
17 100 67
35 95 92
5 98 75
25 78 84
8 98 64
22 75 58
36 76 80
35 100 80
14 82 76
6 66 62
25 103 80
5 69 75
-2 80 88
23 72 89
17 85 59
32 89 56
28 92 68
4 70 69
23 102 72
15 87 71
16 69 88
17 99 58
16 106 87
22 105 54
24 82 71
18 85 89
8 92 92
2 66 60
0 90 85
13 70 60
31 80 82
25 72 72
-1 102 86
10 106 68
34 68 90
12 106 60
5 71 89
33 89 54
31 86 59
12 97 70
34 86 61
20 106 76
32 102 85
16 77 103
35 67 82
41 49 71
16 56 96
13 68 92
38 45 91
34 71 101
47 55 91
28 79 102
37 59 81
23 59 92
53 72 90
22 57 78
17 49 94
51 60 82
26 81 79
38 54 66
52 80 68
30 85 74
16 71 81
49 46 101
49 64 79
27 45 65
21 58 63
48 80 102
37 61 67
14 70 93
43 45 89
52 64 91
26 51 80
20 55 97
15 83 75
34 73 72
27 56 93
48 63 86
21 47 70
34 81 63
35 53 63
51 73 74
37 61 93
53 59 65
48 78 85
51 82 76
19 61 87
16 45 65
32 68 101
24 75 84
17 83 99
45 84 95
20 69 63
36 69 65
29 50 64
39 85 96
17 71 69
53 82 74
48 71 86
16 49 78
50 51 99
38 65 64
45 74 99
102 76 55
86 75 51
99 79 51
101 79 61
97 67 48
82 54 72
82 67 52
91 72 54
91 50 61
80 64 63
115 52 65
99 54 71
84 69 67
110 44 65
82 52 44
89 77 56
82 67 70
112 69 63
79 40 52
82 45 67
91 43 60
80 73 68
78 72 80
96 65 56
101 53 69
114 45 62
82 75 53
104 52 60
104 70 78
76 65 75
110 56 47
116 68 59
113 68 56
76 73 44
110 76 64
104 70 82
108 58 48
81 52 50
107 76 75
86 78 57
81 79 74
78 62 65
102 76 62
95 45 48
90 49 66
105 48 56
90 48 57
78 68 52
104 59 79
82 47 74
85 64 48
112 73 57
96 78 74
84 39 74
76 58 83
79 73 84
93 61 70
85 62 54
105 54 52
87 48 44
37 54 46
26 84 51
28 69 55
10 86 47
20 83 31
2 79 37
6 62 57
9 72 51
25 89 67
29 90 51
9 60 34
4 60 54
0 57 40
35 70 39
39 85 40
3 70 67
23 67 66
14 84 60
38 92 34
22 80 35
32 72 34
29 73 63
9 61 29
25 60 41
4 70 30
14 72 39
35 87 42
2 88 63
26 85 45
8 66 52
2 81 37
14 73 33
9 57 56
15 81 37
9 60 39
20 65 35
24 91 44
32 80 39
1 69 45
28 92 64
26 62 30
39 55 59
1 84 41
0 72 57
18 92 59
24 59 42
5 74 57
32 65 42
6 93 38
20 94 57
26 87 40
20 84 39
22 91 54
34 90 41
18 56 29
36 74 59
31 88 61
22 81 65
29 90 56
5 93 32
4 98 96
23 87 81
16 99 74
23 88 96
0 116 93
6 111 96
29 109 89
32 91 100
32 113 113
33 86 97
6 85 86
17 95 73
11 111 73
4 89 82
37 91 77
4 82 112
1 98 108
21 92 103
17 112 80
19 82 84
11 105 103
37 89 73
33 112 108
37 85 98
3 98 85
19 84 107
7 113 87
-1 108 76
17 119 87
10 104 74
5 102 84
35 101 76
35 118 105
24 89 89
14 109 76
22 112 91
15 118 79
24 93 73
0 96 83
1 101 83
27 109 106
2 103 85
36 88 96
16 101 83
7 107 111
9 110 99
6 111 94
3 105 76
19 95 76
8 90 86
25 110 88
8 116 79
7 106 84
38 99 89
10 115 92
9 82 83
0 112 95
18 118 93
33 110 94
30 106 97
91 11 17
93 17 44
80 22 22
93 16 37
111 39 47
109 30 13
105 20 51
106 29 18
95 46 53
110 38 15
110 11 14
98 46 51
113 22 43
109 29 26
84 26 19
113 13 22
81 46 36
100 45 14
76 38 36
100 18 38
115 15 28
92 44 43
103 30 18
83 28 52
85 19 15
101 37 20
95 43 31
106 41 30
104 30 37
108 16 47
83 29 32
97 15 37
89 11 37
112 17 29
113 37 47
84 38 27
112 15 53
111 33 31
97 30 39
77 34 44
75 15 48
103 22 51
95 36 14
102 30 27
87 40 41
110 39 34
114 18 17
110 44 44
113 34 22
110 25 17
99 43 51
77 23 44
114 33 46
109 13 19
75 40 26
95 20 16
109 32 24
101 11 30
79 20 47
115 35 42
61 30 77
84 49 87
92 58 113
71 53 81
55 37 106
85 49 76
60 35 90
54 61 85
64 28 77
84 30 115
82 52 82
90 53 82
58 28 110
90 36 89
90 26 87
79 33 77
79 38 113
67 28 82
75 27 87
84 43 78
74 26 77
86 21 89
84 31 78
88 31 100
86 30 110
71 51 80
76 40 96
62 32 76
82 37 83
63 58 91
90 24 92
91 38 114
60 38 76
61 56 101
67 52 82
86 51 92
76 54 113
72 42 93
66 24 111
87 55 83
76 36 109
77 24 95
62 45 94
84 52 86
62 25 96
67 35 86
62 36 111
77 53 112
62 47 96
80 47 77
68 53 109
78 31 91
85 57 104
83 36 101
77 42 95
73 57 97
68 58 114
54 54 97
89 48 109
87 49 107
90 28 104
116 35 92
107 61 90
110 23 87
103 62 93
114 54 94
77 57 81
83 60 70
116 23 102
78 59 105
107 47 90
85 51 71
91 55 79
84 32 105
115 62 84
109 57 77
99 46 85
92 28 85
102 26 96
88 41 84
107 56 85
85 33 73
96 23 106
91 57 73
97 39 103
103 26 79
95 50 92
86 33 94
104 59 101
101 22 73
112 61 77
86 22 103
94 61 81
114 30 79
97 61 93
99 49 106
116 42 93
99 60 91
114 56 107
83 29 105
105 44 94
107 51 85
82 51 90
111 39 98
107 35 73
77 56 69
106 40 70
99 38 104
105 55 100
102 42 88
113 28 103
102 60 93
81 52 83
84 28 101
103 24 79
111 56 100
77 45 85
105 40 71
112 45 85
101 29 90
62 30 8
53 28 -15
64 65 23
46 62 0
66 58 23
40 53 -6
52 60 7
60 26 -8
55 40 -1
42 55 22
39 61 17
59 34 -5
63 55 -11
63 34 -10
40 55 -9
56 33 13
41 43 -2
71 65 17
76 37 3
61 51 2
44 45 17
50 59 22
44 39 4
48 59 2
59 33 22
56 49 -2
66 37 9
64 36 9
67 60 10
64 31 -14
70 53 -3
76 27 0
55 46 14
38 51 -1
42 35 -7
41 25 9
56 51 -14
71 55 16
51 50 24
69 33 11
49 64 -2
52 39 11
57 55 23
55 48 9
69 45 17
73 55 -8
53 47 -1
47 65 18
61 35 2
52 32 -9
63 64 0
44 50 -4
47 58 24
64 61 5
43 27 17
48 37 16
68 62 -8
68 42 2
53 65 10
40 54 20
80 70 75
85 61 86
79 82 72
101 72 88
92 62 66
118 81 85
114 85 96
102 63 62
104 65 86
98 69 82
90 62 76
96 52 66
100 59 81
112 55 90
89 75 89
102 53 94
89 78 80
81 88 100
103 83 65
116 65 82
106 77 96
79 74 88
110 65 99
93 62 78
98 68 66
79 68 82
113 49 90
115 78 72
107 54 71
98 62 81
99 76 80
112 65 100
102 78 86
89 68 97
91 51 97
103 67 90
88 78 73
87 53 81
85 77 88
109 72 86
100 77 95
112 70 75
79 48 75
89 61 96
104 77 63
116 63 68
116 86 85
81 83 73
88 61 68
117 63 66
99 87 68
115 55 95
100 85 95
85 66 90
105 82 98
80 66 69
113 84 81
116 49 76
117 67 71
94 87 83
94 38 32
86 37 27
68 36 44
76 18 21
93 9 47
60 0 53
76 18 57
90 1 19
62 12 44
92 40 48
62 37 42
81 33 41
64 28 36
97 31 40
71 28 22
76 34 44
66 12 27
59 4 17
84 15 46
92 39 50
97 21 47
62 2 39
73 22 49
80 38 50
78 31 52
77 13 34
64 18 22
77 35 29
64 2 47
66 29 24
82 1 55
81 13 41
58 19 24
85 15 50
65 25 31
90 34 29
63 23 33
59 14 39
96 23 31
91 6 46
96 37 19
89 32 44
61 39 23
71 19 20
58 25 44
65 14 24
96 14 18
78 11 30
82 20 32
69 2 39
96 16 35
88 7 55
93 37 36
63 15 36
82 18 40
66 1 20
96 16 41
80 17 54
63 0 23
62 13 29
43 61 58
38 46 53
26 62 34
40 39 50
13 39 45
25 41 61
15 69 51
25 49 36
46 72 30
25 58 47
26 50 52
12 72 43
23 74 63
20 74 55
14 74 38
9 72 59
21 49 70
10 62 41
6 65 30
19 48 39
39 70 63
32 61 36
11 69 31
35 44 48
26 68 35
32 59 33
18 69 57
30 62 61
22 54 60
37 42 49
44 64 68
14 72 44
42 61 49
32 67 51
17 51 32
21 50 57
26 44 30
16 37 58
13 63 46
12 56 35
32 60 56
32 47 62
14 67 59
15 63 43
36 59 42
33 72 35
23 44 66
20 46 65
22 71 54
44 53 67
19 39 44
23 73 42
12 66 70
44 74 37
37 54 48
16 42 62
31 68 46
25 71 68
14 50 40
15 34 59
56 71 89
57 83 99
38 55 96
55 64 97
21 63 76
20 56 102
53 56 101
41 73 80
36 62 69
23 52 94
46 77 103
24 56 65
53 53 72
50 71 98
42 58 78
22 61 65
44 58 98
60 46 77
55 54 96
54 66 100
57 59 101
32 49 78
46 65 90
55 50 71
44 65 92
33 68 95
25 72 86
44 67 77
54 59 87
42 54 96
30 83 101
48 57 86
47 78 104
25 54 68
39 83 80
39 59 80
58 49 90
56 53 84
56 53 80
46 52 72
44 71 94
40 69 92
45 76 74
56 77 88
36 56 97
36 60 77
40 55 105
32 74 69
57 51 78
42 58 67
42 74 67
60 59 102
41 81 105
30 55 73
55 78 79
39 47 88
39 55 69
21 54 70
37 79 95
60 55 97
113 19 16
95 21 8
118 48 4
90 25 38
82 41 24
84 35 18
113 12 14
109 38 8
119 16 23
89 43 23
105 36 20
80 30 22
105 44 1
97 21 26
99 25 33
105 34 22
84 21 18
94 13 16
102 25 34
81 41 8
98 48 0
88 24 21
82 45 3
80 18 25
115 13 2
81 25 7
113 44 17
115 30 38
85 26 15
108 23 11
89 19 38
80 33 6
105 21 19
105 16 38
85 13 31
94 28 5
118 41 35
89 21 7
114 12 31
110 47 35
97 36 36
93 15 17
107 18 29
111 47 31
89 36 21
100 10 21
91 42 26
98 42 22
108 12 34
109 9 18
84 17 0
109 12 28
115 11 28
80 31 36
91 42 18
104 24 0
104 8 10
108 10 0
98 31 17
110 32 16
30 41 77
22 5 86
52 37 101
19 24 61
15 15 67
35 22 71
17 6 81
45 22 89
26 18 76
54 31 86
42 7 96
51 17 77
49 21 67
22 32 77
40 9 80
21 6 72
34 30 86
38 11 70
52 11 77
54 14 62
38 17 91
17 4 64
31 44 92
48 18 89
36 44 100
40 13 79
43 40 90
50 11 94
31 40 96
21 17 62
19 39 79
27 32 65
54 30 78
26 28 77
32 14 82
19 5 99
18 15 93
50 22 95
48 24 75
37 26 100
42 18 84
55 11 75
16 34 88
43 28 61
16 25 85
35 36 95
41 7 85
38 41 75
43 29 93
33 25 96
25 44 97
28 15 68
24 23 87
54 6 74
46 43 74
49 30 62
21 6 84
18 42 75
26 32 73
19 12 92
63 82 79
63 75 83
91 44 106
88 44 110
53 76 97
76 61 113
76 79 86
60 64 84
90 56 93
89 82 112
59 49 98
68 44 79
70 44 104
62 80 92
63 61 108
54 52 82
56 56 87
75 52 111
62 83 95
84 77 79
73 43 84
59 60 114
59 76 94
65 72 79
56 79 112
59 75 104
58 77 118
65 55 96
66 61 105
56 77 90
72 44 109
73 67 113
81 59 102
78 68 105
66 43 112
72 80 91
91 82 111
87 52 105
65 80 97
78 58 88
71 81 82
79 80 85
64 67 88
55 69 82
77 59 106
52 59 95
65 53 84
72 53 87
54 74 93
53 79 105
76 64 116
62 62 117
83 45 98
54 58 93
80 69 91
84 51 102
57 64 105
69 74 99
89 58 98
91 64 93
3 26 93
-1 38 59
36 34 81
36 37 69
2 5 74
13 36 63
17 13 95
25 42 85
29 16 72
25 23 63
28 27 62
35 33 64
2 26 95
21 30 69
36 36 63
12 10 60
28 30 59
36 24 63
4 9 66
4 11 67
7 26 92
21 44 76
19 37 76
7 29 84
4 27 76
-1 29 94
30 16 77
35 25 91
13 10 60
5 25 60
4 39 83
2 39 69
35 12 82
15 41 78
6 16 98
29 13 68
1 43 85
19 33 89
-2 8 85
4 41 81
16 41 59
32 8 98
0 44 86
23 22 61
18 22 64
25 38 84
11 6 76
7 31 95
29 22 77
19 8 59
18 36 83
27 27 93
19 44 83
-2 35 71
37 21 72
-2 6 67
17 18 78
-2 5 84
28 10 76
6 7 69
53 95 4
60 118 9
72 116 41
67 93 25
77 83 27
77 116 8
75 113 17
52 85 13
59 84 11
76 103 30
58 109 21
68 90 12
48 99 25
53 85 11
56 97 31
72 101 11
53 91 35
58 96 7
68 91 31
65 103 7
76 106 41
55 103 16
79 86 4
61 90 35
59 118 10
53 82 17
48 99 13
74 114 14
66 113 18
72 91 25
67 98 33
70 101 23
62 84 19
57 88 14
43 109 6
61 118 35
55 97 12
42 81 28
53 108 33
63 109 13
50 90 38
75 116 42
78 108 23
63 90 40
49 95 32
58 117 26
81 98 23
80 117 14
53 90 7
78 104 5
62 82 26
43 117 3
74 86 6
80 90 34
54 89 17
67 114 29
57 81 31
48 119 29
80 80 32
78 90 6
52 41 4
47 60 15
45 57 -7
55 65 -10
33 62 -13
59 37 -10
58 48 1
65 38 6
32 76 7
55 70 -2
36 47 -9
53 63 -3
40 57 -1
40 44 -1
49 47 16
40 69 14
43 55 18
65 75 17
66 72 -20
52 39 4
54 74 17
31 45 5
50 65 6
54 58 12
42 59 -19
32 48 -20
57 41 5
62 65 -17
30 53 -7
62 46 -8
39 42 15
49 70 2
46 47 12
49 54 0
46 51 -14
46 75 -5
66 61 16
39 68 13
27 44 18
66 62 6
46 57 5
39 69 -13
29 63 -8
47 52 20
60 46 9
61 72 6
64 59 15
53 43 6
57 50 4
61 54 11
39 53 -2
38 40 -1
45 60 -2
50 69 -9
38 39 -5
41 43 20
48 68 14
58 49 -16
65 41 0
47 74 -16
61 72 47
39 61 35
72 84 50
73 88 58
58 54 38
65 90 45
48 58 34
74 68 34
44 71 29
40 70 32
54 68 67
63 56 42
50 81 61
65 81 37
71 61 50
61 62 42
59 69 36
55 73 39
68 64 58
57 60 34
56 78 38
58 93 64
70 93 36
63 62 39
35 62 29
69 57 39
37 73 61
59 77 61
65 58 45
66 78 39
71 80 44
55 78 52
59 63 40
64 66 29
52 78 52
61 83 29
64 69 31
58 78 68
51 82 43
44 62 38
34 94 56
54 84 46
37 90 54
71 91 66
61 93 30
42 94 61
71 78 64
44 70 60
40 89 45
44 86 43
48 66 49
39 67 58
49 84 44
56 84 41
35 74 36
66 55 36
52 91 65
68 59 42
42 85 31
51 93 39
8 59 77
-1 33 98
13 62 88
-1 53 114
7 47 115
24 43 92
26 70 97
5 38 87
5 53 113
0 57 117
21 64 111
18 39 92
20 68 82
10 68 116
-12 49 82
-13 42 113
4 40 90
24 40 111
16 48 101
5 61 86
5 46 83
-8 45 90
-9 71 81
-9 60 100
-9 56 110
18 53 117
-8 58 106
20 63 94
20 66 114
18 59 110
24 58 77
19 49 84
-3 46 101
-3 45 114
1 52 93
-11 62 87
15 71 100
0 34 94
-2 53 82
15 34 79
4 40 90
22 32 104
1 70 110
3 38 107
-6 55 77
15 55 103
-1 39 116
24 39 88
22 36 114
9 62 97
-8 63 108
7 44 105
15 34 112
-6 61 97
16 72 92
18 47 105
-10 48 88
-7 33 78
-6 54 86
7 48 110
31 98 5
28 105 -14
27 104 6
6 101 -6
9 101 -9
17 74 -12
29 69 5
27 75 12
16 85 7
17 96 0
26 66 1
40 78 0
37 88 -10
11 100 4
15 72 -7
19 71 24
16 103 -4
30 82 3
43 74 10
22 84 9
4 103 -6
16 73 18
28 72 -5
23 100 19
41 92 -14
15 104 24
38 98 18
38 106 17
23 92 1
20 98 16
42 91 9
20 106 -10
11 106 -3
20 89 5
26 84 -1
25 70 7
17 88 6
33 88 -1
25 94 20
32 76 4
19 83 9
30 72 -6
13 81 7
25 90 -4
30 66 19
35 93 0
10 82 16
25 98 6
36 70 -13
40 68 10
19 74 21
20 69 -4
25 77 -3
10 93 -9
34 94 -11
42 68 -14
41 96 7
6 95 5
12 86 -14
20 93 2
78 10 45
62 41 24
94 27 46
95 19 34
83 30 48
86 26 35
80 44 56
75 27 34
75 11 56
74 26 24
93 36 27
92 12 42
84 10 58
63 45 47
65 16 57
99 19 48
63 40 54
92 38 37
94 40 40
87 9 33
87 38 46
78 9 27
81 11 61
89 19 31
66 43 50
89 27 25
66 35 41
60 45 49
91 20 52
71 25 53
78 21 34
62 24 21
83 42 47
83 43 46
72 24 35
91 46 30
62 10 22
76 10 22
93 21 35
73 19 58
61 29 51
100 40 48
91 8 57
66 35 40
88 39 59
65 21 44
63 21 42
77 8 32
95 29 30
80 16 45
69 14 31
84 46 61
90 36 26
62 25 50
71 33 37
76 25 34
86 15 23
95 33 48
87 46 28
84 21 23
50 63 55
45 84 71
67 62 69
57 56 77
55 78 54
39 85 55
71 67 79
39 60 56
60 83 55
72 69 63
38 78 49
73 85 82
64 71 52
47 56 80
46 71 84
73 61 86
45 73 56
68 63 59
54 66 47
36 72 62
50 75 73
43 71 79
76 89 70
74 82 57
76 76 78
56 83 59
57 80 76
38 49 52
48 67 64
43 64 51
74 66 57
65 56 82
69 75 62
39 60 62
42 68 78
64 51 78
69 84 53
61 80 51
62 53 55
72 59 76
44 63 48
40 86 81
48 67 78
74 58 55
65 77 77
65 66 55
70 85 55
45 70 80
52 58 81
57 73 64
65 83 67
75 73 74
71 62 53
48 59 84
40 67 80
50 84 51
59 50 47
65 81 49
44 76 71
50 76 56
18 18 29
13 10 43
5 12 8
12 35 29
40 3 31
28 27 12
4 1 39
39 2 24
40 11 14
29 32 44
8 28 24
26 1 21
32 9 12
20 12 36
19 15 46
14 32 14
17 39 43
36 32 37
39 12 42
12 34 34
12 29 44
15 7 22
43 30 23
27 16 8
26 17 21
16 35 9
7 6 30
22 20 38
6 27 19
16 14 44
44 35 13
42 28 23
35 7 11
44 4 30
19 5 34
23 39 11
11 25 47
30 40 31
39 17 22
34 17 28
41 19 30
31 36 40
41 20 13
7 14 10
29 28 35
24 17 21
15 20 20
33 29 7
5 29 27
25 6 35
5 5 34
22 34 43
44 23 44
14 9 37
5 30 19
34 39 15
6 10 9
36 17 33
38 29 9
5 31 45
39 88 60
27 86 95
40 88 62
34 77 87
44 92 82
38 58 57
14 66 63
37 56 72
9 58 86
25 66 85
40 73 95
14 93 86
12 77 62
46 77 70
47 63 66
24 75 94
21 83 79
46 60 69
15 70 65
45 76 96
48 91 96
31 60 91
15 89 75
22 72 93
43 81 91
48 82 71
23 83 57
35 68 88
16 66 95
27 91 63
40 57 72
19 78 89
9 73 64
19 96 60
44 85 71
48 90 70
21 74 86
22 91 59
48 83 97
25 87 76
26 84 86
22 73 67
25 60 91
15 57 85
14 73 59
13 88 81
22 96 97
28 90 60
28 57 87
47 67 73
39 94 97
39 61 75
14 74 57
47 84 96
39 65 73
10 80 88
28 90 85
34 83 71
38 61 66
38 90 66
67 79 88
55 84 87
54 106 69
87 102 58
62 95 86
77 95 83
60 100 69
88 76 78
58 88 69
67 99 75
91 81 70
90 78 59
89 106 92
91 79 60
86 93 76
73 78 77
76 85 85
52 88 75
53 92 78
79 75 83
66 73 66
65 94 86
59 98 73
64 78 66
73 87 64
63 107 79
83 83 78
83 104 80
72 95 65
89 91 69
88 71 88
52 82 55
79 102 95
55 97 87
82 79 75
88 101 89
76 98 80
87 85 78
59 89 94
91 69 60
67 83 80
64 97 82
58 101 90
51 75 76
58 90 67
67 89 92
82 73 82
61 68 78
75 71 67
55 90 63
77 81 61
51 69 71
62 106 60
89 102 83
63 98 83
57 68 67
87 79 80
72 85 57
89 98 94
62 99 71
71 5 28
79 7 31
74 30 5
67 7 21
78 1 17
54 0 5
69 4 6
52 5 -3
78 12 24
83 24 17
74 -1 3
70 37 10
69 -1 15
67 36 29
77 7 24
57 21 33
84 2 0
71 7 0
71 6 11
84 34 11
70 19 -5
90 35 32
72 5 1
82 12 11
67 30 -1
71 -1 25
88 1 31
57 5 33
67 27 -6
53 36 31
92 36 30
62 35 25
72 34 32
62 3 -2
71 25 24
79 3 3
83 20 2
59 21 24
62 23 14
67 17 9
57 28 33
58 16 2
79 20 7
53 39 24
86 27 32
52 15 33
84 36 10
76 16 18
68 38 13
85 33 26
55 9 8
78 1 -1
76 25 -2
56 35 15
63 34 7
66 25 32
80 10 16
63 27 6
90 13 13
86 0 14
40 71 79
35 63 57
6 51 65
40 62 86
12 63 62
44 61 87
19 63 78
14 66 53
25 53 86
21 52 80
20 75 51
41 68 50
15 64 65
19 47 66
15 43 54
25 61 83
41 58 68
26 54 52
27 48 56
43 71 69
41 71 54
12 62 49
24 44 74
19 42 58
25 48 80
29 78 55
44 70 83
17 45 81
25 68 87
30 76 87
13 44 62
28 57 78
14 46 59
33 47 83
25 79 61
6 46 60
4 47 83
11 48 58
22 78 72
30 60 56
10 75 67
23 71 85
29 79 88
9 70 66
8 43 82
5 52 74
28 79 65
40 75 65
42 55 72
5 70 63
42 53 64
13 48 68
43 69 51
19 65 65
23 58 73
41 63 75
16 72 71
42 69 71
40 78 49
32 65 58
81 49 61
85 60 46
109 61 75
109 47 54
75 37 52
73 51 53
101 51 58
88 45 79
86 61 56
97 60 62
105 48 45
88 48 61
91 56 48
104 58 58
71 34 71
76 46 48
92 60 77
74 70 80
105 50 44
70 40 71
85 72 62
104 51 72
92 71 52
104 60 68
77 66 72
88 34 61
87 50 80
81 38 67
89 56 73
77 48 74
91 34 56
83 65 51
76 67 56
100 65 78
81 73 82
89 34 78
101 62 49
88 50 46
108 62 53
81 56 74
94 57 47
72 65 55
99 56 82
75 69 71
91 57 69
101 68 42
89 55 75
104 40 42
96 40 54
72 62 66
72 43 51
99 39 71
81 57 77
73 56 72
91 69 75
91 56 55
108 62 71
85 66 54
80 67 46
96 66 52
90 96 64
111 108 91
86 73 72
81 76 68
102 71 80
110 88 86
79 88 80
101 88 74
96 72 99
77 96 68
97 73 85
100 96 99
101 94 102
74 104 72
111 98 91
113 89 73
97 70 92
96 81 87
110 69 88
111 98 77
82 71 102
90 105 86
83 101 94
94 101 94
90 83 94
106 87 75
102 105 68
102 108 82
92 103 84
87 81 74
77 71 98
104 82 86
92 98 88
91 82 65
85 102 93
78 73 81
74 80 92
100 79 87
112 85 67
99 105 87
113 92 75
102 91 102
94 70 82
78 94 82
94 100 73
74 80 83
88 70 69
80 101 98
113 99 76
89 79 100
93 97 87
88 91 94
86 72 65
103 104 88
103 88 88
102 80 91
80 76 93
77 100 74
107 86 89
96 102 67
95 60 72
109 66 85
84 53 65
105 63 93
111 69 79
79 78 83
100 63 62
105 63 100
92 80 77
97 62 97
97 56 94
81 59 97
84 74 69
81 78 79
105 58 94
111 74 96
78 49 63
104 43 81
102 56 75
91 44 75
76 67 99
93 62 91
109 49 82
107 53 97
104 57 99
88 77 86
88 55 77
97 59 94
77 67 68
92 63 94
101 64 63
73 57 95
87 75 74
74 47 96
82 59 89
80 45 66
103 79 74
97 46 69
78 61 85
79 69 93
86 60 66
83 71 100
111 60 70
104 71 70
86 80 95
107 46 72
77 56 95
111 64 73
102 45 76
77 45 88
94 66 69
106 78 77
73 43 100
81 75 73
99 50 94
109 55 101
83 56 63
80 69 65
100 81 66
80 43 94
89 85 82
72 80 88
91 61 88
91 96 86
85 69 59
96 74 65
74 95 56
88 93 57
96 98 62
108 73 72
94 95 95
86 63 82
108 80 62
110 82 77
71 96 55
98 82 70
96 66 92
93 88 89
72 72 74
84 66 60
97 83 76
107 70 60
83 92 76
99 80 76
71 60 71
72 81 71
73 73 90
99 60 87
90 93 61
110 93 58
78 79 58
105 65 92
111 72 73
100 82 83
103 70 80
111 83 79
75 60 75
102 96 73
80 91 70
72 77 65
88 95 82
76 75 70
97 81 93
79 74 62
81 61 75
78 100 69
74 80 80
73 64 63
111 95 94
88 77 64
73 69 90
108 87 77
110 82 83
75 84 73
95 85 66
88 89 64
80 89 84
104 65 69
76 100 58
88 66 68
73 87 99
44 70 79
37 84 93
71 70 87
67 67 101
52 85 112
55 77 111
62 81 104
45 63 98
73 93 95
60 64 79
59 79 83
66 85 74
40 81 83
70 71 112
40 62 103
49 93 83
46 53 111
40 58 100
57 68 84
76 81 100
49 77 94
53 75 85
57 65 80
70 93 87
37 75 108
75 55 101
51 83 75
61 64 94
59 67 81
62 78 78
71 91 96
47 62 94
66 64 106
47 68 86
75 84 73
42 62 101
61 62 107
61 62 90
38 72 93
46 78 103
61 55 98
53 88 112
61 71 113
58 73 82
63 92 89
70 71 107
77 69 112
46 87 111
69 69 92
75 76 104
73 58 110
48 83 113
77 57 98
44 77 85
62 82 107
65 64 104
67 56 74
45 88 76
50 73 76
