53 92 41
22 90 38
53 63 19
45 96 49
54 58 45
27 81 17
44 71 48
43 74 19
46 92 21
40 67 38
17 76 50
43 97 51
29 65 29
30 73 27
17 65 49
34 94 23
45 92 54
40 80 36
36 78 28
18 61 48
43 92 50
34 76 23
27 57 39
41 90 20
53 72 25
23 92 55
17 94 17
18 58 39
47 78 23
31 87 53
42 96 54
33 70 22
28 77 53
45 59 32
43 65 17
38 90 20
44 65 46
54 89 24
46 86 49
21 70 43
25 72 22
44 97 30
22 84 44
33 64 16
45 62 54
39 72 40
25 97 35
48 89 32
28 80 22
34 61 47
17 72 39
29 96 44
51 80 48
31 93 43
24 82 44
48 82 16
17 62 46
53 86 46
25 60 16
45 92 51
20 60 33
49 97 23
32 66 36
49 65 53
54 65 34
46 64 42
33 77 17
17 88 26
28 74 47
40 88 20
30 91 53
39 78 36
38 76 47
55 71 43
30 63 29
42 89 29
47 91 32
30 83 50
18 92 33
43 70 17
-8 69 61
-4 83 44
3 69 25
-10 87 61
2 55 30
12 77 27
-1 60 44
-11 73 41
-7 63 35
3 55 43
1 90 43
3 80 46
-8 57 53
1 58 34
-11 60 32
-14 58 51
-2 60 42
12 75 52
8 78 45
-7 55 47
15 83 46
-6 70 38
20 66 53
-2 93 28
-11 71 39
9 92 39
2 71 56
9 65 42
-12 81 25
-13 63 58
11 57 32
-16 91 63
8 66 36
-19 68 42
2 90 33
-14 70 43
-10 77 30
-12 89 46
-7 58 48
-19 69 62
17 67 29
-15 56 29
0 91 61
7 83 26
16 60 32
-12 68 59
10 57 55
-8 84 36
17 73 39
15 63 24
-11 61 28
-3 63 38
13 75 40
19 90 37
1 91 45
-14 56 48
-9 65 23
-12 83 53
20 57 24
-2 76 39
5 64 43
1 67 39
-11 62 63
-14 73 30
-7 73 49
-19 63 53
16 80 45
11 64 30
12 73 55
15 82 42
-18 76 26
-14 54 52
0 61 51
7 79 25
13 89 38
-16 54 40
12 63 50
5 66 26
-11 85 43
1 60 53
83 105 46
92 82 28
102 69 24
79 69 38
102 69 41
67 100 41
103 88 48
104 78 62
96 96 54
69 86 57
71 80 26
86 104 39
83 108 34
66 102 33
87 84 24
85 84 46
79 81 33
74 107 37
93 85 46
99 106 38
105 73 38
96 70 62
89 77 38
101 98 26
101 99 39
94 85 27
88 87 54
101 69 35
66 96 49
73 87 33
85 83 42
96 89 35
89 106 42
93 105 52
106 75 50
72 81 28
97 75 33
102 81 63
79 81 29
96 88 56
103 99 43
68 96 50
100 92 42
89 84 36
106 82 57
72 95 36
98 79 27
78 88 56
101 85 32
69 95 31
79 106 33
86 94 32
72 70 59
72 69 33
90 71 43
79 86 43
95 106 49
93 94 35
104 72 37
76 101 32
70 76 56
74 105 51
79 109 63
94 90 41
75 89 30
86 83 26
75 105 54
75 80 38
76 100 25
87 70 45
81 80 32
100 94 25
91 70 47
83 102 59
70 87 53
69 106 27
86 98 52
92 84 30
86 70 33
101 96 36
107 98 29
76 97 37
108 93 44
108 82 32
93 93 37
95 70 35
79 103 7
115 66 5
81 73 32
87 90 26
114 70 4
91 81 30
86 98 36
81 77 34
99 99 21
82 71 42
112 85 30
96 95 10
97 101 43
100 67 41
106 97 4
113 80 12
95 68 31
105 95 42
99 70 10
116 84 42
107 92 8
115 73 30
86 79 42
81 77 25
112 78 21
99 86 35
94 101 7
111 95 43
81 93 43
78 94 40
83 91 23
115 65 6
78 83 27
114 98 32
82 94 33
97 67 11
76 85 23
96 68 13
76 67 38
78 95 41
108 90 33
94 74 10
95 98 24
82 84 27
114 104 18
112 93 13
106 69 7
87 76 43
112 99 10
102 66 41
105 64 41
93 93 42
115 94 19
89 98 33
110 66 32
102 101 41
108 90 30
79 71 10
99 80 23
107 101 4
107 93 21
112 81 12
96 98 19
103 85 20
99 72 32
104 78 16
92 102 15
92 75 16
86 92 6
86 88 44
78 85 35
77 71 36
112 65 29
78 102 38
44 35 13
67 10 29
50 30 44
51 21 30
61 14 39
82 13 21
73 28 47
81 43 32
55 15 21
76 31 13
43 36 18
51 29 46
71 22 24
62 4 35
54 38 29
57 34 35
75 20 15
46 14 29
44 14 38
43 30 34
60 38 25
50 6 10
74 37 39
67 18 42
69 42 20
80 40 37
66 23 11
51 15 42
47 21 35
47 35 11
78 6 48
65 44 15
81 39 37
78 42 37
55 19 14
72 43 26
67 40 22
56 10 48
59 34 16
64 17 22
73 41 28
52 40 11
74 40 18
69 43 45
78 31 10
46 23 35
56 7 10
42 6 25
78 36 19
62 44 42
72 12 45
44 42 49
74 21 33
50 19 17
74 29 37
42 17 29
68 33 13
48 14 46
47 7 16
69 32 35
61 10 10
72 15 26
61 43 41
47 5 32
52 24 46
48 16 18
81 11 21
57 44 50
48 25 33
44 41 15
61 31 41
59 32 49
75 12 36
43 30 40
57 34 11
51 17 10
81 23 31
65 36 43
46 15 10
60 5 38
53 62 11
26 53 16
54 59 23
40 32 29
29 39 47
27 38 43
25 50 17
37 65 16
38 52 30
56 67 18
42 60 32
46 34 23
23 53 15
36 65 43
53 32 11
28 64 17
27 54 41
45 48 10
56 67 23
45 70 37
36 54 7
54 67 21
57 54 25
46 55 15
33 62 12
46 52 18
27 64 42
32 72 46
54 40 43
39 60 17
20 65 12
29 40 32
55 70 38
27 37 23
58 38 17
20 34 38
54 61 23
51 36 20
34 64 29
56 53 42
57 42 45
30 48 35
21 46 25
49 39 11
56 52 10
46 38 35
37 40 7
26 42 43
56 65 25
47 49 46
51 56 47
57 68 30
52 72 15
58 34 17
25 72 44
31 66 30
35 65 24
52 63 44
33 40 46
28 61 22
19 65 20
59 46 42
53 47 40
42 43 40
34 51 23
34 59 8
42 69 17
45 51 8
33 50 21
28 37 34
29 39 24
58 63 21
36 55 45
24 38 27
57 41 41
47 41 41
34 69 21
50 62 36
35 56 37
44 43 29
13 17 10
34 13 11
30 6 18
37 28 11
31 40 34
28 27 4
46 15 35
50 5 22
39 38 37
25 7 6
35 6 22
26 14 18
20 13 10
36 11 43
20 5 13
22 24 19
13 38 21
48 27 24
15 34 29
37 7 12
50 30 21
41 9 34
26 31 21
24 14 36
52 3 13
42 23 44
15 6 7
25 5 33
31 25 7
26 25 26
31 36 15
40 25 40
50 38 39
39 41 4
51 20 9
32 41 22
52 3 36
29 21 31
13 21 32
20 4 22
28 36 37
48 21 33
17 38 15
49 43 35
21 9 40
30 4 28
21 25 25
12 32 42
16 15 33
46 30 39
40 7 33
23 12 7
45 21 19
35 28 32
33 6 8
44 38 39
34 24 17
24 23 39
39 4 32
25 35 5
49 10 32
18 5 44
43 19 43
17 11 33
12 36 30
32 9 42
26 37 26
20 29 33
45 27 17
50 15 27
51 9 38
48 32 19
51 24 5
26 35 15
41 11 22
36 10 44
34 8 30
51 6 17
43 6 29
21 11 24
-10 104 62
2 104 77
3 103 55
-9 109 57
10 74 43
13 80 58
-20 100 57
8 76 51
1 109 47
-14 102 50
2 113 51
-18 107 83
15 90 56
15 98 56
15 109 79
-8 96 61
12 89 44
11 98 73
-3 92 60
15 113 63
9 100 65
3 76 75
10 83 83
13 87 48
-17 80 44
-17 95 77
15 78 46
-6 112 44
-2 83 77
-15 108 46
-6 112 82
-19 109 72
-11 78 68
16 74 83
-7 108 72
-14 95 81
-3 93 61
4 87 72
19 96 53
-18 108 58
16 85 74
-17 81 70
-18 88 73
13 89 58
0 77 49
-7 102 52
6 109 62
-18 104 62
0 112 79
-20 110 67
10 97 61
19 85 77
-11 97 46
-11 95 66
-14 108 68
15 92 76
-14 76 60
-9 95 73
2 75 50
-20 113 62
15 77 46
-2 89 59
6 98 79
16 104 49
12 80 79
-8 113 67
-7 105 51
3 91 60
17 75 67
19 85 47
13 95 43
-1 88 76
-5 96 51
-1 87 60
-10 80 44
-19 81 55
17 101 75
-2 112 65
-13 97 61
16 77 46
27 27 58
14 23 60
27 36 64
-2 6 50
10 19 34
24 7 33
14 37 38
18 4 31
25 6 58
7 18 67
-7 28 63
6 6 54
-4 34 54
12 23 33
8 8 44
25 12 69
29 28 65
-5 31 37
9 15 43
-1 27 46
17 18 40
8 10 48
4 33 34
-8 23 41
-8 8 40
-8 6 51
24 33 70
32 19 33
-6 42 33
20 25 55
-3 13 51
12 5 44
18 21 50
16 4 45
-8 18 44
11 31 65
18 22 66
-7 8 59
5 5 56
27 6 42
14 38 56
11 31 45
-8 39 39
-8 4 70
22 6 50
2 24 52
14 33 55
5 26 67
10 27 52
5 10 37
19 12 67
9 43 46
-3 30 62
26 15 37
19 19 41
24 19 39
-6 25 35
-5 43 48
30 3 70
28 38 55
-2 29 50
3 21 56
18 18 52
-4 21 57
4 29 55
-3 14 62
-2 42 33
16 29 30
6 34 69
-3 18 48
7 22 46
4 11 42
-2 34 67
22 5 32
16 27 60
-8 11 55
18 38 62
-3 4 59
1 15 38
1 28 32
24 85 43
-2 71 11
-12 67 3
23 53 10
14 84 16
1 61 8
-4 79 40
28 88 5
-5 80 37
9 84 6
-2 91 37
23 79 9
9 62 41
-1 59 39
3 58 6
6 60 43
-12 80 43
11 65 10
0 56 9
1 59 32
0 67 29
-1 84 16
26 82 43
28 73 7
17 86 34
18 56 12
11 59 16
-4 88 22
27 90 31
-1 64 18
6 53 8
26 82 19
-1 87 3
9 62 9
-8 80 8
-6 87 12
8 80 39
1 68 30
-3 92 29
28 68 9
21 60 13
1 57 36
1 63 20
23 64 19
0 92 11
8 84 17
11 79 17
8 68 18
28 57 11
10 77 40
15 78 8
19 62 32
11 63 11
14 59 8
7 79 4
-4 61 38
15 80 3
28 64 12
-11 71 22
1 77 13
24 74 8
28 53 39
15 60 42
22 90 11
15 62 13
-11 76 16
11 65 12
2 83 4
11 90 3
15 73 37
28 52 27
2 87 20
8 52 42
15 77 36
-6 63 9
13 81 41
24 87 8
25 54 15
10 67 32
-12 78 17
74 24 46
106 9 61
82 45 48
98 41 41
87 39 60
99 20 61
103 12 61
98 45 51
100 38 54
105 29 26
103 30 47
78 24 64
96 30 51
71 22 59
73 33 32
106 27 56
96 22 29
78 8 49
93 42 36
91 33 60
89 39 25
92 9 63
91 25 44
96 33 35
92 37 45
82 7 29
73 42 27
91 6 51
87 29 44
99 26 52
100 30 63
77 19 55
70 17 36
94 7 55
90 7 40
101 17 25
73 27 39
96 41 24
93 45 42
102 25 55
104 41 50
104 21 25
91 20 51
83 39 30
70 10 57
100 37 55
84 31 45
72 43 48
95 31 56
106 13 42
94 41 28
100 36 55
82 24 26
94 34 64
100 6 49
71 11 36
103 25 60
71 23 57
89 11 56
104 39 48
96 32 33
87 14 59
82 23 24
102 21 54
100 12 26
92 35 55
94 34 41
90 37 28
71 34 50
103 12 34
87 9 37
92 30 52
87 40 59
88 33 46
70 43 24
71 37 33
86 23 33
91 23 63
105 17 35
99 15 60
61 97 23
65 102 30
69 94 28
53 89 30
63 76 36
59 96 36
76 80 49
77 84 43
80 100 34
88 107 29
59 96 39
59 99 35
83 95 21
59 91 44
75 103 20
72 94 28
55 102 38
66 89 23
68 81 28
83 67 34
84 96 54
68 105 31
64 75 42
79 69 22
85 89 42
81 102 40
80 84 40
56 70 19
82 98 15
90 68 31
54 83 16
51 94 52
77 88 32
82 97 38
58 75 44
90 81 27
62 107 49
64 68 30
86 85 39
77 105 55
70 98 42
72 89 34
82 75 38
77 73 23
80 76 40
52 106 31
56 88 30
55 106 47
53 68 21
65 91 44
61 94 20
63 100 20
81 81 50
86 68 50
60 71 26
82 74 49
68 80 36
78 90 20
69 78 18
53 75 19
86 88 42
79 73 25
91 79 38
54 77 32
71 80 29
89 74 23
84 67 42
69 97 24
67 100 43
76 101 15
64 96 49
74 69 26
58 101 31
83 82 47
75 100 52
87 101 50
56 97 17
75 85 19
58 86 37
66 76 26
79 34 44
76 27 10
67 2 10
50 23 9
50 15 15
58 11 17
45 9 13
65 32 47
68 30 21
44 -1 28
52 -3 23
56 4 8
47 -4 18
78 10 20
51 22 24
65 -4 34
39 8 19
52 0 15
79 27 35
62 27 37
64 35 40
77 19 33
48 15 43
61 5 9
45 6 14
52 35 45
53 12 13
51 -1 40
51 19 12
58 24 8
56 2 18
49 32 42
48 28 32
58 7 23
55 1 21
41 15 45
40 9 14
50 -4 17
50 16 11
49 31 17
60 19 24
77 20 9
73 7 46
47 3 39
63 -4 44
68 25 35
64 33 13
53 -3 31
72 7 8
44 10 31
77 30 17
78 35 32
60 20 29
55 33 42
56 7 24
68 27 42
69 -1 28
53 10 25
53 2 36
78 22 29
68 31 30
46 25 12
67 19 13
63 34 41
63 29 17
68 17 20
44 13 24
62 10 22
40 32 10
73 36 9
59 24 16
73 31 9
41 4 16
59 14 7
42 27 23
58 31 30
73 19 43
41 34 35
71 -4 31
72 5 27
102 101 75
98 87 81
69 104 91
70 81 79
97 99 106
73 74 90
73 112 79
89 82 80
85 109 76
67 112 89
100 111 90
73 85 104
93 94 79
85 102 87
95 83 66
74 82 72
71 82 67
101 92 101
90 99 91
74 99 92
71 83 75
73 103 76
94 87 89
68 90 83
102 92 73
92 75 105
72 74 82
79 84 66
92 93 97
79 86 98
65 78 85
95 81 100
83 89 102
98 72 95
94 80 95
82 103 82
65 102 98
75 96 95
98 101 91
85 78 95
76 85 81
94 75 85
90 87 80
100 77 101
67 105 86
91 109 93
98 86 101
67 107 70
87 106 96
99 81 102
78 87 84
67 72 80
63 90 92
65 77 90
101 105 84
64 75 105
77 87 96
71 103 91
76 87 93
90 99 68
80 88 70
70 108 86
99 74 67
63 93 83
80 110 84
69 83 102
96 84 79
62 94 95
98 82 89
93 84 89
95 107 97
73 103 69
67 103 84
89 97 89
94 81 70
100 99 68
65 78 104
65 111 84
84 95 98
63 107 79
43 57 77
53 79 103
47 53 91
70 61 90
39 79 78
61 73 77
75 67 79
63 80 104
59 62 98
68 76 89
62 70 102
64 63 112
49 52 96
36 89 114
73 58 99
53 61 77
69 78 102
51 69 80
45 90 100
66 77 93
48 76 113
63 66 80
66 88 109
63 80 97
46 56 77
53 69 95
52 53 100
75 65 99
66 79 111
76 68 116
52 53 76
57 71 89
53 87 99
73 71 109
53 77 81
39 88 83
46 53 82
44 61 92
57 78 85
38 61 104
43 63 94
55 76 77
36 57 101
46 64 99
48 79 101
63 58 95
48 66 77
68 74 84
60 59 105
53 58 100
36 83 97
54 52 87
55 74 102
51 56 91
76 89 96
61 88 89
51 65 115
41 52 98
74 68 109
56 53 76
54 89 82
47 70 78
49 88 80
54 71 105
54 82 97
62 61 81
68 59 94
49 68 99
73 78 94
58 64 95
76 59 91
73 80 100
75 90 92
43 60 95
51 84 101
49 77 92
66 56 86
59 74 83
52 53 77
74 82 78
102 8 78
99 21 99
88 -13 85
67 -6 110
91 26 80
82 -7 108
84 -1 106
95 0 104
69 0 85
71 8 90
62 6 89
84 10 99
81 -11 72
73 12 103
91 14 74
66 17 109
64 -12 101
72 22 84
99 18 94
100 8 96
66 3 112
96 0 75
92 3 100
95 0 89
62 22 98
85 4 86
66 10 93
67 8 83
97 23 73
83 -12 72
89 10 97
69 1 85
70 3 88
76 -1 100
94 26 102
78 16 94
74 27 89
89 -7 98
71 4 96
75 -8 97
72 17 78
88 -10 93
102 15 83
93 -13 99
93 12 86
80 -8 110
92 6 106
94 13 100
85 24 85
68 2 93
77 -3 93
63 -12 100
93 10 96
82 -6 81
65 -8 109
94 6 92
85 3 112
71 -9 90
75 6 86
94 5 85
68 26 105
64 -5 86
77 13 95
92 3 98
71 -10 96
75 22 92
85 15 81
85 2 108
94 5 96
75 15 109
92 4 76
74 -2 112
80 -3 101
80 5 82
92 -4 95
83 20 82
64 24 81
62 1 73
86 22 72
75 1 111
70 46 73
59 26 96
53 48 61
57 11 93
52 20 84
81 23 70
53 13 62
63 41 75
52 15 79
66 34 97
74 29 84
78 15 95
83 23 83
73 47 88
72 37 81
70 9 71
92 40 95
75 30 88
68 48 92
75 49 98
66 49 75
57 21 88
64 41 95
53 27 65
73 42 92
69 33 69
76 37 62
61 13 86
60 19 91
57 27 71
75 46 94
67 28 61
70 9 92
79 26 77
73 24 74
81 23 74
89 34 92
80 10 60
92 13 59
79 25 58
91 27 70
79 46 60
52 10 69
84 40 71
80 22 94
87 33 91
64 13 75
87 32 92
59 9 84
52 27 69
53 19 70
65 38 88
91 9 69
81 18 93
64 24 81
84 25 69
91 30 61
81 44 67
66 28 97
75 13 59
87 9 73
71 44 84
90 10 61
73 28 69
61 37 89
80 47 69
79 46 62
65 19 98
59 25 97
57 9 84
83 26 98
88 46 81
63 9 74
85 31 88
75 34 98
80 25 74
74 32 79
83 49 63
66 26 60
71 25 71
114 78 2
90 95 6
85 89 -7
100 71 25
87 78 21
102 84 23
109 95 24
89 76 10
90 83 -3
101 78 22
79 97 -3
87 100 5
105 92 23
91 101 21
117 96 16
91 89 0
103 75 -5
109 81 -1
86 80 -8
87 93 22
100 69 0
118 89 14
82 100 -11
92 77 17
92 94 7
115 67 26
107 70 -9
84 89 12
98 88 -10
112 79 4
104 102 0
87 97 6
83 66 24
116 97 24
101 102 11
106 91 24
115 71 -11
90 69 5
95 68 12
105 85 21
99 83 -1
91 104 -13
87 82 -1
91 105 17
81 86 1
111 88 0
98 78 16
110 73 -13
102 79 23
101 84 4
105 68 14
99 93 -10
117 89 -5
83 104 -9
103 65 23
89 85 -6
81 87 -1
94 101 8
115 105 8
114 76 23
78 76 12
82 79 -9
107 103 24
108 82 23
90 67 14
90 74 19
108 104 18
91 71 9
96 89 15
95 84 24
84 98 23
87 69 -9
83 82 5
108 74 -10
84 71 -1
78 104 7
104 67 20
99 102 2
111 71 25
107 70 21
14 23 112
25 10 96
-1 20 113
18 44 104
3 14 107
21 31 85
2 32 84
-4 31 84
8 37 82
23 38 97
17 23 102
-2 39 79
31 30 108
25 29 103
6 21 102
2 31 95
0 22 104
0 38 112
-2 49 99
17 25 94
10 30 107
10 33 94
20 25 82
-7 18 87
27 12 113
13 17 97
4 49 75
-6 20 96
23 33 92
17 24 86
-1 36 92
-4 10 100
28 12 98
20 26 79
-4 35 103
18 17 81
6 26 78
2 43 111
15 45 101
0 21 113
20 20 84
1 41 114
26 22 113
12 45 93
5 28 100
-4 23 86
1 33 82
9 29 103
-8 40 91
2 43 99
18 39 82
9 50 85
22 20 101
23 31 101
21 29 115
14 39 79
-3 47 102
18 11 82
6 48 97
11 11 85
-2 35 91
0 31 85
28 26 108
13 21 87
7 29 83
-1 31 103
-8 28 115
26 16 82
19 10 109
-2 43 92
3 19 102
30 39 110
9 44 78
10 44 90
29 42 86
3 41 95
9 45 87
22 12 78
24 24 107
-5 39 114
65 60 92
53 41 104
33 46 83
53 56 89
68 34 100
44 44 102
45 35 101
51 33 88
50 68 97
54 61 73
53 62 83
60 44 78
66 31 72
32 63 70
38 58 68
53 57 69
50 54 92
41 67 83
63 69 85
44 30 104
33 51 96
40 42 82
45 32 74
45 34 71
32 43 99
69 30 89
43 33 76
53 56 93
69 31 70
44 53 80
70 41 97
33 50 69
47 44 94
45 57 99
46 55 72
39 35 82
36 65 93
37 37 82
65 39 101
34 45 72
39 36 77
46 45 101
41 38 99
68 55 76
61 52 75
58 31 101
33 56 67
37 44 102
51 55 96
31 30 104
53 59 89
68 56 76
62 61 102
54 63 99
49 40 86
35 45 69
64 47 84
55 36 100
66 56 107
46 34 90
65 45 90
33 46 96
46 52 97
50 65 75
62 51 106
69 68 75
41 45 94
39 42 91
69 63 94
34 35 100
33 50 80
33 69 92
68 43 106
57 30 93
38 53 106
38 30 93
43 39 70
60 70 87
66 55 85
59 69 72
-16 89 32
10 88 42
-6 107 20
20 102 2
6 96 33
14 116 25
-3 102 3
-9 96 31
-9 84 13
18 98 20
-6 105 20
-7 87 41
-8 82 31
-9 93 8
5 83 31
4 82 42
-8 95 24
-12 85 12
-3 107 31
-8 98 23
14 113 2
1 111 42
16 85 21
17 105 35
-7 110 3
-18 115 31
4 115 31
-12 102 31
2 116 5
-19 114 22
0 89 2
8 87 40
-20 78 14
-2 81 21
19 116 41
1 79 29
-16 118 19
5 100 15
-15 103 25
6 89 38
18 108 33
7 99 31
-1 94 21
-16 90 38
14 106 36
3 81 39
-13 88 30
9 106 31
-8 79 30
11 96 18
-3 102 38
-12 96 30
20 106 42
0 91 34
-12 104 23
5 99 40
-14 110 30
-7 105 18
5 115 35
18 118 35
-18 96 11
18 105 4
-4 83 18
-12 98 39
2 87 42
-1 91 31
13 104 3
0 110 14
-11 116 2
-12 116 20
4 83 8
-3 91 2
0 97 2
-13 114 31
-3 85 18
-2 83 27
-18 116 15
6 79 33
0 86 19
-11 102 25
45 25 53
45 9 16
59 15 37
50 18 22
28 10 35
59 13 43
31 -3 29
22 34 17
27 -2 48
58 37 42
24 22 14
60 -3 26
59 28 31
34 8 20
30 19 54
28 30 26
48 31 26
55 12 36
33 25 19
34 1 24
56 22 43
58 8 39
37 30 17
28 -1 25
35 33 37
56 14 35
40 13 34
61 -3 24
51 29 53
30 6 31
55 3 30
45 34 22
36 1 43
52 26 39
27 15 26
57 15 43
57 1 14
45 0 29
50 4 40
51 20 53
57 11 39
35 33 41
61 5 29
29 26 27
52 -1 14
62 6 18
22 18 17
59 24 49
57 21 28
26 18 24
26 36 34
39 32 16
23 10 43
26 1 37
40 34 15
26 12 36
23 12 16
32 9 28
33 11 39
47 36 31
48 30 26
62 0 46
28 12 47
33 4 44
43 4 17
43 3 32
55 -3 16
33 16 39
27 21 39
45 13 42
27 16 49
53 15 33
35 32 30
26 27 47
48 30 43
24 33 34
31 -2 14
59 35 24
30 29 54
56 6 32
62 67 54
63 94 44
63 85 57
74 70 62
83 77 77
57 100 38
55 89 61
69 67 41
70 76 70
70 100 40
45 73 77
64 97 38
55 80 61
66 80 38
50 82 66
67 93 64
74 77 70
77 92 40
57 61 46
76 81 37
79 74 66
67 88 77
81 62 56
73 81 43
73 97 76
57 99 53
54 62 61
54 90 56
62 77 73
48 87 50
78 85 44
67 73 55
82 96 52
62 81 70
55 95 67
53 79 75
74 82 70
53 83 46
76 62 59
65 71 38
57 90 39
77 80 60
57 85 73
75 94 37
70 90 73
67 70 77
60 87 48
58 87 73
52 92 71
45 62 59
47 81 41
53 64 50
66 65 53
82 88 38
79 86 46
53 93 40
52 77 55
80 93 44
76 100 59
82 74 44
48 78 50
61 100 49
47 80 45
60 99 70
46 88 49
68 61 57
67 64 58
60 82 71
60 86 74
58 82 74
76 67 71
53 91 47
68 97 65
73 83 58
82 69 46
70 91 40
60 80 46
58 81 48
74 83 51
73 66 55
31 102 75
24 85 82
22 69 61
21 77 58
21 73 66
26 102 73
35 107 81
32 80 82
7 81 56
9 93 62
12 83 56
31 103 58
40 74 88
9 74 60
8 80 78
27 69 88
8 82 90
37 101 61
2 98 79
30 68 66
9 87 94
34 97 58
27 103 78
18 71 75
17 91 65
36 75 60
19 101 57
6 99 81
24 81 95
5 102 67
4 79 78
34 104 56
38 100 83
4 104 93
23 68 69
33 90 80
29 68 76
2 84 60
8 99 56
30 97 62
13 97 58
22 90 92
24 67 80
33 102 71
21 67 72
18 100 55
11 95 95
3 78 62
21 101 88
22 78 91
12 86 72
31 99 93
29 100 61
38 97 90
22 71 87
33 101 64
4 94 76
28 89 82
18 72 73
21 76 62
7 84 61
8 69 94
28 106 56
36 103 92
8 84 92
37 77 72
29 75 83
17 86 79
41 87 84
10 68 89
29 94 71
27 70 91
15 107 69
40 91 58
14 69 89
39 76 61
41 104 64
41 96 84
35 88 88
22 81 74
50 93 18
39 80 9
48 110 34
23 72 24
16 80 12
43 80 -1
50 95 7
27 99 28
16 79 8
54 110 35
54 92 6
20 107 20
37 101 36
39 87 5
26 82 38
29 87 31
17 91 21
29 91 15
35 72 15
31 75 34
17 75 19
25 98 24
23 90 13
33 98 10
34 79 35
20 104 27
42 82 17
33 108 36
52 74 -1
27 84 25
44 75 14
27 88 16
43 75 9
47 107 29
39 109 37
30 94 1
52 76 24
18 95 30
53 71 13
21 86 15
21 91 39
46 74 37
43 95 10
51 102 25
18 100 0
51 106 9
44 92 35
33 80 21
20 82 17
26 74 31
18 78 16
16 79 27
46 96 33
22 73 19
47 71 22
22 84 3
51 95 32
55 87 22
46 85 23
34 86 18
50 109 9
25 110 2
47 71 5
50 85 27
51 85 0
40 72 36
51 70 29
31 82 3
30 86 29
27 99 14
33 107 37
29 86 3
45 77 7
47 87 24
20 98 7
25 76 33
31 91 35
27 104 26
24 73 21
50 70 16
83 101 73
66 75 73
62 69 60
78 65 43
50 103 70
78 80 69
64 70 56
63 79 72
53 102 57
62 71 56
72 83 47
85 84 45
81 82 52
67 89 54
68 83 42
65 87 34
51 66 67
81 105 59
78 103 38
71 90 68
53 82 69
55 69 43
47 88 70
63 77 41
72 75 57
75 73 34
81 70 55
58 105 59
59 67 43
56 102 51
86 65 50
69 87 42
51 75 44
62 71 42
61 77 70
73 89 71
72 77 36
67 77 40
77 95 67
80 84 55
57 83 47
62 100 70
72 85 48
79 87 38
61 76 58
50 88 71
63 78 33
64 77 42
71 103 37
48 69 47
82 91 34
68 100 39
67 91 53
59 70 52
81 84 53
66 86 36
46 83 45
69 89 38
54 77 59
79 95 73
59 82 46
85 68 44
50 71 65
70 103 54
52 93 58
81 102 37
55 90 43
69 95 49
70 76 73
48 66 42
53 74 36
47 74 40
69 81 35
68 103 33
65 99 48
70 77 33
64 69 35
59 83 44
85 97 41
58 85 45
49 98 48
36 83 29
47 78 30
24 82 18
23 70 42
22 87 50
50 83 30
35 69 17
42 69 53
42 93 23
25 81 37
25 68 46
46 96 21
21 93 18
33 85 44
26 76 19
35 99 29
42 77 52
25 68 40
58 70 47
29 85 43
39 68 28
27 76 30
32 101 24
33 77 39
51 84 36
30 86 37
29 71 27
27 70 20
50 70 40
27 93 51
51 64 40
29 66 25
48 68 52
24 75 30
35 82 49
28 80 45
58 89 43
22 82 48
48 96 49
59 78 25
39 75 27
27 99 46
33 65 16
35 72 22
57 72 35
23 79 34
50 82 29
55 100 33
56 71 51
25 76 17
61 97 31
27 86 44
29 99 36
22 94 27
28 79 23
42 85 25
50 92 13
36 91 20
53 64 14
61 79 33
54 84 42
32 99 48
42 96 36
61 76 45
43 95 13
34 72 41
42 85 25
43 99 28
42 89 15
24 85 24
54 90 15
50 66 53
26 97 15
46 85 22
56 97 22
34 91 14
56 96 21
34 92 27
58 74 13
42 -4 94
16 19 106
53 13 109
50 4 82
23 5 85
39 -2 78
24 28 85
17 16 109
35 3 98
47 13 84
35 27 98
46 11 92
52 10 112
20 2 112
21 9 82
52 32 83
20 26 106
27 -4 86
31 11 94
21 2 111
20 26 107
35 1 94
35 -4 107
34 23 100
48 33 93
21 33 111
27 27 85
48 35 78
31 0 102
35 -3 93
21 6 92
47 4 77
23 9 84
30 28 77
24 27 80
55 2 108
28 28 77
50 32 111
55 19 107
24 -4 83
47 -4 96
53 13 107
49 30 92
34 7 110
29 28 77
31 17 94
39 9 82
21 25 87
53 32 111
55 24 107
29 33 105
31 0 94
20 19 103
26 14 78
47 32 115
30 16 83
48 19 75
37 13 109
22 8 83
35 24 113
19 -3 100
18 -5 89
45 30 106
18 6 91
21 12 89
39 7 115
29 24 100
35 28 96
49 27 87
56 32 98
19 7 90
44 12 114
18 13 111
42 27 110
34 27 112
32 4 78
27 18 91
29 9 95
50 25 102
21 17 86
33 64 80
49 71 80
57 58 93
49 70 118
36 62 110
52 41 103
34 63 108
66 62 90
44 43 83
54 65 105
39 37 98
68 47 117
65 61 111
33 37 111
53 75 105
44 54 88
55 65 80
34 62 112
61 66 111
46 72 112
66 62 81
34 73 78
50 52 101
43 48 101
57 43 83
30 51 97
58 73 105
44 73 116
36 40 111
68 54 95
49 66 103
47 46 85
54 46 112
43 42 105
43 43 111
54 57 101
37 65 94
67 51 80
58 52 99
56 71 110
40 45 112
31 63 90
45 66 101
67 64 87
31 58 114
32 67 96
31 47 102
41 53 118
68 53 115
63 48 92
49 61 110
53 55 87
36 42 89
57 75 103
51 65 108
56 63 86
43 70 97
38 43 111
60 65 89
49 40 118
54 68 99
58 75 114
55 72 83
56 47 112
36 49 102
55 36 91
68 53 90
41 64 92
67 43 108
31 69 92
68 72 79
44 45 103
60 67 106
28 40 79
47 75 93
34 47 89
68 39 79
32 63 106
67 61 110
41 58 96
-9 74 22
-16 104 -5
11 83 8
-2 92 6
14 101 11
22 76 9
21 81 15
15 100 13
-1 85 19
-4 75 33
12 107 24
-15 75 2
-12 94 25
13 104 15
2 102 18
12 88 13
-8 76 -1
-15 103 6
4 98 2
-6 67 16
-17 104 29
4 69 5
-2 97 1
-6 102 2
20 82 -6
-3 70 -5
16 95 30
7 92 27
15 83 6
-10 98 6
14 69 7
-5 94 -7
3 83 16
11 92 1
-15 85 23
2 98 -1
10 80 27
-3 99 13
11 88 0
-17 76 0
-4 94 31
8 92 3
-17 73 24
14 101 30
22 99 3
20 79 11
19 97 0
-13 95 9
2 101 -4
14 91 8
2 105 -7
3 88 4
7 81 26
6 87 -3
19 75 -3
-7 105 31
-13 98 -6
16 89 3
-15 107 17
5 72 -7
-5 91 -5
10 70 28
-16 100 -7
-1 96 30
-5 99 29
23 83 6
-4 84 25
20 90 23
-12 77 32
-7 107 14
1 67 28
14 101 30
-4 102 31
21 86 7
22 104 10
-10 100 9
19 91 3
-14 71 3
-13 100 30
9 102 28
61 25 50
70 24 16
88 -7 32
69 19 48
79 -6 19
50 15 19
77 17 55
62 11 34
67 -10 48
60 5 45
58 22 45
51 10 29
90 -5 24
63 6 33
79 -8 16
50 14 16
53 -15 38
53 22 30
78 19 29
86 8 50
54 -6 41
83 13 25
65 -1 27
67 -14 40
72 -9 28
71 -15 18
65 -10 50
80 -1 23
83 24 54
89 -7 22
70 7 35
70 9 56
86 24 48
67 2 54
69 12 27
74 -13 46
83 6 56
72 0 43
82 25 34
68 24 55
78 22 49
65 14 28
87 -15 34
88 -2 38
85 -1 52
59 18 32
75 16 51
70 22 51
69 21 45
70 19 32
70 0 33
59 -1 22
53 12 30
66 -8 35
78 -2 28
72 2 53
51 11 42
82 -11 30
66 9 42
57 1 27
56 17 36
82 12 55
60 4 48
80 8 43
58 0 31
78 9 20
83 2 34
56 3 43
72 13 44
58 -15 53
85 -15 56
69 9 28
78 22 39
53 -12 50
70 12 54
59 -10 26
68 4 24
61 -10 40
80 11 30
84 6 17
80 102 91
89 86 80
98 113 64
94 107 78
95 100 94
98 107 80
86 99 100
73 107 72
89 91 83
93 96 64
84 113 74
81 108 80
105 79 103
77 114 87
88 84 67
110 95 100
78 100 66
92 77 63
71 92 82
94 112 84
97 108 92
104 81 101
95 97 70
82 109 69
79 79 68
87 90 69
93 86 79
86 78 92
88 102 80
93 98 63
101 85 102
82 85 100
104 113 86
94 113 67
82 86 101
110 102 90
98 80 102
71 84 97
97 106 84
108 85 63
85 104 71
82 84 72
95 111 64
77 112 90
82 91 96
88 115 72
74 109 63
103 78 95
76 84 68
79 88 71
105 91 64
102 101 66
99 101 75
84 110 70
73 114 74
84 82 93
83 110 100
87 91 66
97 117 89
109 102 83
110 106 70
97 79 70
76 79 67
89 93 69
81 115 82
73 90 73
95 83 80
93 79 95
90 99 76
82 84 100
106 116 75
98 101 84
90 95 72
99 93 84
75 103 76
101 82 80
84 89 67
98 83 88
90 97 91
87 78 88
87 51 67
57 77 60
83 77 79
55 82 81
91 54 66
71 62 68
78 75 82
55 63 67
85 69 75
81 62 53
85 78 71
72 87 71
77 71 59
67 58 80
55 52 87
57 67 75
71 77 64
89 81 76
52 60 58
58 82 49
69 64 83
89 73 86
61 72 77
83 57 68
80 85 77
62 73 85
78 63 60
73 57 63
52 63 84
92 71 83
92 66 64
92 87 80
64 51 64
83 52 53
61 66 84
65 60 57
82 64 59
90 66 69
58 65 62
91 72 51
64 63 70
88 85 52
66 59 52
91 52 86
77 61 84
88 52 76
82 48 69
81 61 63
52 54 66
84 54 80
86 62 52
75 71 70
61 72 57
63 75 61
81 87 74
56 79 85
53 62 80
91 56 55
75 87 57
65 50 63
65 68 69
76 78 78
55 74 77
91 64 53
91 84 82
78 76 87
54 69 56
66 59 57
57 49 58
67 79 74
86 73 76
55 86 49
57 77 65
79 63 70
73 88 52
81 64 72
54 63 85
84 83 75
78 49 65
52 49 80
57 9 41
52 28 51
77 39 28
53 38 50
42 20 33
62 14 37
56 25 28
46 47 43
71 39 36
53 38 37
56 46 49
42 43 37
74 40 36
63 28 44
41 39 19
54 17 45
68 20 44
42 10 56
69 42 20
76 48 32
59 16 37
62 24 33
41 38 27
66 20 56
72 42 41
78 45 37
63 22 41
75 37 53
70 34 52
72 26 27
54 47 53
75 29 23
40 29 45
62 47 31
60 41 47
77 46 39
42 17 50
71 27 59
52 26 51
49 9 44
59 28 39
71 24 29
77 40 27
70 29 45
43 41 26
49 16 42
51 27 42
53 40 56
53 18 39
55 17 43
50 36 23
79 20 21
46 31 21
64 29 32
44 16 43
52 46 59
45 22 31
64 9 58
55 31 32
59 13 20
59 32 20
67 18 39
78 43 55
49 37 50
63 25 47
57 12 55
77 48 44
73 49 31
66 38 46
54 47 46
46 17 46
76 31 29
44 9 43
70 19 35
64 25 55
64 20 42
49 49 41
80 25 43
79 30 47
57 10 37
31 45 13
47 18 28
20 29 19
49 18 16
26 28 47
32 32 43
51 49 17
48 27 18
36 29 34
39 43 49
45 25 34
14 46 36
51 35 41
21 40 39
13 46 20
16 26 21
45 31 21
29 51 24
46 47 10
20 43 27
37 15 33
40 28 50
27 52 44
40 19 31
42 45 15
24 29 50
34 23 45
16 36 37
48 16 20
11 24 39
31 26 38
17 42 33
43 48 21
30 38 41
46 16 11
41 40 47
12 31 38
46 44 41
11 52 21
27 50 30
32 49 50
22 50 16
39 15 34
43 31 25
43 12 36
16 52 49
25 27 32
21 30 42
43 14 48
31 36 49
40 48 24
33 45 12
30 51 14
34 45 31
30 40 20
41 19 27
13 51 25
31 36 44
12 52 35
36 25 10
49 16 49
13 24 31
28 43 50
44 21 22
22 26 50
29 20 50
45 13 39
21 50 42
35 12 38
46 19 21
45 27 48
34 29 22
38 48 30
24 25 45
24 45 16
42 41 36
49 26 25
46 51 19
45 29 10
45 30 16
18 14 -4
8 39 0
25 9 -16
11 10 1
23 43 6
-14 8 15
14 21 -11
-6 25 12
7 25 0
-3 9 -15
-11 37 -3
5 25 -4
-11 20 7
12 44 5
20 19 11
-15 29 3
9 38 19
-5 27 -9
10 21 -15
-2 9 3
12 20 -12
-14 11 14
-1 28 0
2 31 23
20 16 6
-15 41 -10
-2 43 11
1 19 19
-4 20 23
17 42 -13
5 31 -14
-4 10 1
19 38 -10
-10 25 18
8 26 15
21 18 -3
0 15 1
-9 19 -3
18 38 -8
5 27 -6
13 20 22
1 6 21
8 15 -9
-14 23 5
8 28 20
18 37 -2
6 19 4
-13 41 19
-12 31 15
10 19 -13
-7 12 19
-15 40 -2
25 16 18
12 11 15
7 8 -3
14 9 14
-15 31 1
20 29 13
13 36 23
-1 46 8
22 27 -5
23 37 -10
14 44 -1
16 9 -1
20 20 -2
-2 9 17
-2 45 4
22 25 -7
22 24 5
2 14 -16
-6 37 -6
-3 14 6
-9 33 7
18 9 -9
-14 21 -4
6 21 17
2 7 -5
-11 6 -2
-9 25 7
16 10 18
9 72 16
1 86 14
7 80 28
-13 89 39
-15 108 7
7 93 37
-7 98 5
-17 85 27
8 87 11
21 107 8
4 83 15
21 92 24
22 98 26
8 95 21
18 82 9
-2 87 2
-16 103 37
-18 72 36
-4 102 20
19 85 26
19 101 26
22 75 7
10 93 1
15 79 25
21 108 0
5 82 38
22 89 3
7 94 5
9 102 25
6 86 9
1 71 21
-6 78 32
-1 102 27
-3 104 12
8 82 37
6 98 12
5 101 1
10 91 34
5 78 14
-12 103 21
-12 98 28
-17 79 17
-16 84 0
21 74 5
9 107 15
-6 99 35
12 107 36
-10 107 17
11 99 13
-10 77 6
9 86 7
11 80 7
7 108 11
21 69 12
9 108 39
15 71 38
-5 78 22
20 103 14
-5 70 -1
20 73 21
4 93 6
-3 84 9
-11 75 14
-14 80 13
1 107 35
-11 72 9
-13 69 25
20 75 29
11 75 7
4 72 10
16 108 19
8 71 33
-16 97 20
9 94 35
-8 106 19
-9 90 22
14 72 24
-14 78 34
4 102 22
9 96 34
61 92 75
57 92 40
59 86 44
74 80 52
81 82 43
86 85 60
49 81 61
78 97 66
58 100 58
49 76 37
84 73 68
68 99 62
63 86 72
57 86 35
52 65 74
59 81 58
55 65 44
48 100 61
82 90 74
63 77 35
88 81 56
76 64 42
68 65 68
54 84 48
57 92 55
85 94 65
55 71 49
61 63 71
48 94 44
79 74 68
54 81 57
53 86 71
49 100 60
83 83 35
66 78 40
61 78 71
70 62 58
81 65 64
86 81 52
58 94 36
78 70 47
64 98 60
49 80 72
57 68 54
74 96 65
81 67 74
77 94 49
59 77 61
69 65 40
72 78 57
79 100 37
86 65 49
70 73 51
81 83 50
63 81 43
63 67 51
54 61 67
71 76 35
72 98 46
74 70 75
83 95 69
53 80 71
84 77 54
77 100 36
83 95 59
87 98 72
85 84 59
87 63 56
53 93 73
74 81 64
62 92 55
88 91 71
74 79 71
66 61 38
82 66 40
61 65 50
87 70 41
49 93 43
83 97 63
56 78 73
57 75 68
59 84 58
74 66 61
57 70 79
86 66 71
59 71 84
66 48 89
63 75 75
53 54 55
87 81 89
68 78 68
67 56 72
92 87 88
69 66 58
63 74 61
90 51 70
70 65 70
79 73 74
71 79 89
77 68 84
79 61 64
58 51 51
88 54 77
57 51 77
74 85 88
65 68 79
61 67 73
58 56 88
54 82 53
66 75 67
77 55 52
83 61 78
77 78 56
72 47 77
57 68 65
73 59 76
69 72 76
67 54 88
62 73 66
61 74 84
89 80 57
66 79 50
65 72 59
53 65 78
80 83 74
80 66 52
66 67 82
80 54 66
69 81 69
59 63 83
64 78 62
85 66 80
58 63 64
75 87 86
75 66 58
71 85 85
53 82 85
53 52 68
89 65 76
80 60 62
62 87 50
69 65 84
77 72 83
75 84 61
89 70 71
58 50 58
93 48 57
82 71 64
55 50 52
82 49 80
77 60 62
93 73 66
93 81 60
70 78 89
71 70 51
63 51 78
58 84 71
62 54 51
57 52 58
55 64 56
32 70 15
18 107 40
26 96 14
28 74 47
14 100 33
24 85 42
23 90 23
35 95 29
10 76 45
9 74 38
43 82 14
43 100 48
22 71 30
27 85 43
31 81 34
36 99 47
39 94 30
17 89 15
30 69 37
27 84 31
47 102 12
36 94 30
29 95 30
9 69 17
46 83 27
18 93 40
28 76 12
19 107 13
47 105 37
23 95 39
26 107 37
9 75 45
23 77 45
12 105 32
48 96 10
45 104 37
33 75 27
31 73 27
19 76 37
24 105 33
20 95 9
11 76 23
31 90 32
36 86 20
47 69 17
10 84 29
49 86 47
14 86 22
23 82 37
9 88 44
26 107 32
19 101 28
14 86 31
37 73 33
10 71 28
26 94 33
45 104 12
23 81 35
37 107 13
42 80 14
25 106 21
18 69 41
24 72 38
39 71 41
13 90 15
24 79 26
14 80 16
23 87 8
32 98 46
22 83 42
48 81 41
32 87 12
30 81 30
11 95 37
12 79 36
23 73 31
35 72 47
38 90 13
46 85 15
43 90 22
55 22 114
44 32 87
29 -6 108
46 20 91
33 13 82
31 15 93
54 1 79
47 32 114
40 0 95
31 -4 107
48 32 102
56 28 103
27 4 104
39 31 86
50 2 112
25 4 111
59 0 96
57 24 85
25 18 103
25 24 112
29 28 91
60 27 111
36 -1 83
29 31 94
60 31 107
44 23 92
35 31 106
22 5 103
32 19 105
60 31 111
20 19 75
41 -5 94
57 5 80
42 -5 96
46 4 97
42 22 84
57 16 105
47 -5 106
40 10 99
23 11 100
26 -1 74
48 2 104
35 23 99
50 6 94
49 -7 88
42 14 109
49 16 100
46 25 114
53 4 112
21 20 81
42 11 104
54 21 89
53 31 87
39 28 91
48 31 97
31 11 74
44 5 106
39 33 87
29 9 108
31 3 102
50 8 108
28 14 82
34 -6 81
24 21 102
54 -5 97
24 33 100
46 3 113
39 6 89
38 11 108
35 12 102
22 8 89
48 -5 106
42 11 87
46 21 83
40 31 82
57 -4 113
27 25 102
56 28 78
42 12 92
52 31 94
14 94 108
18 88 107
26 98 114
-5 114 90
-5 84 95
-11 82 87
15 117 98
12 111 76
12 90 81
25 116 93
-6 89 87
7 112 110
7 83 78
-1 112 103
6 94 102
15 117 101
24 96 93
-13 92 84
-2 109 114
7 80 97
16 84 87
23 115 108
-10 92 115
22 98 109
-1 81 97
2 91 102
-8 83 77
1 86 114
17 98 80
-2 91 76
-2 77 81
-12 95 111
-8 82 113
-12 89 84
11 101 83
9 102 96
10 117 108
-4 85 89
-5 103 92
7 115 116
-7 100 90
13 117 79
-7 87 115
-1 83 78
0 101 79
11 95 83
-8 97 104
-2 110 99
15 112 116
4 77 83
0 117 114
2 101 94
8 117 102
26 93 76
20 78 103
24 78 93
-7 85 93
27 85 85
19 77 110
8 110 84
24 113 95
-12 100 114
18 93 92
-3 107 105
15 103 88
15 91 94
14 95 89
-2 103 111
5 101 88
-11 85 105
22 110 105
6 98 77
6 116 114
-1 93 91
-4 117 95
23 116 99
11 117 94
14 117 108
5 85 84
14 88 89
15 76 39
-13 60 28
12 68 30
7 54 31
7 86 41
-4 62 59
4 63 26
0 73 32
-11 67 52
17 61 28
13 55 27
-15 51 61
13 82 65
3 73 32
-10 69 53
15 84 34
8 50 35
-7 59 56
17 58 57
-6 76 55
11 51 46
3 56 43
22 68 52
-10 70 64
-1 54 42
19 51 51
-4 64 37
7 62 46
-15 86 34
10 47 58
12 61 62
8 77 30
-13 55 60
-13 59 26
-7 82 63
13 84 58
11 56 59
-6 69 64
-12 47 59
23 60 25
-7 76 38
-4 63 55
23 71 26
22 58 49
0 65 44
10 56 61
15 76 39
18 82 55
-5 53 55
9 84 53
-5 75 46
-7 54 59
-13 69 59
6 64 57
-6 73 62
9 52 43
16 63 58
10 51 29
4 77 30
1 76 50
-9 74 60
0 46 65
-12 85 30
23 65 49
14 80 37
-4 65 62
16 52 65
18 86 52
-12 66 34
-2 84 52
-15 72 28
-7 84 28
20 78 54
11 77 62
5 80 63
-8 74 42
-10 47 65
12 48 64
10 81 34
24 62 48
56 76 65
81 63 62
62 74 71
56 94 82
53 95 55
56 67 61
80 81 69
72 74 72
66 81 90
46 70 61
53 77 52
49 63 53
61 90 78
71 62 72
80 83 86
70 91 71
51 80 72
85 75 70
64 74 67
83 62 77
55 73 89
52 78 62
56 89 64
52 65 72
58 82 56
83 76 72
73 84 90
51 92 83
86 74 71
69 99 88
57 71 85
65 80 81
51 77 90
54 63 90
64 94 67
69 83 78
75 84 72
57 69 74
74 96 78
77 95 88
51 96 62
66 69 63
73 73 78
63 85 61
71 96 75
79 76 52
82 61 86
81 92 76
62 65 65
65 81 69
58 81 55
54 62 90
72 91 57
84 70 65
69 82 55
46 61 89
58 78 57
66 81 90
77 94 53
48 91 83
54 75 90
51 84 89
79 99 81
59 90 51
60 83 59
64 74 90
80 86 78
76 70 74
54 96 61
53 63 83
73 69 70
53 84 52
62 91 78
51 77 64
58 101 73
60 71 89
59 73 58
77 97 63
80 90 83
80 99 70
70 5 32
78 24 36
59 24 21
65 15 47
70 7 32
51 5 43
73 34 40
49 43 33
44 26 40
73 19 44
61 42 59
71 31 50
71 24 50
41 42 49
70 29 52
78 33 29
65 35 50
67 21 24
48 34 23
70 34 58
61 13 60
47 36 52
75 10 58
66 38 40
65 20 36
76 5 60
47 11 39
52 23 48
52 11 23
63 8 53
60 28 31
64 38 21
40 21 56
52 41 55
66 19 37
66 43 34
61 35 22
74 39 57
44 29 40
52 21 47
42 12 42
40 32 53
71 7 43
64 37 41
73 32 44
70 21 59
63 10 29
73 16 57
39 15 26
52 38 52
46 39 44
66 28 27
41 17 49
73 37 41
52 22 44
48 15 46
42 40 49
45 16 58
71 23 42
66 33 46
42 10 41
50 10 35
63 9 37
61 32 33
67 36 51
62 39 30
68 23 53
61 22 41
53 24 43
63 5 25
71 32 40
43 9 29
58 27 41
74 26 31
40 33 25
46 43 52
41 35 61
72 29 24
40 40 34
52 9 43
52 85 88
45 95 71
32 114 72
33 112 93
37 89 99
44 106 72
58 81 76
32 107 68
52 103 73
49 75 73
49 91 88
43 108 92
48 96 95
47 101 63
51 83 100
37 89 102
32 92 92
46 107 73
62 109 89
63 101 77
68 107 69
32 74 98
45 109 84
42 104 93
48 91 78
69 92 75
70 102 96
65 105 77
68 114 97
70 83 72
33 95 92
36 111 70
43 76 83
42 76 90
44 88 93
65 107 92
62 87 97
34 88 72
54 97 92
66 90 97
66 100 99
45 92 65
53 85 87
38 103 97
34 98 99
57 92 89
32 77 63
58 106 68
53 89 66
38 81 94
41 84 96
57 90 68
46 85 63
34 95 81
49 105 83
41 107 93
59 109 102
38 75 77
65 111 70
64 83 85
37 92 92
55 100 91
46 83 99
38 107 77
59 94 66
47 81 84
53 96 96
45 77 103
66 113 81
49 90 65
61 83 99
71 83 102
31 90 99
39 90 94
32 95 97
53 75 77
50 114 87
34 103 68
68 105 96
46 83 85
-8 20 34
1 52 19
23 54 43
-8 49 54
19 47 48
7 25 35
14 51 21
12 30 40
-2 36 51
25 23 48
9 45 46
17 39 46
3 23 26
2 18 34
13 24 31
24 33 20
-5 16 44
-1 24 46
-14 24 53
11 20 23
17 56 43
-2 46 43
3 28 20
13 29 28
-6 32 31
15 26 57
11 16 37
2 21 25
2 29 36
-10 46 37
10 39 19
-12 50 24
-11 24 34
26 33 18
-8 37 37
13 35 29
21 36 56
-12 50 32
-1 37 21
25 21 38
12 27 53
25 25 46
-2 31 40
-9 16 54
9 21 26
-9 21 28
-2 55 22
23 50 30
-13 39 22
0 42 37
19 34 37
-7 47 43
6 18 52
16 45 22
20 23 23
-9 25 26
20 26 27
-14 49 30
22 16 36
8 53 56
5 34 55
-3 46 28
2 48 39
-11 51 57
-2 31 30
23 24 52
3 56 51
-14 18 43
12 25 49
-8 41 48
-3 47 46
11 20 36
-4 31 20
-4 54 19
24 30 43
25 16 44
-6 44 53
24 23 41
-14 36 23
13 42 41
69 50 48
62 62 24
38 57 25
62 55 26
47 41 17
47 35 41
69 40 44
60 45 30
35 25 44
40 46 48
67 40 20
66 56 40
60 64 32
59 62 48
41 59 37
58 35 50
48 55 15
56 36 26
53 31 28
54 30 21
41 56 41
34 34 42
73 44 31
56 29 22
71 40 33
67 60 13
50 48 16
54 54 33
72 64 11
33 45 41
42 49 42
51 60 40
50 64 26
59 58 28
71 43 26
57 37 17
43 49 10
70 31 25
53 41 50
62 38 13
55 32 39
55 43 25
67 62 37
44 49 16
51 34 27
69 41 37
69 47 34
36 34 47
67 62 29
54 25 18
34 37 14
35 41 47
41 27 13
47 57 43
73 58 19
61 24 21
51 39 49
68 40 30
53 31 21
73 57 21
65 49 26
56 54 19
44 53 45
55 51 45
58 31 29
55 60 28
41 39 27
34 27 36
54 37 29
71 38 50
37 36 42
46 40 24
70 40 23
47 25 42
35 44 22
43 61 31
52 53 40
53 43 10
44 52 34
53 31 41
65 18 99
82 21 106
65 18 106
59 52 94
84 33 96
94 39 77
65 40 76
70 46 81
75 53 78
69 49 89
64 51 82
95 39 91
61 40 92
61 42 108
87 35 107
98 43 82
77 42 86
80 25 96
75 44 114
83 32 104
87 20 95
68 44 105
88 30 110
63 54 85
82 37 90
78 26 106
87 25 108
70 45 95
72 28 102
83 36 92
58 38 99
68 31 88
66 35 83
69 47 81
74 37 100
94 32 101
86 23 94
93 38 107
70 49 95
96 50 99
61 48 93
87 28 113
79 37 84
81 41 110
90 37 81
85 44 86
98 14 95
97 16 108
64 39 114
59 28 108
88 20 90
83 14 100
79 38 93
79 32 74
85 23 85
67 37 80
83 40 109
80 18 84
89 25 89
75 19 91
84 50 95
74 42 78
82 33 110
60 39 107
68 15 91
64 33 95
59 23 80
95 22 106
90 39 98
76 28 91
69 41 81
62 37 97
90 14 80
83 17 103
64 42 109
81 15 82
71 37 96
98 28 114
76 53 89
63 39 74
83 38 21
70 31 21
90 33 -16
94 36 -3
76 46 4
73 56 1
82 40 20
56 41 -12
93 49 9
84 54 -19
60 59 9
64 66 18
57 69 -18
57 31 9
92 32 19
93 37 4
73 30 -16
74 60 -2
78 64 -2
77 39 -9
72 46 -2
60 37 -15
70 62 -5
63 57 -19
81 48 -11
90 68 18
68 32 10
59 57 18
85 41 14
83 49 -7
70 42 -2
83 32 -8
67 43 15
84 63 -4
77 34 13
71 48 -19
76 58 -16
88 52 19
83 61 19
86 45 2
93 38 -19
68 60 10
74 38 -19
84 43 19
84 41 -15
77 58 -7
68 35 21
64 33 -13
55 70 21
82 58 -6
92 40 6
56 54 -8
73 46 12
85 66 9
57 61 0
65 62 0
80 37 -5
60 43 18
85 56 -14
62 46 20
81 65 2
73 64 21
87 30 -3
64 42 15
81 40 18
54 66 18
70 39 2
88 56 -17
78 33 18
93 36 8
82 57 5
61 62 -4
91 62 5
62 31 -13
59 67 -16
76 46 -1
56 32 -19
65 45 13
62 57 3
54 53 18
