45 57 114
24 44 88
16 30 113
39 51 84
55 58 101
26 60 100
20 38 117
34 29 87
22 32 112
28 42 88
44 39 115
41 44 107
22 24 111
21 55 103
40 25 113
39 37 107
43 58 100
34 37 93
21 29 104
44 53 81
55 34 101
36 24 106
50 40 91
50 55 114
52 45 93
45 46 82
28 29 84
49 62 91
32 48 80
51 37 80
22 22 96
54 39 85
16 27 112
34 46 91
48 43 106
53 31 117
38 43 109
41 55 103
23 52 82
18 22 90
32 61 99
44 25 117
33 40 117
28 28 115
34 27 113
24 49 110
37 54 77
41 33 111
23 29 86
22 37 115
23 57 112
53 22 83
25 52 105
35 22 108
51 35 117
33 23 113
52 60 84
40 40 91
51 26 89
19 59 108
17 22 100
48 54 112
54 39 93
55 26 105
33 59 91
24 55 101
44 23 86
18 28 112
23 56 102
43 53 108
27 41 115
51 33 115
48 29 81
19 38 111
29 36 97
30 40 84
24 45 89
26 55 80
45 23 110
37 61 101
45 34 114
42 31 93
16 41 81
46 24 106
40 59 94
46 58 103
25 37 86
48 26 103
53 26 81
40 57 84
40 25 91
24 59 78
30 46 83
31 22 82
34 47 77
43 26 108
53 36 82
36 27 90
24 42 84
42 43 81
10 109 80
-3 94 70
18 109 102
6 113 66
35 76 66
20 105 72
32 89 70
-1 106 90
23 87 89
25 83 72
27 86 69
29 115 98
-2 81 84
27 92 86
32 98 99
3 87 100
16 86 100
33 97 91
17 116 87
20 76 94
30 76 77
6 82 62
17 91 101
2 102 88
31 79 98
29 110 69
36 112 89
30 101 97
-2 100 85
15 91 102
10 88 82
22 115 78
12 79 98
37 79 98
26 103 88
11 94 64
30 112 90
-2 81 102
33 115 84
8 83 101
4 116 66
-1 86 72
18 94 87
29 116 83
27 108 102
37 102 86
5 91 71
27 81 73
16 115 89
8 113 99
16 106 64
20 85 70
-3 112 80
29 94 95
1 114 101
13 81 85
13 93 88
9 102 82
9 76 88
31 114 76
2 102 83
22 82 102
27 79 68
36 81 65
32 104 91
3 110 96
7 93 77
20 116 67
8 92 95
23 103 64
25 76 88
11 76 74
26 109 99
19 85 96
24 98 82
30 104 85
1 113 91
29 113 89
12 105 101
0 110 97
-3 101 68
10 87 80
10 87 86
17 85 102
5 101 73
-2 81 74
34 90 64
25 78 84
10 96 67
31 96 98
16 81 71
28 105 64
29 114 100
36 103 99
36 93 68
13 82 63
13 89 62
18 85 76
20 100 96
20 99 93
49 83 26
80 110 11
86 90 7
78 77 -3
68 77 34
82 82 15
87 90 34
59 108 -4
53 97 19
70 82 23
58 82 10
52 100 18
70 83 11
86 98 -2
84 109 20
49 76 16
81 98 12
59 97 7
57 87 10
73 113 22
76 105 -2
74 86 2
52 112 33
81 99 8
85 104 -1
56 85 34
65 113 -1
74 107 8
82 94 8
75 101 26
89 114 22
59 97 12
57 76 -1
56 112 29
80 85 16
82 89 12
70 110 0
53 115 1
77 77 9
52 95 3
58 110 16
70 99 28
87 100 -4
89 107 11
53 82 -3
79 107 15
80 106 26
56 88 32
70 85 22
78 109 7
65 86 3
68 99 -3
81 109 16
69 93 6
65 108 33
50 101 13
80 84 11
85 98 -2
61 94 7
58 108 4
56 112 7
76 84 -4
82 78 21
76 85 4
67 87 14
56 104 13
59 95 8
74 104 16
84 104 3
79 84 12
81 75 8
83 111 36
64 92 33
81 92 15
77 87 19
68 97 3
63 83 36
56 97 3
89 110 33
70 95 5
81 109 35
60 81 -2
49 110 19
67 85 -2
57 84 13
74 114 31
69 90 33
53 108 6
68 104 18
78 83 21
69 93 15
69 83 21
51 97 13
85 93 22
49 111 2
50 103 13
85 97 35
57 90 14
57 107 24
52 99 33
33 -6 62
66 26 80
53 -6 60
54 1 90
58 -9 65
51 28 90
61 15 93
34 -5 86
35 -9 62
57 5 57
71 2 82
59 8 57
57 24 56
69 22 57
65 0 90
46 -8 61
63 9 78
41 3 74
64 26 91
49 -6 87
66 -3 83
57 26 66
39 -6 65
60 22 71
63 6 88
63 18 77
44 30 58
62 4 60
64 -9 90
34 23 84
60 25 63
43 16 57
45 6 86
44 -8 78
53 31 72
33 -5 74
71 -8 92
61 21 81
52 -7 82
33 25 68
37 7 59
41 29 76
51 -7 91
39 19 84
38 18 94
60 10 95
66 3 89
72 21 56
41 14 64
72 1 93
32 15 74
42 3 63
41 14 58
34 12 58
51 29 56
65 31 90
68 31 61
64 31 94
68 10 76
51 18 71
32 12 65
45 2 79
44 1 63
72 11 71
45 26 58
52 25 66
69 6 64
45 -2 79
65 0 75
58 19 64
43 -4 81
61 13 70
44 8 64
50 19 58
34 17 60
37 25 83
65 -8 84
44 7 74
70 -9 81
71 18 63
41 29 65
40 23 73
71 29 60
46 -7 84
64 15 71
52 9 64
67 11 70
72 -6 67
39 -3 61
64 -1 80
33 29 75
44 30 60
34 -6 75
46 9 88
43 24 72
64 8 92
38 27 70
56 3 87
43 20 94
39 10 72
118 59 81
80 91 60
81 64 80
83 83 53
109 59 48
81 79 83
110 66 75
99 65 57
114 71 44
117 81 80
110 61 50
113 61 78
79 75 76
111 79 66
94 95 70
103 74 54
100 71 65
92 86 68
84 75 68
110 74 72
110 65 80
89 84 58
117 62 61
99 96 44
91 78 76
89 76 44
90 99 54
98 70 57
100 71 68
115 78 66
108 83 66
91 91 68
90 82 52
88 64 83
112 72 55
89 97 73
105 83 61
114 82 44
114 88 78
117 89 52
82 99 75
104 68 80
111 85 53
95 63 48
86 59 55
93 93 45
84 92 80
108 88 83
92 67 68
115 59 83
117 96 47
118 77 56
102 85 49
105 90 45
92 94 66
118 62 44
104 84 54
90 89 72
88 62 57
85 71 52
109 87 76
109 61 63
92 94 65
90 95 48
84 85 48
114 74 61
82 68 47
89 75 50
84 78 74
98 76 43
91 94 81
101 70 70
108 64 65
94 65 74
119 64 60
115 59 52
104 71 55
88 99 56
91 78 56
110 84 48
89 77 74
107 83 54
84 92 79
98 82 66
84 61 79
102 75 49
88 73 81
81 90 43
86 90 50
80 85 67
112 78 65
108 97 50
111 91 71
86 77 76
117 95 81
107 85 66
106 63 57
88 88 60
106 77 79
106 89 65
46 29 14
44 19 35
71 23 18
78 12 9
78 0 27
49 33 31
69 39 31
68 40 3
50 10 43
68 26 39
63 22 21
40 3 9
72 21 12
52 23 34
47 29 41
77 6 15
50 20 18
62 13 42
55 17 28
58 31 27
39 13 21
67 23 40
66 4 25
60 1 15
75 0 42
47 6 26
42 2 42
58 1 3
46 34 5
69 26 39
79 29 21
44 38 39
53 34 34
79 33 13
62 5 26
51 37 35
45 20 18
60 22 42
63 12 29
69 24 27
44 25 29
79 20 20
66 30 13
76 31 38
44 24 13
42 4 12
45 9 24
57 23 17
74 34 36
78 23 38
39 15 29
48 12 31
41 13 20
69 2 34
76 5 43
46 21 36
41 29 13
67 16 38
44 36 22
69 28 5
68 30 24
40 36 42
67 40 32
39 9 15
78 28 17
67 13 9
54 37 36
51 35 24
72 38 11
75 8 22
54 18 11
53 28 13
55 3 12
69 31 15
44 31 8
48 33 7
39 5 29
76 8 21
46 26 25
66 21 32
68 26 39
43 20 32
75 27 36
45 8 8
57 23 24
59 21 8
57 9 6
62 15 26
40 38 9
76 35 28
73 27 43
78 27 26
69 2 39
78 29 39
69 21 39
47 29 33
39 5 9
66 9 18
67 37 38
77 20 17
46 23 46
47 34 65
81 26 67
77 2 48
85 28 63
49 25 56
49 7 66
56 19 77
51 25 52
60 7 48
58 26 60
48 16 55
71 1 71
84 12 74
83 24 72
65 24 66
64 19 51
86 24 55
81 24 44
57 32 56
56 32 77
82 22 56
46 32 70
48 13 55
53 17 65
73 23 54
47 20 74
84 22 58
75 23 67
48 30 63
52 8 67
60 6 51
85 14 56
60 22 60
64 6 49
63 30 72
56 29 57
55 6 69
48 1 65
54 6 75
47 22 60
61 6 69
52 18 59
58 37 74
71 3 77
84 8 53
65 7 78
73 27 73
64 31 69
75 12 69
54 -2 76
61 15 81
85 10 57
86 13 46
46 36 71
82 3 66
50 36 82
58 5 62
53 37 54
71 19 77
79 37 69
78 15 71
50 32 69
81 32 68
70 16 61
60 28 56
56 15 81
58 2 78
49 -2 47
52 7 60
70 0 59
79 30 65
72 36 81
74 15 66
64 31 79
82 35 46
60 34 82
78 10 66
71 22 71
54 4 83
77 8 71
79 17 62
72 8 47
70 25 69
83 12 80
57 33 61
46 11 54
46 10 54
50 5 79
77 8 59
82 29 57
58 17 57
84 30 51
58 11 50
49 21 82
66 0 48
79 19 49
86 18 67
71 25 76
58 20 54
20 6 63
12 -17 36
13 -17 53
11 -11 76
41 -10 70
5 -11 57
43 3 41
25 6 64
6 -16 68
23 -11 37
23 5 54
21 -12 71
6 -17 42
18 -13 43
40 -9 52
8 9 44
32 -9 48
22 -4 40
27 -9 52
37 3 76
10 -4 36
34 -10 59
14 0 40
22 -18 62
24 -12 57
29 4 47
40 12 54
43 6 40
20 -17 72
29 -6 45
11 -14 63
10 -13 66
7 11 43
22 -1 76
19 10 44
21 -11 40
10 16 73
32 4 58
33 -10 73
7 18 57
16 19 37
36 16 51
43 10 61
19 -20 75
37 -9 66
37 -4 65
39 9 40
42 -1 64
39 -14 37
35 13 66
20 -15 50
11 18 69
9 1 41
29 -5 74
36 10 58
41 -3 58
43 -9 76
7 -3 59
5 1 49
43 -9 73
36 5 50
18 3 65
15 -19 72
16 19 70
41 12 63
41 5 47
32 -9 74
13 4 52
6 -8 46
13 7 64
29 17 64
9 -11 62
38 -9 45
29 8 70
37 -4 40
32 -11 63
29 -14 39
21 0 49
15 -6 69
22 19 56
14 -13 54
7 -14 49
5 12 46
14 -8 37
25 -5 55
21 -7 57
5 -6 75
17 -10 41
39 6 71
43 8 53
10 -4 36
30 -7 44
29 -17 74
19 14 51
36 -10 61
21 -17 44
20 -8 47
32 -6 76
7 -5 56
34 -4 45
77 43 44
104 61 34
79 71 9
90 63 9
84 60 44
87 61 42
106 45 20
103 52 37
69 78 16
93 44 30
80 65 18
87 49 30
70 66 23
97 56 33
87 59 21
77 76 42
83 71 26
101 75 23
82 58 11
103 48 15
66 70 47
77 54 16
79 68 44
105 72 18
88 61 9
80 80 26
98 55 10
90 49 24
86 45 31
86 78 41
95 43 31
86 52 10
81 69 8
84 44 18
68 67 27
88 42 45
67 79 31
100 41 8
66 53 21
78 48 39
73 41 7
88 58 41
80 44 12
92 52 23
105 47 24
76 53 16
76 44 43
93 64 40
79 43 25
99 75 15
87 53 11
105 78 38
78 41 8
105 46 28
97 43 31
81 54 39
87 59 11
70 41 22
87 76 45
94 75 15
67 73 23
93 49 40
91 48 29
99 75 12
73 43 9
101 72 8
67 64 18
93 60 27
70 64 21
94 45 41
104 65 10
67 59 42
97 48 26
104 80 13
105 72 32
95 50 16
69 57 20
97 46 32
83 40 43
103 48 23
96 57 9
98 59 12
96 52 23
70 45 22
76 42 10
103 75 46
88 58 11
80 58 24
73 77 14
88 59 11
86 43 7
71 72 43
78 53 21
85 58 26
81 46 24
101 49 29
74 61 22
82 43 19
102 62 10
93 48 35
48 42 29
54 58 20
40 75 39
39 49 32
21 76 52
41 60 52
49 45 39
27 45 25
24 44 35
54 55 40
22 78 57
45 74 25
31 75 26
38 56 27
55 53 32
43 49 43
55 71 48
49 75 45
40 54 57
35 50 45
25 77 25
26 80 37
43 51 58
19 54 33
18 67 46
25 43 33
18 70 54
55 70 50
54 47 37
43 80 21
21 73 28
35 67 19
50 50 30
40 41 39
46 56 24
47 71 19
44 59 23
39 62 27
50 54 32
41 45 41
18 53 22
30 62 42
42 60 30
22 50 48
21 48 52
36 80 32
31 55 34
28 64 57
28 66 28
38 77 43
36 74 53
47 56 19
45 53 24
21 41 58
24 60 31
28 75 54
41 58 40
54 52 56
35 49 43
31 79 41
41 78 31
32 56 24
46 54 27
25 48 52
27 45 45
31 75 57
33 66 31
20 74 53
45 75 48
44 74 20
21 70 33
54 46 25
36 51 36
52 81 40
51 42 29
15 70 45
36 58 37
41 62 21
38 56 28
55 43 55
48 48 53
45 73 41
45 76 47
18 46 29
35 57 35
38 75 20
44 61 26
38 70 58
15 59 27
55 78 33
29 80 28
21 47 25
53 52 48
53 64 52
44 72 34
23 73 32
33 58 40
33 59 34
46 76 53
32 46 28
56 76 30
82 111 22
53 110 47
75 107 39
63 111 52
60 83 24
60 109 14
73 95 26
70 79 17
57 89 41
55 109 22
49 101 50
76 76 33
53 77 24
66 88 50
76 93 27
56 107 39
65 80 22
85 97 13
75 108 37
77 114 51
74 109 45
78 74 32
58 87 22
63 111 22
83 87 42
46 101 24
46 107 51
75 97 25
64 107 16
58 91 40
45 81 33
69 95 31
68 110 20
67 88 27
61 93 49
57 102 13
56 79 21
60 106 48
51 111 50
76 90 43
51 104 44
69 84 45
70 100 44
73 76 26
58 92 17
51 90 47
85 88 29
49 93 20
52 77 37
72 106 27
69 87 35
58 113 52
57 106 48
50 110 48
56 99 36
74 108 27
59 78 45
85 84 46
69 90 24
51 77 37
56 77 13
59 78 49
70 89 50
80 111 28
60 80 16
53 112 15
74 101 39
74 86 48
80 110 41
51 114 15
52 98 32
85 102 39
65 110 50
58 87 35
59 74 18
58 81 45
73 109 25
55 78 19
57 89 31
76 107 40
54 80 34
63 94 47
84 90 15
69 81 36
75 94 22
50 74 17
85 79 22
66 99 49
72 92 16
81 94 43
72 78 22
85 77 47
49 107 52
62 85 31
60 81 41
85 88 46
71 108 21
55 74 33
76 79 28
98 60 54
69 97 57
83 65 73
71 94 34
84 61 52
104 85 48
105 68 58
83 60 42
86 99 52
96 96 35
105 95 56
65 77 50
104 69 40
74 83 34
95 78 61
85 97 45
105 90 49
82 89 55
76 93 44
85 65 52
94 66 63
96 60 62
73 96 62
85 86 40
105 62 46
101 87 55
105 79 62
96 95 46
89 74 49
71 67 51
67 61 34
70 71 67
72 76 34
89 72 37
92 85 33
93 70 33
100 100 40
105 65 55
86 74 62
88 80 41
75 64 60
98 96 33
96 98 48
96 74 71
104 85 55
66 96 37
85 95 69
94 88 43
90 74 62
85 99 55
84 79 43
79 87 61
67 85 56
80 70 52
89 96 61
88 88 61
67 78 50
105 95 42
101 68 52
96 78 39
72 65 44
75 74 38
79 77 71
86 92 49
74 69 68
79 81 40
90 87 65
80 91 39
68 82 57
104 72 73
74 68 56
79 65 48
94 80 66
88 96 71
97 77 67
69 80 46
72 66 54
67 65 54
98 63 51
73 75 44
80 93 71
75 95 59
80 64 36
86 81 54
73 81 50
92 82 46
69 87 44
103 86 45
79 92 70
86 60 57
94 66 48
72 79 53
103 86 71
102 68 47
86 64 56
93 100 42
94 72 39
78 85 65
87 84 45
86 66 66
18 59 19
26 62 43
-5 51 46
0 43 15
-3 42 49
35 57 32
19 53 33
12 42 41
15 54 37
15 38 29
5 73 43
1 49 20
18 60 12
28 42 18
11 59 45
-1 75 40
3 45 30
-3 55 39
22 58 49
34 54 47
8 58 37
14 56 39
19 53 17
24 54 38
30 48 14
25 42 40
33 55 11
9 48 38
31 68 48
22 52 14
16 42 36
19 40 37
16 77 43
14 64 43
26 72 25
25 52 9
-1 43 40
-1 57 26
10 57 17
28 57 17
15 64 32
8 65 17
26 66 39
10 40 30
-3 65 17
34 50 9
-1 74 27
23 55 17
5 47 43
28 66 46
-3 65 35
10 42 48
19 38 35
35 47 22
29 38 29
8 78 30
4 52 19
8 55 13
29 64 33
4 48 16
8 74 36
33 62 47
17 49 18
-1 54 10
20 65 42
14 61 10
4 45 48
30 53 31
27 74 28
5 75 43
13 43 32
23 38 34
19 39 39
20 76 39
1 48 12
20 55 47
17 49 39
6 72 23
30 67 11
29 38 20
-5 67 22
3 69 35
17 67 13
21 63 38
10 67 36
-1 57 19
34 49 33
16 43 38
18 66 27
32 67 44
18 56 21
-4 54 27
34 52 35
21 67 33
14 51 25
26 47 36
-2 39 10
34 65 15
35 58 17
25 61 24
52 0 89
34 18 67
41 -14 104
39 18 83
39 7 74
74 21 104
66 9 100
35 -6 75
72 5 105
63 11 90
73 6 83
54 12 70
64 11 70
39 -9 99
52 -13 94
63 13 71
49 -3 67
42 0 82
51 3 80
55 21 81
49 13 78
39 7 92
70 9 78
67 -4 81
35 -11 89
71 -15 79
48 21 93
54 10 88
72 11 66
50 -4 86
54 -3 104
55 15 94
41 18 80
68 21 66
47 22 90
71 2 103
44 -16 91
45 -18 78
68 -15 82
74 9 66
50 -15 102
35 -2 67
54 -3 74
45 18 87
42 21 98
36 -10 89
61 6 87
48 -17 66
54 18 81
36 -14 89
60 21 73
40 -1 86
49 14 73
42 -14 102
62 -18 87
69 -15 96
51 20 69
59 10 71
53 17 68
57 20 77
39 -16 67
48 2 101
47 19 102
49 15 104
56 17 105
48 -14 72
51 10 80
64 -12 79
55 -12 82
63 7 102
72 -11 78
64 -12 77
42 21 105
55 -3 89
66 6 76
49 15 91
50 4 67
34 3 68
67 7 93
51 7 77
64 9 79
34 -3 90
65 15 97
73 16 84
46 -6 76
61 -9 102
34 -3 106
42 2 97
54 -15 91
60 -1 93
34 18 104
73 -14 99
69 16 90
36 1 96
37 17 83
70 -9 78
44 3 85
44 -6 66
68 10 82
34 3 99
12 47 30
-7 69 5
-9 47 27
15 78 21
9 58 9
13 55 29
-4 47 -3
15 79 18
-6 56 21
3 56 -4
1 67 29
2 41 30
26 74 -7
-6 42 17
-3 54 10
10 41 5
-6 74 1
9 74 8
12 42 20
4 74 7
-3 53 8
29 61 -4
25 67 31
2 52 6
10 79 -3
22 70 7
6 78 9
22 72 16
17 78 -4
-9 54 8
11 46 1
18 45 1
16 54 6
28 55 5
-4 66 -1
16 64 26
18 77 9
12 47 -4
22 58 2
30 75 -3
-8 65 17
29 54 -2
-1 57 -3
12 53 11
30 48 27
15 71 4
-2 75 9
7 73 -6
17 48 31
8 66 32
10 64 18
15 70 8
21 58 14
-7 67 26
11 52 32
30 62 -2
12 54 30
12 51 15
15 42 20
15 51 2
20 55 16
9 47 -2
-1 42 32
15 58 26
9 63 -3
2 75 18
23 74 -6
-4 70 27
-9 54 6
2 62 19
6 40 9
2 74 10
25 79 30
4 58 -4
-5 56 -7
13 72 19
0 49 18
29 40 -7
3 74 0
11 69 26
5 76 11
0 70 22
-7 64 2
2 43 32
-9 41 0
2 65 21
18 75 9
-2 57 5
-5 69 7
2 41 -5
15 49 28
14 50 -1
13 49 17
20 58 22
-1 42 19
6 64 9
6 45 1
21 55 -5
0 43 12
8 53 3
54 68 18
39 56 44
30 75 5
55 87 11
50 95 8
36 69 11
15 59 30
20 76 38
35 85 14
24 62 19
54 69 18
43 77 45
48 88 5
17 56 28
53 59 35
18 84 45
43 57 42
47 87 14
49 62 40
23 75 35
31 76 34
26 76 16
30 68 24
43 81 30
49 95 31
49 86 31
37 82 25
41 96 18
28 86 37
25 96 11
23 57 37
37 78 39
16 82 7
30 93 9
38 56 45
52 61 9
27 78 33
30 68 41
39 75 11
25 70 40
33 88 32
25 60 41
16 62 28
15 95 30
19 65 40
47 72 29
49 73 28
22 79 5
20 86 13
46 82 31
19 66 41
31 66 26
45 76 10
18 60 16
52 69 40
26 78 7
33 67 8
19 95 42
35 84 31
40 68 34
33 67 6
19 71 24
39 96 8
31 92 8
25 65 10
20 64 44
50 68 33
16 76 33
31 66 38
53 68 45
25 61 33
41 62 34
24 68 30
49 93 23
43 83 27
43 92 34
32 84 32
23 85 6
34 85 5
16 65 42
30 89 28
22 84 26
41 93 16
22 82 24
31 85 5
37 91 5
41 78 37
32 82 25
26 66 41
48 79 32
55 85 8
44 61 29
40 81 18
22 86 44
28 93 23
52 95 42
43 83 10
38 87 34
22 78 8
36 71 12
87 44 26
82 83 31
72 71 27
97 44 16
88 76 45
87 52 40
85 79 34
78 52 10
96 49 21
85 45 38
75 79 21
80 76 24
66 63 9
87 71 46
86 50 44
94 66 25
97 55 25
76 80 9
68 45 32
100 83 10
72 45 16
74 76 45
90 46 46
68 82 46
92 58 6
98 81 33
64 55 8
68 47 40
61 78 41
66 59 10
64 61 13
96 68 40
100 62 13
73 69 44
79 44 8
83 65 16
61 51 43
96 54 17
90 62 31
97 73 44
87 80 32
87 74 18
67 52 42
78 52 39
76 58 6
85 68 25
90 56 16
72 81 36
93 72 11
81 58 6
92 52 13
85 49 27
63 67 25
88 44 30
61 51 18
72 58 43
71 76 37
86 53 32
96 78 19
85 44 16
92 71 16
87 76 12
85 64 28
83 62 6
80 81 45
88 83 16
88 46 32
63 64 14
65 66 12
75 78 18
73 50 35
89 55 41
100 82 25
76 80 21
64 44 7
76 54 43
89 61 6
88 80 14
83 74 10
71 74 20
96 63 25
65 59 30
69 43 22
99 73 39
77 58 14
65 64 20
90 82 46
91 54 19
88 66 32
91 58 6
91 56 36
73 69 20
74 50 45
94 81 20
72 54 36
86 70 29
95 69 11
94 53 36
66 62 33
65 67 46
20 53 59
45 61 53
32 41 63
9 57 32
43 35 72
21 34 41
8 28 44
10 33 44
16 56 66
5 38 41
19 46 40
39 37 42
8 53 63
14 45 66
16 64 59
18 52 69
32 52 51
35 64 68
21 42 43
9 37 40
16 30 59
15 43 64
18 42 68
25 51 52
12 38 51
31 52 43
24 53 59
30 37 55
39 51 58
41 32 37
13 35 35
27 32 66
20 35 33
26 53 44
14 29 54
9 60 46
6 51 57
42 31 53
21 40 32
40 24 37
37 34 56
40 55 52
34 38 67
26 64 70
31 41 70
44 32 49
11 45 71
13 64 36
41 59 68
11 49 41
9 35 61
24 45 62
14 31 37
36 35 42
32 58 70
7 50 32
29 44 53
31 57 50
20 61 64
19 24 38
30 40 47
20 48 61
20 46 45
28 53 41
41 33 66
44 54 60
6 62 54
40 59 32
35 26 57
14 28 62
5 61 37
5 46 52
42 30 46
10 29 57
9 39 54
37 26 46
19 45 34
10 55 54
9 32 35
16 26 72
29 26 32
5 29 68
43 54 50
21 27 61
38 41 38
19 46 42
13 46 59
7 60 69
33 34 57
40 34 54
8 56 66
13 49 58
23 54 35
19 50 59
25 30 38
7 39 51
23 61 58
39 37 64
35 49 67
37 54 69
-11 88 101
5 84 110
16 104 79
17 88 92
-7 99 89
-1 108 107
11 101 86
11 109 97
-8 95 96
-11 112 109
6 100 114
22 93 81
6 92 100
4 81 115
0 87 95
28 103 90
26 116 100
23 109 104
11 102 79
10 91 88
-3 87 99
-10 120 118
25 95 117
15 115 81
6 89 83
21 106 113
19 95 92
18 88 96
21 89 82
18 100 84
18 88 99
-12 112 98
26 120 117
-8 102 115
2 106 106
1 113 83
7 104 114
12 84 80
15 119 82
12 104 79
6 115 94
-1 83 112
8 101 112
-3 101 106
-4 100 103
1 81 97
-5 81 91
2 100 102
-4 89 102
6 83 100
16 116 91
-11 100 97
27 112 109
18 118 115
6 80 106
27 92 91
23 106 107
19 101 108
-2 96 92
12 100 97
8 108 104
13 112 87
25 105 103
-4 114 108
-7 86 104
14 102 88
15 95 107
-1 88 108
16 83 80
0 104 97
25 83 110
23 118 116
8 110 90
10 107 80
6 111 88
2 98 107
-4 120 110
15 105 88
26 102 92
27 100 114
4 111 105
-7 89 115
16 101 81
7 117 78
6 81 115
-6 93 99
2 89 94
4 81 111
-7 112 97
28 106 109
-1 91 117
25 80 117
28 96 106
12 109 91
-3 115 94
-7 110 103
3 81 105
14 116 114
5 93 96
27 83 113
109 26 9
79 12 14
100 31 -9
104 30 -9
88 15 -10
79 42 -4
97 18 9
109 20 1
107 15 14
75 12 22
81 50 -5
89 39 19
99 33 28
86 33 -10
105 32 -2
88 49 24
92 12 8
91 37 -2
69 12 27
70 50 19
78 50 -4
93 51 27
73 40 1
94 29 23
80 40 -4
79 30 2
101 51 18
87 30 14
91 40 -2
107 20 20
96 47 1
89 50 2
86 15 11
97 36 11
78 22 -9
69 41 29
92 49 -2
103 13 11
96 32 -2
108 14 16
93 47 -3
107 20 -2
98 13 17
94 15 5
80 39 20
83 19 12
94 18 29
71 12 20
97 33 26
104 11 6
69 16 10
90 49 27
107 35 -8
88 35 20
102 34 15
82 48 -1
98 43 23
104 28 9
80 13 4
88 38 -9
100 47 -4
103 43 -3
107 21 25
78 28 11
75 49 -5
84 14 13
105 37 6
104 21 -5
89 37 1
109 23 29
90 14 -11
100 14 3
73 12 8
98 20 25
94 24 7
96 51 -2
96 33 -10
85 36 -7
83 33 18
90 18 0
108 12 -4
69 47 -10
71 46 3
93 14 -3
69 42 -7
77 28 -9
102 41 9
100 20 17
94 47 1
70 44 23
108 14 6
107 34 24
107 16 -4
105 49 9
76 51 2
90 47 1
98 13 -11
92 49 -9
87 41 15
87 35 9
20 39 10
2 41 34
20 43 37
7 43 33
20 73 14
24 45 10
2 60 6
28 37 33
30 75 10
-4 58 15
1 40 22
5 71 36
18 43 31
32 43 17
0 71 30
9 59 27
26 75 36
18 77 36
22 71 3
15 38 21
23 67 40
4 50 38
22 70 4
28 76 29
17 47 9
18 72 18
12 61 17
9 70 33
-5 38 4
35 38 5
22 44 27
30 55 10
32 73 9
7 70 26
17 50 31
31 43 41
7 52 35
15 76 39
25 59 37
13 53 23
3 42 23
29 50 27
19 76 40
20 67 36
12 41 7
10 37 3
16 52 27
21 75 4
27 43 22
9 44 2
30 50 37
34 72 13
14 75 36
-2 43 15
7 37 35
8 70 27
20 60 9
22 71 23
25 67 38
33 50 21
-4 53 13
7 64 5
3 43 9
25 73 36
23 64 24
18 59 36
25 52 28
34 50 18
1 46 12
32 72 19
19 72 17
25 58 20
33 72 9
33 67 22
4 65 6
35 70 8
31 56 6
16 40 24
26 71 17
19 74 12
25 64 16
22 44 41
29 45 3
22 40 36
-4 62 20
7 77 34
8 45 17
28 57 40
3 42 3
5 67 17
-1 62 40
25 67 14
-5 51 38
34 65 10
12 44 29
3 73 24
-5 51 4
25 60 42
35 42 11
-1 70 12
84 95 75
81 111 80
77 99 75
58 87 93
61 101 90
60 97 113
74 83 113
87 101 78
87 117 85
83 95 86
62 95 90
67 84 88
75 93 95
73 79 104
68 95 95
89 95 97
80 113 81
54 80 95
72 112 80
88 111 85
79 96 114
77 117 87
73 107 77
63 98 90
79 79 99
81 79 95
74 99 90
85 82 114
71 114 89
58 111 97
80 87 76
55 113 94
63 90 115
61 110 107
85 82 77
49 106 87
69 101 96
59 99 111
76 116 104
84 86 76
67 83 81
60 104 114
84 95 104
89 88 104
59 80 94
52 80 80
60 110 84
68 104 93
49 100 99
60 111 101
60 95 102
51 101 100
63 80 84
78 83 97
76 91 112
82 110 94
85 102 82
53 79 85
59 108 91
51 105 82
77 81 87
84 118 79
55 88 90
58 86 76
88 105 98
86 89 92
56 85 102
74 92 84
83 98 93
80 109 115
53 113 79
89 86 81
52 85 81
70 83 97
53 111 104
70 107 90
57 101 102
78 113 111
67 99 113
49 80 101
54 78 103
50 108 97
84 107 86
61 102 90
53 96 108
58 79 86
78 97 95
89 100 101
54 109 100
88 100 91
78 78 112
70 94 80
56 85 80
67 115 103
54 91 111
78 107 76
79 90 86
73 89 76
84 88 114
66 90 75
85 32 65
56 23 36
54 42 62
70 28 44
86 6 61
57 33 35
76 3 41
71 37 59
69 16 64
73 30 56
53 23 69
82 12 56
86 13 73
83 16 69
68 21 62
67 22 63
66 14 63
82 6 60
61 33 64
57 14 40
70 32 50
56 3 37
88 22 74
70 12 50
55 35 52
91 42 71
54 20 72
82 39 55
79 7 43
84 17 67
62 41 71
85 32 53
66 7 64
90 12 35
74 22 68
64 36 35
89 14 51
56 9 71
65 17 41
80 41 36
90 42 65
90 8 47
63 28 61
58 26 61
86 17 73
88 37 47
85 15 55
59 4 73
69 5 54
87 11 42
62 15 63
87 21 70
63 33 36
81 27 70
62 12 42
57 13 65
86 35 61
66 24 70
57 27 49
62 31 58
82 28 59
64 9 42
71 25 53
83 19 40
57 17 64
62 24 67
71 14 42
93 5 68
89 22 40
79 17 44
69 14 74
81 14 63
84 3 72
65 33 36
55 25 59
92 26 71
65 4 69
56 41 61
78 7 70
55 40 74
84 26 37
55 32 60
56 22 65
69 19 41
55 8 72
62 15 53
69 21 40
53 21 39
77 24 51
65 16 53
81 18 57
60 30 71
79 37 50
71 4 40
64 40 71
85 22 69
60 10 74
81 23 58
89 21 35
70 20 47
48 66 93
52 50 104
43 40 97
74 58 85
36 63 89
63 67 104
58 63 94
62 68 80
37 45 75
62 57 79
39 43 76
74 79 73
54 62 97
54 58 91
41 63 95
50 58 79
57 75 78
73 72 93
67 60 78
45 50 71
35 79 90
52 63 68
41 57 104
39 76 65
51 48 100
35 41 97
48 41 82
38 69 71
44 76 99
56 66 70
44 58 102
59 59 66
68 73 105
71 59 100
66 74 102
38 48 70
60 61 101
71 41 85
37 48 93
42 44 103
55 69 101
69 54 82
62 42 84
63 78 96
75 39 67
65 58 91
38 75 105
55 58 73
74 40 78
47 65 78
60 62 78
43 71 66
43 49 99
53 48 97
63 40 76
63 48 76
39 56 77
71 42 75
66 56 87
50 48 85
46 73 97
58 59 89
45 65 66
69 74 96
71 53 75
56 66 73
49 51 79
68 68 95
35 56 68
49 75 100
67 43 71
70 48 65
42 78 84
69 64 67
57 63 66
64 46 73
36 39 72
39 77 88
71 54 93
65 72 99
53 73 92
52 66 80
56 79 92
68 66 69
48 40 73
61 56 82
59 56 101
35 40 72
36 58 75
71 79 91
41 71 78
74 69 103
38 63 89
65 79 89
42 46 93
63 79 81
68 68 86
56 78 72
71 58 98
66 53 98
82 0 35
98 -16 34
82 -7 21
96 -14 36
92 -17 17
62 0 24
88 7 6
67 16 31
90 1 33
90 -10 3
74 15 36
84 -8 10
75 21 39
93 -14 11
85 4 32
68 -9 43
88 0 29
61 18 19
62 4 5
65 12 40
100 -4 33
64 -10 4
62 -8 39
88 17 9
100 -18 28
90 2 39
76 8 15
89 -1 19
70 -7 30
83 9 37
90 -8 33
63 10 27
66 3 13
77 22 25
71 19 19
76 3 29
89 -17 18
84 6 9
79 -14 19
97 9 28
66 0 25
81 -2 4
82 -14 40
77 4 38
78 -1 40
67 15 14
61 -11 13
81 21 42
86 -4 3
65 6 26
97 -16 25
87 2 42
71 0 23
80 12 6
80 22 31
81 18 5
90 9 5
80 -6 14
82 10 43
71 13 32
99 22 31
93 -7 7
63 21 41
89 22 18
86 10 31
98 15 41
98 11 9
70 4 25
68 20 22
84 14 39
99 11 39
94 -18 27
81 -11 7
95 14 43
62 18 5
90 15 27
89 8 18
97 -6 27
100 4 38
94 -12 29
65 4 6
62 -15 41
87 -13 16
79 22 6
65 4 16
92 -13 9
65 15 18
83 9 26
95 6 18
63 10 6
75 -13 29
87 4 42
87 13 33
62 1 41
65 17 3
97 3 41
95 15 30
74 12 34
68 -7 30
83 3 4
72 63 22
72 62 0
72 75 3
49 81 21
57 56 21
67 69 32
72 84 0
53 87 5
72 50 14
48 53 7
64 78 5
64 57 15
78 86 -1
56 67 26
81 71 5
58 74 32
70 79 23
48 57 7
71 66 7
79 79 30
59 79 28
54 68 30
51 55 2
74 54 -7
54 79 28
64 65 -3
52 59 21
56 58 10
76 66 -5
53 86 18
82 54 -7
67 58 31
76 64 -5
76 85 23
64 51 22
69 82 -8
52 64 19
59 53 25
77 75 27
68 86 9
48 55 2
52 67 25
65 83 5
53 51 5
70 79 27
49 64 -7
71 83 1
83 79 11
74 56 -8
54 66 16
84 54 -5
81 73 28
62 58 -4
60 64 -2
71 73 24
78 79 10
45 90 -7
62 85 31
51 78 -3
57 60 16
47 84 32
78 78 11
59 69 20
70 80 20
59 52 20
49 78 9
80 66 1
51 81 5
64 50 26
78 56 27
80 90 22
74 78 23
65 77 3
50 56 -2
54 53 4
56 54 32
67 85 3
53 71 22
52 82 3
74 52 31
71 51 21
64 79 26
55 56 -6
70 52 27
45 68 17
74 86 -6
83 53 6
51 70 26
51 57 12
56 54 22
61 61 27
51 77 29
61 85 15
58 84 21
76 64 16
55 79 12
84 51 15
75 52 14
51 70 17
59 84 16
46 44 87
43 37 103
29 7 87
48 46 92
44 44 76
48 47 106
42 46 70
43 42 71
37 40 73
47 27 88
39 11 96
26 32 91
29 31 85
62 38 87
30 26 70
58 47 106
40 39 72
43 40 78
61 47 81
63 25 84
33 42 88
41 26 93
38 23 73
41 8 75
26 28 71
35 47 105
27 10 82
49 26 104
39 33 76
53 41 75
53 28 98
32 21 90
27 15 75
37 21 92
64 13 71
31 29 97
57 20 80
33 22 82
37 31 79
39 10 98
49 24 104
54 29 68
24 9 80
36 17 80
27 22 83
51 8 73
34 31 104
46 23 90
26 9 100
56 45 93
24 17 103
39 38 91
51 41 94
34 25 94
42 27 75
44 33 80
37 34 76
30 33 104
60 47 73
54 23 103
63 15 94
41 36 85
33 25 91
46 24 70
43 36 100
31 11 100
50 26 82
30 18 80
33 28 93
54 40 73
53 47 99
36 40 75
64 21 97
41 10 108
45 8 71
45 24 94
40 45 76
61 14 74
46 44 87
48 36 98
56 13 97
25 36 101
24 13 71
24 46 76
34 25 96
44 30 68
44 33 90
43 15 91
43 29 72
61 15 90
59 28 83
33 38 104
37 43 70
59 39 74
61 24 98
55 29 104
63 11 77
37 40 81
39 26 71
36 40 84
77 105 53
52 89 53
62 102 74
46 89 50
41 87 69
74 89 50
71 97 80
49 97 77
79 77 50
65 81 54
44 87 54
47 106 82
78 78 54
68 73 49
45 101 83
76 75 79
75 110 70
45 84 62
65 76 66
55 71 49
71 84 66
55 90 74
47 103 69
74 86 71
69 74 48
42 85 85
43 81 82
74 76 52
42 100 64
60 107 55
69 89 69
43 74 51
68 109 72
58 81 62
63 109 65
66 104 57
41 109 56
79 97 76
59 94 69
74 104 72
80 95 70
55 82 60
67 89 72
54 107 49
63 80 85
58 72 59
63 103 79
81 86 57
59 106 65
72 99 58
48 89 59
41 79 72
44 107 72
63 80 76
69 105 77
71 98 66
47 93 52
60 104 71
49 111 71
53 99 78
50 82 60
76 97 83
44 74 85
46 75 61
46 95 66
78 75 68
50 108 73
60 89 65
74 101 56
59 104 54
44 99 79
75 111 52
69 74 73
52 80 60
60 78 51
44 73 75
61 99 55
53 81 73
78 92 76
77 111 73
55 83 68
55 75 86
81 109 50
68 85 67
62 111 79
79 87 51
69 81 83
59 81 80
75 71 63
42 93 61
72 83 83
59 90 72
62 74 48
50 75 86
56 87 60
65 94 65
49 94 72
69 109 78
74 93 60
68 81 52
95 81 80
94 58 91
90 59 80
84 53 86
90 55 119
82 81 106
77 61 85
69 74 115
87 71 106
76 86 96
92 86 91
88 84 117
80 58 93
82 51 92
81 82 91
95 74 115
73 60 103
58 59 86
90 79 103
91 54 113
77 70 80
82 84 109
79 77 107
60 68 90
58 60 107
92 81 101
87 74 120
64 82 102
88 55 91
82 67 110
92 77 91
58 56 106
91 60 106
72 50 80
65 53 116
89 71 117
85 80 90
78 51 102
91 79 101
73 69 90
70 50 101
56 52 117
75 58 91
89 73 83
79 84 114
92 80 88
58 88 81
57 75 99
75 85 90
90 60 115
68 81 120
77 69 96
72 63 116
61 66 81
86 84 93
56 87 96
76 55 113
93 50 100
64 48 110
67 59 108
87 75 111
95 88 81
82 86 97
85 50 85
86 57 106
90 61 118
76 79 83
87 58 116
95 60 115
93 83 109
95 59 89
92 83 81
65 53 93
69 55 81
70 87 94
82 72 107
78 82 88
94 85 117
61 69 109
68 52 88
80 65 107
81 48 107
65 68 96
83 59 116
78 57 110
76 48 100
60 68 114
86 87 103
91 74 97
91 57 107
76 70 118
61 60 113
57 50 86
56 67 96
74 62 106
77 84 102
70 87 110
82 69 96
66 81 103
77 71 116
41 33 6
72 29 7
67 23 2
49 55 23
61 53 33
75 20 11
68 32 32
53 29 12
73 46 42
52 34 30
54 51 41
75 44 34
51 37 8
62 40 8
46 23 30
60 41 19
44 54 39
47 24 40
77 45 10
52 39 20
61 24 6
39 53 30
51 32 41
61 51 25
61 25 41
38 56 15
66 21 27
70 55 32
56 51 28
77 19 33
60 58 15
67 35 36
52 45 24
62 48 24
54 20 26
57 18 29
50 20 30
39 56 36
44 30 19
75 52 8
58 33 41
43 51 9
54 39 13
70 39 24
64 18 33
62 44 2
52 50 20
65 33 23
41 26 37
44 52 7
66 23 15
59 49 17
38 22 7
53 52 22
51 57 18
48 40 42
77 34 42
55 20 20
72 29 31
48 53 38
73 34 2
52 54 18
49 48 41
52 45 26
70 53 11
47 52 14
40 24 7
58 44 33
70 29 37
49 56 20
44 25 12
56 47 2
39 51 28
55 35 14
71 38 19
47 22 9
43 20 5
65 38 13
54 54 28
66 35 34
50 20 15
63 40 15
63 50 2
44 25 35
76 32 10
63 37 10
73 39 32
59 35 30
70 28 5
62 18 28
57 54 13
54 20 37
55 33 30
63 32 8
43 39 31
39 51 15
50 41 10
67 56 27
52 58 33
54 42 23
18 57 80
26 67 51
0 43 86
16 41 81
8 62 58
12 65 79
-4 58 52
6 46 55
31 58 58
21 62 81
20 78 51
-1 47 78
-1 51 67
-3 41 68
-2 70 51
30 63 56
28 43 82
35 73 64
8 51 75
-4 42 49
8 44 72
1 56 76
19 43 59
0 58 80
14 52 83
6 73 65
23 53 76
16 54 81
24 67 48
1 52 56
12 54 60
23 78 65
14 69 78
24 74 47
30 51 68
15 61 71
6 48 65
17 74 49
30 47 68
20 67 85
-1 59 57
1 47 83
19 46 77
5 52 81
11 68 52
-1 76 59
20 66 80
21 46 49
2 52 85
15 54 63
30 61 66
17 79 49
24 62 58
22 56 69
-4 79 51
24 64 84
11 77 56
7 65 53
1 41 66
1 66 59
5 57 81
35 58 77
6 58 85
10 79 61
35 60 47
-2 43 55
13 64 56
19 74 84
7 79 79
22 80 59
7 52 79
23 54 61
33 50 79
0 71 78
18 46 59
25 65 74
23 67 61
32 50 78
16 58 55
10 63 85
28 50 62
10 70 74
21 60 59
35 43 68
3 63 76
7 66 74
24 55 55
23 72 64
33 71 61
29 51 80
29 61 70
14 58 78
29 62 51
-3 50 72
16 53 50
12 54 79
-3 66 68
21 45 79
0 43 60
19 58 54
36 9 51
37 8 69
42 29 67
53 15 76
47 25 62
59 36 60
40 7 58
66 9 80
47 6 62
48 19 57
38 39 78
40 27 53
62 3 65
72 7 46
53 11 80
38 18 63
39 36 78
73 31 69
41 22 42
61 34 56
68 14 50
58 37 47
62 32 78
50 3 54
46 41 65
71 38 41
41 30 78
70 33 58
64 41 65
59 12 75
34 7 79
33 26 80
62 24 56
70 31 55
34 39 64
72 21 69
39 14 60
56 25 74
47 3 64
63 33 67
64 8 44
46 5 50
66 25 49
67 20 57
66 39 41
43 19 68
68 2 44
33 17 57
44 5 78
59 4 52
41 33 76
41 28 78
35 34 73
52 10 75
43 22 47
56 13 54
70 36 78
49 2 48
46 40 53
66 40 71
34 28 73
70 2 58
47 9 41
41 2 65
68 11 75
49 22 41
47 34 60
57 39 71
34 3 46
55 41 73
65 23 68
45 39 41
37 14 70
53 3 43
39 22 50
63 36 50
65 5 44
65 37 55
64 9 43
50 22 62
35 39 67
58 29 79
56 39 41
45 29 74
68 18 46
53 8 41
64 16 44
44 8 48
68 5 43
66 27 61
40 5 61
59 10 72
48 41 79
66 8 42
58 10 81
66 14 45
63 8 67
67 40 55
53 14 72
34 35 43
-8 56 33
12 88 28
9 84 35
9 74 26
30 83 35
-3 56 19
7 75 52
19 81 43
14 68 50
30 62 56
12 83 51
16 73 32
29 73 28
32 85 30
7 71 33
-4 51 24
28 90 32
15 60 57
16 78 38
10 57 22
28 82 35
3 56 19
23 50 43
8 84 38
28 78 38
15 81 48
15 69 27
29 52 31
-6 59 24
31 82 54
27 81 36
-1 62 25
20 90 31
31 56 52
27 87 49
29 78 46
4 77 46
31 54 57
31 81 49
7 80 40
0 87 55
7 75 21
32 54 56
9 69 20
30 85 39
-1 71 34
31 87 22
24 78 53
-6 59 51
29 67 37
14 82 45
27 51 39
21 80 25
5 73 25
26 82 58
32 81 26
26 87 52
29 58 55
3 68 58
-1 90 22
3 88 55
28 58 36
13 66 54
23 57 35
2 72 22
14 87 36
25 70 35
4 56 47
31 90 28
28 50 26
6 87 40
-2 77 24
1 59 42
31 80 23
22 55 28
2 87 31
0 74 58
-8 52 38
0 85 37
1 52 43
6 52 35
25 51 34
-6 81 47
19 77 38
-4 55 28
8 77 19
18 61 58
-8 88 49
-6 55 50
-1 71 33
6 90 51
13 79 53
3 66 20
9 75 55
28 70 36
32 84 34
26 60 21
10 79 26
2 70 52
14 89 20
73 94 60
52 81 80
38 57 64
63 79 74
36 80 48
66 54 59
55 65 53
45 87 69
37 83 54
43 60 54
35 71 48
60 93 77
41 79 81
34 59 65
36 63 49
47 75 80
49 94 78
51 61 47
74 60 63
67 63 79
72 69 50
42 78 61
45 56 85
67 84 65
54 73 50
70 92 79
56 87 77
51 94 72
34 78 50
65 88 86
37 90 70
39 82 74
68 94 53
57 84 77
56 61 80
61 71 68
52 68 63
46 59 77
54 68 65
70 85 56
45 90 69
44 79 64
57 76 67
44 94 53
70 77 62
57 59 67
35 55 79
39 83 75
62 66 64
72 55 70
46 92 64
61 72 48
52 61 48
72 57 84
55 83 66
60 76 69
50 74 85
62 91 52
43 71 62
57 72 67
51 91 50
59 54 79
34 70 80
53 64 76
43 93 72
51 89 48
50 77 50
59 66 64
52 81 64
62 66 52
68 58 72
73 88 79
71 60 68
39 61 72
45 93 78
40 81 50
61 81 85
68 83 54
63 83 73
44 67 55
38 84 56
61 79 66
65 73 77
63 75 79
52 63 78
51 90 85
68 90 80
61 82 62
36 90 66
60 59 70
66 69 83
74 68 65
67 93 63
64 70 79
46 88 66
37 66 59
40 82 72
67 79 77
65 84 65
58 66 50
48 105 100
62 92 103
32 81 115
57 111 78
38 103 102
41 95 88
32 110 109
63 97 106
50 105 105
43 94 102
47 108 114
50 78 92
52 104 76
46 109 88
69 89 95
51 78 95
32 85 114
45 108 86
61 86 98
64 111 76
31 76 96
55 107 91
60 108 85
51 93 80
29 110 108
31 81 109
51 109 76
56 110 111
41 76 115
37 91 109
52 77 113
67 93 97
48 76 79
47 85 108
62 105 93
58 108 86
42 114 112
32 75 100
35 95 110
69 80 81
60 113 87
62 94 87
30 79 103
45 105 105
43 84 102
58 74 112
41 101 109
66 94 107
67 105 96
41 110 103
45 79 91
69 114 94
41 110 102
38 97 94
49 76 105
53 79 81
55 78 100
35 86 91
35 79 110
42 86 77
60 99 82
48 108 91
40 109 98
30 80 91
38 95 81
45 105 86
32 81 82
38 112 86
42 84 88
61 76 79
47 90 102
35 79 102
64 111 88
31 86 85
46 83 112
58 91 105
55 106 108
65 102 84
47 82 76
68 112 84
47 91 84
33 74 99
40 78 100
59 83 78
34 96 86
53 93 115
50 94 105
62 102 81
58 86 81
66 106 86
66 105 94
67 90 80
33 81 87
67 100 103
46 111 82
48 108 95
41 102 82
37 90 86
65 106 98
64 92 105
-9 30 64
-2 1 64
15 7 62
6 25 88
-10 32 54
22 6 74
6 17 87
9 21 79
1 21 80
12 10 53
4 23 71
2 23 69
24 36 76
-9 0 58
-6 0 64
20 14 55
2 24 79
-2 8 71
5 28 60
10 0 51
28 36 91
20 30 76
-6 13 89
16 9 87
-12 15 74
25 10 60
13 22 86
12 32 81
-11 6 54
12 11 54
-9 27 53
26 27 62
27 37 73
2 10 78
13 15 51
11 37 79
-10 10 91
-10 11 61
8 14 73
-5 0 64
-7 39 64
-3 24 73
22 7 84
19 32 52
5 11 57
0 26 65
13 32 83
-6 4 58
-7 32 83
23 31 79
12 24 86
16 22 64
15 9 87
23 4 73
12 31 58
22 40 75
6 29 82
-6 10 62
11 16 76
27 5 82
14 28 78
8 22 86
11 0 62
0 38 61
19 34 66
17 15 75
12 14 60
-6 4 72
26 36 76
12 4 72
0 2 67
24 19 63
9 22 77
20 1 59
24 23 79
14 24 52
18 28 85
8 18 74
6 23 64
13 6 84
-6 18 59
-8 18 87
19 29 69
21 5 51
25 6 89
2 34 82
0 34 91
21 27 65
20 0 64
-8 26 65
20 40 61
13 27 68
-4 40 72
8 17 81
4 8 74
-11 27 51
-2 26 65
26 2 88
-1 1 78
18 16 82
117 -2 72
108 -12 45
118 19 70
107 20 55
118 3 62
79 -2 72
83 6 45
109 1 57
100 4 73
85 16 45
94 0 59
113 -3 75
91 -1 49
93 16 38
93 4 40
94 8 63
79 -13 54
117 19 54
87 16 44
109 4 59
112 -10 72
91 0 43
108 15 57
83 -2 55
80 22 60
114 5 39
108 -14 46
79 -13 64
82 -2 49
114 23 63
118 22 41
100 6 58
101 17 48
89 2 49
116 -3 38
89 5 70
89 -16 63
116 -8 75
115 -3 51
102 9 66
94 13 36
116 -7 49
112 2 67
106 9 45
96 14 61
118 3 75
107 3 50
112 11 52
99 -5 47
102 15 61
103 3 61
114 18 69
113 -14 59
93 7 47
86 18 38
78 -4 48
84 -4 53
111 22 56
108 17 66
89 -5 44
85 -14 43
86 11 56
108 -2 57
92 2 60
97 23 55
99 -5 38
88 14 36
104 -13 70
95 -7 42
112 14 75
111 -10 43
104 -4 63
88 -6 51
100 5 37
92 -11 72
117 18 72
83 7 46
95 9 55
118 16 68
106 8 59
116 24 42
89 2 43
79 -9 36
109 -5 64
92 -12 52
90 11 55
83 -11 52
79 10 64
94 15 59
114 8 54
81 -15 46
79 1 67
105 -12 67
109 6 74
88 9 75
117 -11 68
84 6 45
110 9 65
107 -14 64
112 9 47
25 74 75
31 84 65
51 103 75
40 101 57
30 73 76
20 79 64
53 85 54
23 73 66
58 79 70
42 77 78
22 82 84
53 72 74
31 80 84
50 93 50
43 102 89
18 96 76
39 97 58
30 93 87
52 84 66
40 72 81
25 79 76
31 75 87
31 72 66
33 69 54
19 105 78
43 83 64
37 80 62
38 106 89
44 92 84
53 90 75
49 93 61
24 92 61
20 80 89
36 105 81
41 94 78
58 98 79
44 90 51
27 81 51
55 75 69
49 90 81
53 70 79
24 95 73
32 97 68
49 89 62
46 75 85
28 81 68
21 72 79
22 87 82
39 74 73
37 104 59
34 92 63
22 78 52
29 86 79
23 77 56
41 107 68
38 78 76
53 101 84
21 79 63
27 93 50
50 86 64
49 95 53
33 93 70
54 92 54
43 99 83
27 68 58
23 75 81
44 89 59
40 72 79
24 87 84
37 84 53
40 91 55
46 107 60
28 70 89
58 87 87
56 92 56
47 96 86
48 98 70
50 97 66
49 67 68
41 96 51
52 80 66
23 70 74
39 73 88
54 83 80
40 70 84
40 75 68
53 82 75
58 85 53
43 106 73
30 82 83
25 67 52
56 93 64
25 91 85
19 103 50
20 73 51
57 99 67
58 90 51
50 69 63
37 68 49
41 106 64
9 54 0
27 62 24
-2 78 -5
14 63 24
15 56 11
10 71 23
11 62 -1
26 75 23
1 44 4
12 67 16
27 44 16
10 54 1
31 44 1
18 62 35
18 51 16
22 73 30
27 56 18
30 78 25
10 72 28
9 75 -4
17 72 35
30 54 6
21 62 16
28 44 16
11 46 26
16 47 1
11 42 9
4 79 13
4 73 11
26 81 15
16 73 28
29 58 -2
-5 80 27
32 78 14
28 74 26
-2 74 -5
34 80 10
23 49 29
30 65 30
29 66 25
26 80 31
15 72 13
33 55 22
31 45 34
33 49 35
16 56 10
21 81 18
32 44 -5
1 66 6
30 60 28
7 49 31
6 57 -3
25 64 9
22 73 15
-5 46 34
19 71 9
33 67 20
19 54 21
-1 80 35
31 44 21
18 63 9
16 61 7
-3 76 2
31 78 35
23 59 30
5 52 10
32 54 26
6 70 -4
35 73 -1
-3 74 19
-5 67 9
11 55 33
29 74 12
15 78 28
32 82 6
1 65 30
33 59 30
17 60 8
25 46 -2
13 68 1
17 57 5
34 42 20
35 43 13
9 77 16
5 77 -3
31 70 -1
25 77 13
-4 82 35
-3 54 14
-4 46 25
34 52 20
23 47 21
31 77 34
13 78 1
12 62 -5
-3 44 15
33 73 6
0 60 20
5 53 26
25 78 -3
56 112 10
34 80 18
47 91 -4
34 92 15
52 95 20
35 92 -15
45 104 13
52 92 -14
30 107 7
63 114 -16
47 102 5
38 76 -8
55 81 3
53 75 -13
48 106 1
51 91 -17
36 112 -14
42 108 22
40 97 -3
29 113 21
23 101 9
24 110 -14
39 112 18
23 87 -18
31 85 -16
54 84 -17
61 97 11
48 74 -12
31 104 17
59 92 3
41 113 18
47 81 16
52 94 -4
62 88 -12
25 92 -5
39 98 -4
38 107 19
63 110 -13
28 82 1
47 99 -9
46 110 -17
29 91 -2
61 90 -1
48 87 -12
36 100 11
59 103 -14
31 109 -13
47 89 18
34 104 1
34 85 -4
44 97 -12
51 105 -1
49 96 -3
48 90 5
46 74 4
30 104 -18
26 105 -3
36 80 0
24 80 10
56 110 21
28 102 -8
32 112 17
32 106 -10
44 74 20
50 101 -13
27 114 9
37 111 -11
50 101 -3
32 85 -11
49 94 6
50 113 5
52 82 9
60 85 17
47 77 -18
41 102 -11
48 84 12
28 105 10
27 88 14
35 76 -15
24 108 -13
45 106 -16
53 75 15
31 89 -1
28 100 13
45 77 18
32 96 -5
29 103 -4
57 114 -17
57 93 12
56 114 16
52 113 5
32 110 11
46 112 -3
52 107 18
55 104 15
40 78 -4
37 76 -7
38 98 -13
25 83 18
52 93 -4
1 -5 57
35 -10 27
30 22 58
27 -7 57
39 8 32
6 -4 33
19 -9 36
24 2 54
24 -9 55
37 11 36
16 -3 52
8 25 44
39 20 21
39 13 37
40 -3 20
26 11 28
26 -11 26
40 17 49
28 4 18
1 -10 24
34 -6 32
23 6 27
27 8 31
4 -9 33
1 -14 31
6 8 18
15 -2 40
4 -13 27
3 -2 40
23 22 24
13 6 49
22 23 25
10 -2 23
24 6 40
3 -4 47
22 -13 31
3 -5 53
17 -9 57
4 19 42
33 10 38
31 11 31
4 25 48
34 -7 40
2 8 54
39 19 52
27 -6 23
14 -9 23
40 4 42
37 11 44
23 5 21
12 -10 48
20 8 34
31 0 56
32 -14 19
23 -11 29
27 -3 53
27 3 35
26 25 46
41 7 55
9 -15 32
41 5 40
26 -5 23
4 0 28
15 8 52
36 18 20
16 -6 45
3 25 57
14 24 19
10 4 28
13 8 30
40 17 45
17 11 39
8 3 19
34 -13 19
2 0 19
9 20 25
32 -3 45
28 1 43
24 13 31
31 -4 36
20 18 49
11 12 47
39 18 44
2 7 54
3 19 46
25 24 32
29 12 35
34 -3 18
32 -13 49
10 -4 38
13 9 22
26 -1 24
24 -3 26
16 7 32
25 -9 26
15 11 31
40 10 38
33 3 33
34 11 24
34 9 25
48 39 77
33 33 76
30 27 88
64 39 74
58 28 95
55 35 98
39 30 62
61 36 73
62 16 95
66 19 73
40 15 92
47 21 95
42 34 89
36 25 100
35 28 94
55 2 71
45 22 93
67 17 71
48 32 65
55 30 100
47 20 77
53 12 89
51 6 82
49 9 75
64 4 95
30 10 100
57 12 88
67 17 62
51 40 64
48 4 67
66 21 95
38 0 102
32 12 66
60 31 83
33 33 84
56 20 62
53 17 100
30 24 80
56 11 66
31 13 69
57 27 81
36 14 64
35 10 101
40 18 70
68 8 74
34 13 97
64 8 97
57 2 91
38 26 91
36 23 100
47 12 68
33 1 62
49 39 97
50 40 90
48 8 64
35 3 79
44 32 62
32 34 68
37 27 101
64 38 88
50 26 68
62 23 86
47 17 97
43 37 91
53 15 71
54 17 79
63 23 93
53 33 87
46 32 64
55 2 76
67 37 75
37 2 70
50 2 92
58 6 64
28 38 73
61 39 88
61 19 75
58 21 102
65 25 83
60 21 101
31 39 64
49 39 72
56 28 98
47 22 70
28 3 96
38 13 77
54 40 100
67 29 75
43 31 91
42 37 89
30 27 100
64 13 64
67 36 83
62 20 89
56 8 86
68 12 75
56 5 81
39 29 101
47 30 89
43 13 87
84 53 56
113 68 47
77 39 44
86 47 60
82 50 55
80 53 30
106 42 39
81 42 42
108 34 28
93 72 57
110 39 64
92 48 44
97 41 43
112 37 64
108 64 50
106 50 50
97 68 36
90 49 42
108 54 66
114 33 52
84 37 47
83 60 44
96 38 36
115 53 57
106 59 43
88 64 51
80 66 43
112 60 42
114 71 54
79 34 44
86 35 54
78 67 37
94 36 53
78 43 37
92 40 35
97 56 54
108 55 57
77 49 36
78 36 47
102 55 41
87 71 28
107 35 31
75 34 50
79 57 53
102 53 68
86 69 65
86 70 64
92 56 32
75 54 58
113 62 61
97 49 30
84 62 33
83 43 32
104 50 39
115 70 46
77 38 33
95 37 49
97 32 64
96 34 63
82 61 35
92 37 50
109 49 65
75 33 58
112 34 55
100 32 38
81 70 31
91 43 59
96 64 44
79 50 44
82 57 58
90 46 45
94 35 38
87 64 55
82 56 49
93 53 34
88 70 52
83 69 45
91 59 36
109 38 33
94 42 43
81 47 41
92 57 34
99 72 51
106 49 38
83 66 40
95 67 50
89 52 30
107 61 33
107 39 47
106 52 28
96 44 49
107 54 64
95 54 38
80 39 52
77 59 33
75 47 46
98 33 31
88 52 33
104 33 41
75 55 62
27 67 59
46 43 65
44 44 79
35 46 63
51 73 60
34 70 73
44 67 53
42 56 59
32 72 59
31 64 65
43 56 75
19 70 68
50 74 48
51 59 45
39 51 69
15 78 56
38 72 62
24 46 56
36 65 77
52 58 70
19 66 68
41 52 81
22 72 60
39 56 77
35 56 65
19 55 63
40 58 63
45 50 69
27 46 46
27 53 75
51 43 42
20 48 41
44 48 79
21 59 48
25 77 61
44 70 69
50 60 47
37 63 41
12 70 42
17 53 65
48 73 45
36 68 70
43 69 45
15 69 48
43 59 53
52 70 65
14 45 53
46 66 74
26 70 41
37 43 66
40 45 76
38 43 56
36 39 77
48 77 72
33 55 59
38 54 75
30 52 50
52 76 60
50 54 61
29 71 59
42 49 76
25 72 81
47 44 78
47 53 47
33 66 81
32 42 60
45 61 78
31 56 43
12 57 56
21 78 60
51 56 76
35 73 62
36 54 69
42 68 62
14 43 73
21 44 80
14 75 57
21 63 46
46 78 78
51 63 47
32 62 59
23 49 69
14 57 80
16 58 50
38 40 73
42 65 43
38 57 58
19 60 81
40 41 44
44 50 56
49 78 55
35 51 62
35 42 52
44 78 56
51 68 57
35 67 62
21 61 61
36 42 80
46 55 60
51 43 64
18 73 83
25 95 59
12 88 69
25 71 80
-6 89 84
6 84 69
-10 77 58
4 87 86
16 90 73
19 75 51
-1 100 59
12 72 51
1 96 59
-11 91 75
-8 98 51
-2 93 60
1 91 59
-11 99 62
2 65 76
20 74 71
21 95 59
-11 99 85
10 67 65
17 67 78
-10 95 74
17 72 84
2 61 79
5 68 66
-3 94 71
19 71 72
6 73 86
11 93 64
-11 70 77
22 99 54
9 91 67
17 67 68
3 67 88
23 61 69
15 76 73
-4 66 63
9 83 66
-5 69 49
8 95 77
4 66 74
3 97 80
23 87 73
15 88 69
-1 63 48
29 80 60
25 98 60
18 85 68
7 68 87
-2 95 54
15 76 82
-5 84 51
27 100 64
10 78 88
22 91 54
3 76 61
26 87 49
28 99 86
9 67 85
15 94 62
16 85 79
21 99 51
-1 79 84
16 73 74
19 88 76
28 91 76
18 80 49
2 85 85
15 93 87
2 65 74
1 61 60
13 94 59
27 88 69
25 99 61
17 66 84
-10 85 74
0 67 75
9 60 73
-11 93 84
-1 88 78
-1 76 59
12 66 54
1 95 64
17 90 87
6 77 69
11 91 76
-5 86 66
-11 85 79
8 65 78
-4 69 48
17 79 63
29 60 54
-10 99 50
-10 74 53
13 100 70
26 78 64
15 73 76
61 3 14
54 7 31
61 -4 28
39 14 -4
57 31 36
27 2 34
51 18 17
28 15 23
41 2 21
31 26 5
46 31 7
35 11 0
27 27 11
44 2 7
59 29 -3
55 2 2
67 28 -1
60 2 21
39 24 29
34 24 11
43 19 17
28 23 8
29 23 34
64 4 30
67 30 6
65 19 21
59 -8 16
37 21 3
61 13 27
54 18 -3
36 4 9
43 17 -1
32 30 15
64 27 33
61 0 0
58 5 33
43 20 26
62 10 20
48 -7 29
49 4 25
28 9 13
55 20 13
55 -3 23
28 32 33
41 29 21
43 17 -1
61 16 4
55 -8 10
51 20 10
57 19 28
35 -1 32
44 1 8
64 9 28
62 4 21
65 14 26
35 32 19
64 -8 30
56 -2 35
43 3 35
49 14 0
61 21 23
64 27 36
65 -4 32
42 18 34
55 21 10
61 29 8
64 16 34
43 -5 20
45 -1 28
34 -6 35
30 9 12
66 27 22
36 26 2
38 16 27
34 25 11
61 9 25
40 14 35
66 21 16
56 17 18
39 8 2
34 -5 11
55 -8 2
34 13 27
41 22 4
50 -4 21
46 2 21
44 0 4
42 28 23
57 -8 10
27 27 14
62 12 6
56 31 26
36 27 7
44 -2 29
37 -4 24
41 13 10
51 22 22
29 17 1
59 24 17
57 8 7
25 22 45
32 15 27
34 15 40
40 11 32
43 16 45
26 7 31
25 -15 29
55 -9 39
33 12 49
51 8 51
23 -17 45
50 -6 19
40 19 45
24 -1 47
29 18 44
49 -17 31
59 1 24
27 7 41
33 -5 47
33 -7 31
46 -14 17
36 9 15
34 15 21
46 -14 37
48 22 35
31 20 32
40 20 16
43 0 15
32 -7 39
57 20 18
35 -1 50
22 1 22
20 -8 47
27 -11 39
28 -13 40
39 5 19
26 -3 49
40 8 53
58 19 25
53 7 25
20 19 42
34 17 23
48 -1 29
24 -2 26
51 0 23
19 5 23
41 -18 20
28 -9 34
35 12 36
22 -14 51
41 -5 22
40 13 49
42 -3 26
49 -3 22
40 -17 19
50 8 52
38 21 16
24 12 49
41 15 42
47 -8 24
59 -10 22
30 -6 22
31 19 18
55 -11 43
53 -13 27
26 -15 39
31 11 41
20 15 18
55 3 20
44 -11 53
55 15 24
24 18 40
22 -10 35
47 18 51
53 10 42
19 12 39
58 19 38
40 1 25
56 17 33
58 5 22
19 -12 16
20 5 38
55 5 50
56 3 48
20 14 35
43 14 21
55 21 14
53 -16 31
23 -6 30
22 12 13
49 10 51
35 12 26
28 3 32
21 -2 25
54 -13 53
35 12 30
48 -9 16
30 9 34
26 1 46
38 22 22
101 64 27
90 62 12
94 55 34
79 69 18
102 74 19
76 61 19
92 55 39
102 82 26
89 74 19
86 50 11
93 73 23
88 71 48
73 52 15
101 86 44
93 68 27
79 71 44
66 78 30
85 69 29
87 61 31
91 85 19
66 78 23
76 85 28
99 71 36
96 80 43
76 75 36
65 69 10
90 62 27
67 76 12
95 84 42
79 83 12
66 67 22
88 54 47
94 63 9
77 77 20
72 81 12
80 60 46
87 85 30
78 82 38
70 52 46
69 78 40
91 86 48
99 67 44
73 83 17
70 51 45
98 82 36
104 51 15
71 68 16
100 82 44
90 48 28
88 65 15
66 74 17
66 67 18
98 60 43
80 76 29
70 54 26
91 60 32
104 80 14
77 50 30
79 55 20
97 78 15
105 69 48
105 86 46
69 79 32
94 82 23
105 65 31
100 65 16
101 64 35
68 55 15
101 51 9
65 63 48
96 50 22
93 75 41
84 75 22
98 73 24
90 81 31
83 73 25
93 56 42
103 56 47
86 68 48
67 85 33
70 73 36
103 59 33
97 71 10
79 78 11
78 77 35
84 72 35
94 48 22
96 69 26
76 53 17
102 85 34
85 55 11
68 83 10
95 82 43
97 49 19
68 71 15
67 74 40
86 60 47
84 71 21
101 73 44
87 73 18
19 32 60
19 31 53
-2 48 67
-4 36 36
-2 38 41
-2 55 64
19 28 60
2 43 62
26 36 44
15 22 69
7 48 32
21 59 40
11 39 51
6 29 40
21 47 45
-2 23 63
20 30 35
15 33 37
18 49 69
10 49 65
29 38 53
15 54 33
31 34 31
3 28 30
13 31 41
21 39 55
0 39 48
7 23 68
14 58 68
31 55 47
-1 37 55
-9 31 56
16 50 43
12 50 41
4 37 34
25 38 70
9 24 49
-1 44 51
31 21 60
7 60 45
19 50 55
15 50 34
-3 31 63
8 55 52
14 37 35
-8 24 51
9 56 45
13 49 56
11 28 58
-9 30 48
2 54 68
-3 58 69
3 60 65
22 50 50
13 42 36
1 60 53
-7 50 61
14 38 66
-5 49 46
6 41 44
6 45 41
3 52 56
16 37 47
-2 44 62
-1 35 50
29 26 56
-7 47 42
21 27 46
2 34 66
-5 51 66
23 22 69
15 51 32
11 57 36
28 57 44
8 47 35
-3 38 56
16 48 55
31 54 62
18 30 48
9 57 57
2 54 30
31 53 35
7 61 44
6 61 64
25 60 37
7 45 46
13 30 48
11 32 50
11 32 31
29 31 61
25 59 40
28 49 48
23 53 46
-7 32 51
20 59 48
14 39 42
17 33 35
30 45 47
25 47 40
21 44 52
19 91 23
11 63 14
2 78 5
-10 68 15
-5 85 28
-5 65 35
13 90 23
17 98 29
-10 61 11
-5 74 24
-6 61 12
-19 98 10
-11 71 13
9 87 11
-5 77 5
-9 65 31
3 93 38
15 86 35
19 81 36
-11 94 34
-18 84 7
1 70 21
11 76 8
12 97 39
16 61 31
2 70 6
-6 61 18
14 76 5
8 84 30
-5 99 1
21 78 24
-7 77 34
-17 87 23
-7 76 11
-6 85 6
-17 84 30
-10 94 31
-19 86 28
-12 68 25
-17 89 41
-2 67 16
21 73 15
1 67 31
-2 96 33
16 88 29
16 60 28
0 97 1
3 76 19
5 59 13
-5 95 35
20 78 16
19 59 23
6 92 26
13 74 26
3 78 37
-16 80 29
15 75 1
17 67 10
10 81 34
-7 95 18
20 91 26
11 89 37
-8 89 15
-10 64 21
21 89 7
4 74 20
-16 63 28
-15 82 10
18 75 15
-12 90 1
-11 87 30
19 60 12
-10 75 31
-2 96 38
-10 69 18
-12 65 5
0 63 3
4 93 24
2 73 12
-6 77 17
10 62 20
20 99 15
-6 80 4
-15 77 17
-5 65 6
-17 84 18
9 64 34
4 95 24
4 77 24
-12 89 8
15 65 26
-6 75 9
-18 78 15
-11 73 33
4 62 27
19 97 25
17 60 21
18 65 11
-10 84 6
4 66 7
