478 410 183
463 403 233
429 423 225
451 410 235
441 355 220
418 366 190
474 343 181
431 380 233
436 428 248
440 402 198
419 398 266
465 371 230
472 417 216
430 420 218
411 370 271
406 427 233
400 425 267
413 421 207
442 425 221
450 428 219
413 419 215
391 359 187
449 440 225
427 353 265
455 414 250
395 370 209
412 368 262
424 435 258
420 421 211
424 361 186
458 359 232
413 412 177
483 383 232
409 396 186
389 404 259
441 411 264
419 411 207
482 410 264
405 401 266
397 416 201
460 436 193
482 383 245
408 440 256
460 378 200
460 346 276
465 349 239
397 396 240
484 412 195
389 424 216
433 342 245
409 407 235
451 369 211
398 433 196
398 379 215
403 440 216
454 355 193
436 409 195
452 362 186
455 358 236
471 395 258
394 400 224
409 388 188
393 377 194
477 400 198
481 397 179
425 370 221
404 398 197
400 441 200
415 350 177
419 353 232
471 381 264
472 356 213
405 403 240
475 418 246
451 364 201
476 344 243
459 352 276
417 351 210
475 412 272
421 353 200
421 438 258
416 355 207
406 360 260
416 400 266
444 435 216
414 352 247
484 394 260
393 404 199
403 412 261
475 370 265
478 388 207
445 407 275
402 370 267
474 422 253
460 345 270
425 394 242
387 405 234
483 400 270
426 426 192
458 396 209
457 402 232
399 384 214
475 366 255
437 384 188
479 417 184
441 365 184
426 424 228
431 412 224
428 345 260
473 344 193
458 349 177
391 359 179
467 418 183
420 354 177
399 343 220
393 344 206
452 395 222
465 424 267
473 378 260
428 415 204
392 107 357
374 84 327
367 102 281
399 76 333
341 132 315
366 139 305
398 70 360
374 81 313
397 96 321
387 151 270
353 64 267
347 117 276
370 52 296
365 77 339
322 59 292
365 99 304
305 119 333
382 133 303
345 69 335
308 133 306
404 75 290
317 130 336
341 110 349
388 150 263
401 91 294
352 102 297
404 70 346
378 98 341
311 95 271
392 150 302
337 142 271
337 51 336
370 114 285
335 126 296
339 51 301
401 60 272
389 60 311
354 110 344
311 107 306
385 72 329
403 63 346
337 81 307
360 111 325
323 102 314
321 119 270
346 59 265
329 124 313
332 104 304
403 138 310
370 74 308
359 94 287
361 87 297
384 121 359
342 122 352
368 149 280
388 58 354
349 147 261
367 146 316
381 58 268
312 85 266
333 140 275
357 101 285
399 106 326
388 58 302
375 91 332
330 87 318
370 122 303
382 136 341
343 97 267
339 132 340
351 56 313
345 98 329
373 67 294
332 97 345
386 117 310
326 126 356
310 150 276
400 84 354
394 61 271
354 117 337
392 130 360
307 120 293
325 78 348
306 151 345
343 52 286
398 78 304
389 93 351
374 77 324
346 52 325
370 119 307
341 85 292
311 103 321
376 74 278
314 71 320
360 92 302
398 127 311
339 136 315
349 138 322
325 106 330
396 115 334
374 68 314
392 150 318
354 69 298
351 137 297
363 140 335
350 111 280
346 109 352
358 139 361
389 143 283
379 89 284
314 84 336
344 62 305
352 123 285
336 135 347
379 144 338
333 126 332
357 123 341
357 139 330
344 89 267
327 123 347
285 161 340
254 150 356
219 97 353
299 137 309
246 130 273
272 114 343
277 125 349
239 169 269
259 112 329
264 153 336
262 140 300
259 127 324
217 151 337
214 161 288
214 154 293
219 167 285
265 129 317
304 153 276
228 129 293
245 105 324
214 148 299
214 147 279
254 183 298
264 129 355
254 103 356
257 142 278
225 147 292
224 164 316
293 115 347
293 157 288
266 116 348
265 165 272
235 115 290
278 125 307
233 178 297
296 155 295
281 128 311
291 119 302
236 166 297
209 126 312
299 178 276
241 122 343
207 166 346
230 145 329
246 106 345
235 125 276
227 174 356
215 133 359
244 91 299
273 97 338
302 131 319
252 105 280
218 114 326
221 115 278
287 149 328
303 117 270
211 164 319
255 139 307
245 177 359
269 95 287
275 164 314
262 164 302
214 142 333
268 182 323
297 92 349
299 183 305
224 143 311
212 156 271
218 99 287
244 100 351
248 136 320
258 116 286
236 127 315
256 129 302
206 166 273
230 151 307
275 122 312
239 161 352
252 179 281
302 96 284
233 187 274
294 103 282
279 168 270
293 180 349
211 94 281
286 119 262
267 176 335
294 185 269
257 118 330
300 126 276
238 98 313
218 137 287
260 141 344
264 152 343
296 165 281
261 161 271
302 124 346
271 114 320
254 94 274
276 125 266
300 112 349
250 132 312
235 109 350
267 96 264
213 163 308
293 121 329
290 107 301
302 102 317
223 165 325
211 99 298
283 136 285
283 118 294
248 178 279
277 157 314
231 172 345
302 169 321
275 131 359
290 121 336
229 155 307
290 128 319
406 293 154
375 331 205
354 274 197
411 302 159
408 266 206
329 314 207
415 332 163
399 280 221
361 250 195
400 282 159
357 327 162
337 278 154
413 251 162
328 271 176
388 318 193
381 306 175
327 297 188
392 279 189
417 345 194
387 307 138
373 315 220
414 345 223
337 256 161
355 332 215
378 331 162
406 341 208
364 301 226
397 326 148
403 264 202
407 297 166
332 310 180
367 286 205
369 333 220
352 292 215
377 290 215
405 277 211
414 308 157
353 316 217
331 303 171
401 268 223
421 335 184
338 252 176
339 336 203
391 269 166
426 341 159
406 258 159
352 320 171
345 277 175
422 311 160
420 321 175
357 259 220
392 340 140
354 263 151
366 269 209
388 330 160
367 310 202
366 272 147
418 324 223
331 316 227
335 320 215
375 287 193
424 326 220
345 272 135
408 279 165
415 309 139
333 261 174
380 251 184
341 282 129
365 304 214
384 312 173
334 275 159
326 259 158
347 286 197
333 284 180
406 293 170
380 271 156
417 322 186
377 250 193
357 340 136
414 264 145
424 301 198
395 280 187
415 314 206
413 302 188
356 320 220
410 284 192
328 275 157
352 274 127
391 299 207
368 246 213
403 320 141
384 339 143
386 268 224
342 283 140
370 268 181
356 344 218
420 306 153
373 284 158
357 343 217
373 303 146
326 280 199
379 299 163
384 294 173
408 307 219
367 245 224
415 304 182
421 271 175
372 292 218
382 336 195
356 262 136
331 274 198
414 290 221
389 320 131
388 271 173
344 312 161
393 334 227
402 250 202
411 292 154
347 302 217
398 299 143
449 240 262
426 222 175
412 305 170
484 294 169
391 265 172
389 220 197
433 217 208
435 219 244
481 286 266
435 226 181
393 217 243
477 253 267
394 209 261
392 289 249
476 221 225
451 239 202
488 278 193
450 251 255
447 241 251
414 294 200
440 260 185
462 300 259
444 274 183
396 217 257
392 290 188
413 233 246
465 259 245
408 261 247
412 261 246
457 248 225
394 301 174
390 263 257
391 261 262
422 300 238
434 221 190
469 233 206
448 234 182
472 293 211
409 245 201
488 240 225
421 303 177
396 225 249
456 296 184
460 222 175
417 250 249
437 280 181
444 284 238
404 236 202
414 268 236
435 254 248
416 266 207
432 281 212
391 297 230
488 283 239
475 292 230
390 286 234
398 254 213
421 214 224
395 257 249
484 288 234
448 249 210
466 223 243
473 261 235
409 210 187
402 302 208
425 224 183
456 245 236
433 269 231
396 210 254
469 206 259
447 279 181
448 267 192
412 266 252
455 277 182
391 293 235
391 233 177
392 269 193
396 213 172
411 208 261
451 282 190
406 218 265
476 257 235
483 269 188
401 264 251
393 216 236
487 216 243
461 274 178
394 244 192
471 300 172
391 234 210
451 252 190
461 296 171
423 243 256
395 291 219
418 300 226
441 224 195
453 251 178
389 296 210
461 253 221
480 247 186
414 256 235
434 259 251
488 300 209
456 300 220
478 273 176
474 232 215
398 291 265
399 261 218
461 295 237
451 215 199
396 232 202
471 213 256
443 272 245
476 267 251
459 301 210
434 290 174
430 219 170
438 218 177
398 298 178
405 277 254
181 374 -16
244 347 0
238 386 45
260 336 18
215 379 -15
181 381 38
232 374 18
233 361 10
246 319 30
228 368 -27
202 361 23
229 401 44
178 338 60
243 325 62
174 321 0
226 366 -31
187 318 60
244 391 45
177 394 -28
177 348 52
188 373 52
263 391 -3
221 321 -3
197 400 26
169 338 -20
221 407 59
257 331 23
232 345 63
209 316 45
175 343 8
255 408 21
234 409 -7
215 394 31
228 367 -10
198 353 -16
231 336 -33
195 341 10
260 356 27
229 318 -5
185 368 6
192 378 2
229 409 64
180 348 -10
192 337 18
237 374 28
210 332 -18
204 393 63
174 319 55
249 372 -30
243 361 4
252 410 48
233 342 26
167 403 -2
170 390 29
262 334 34
247 317 57
173 401 -36
181 406 37
182 403 34
242 410 -2
184 332 17
263 348 28
220 316 24
197 411 -10
197 314 21
246 413 -32
212 351 56
260 377 16
185 317 -16
267 410 49
258 363 -32
206 410 21
167 348 33
191 381 38
257 332 0
186 379 59
212 340 -31
253 333 -19
192 387 13
235 410 1
229 335 25
233 361 24
262 377 54
213 318 13
182 339 25
216 321 -34
201 377 -31
257 343 46
213 322 29
170 381 38
172 333 62
252 364 43
191 372 31
230 321 48
183 374 33
215 351 62
238 343 14
184 381 13
258 336 8
216 402 12
242 389 6
213 378 3
228 391 -7
186 402 -1
244 319 -31
175 409 -30
230 342 12
246 366 63
246 407 46
250 365 50
174 362 7
189 386 57
176 378 -32
209 314 -10
255 401 50
248 388 47
248 326 -13
266 394 -28
206 392 32
171 382 45
357 66 438
391 45 446
360 107 453
358 62 466
367 83 404
412 64 470
374 42 482
385 101 477
411 93 490
365 14 460
376 114 482
413 82 447
420 75 480
386 24 489
445 71 418
362 58 475
424 39 470
423 90 459
409 106 456
409 77 422
372 101 458
425 39 451
399 50 492
443 33 450
374 75 455
346 63 490
365 34 408
417 57 441
345 20 481
429 48 440
358 92 468
346 64 442
390 19 443
390 21 409
365 69 473
398 76 466
363 15 415
435 24 407
405 105 451
377 65 439
391 101 411
376 111 487
439 20 478
351 67 446
345 42 434
428 98 479
411 110 407
422 92 451
416 90 487
402 68 479
425 72 401
426 84 421
425 92 403
366 25 485
400 106 423
387 88 479
442 20 451
432 101 477
444 73 441
358 54 477
402 108 426
414 103 428
413 78 408
364 67 493
385 22 459
353 63 436
433 35 436
440 65 479
375 16 427
405 31 442
389 114 468
361 73 480
365 49 457
429 41 462
349 57 456
427 51 439
402 99 432
433 102 402
437 110 401
414 64 465
382 41 454
382 98 489
437 17 485
363 25 448
394 111 425
367 106 453
345 30 410
423 22 407
378 42 413
348 70 433
405 76 448
428 30 476
395 59 429
351 106 413
420 30 474
369 55 414
416 14 480
433 25 439
370 78 408
443 105 462
408 31 422
422 38 409
414 70 474
428 63 479
381 72 488
354 62 428
345 92 415
357 38 421
410 66 398
445 30 444
385 111 416
433 53 450
382 47 405
370 113 433
349 28 403
392 90 459
427 105 476
432 59 426
355 82 484
409 39 444
66 260 238
-5 280 234
64 276 253
-18 284 226
24 329 206
51 328 171
79 255 173
29 338 225
13 323 205
7 323 224
18 336 173
54 286 187
22 272 253
61 296 194
-11 269 177
2 307 177
56 246 208
-13 294 192
11 275 174
29 336 161
-10 338 244
-10 246 167
-15 253 201
61 329 235
61 296 255
41 311 191
28 285 215
39 242 231
36 260 174
25 244 183
54 287 226
25 290 190
26 272 223
-12 312 231
-2 280 238
25 265 190
32 284 177
23 275 246
25 244 187
78 325 253
55 259 246
16 317 169
60 321 222
21 246 210
35 290 238
19 325 221
59 306 181
-3 256 198
-17 249 240
77 299 198
29 339 208
-12 310 205
40 257 181
48 276 221
7 323 258
22 325 257
74 261 186
-3 300 173
15 277 187
-14 289 231
7 269 197
60 300 251
8 309 165
75 279 234
0 297 182
-5 339 166
6 315 177
10 276 190
22 264 239
-2 300 161
-16 311 167
78 245 245
-14 247 216
53 288 217
32 316 183
10 303 238
40 342 230
-19 311 247
38 336 250
71 246 238
75 252 178
22 336 222
32 303 201
45 300 173
61 265 259
-16 264 207
38 297 241
74 254 250
62 275 175
46 320 242
32 255 197
-1 277 257
38 274 226
14 274 168
47 315 247
45 307 251
70 258 212
17 338 237
-13 242 206
-3 335 242
26 247 174
-8 287 239
-1 261 208
63 251 241
5 279 257
15 312 189
72 306 215
5 341 172
38 243 254
21 269 247
7 271 216
51 322 196
49 329 185
72 293 182
-4 318 198
47 245 230
28 254 228
18 247 166
21 244 255
47 281 257
318 429 479
285 506 462
327 432 474
253 462 488
316 456 443
269 442 455
253 463 460
243 466 453
303 476 448
291 442 448
256 452 459
327 519 433
275 497 473
251 490 436
329 483 472
296 519 480
332 497 472
246 508 455
282 472 510
262 454 515
274 505 423
336 473 435
288 427 485
305 477 423
310 432 496
334 524 480
263 523 450
331 442 481
280 436 466
343 495 449
339 496 489
331 435 501
318 495 464
279 444 427
244 515 506
343 497 467
343 455 503
282 517 472
326 469 455
331 446 452
244 471 430
260 508 506
303 440 514
249 453 477
299 446 468
248 432 482
259 487 433
270 464 460
339 503 458
255 492 494
268 501 438
336 503 519
277 449 501
286 469 452
309 435 430
329 450 427
335 435 446
278 478 514
311 436 489
295 472 439
245 436 468
295 521 466
295 442 485
268 498 476
256 431 423
274 524 487
336 487 483
288 458 449
331 497 513
302 447 510
331 465 495
301 515 445
258 484 506
337 481 478
304 469 501
261 489 429
267 465 495
284 496 430
296 427 492
274 514 490
338 474 485
263 481 492
254 483 521
280 494 422
273 491 487
325 476 477
326 495 487
285 491 458
244 468 518
339 493 511
264 508 459
340 515 427
304 516 458
314 477 491
327 449 423
260 482 494
318 470 424
268 477 437
317 523 503
312 501 461
341 476 448
318 455 499
251 485 452
326 495 498
290 438 435
309 521 466
246 478 456
337 439 479
255 441 429
301 477 445
340 466 499
298 497 421
259 451 490
341 463 485
328 466 510
340 448 521
266 515 429
260 460 426
284 456 500
278 448 427
299 4 65
303 30 28
331 59 48
360 13 112
328 9 24
373 -8 93
343 8 103
320 -5 91
333 34 34
353 -11 87
301 32 109
314 -5 104
359 56 86
346 53 13
323 1 109
324 26 48
372 35 96
368 -7 95
366 24 43
366 30 70
346 78 31
284 29 49
343 71 64
355 30 27
341 -16 26
369 -3 63
281 26 83
311 4 19
292 9 20
280 5 59
288 13 88
293 37 25
325 65 20
313 55 57
325 40 23
297 -16 57
348 45 35
341 76 33
287 66 59
350 54 76
325 52 23
304 -15 43
297 55 57
295 32 89
352 71 19
278 3 64
313 -19 76
357 77 84
368 -9 34
277 -13 62
358 12 65
304 56 35
287 -14 32
302 26 52
335 55 107
318 45 86
370 36 46
308 21 79
277 78 105
358 20 47
342 31 30
328 21 86
323 -7 69
365 39 41
345 70 64
368 -4 93
298 35 44
275 -13 14
313 41 59
372 74 55
340 75 46
354 50 66
325 3 75
369 45 12
355 34 66
318 39 82
299 43 109
276 62 45
370 50 95
299 55 92
283 27 86
286 -11 27
339 34 59
365 3 64
304 22 55
348 36 37
367 1 23
341 60 48
327 13 22
346 62 88
362 4 78
360 48 25
363 43 71
287 1 85
350 77 14
358 59 41
302 60 81
281 -13 22
331 72 82
300 78 94
327 67 50
347 55 54
291 24 20
358 74 105
313 21 83
362 62 15
289 54 92
372 21 21
355 61 98
339 34 56
374 -19 24
279 69 110
355 -10 109
349 76 38
321 75 14
347 30 68
317 -18 31
296 7 23
311 48 54
355 21 65
490 171 522
454 105 444
521 135 513
530 80 449
496 86 521
503 115 510
455 138 463
496 137 478
528 133 477
540 106 497
463 103 469
460 162 469
540 92 498
474 82 468
458 120 544
500 110 470
532 91 513
454 108 445
543 81 515
501 117 480
549 105 452
516 90 520
510 148 528
502 140 502
471 99 466
494 120 498
487 82 515
456 151 456
452 168 447
503 173 524
494 127 527
483 138 500
460 101 506
502 101 519
485 118 453
522 163 458
545 139 532
471 159 455
500 76 473
516 117 480
542 134 483
549 79 509
459 90 536
458 94 479
540 86 483
477 121 462
479 106 532
461 102 533
536 134 519
469 143 526
489 171 539
474 160 513
481 106 462
485 112 508
455 115 508
548 81 474
530 107 455
505 105 499
454 123 445
473 104 487
478 134 461
486 168 497
532 151 486
521 112 537
544 169 518
491 163 521
534 143 503
508 76 527
491 154 503
524 107 452
453 99 461
526 86 445
486 115 513
498 91 499
544 115 518
505 127 491
509 137 537
501 173 539
510 141 528
482 171 502
529 162 457
502 157 544
489 148 495
483 161 493
451 82 534
510 107 528
479 163 535
498 153 523
500 156 513
465 123 444
539 97 483
472 171 474
451 91 489
527 111 447
501 152 516
540 88 454
496 107 462
546 154 452
526 120 491
455 152 492
492 147 469
520 109 482
541 132 503
547 104 456
460 76 456
493 120 495
497 119 533
475 108 521
540 143 447
473 103 507
486 93 467
465 80 487
518 104 476
473 95 535
483 85 475
451 159 490
498 122 533
515 155 499
533 147 453
523 85 498
366 74 319
308 130 352
357 57 268
342 111 303
324 52 351
406 96 355
365 80 313
311 88 301
351 39 344
318 125 265
374 44 338
312 89 323
325 46 315
372 40 321
357 90 270
387 98 350
352 103 330
329 98 326
359 72 273
363 110 324
348 115 297
372 46 309
396 94 303
314 71 276
311 47 275
385 55 347
391 114 313
347 56 346
324 44 279
319 135 321
374 106 302
379 68 354
318 132 272
324 67 304
378 71 354
376 109 294
381 98 266
352 90 335
352 116 283
321 94 288
373 86 307
405 112 267
398 49 310
374 66 292
330 115 311
331 128 300
357 109 260
359 102 275
318 130 264
327 128 270
313 125 338
345 118 318
348 100 269
317 114 321
316 58 281
316 132 345
366 55 310
357 37 306
314 81 273
320 73 347
356 90 307
351 100 297
347 40 303
383 116 300
406 93 318
378 80 306
310 80 342
357 64 273
349 57 356
393 121 331
337 57 330
368 84 312
381 47 313
350 55 269
387 75 310
388 92 304
406 88 296
307 125 318
342 51 335
341 87 356
318 36 301
331 128 313
324 134 343
327 132 311
317 86 305
352 113 277
356 94 271
392 102 332
355 134 294
320 94 301
316 134 317
381 91 316
404 72 315
346 103 292
334 108 316
390 57 268
376 130 286
393 78 347
401 53 356
392 47 261
356 124 309
340 110 308
312 67 316
342 86 357
403 86 328
407 126 261
334 107 343
364 104 283
316 65 351
393 89 351
313 62 331
353 57 286
312 136 314
331 90 320
316 119 346
309 111 294
320 122 262
352 78 318
341 57 310
336 70 333
51 89 59
56 38 113
91 46 94
98 50 86
145 46 63
51 35 51
102 7 90
133 86 128
96 32 121
134 41 119
80 51 65
64 92 116
115 102 145
147 102 114
94 42 79
89 61 143
105 81 129
140 71 109
100 42 127
86 82 90
149 100 135
125 28 103
64 34 120
148 78 107
150 105 64
139 96 117
85 78 114
52 56 118
104 21 89
61 66 142
124 55 91
107 49 124
54 59 58
109 33 145
98 45 98
128 12 126
76 102 132
54 45 63
108 21 94
81 84 132
122 56 127
93 66 96
55 72 49
142 67 100
150 98 68
68 82 126
64 15 101
127 16 71
87 9 119
124 93 70
113 50 56
71 62 60
111 19 110
123 53 84
74 67 108
115 78 52
72 68 95
64 39 130
94 46 86
150 86 148
108 33 74
61 56 58
127 78 96
85 22 56
83 9 91
124 94 88
60 60 62
89 43 100
88 79 62
79 73 78
128 32 50
129 30 131
82 59 119
55 104 55
107 47 127
147 55 146
73 39 74
58 57 56
123 61 72
145 94 67
85 39 102
91 96 77
75 67 123
116 73 58
84 92 76
56 67 145
129 40 56
132 97 118
62 48 132
127 24 128
83 101 111
133 16 56
103 80 93
88 99 147
132 91 101
119 8 89
61 57 115
145 100 59
83 15 122
72 56 60
82 25 127
135 48 75
72 94 100
150 98 68
80 44 140
102 70 138
130 21 63
123 90 68
139 20 98
147 96 146
70 43 127
59 48 104
121 23 59
73 91 107
112 14 50
93 107 106
95 75 148
130 45 128
104 107 78
76 8 94
345 327 36
379 266 69
417 322 25
377 295 92
384 310 103
343 270 105
323 348 23
389 343 99
354 269 111
345 308 85
422 317 51
334 265 35
351 324 34
390 305 39
398 292 108
330 291 55
399 288 64
377 307 111
398 283 50
392 326 121
385 274 61
361 280 58
333 339 107
386 297 83
375 290 63
351 346 71
389 332 60
403 324 66
367 292 44
399 286 37
396 305 102
339 294 106
338 330 114
401 289 104
400 264 100
388 284 65
366 324 50
343 298 116
392 256 89
387 342 49
385 329 32
372 322 112
379 285 68
389 341 88
421 309 106
365 287 54
343 281 123
421 269 58
322 346 87
353 316 65
377 283 93
353 255 76
377 303 52
328 256 123
353 288 25
338 254 92
333 352 114
384 315 118
349 331 75
356 310 56
359 329 98
404 296 118
414 295 51
368 265 63
412 324 108
327 350 94
376 259 51
390 339 99
376 254 108
422 309 40
345 295 90
362 274 40
400 344 112
322 254 109
374 343 72
404 256 71
353 278 59
367 318 70
362 316 104
418 255 93
416 279 78
379 335 86
358 324 42
364 343 58
361 274 94
416 258 122
323 315 24
392 301 121
323 302 120
394 300 63
379 295 34
403 316 75
401 341 78
373 329 89
336 318 81
382 293 47
325 273 91
383 298 107
376 252 37
362 329 86
408 261 114
406 262 58
379 348 30
416 343 96
401 307 119
362 287 123
341 318 46
352 270 76
361 324 105
384 306 23
400 316 70
402 335 50
323 278 47
333 321 84
352 282 114
422 339 41
357 278 45
380 264 122
401 281 116
344 286 91
94 341 280
71 365 327
115 349 272
39 413 362
45 368 301
29 398 318
39 410 345
70 425 264
40 334 298
22 344 363
32 378 307
90 341 345
55 429 265
101 426 293
29 356 355
111 421 332
99 360 364
117 389 327
103 369 296
27 425 285
101 379 275
67 398 333
71 379 283
31 351 364
71 367 286
26 371 285
38 356 291
115 353 289
27 422 363
58 417 271
21 352 358
57 407 322
95 386 278
77 364 271
84 345 355
45 419 318
117 354 317
115 419 268
116 371 268
39 374 352
83 395 304
57 345 354
41 356 355
69 403 356
106 432 342
98 336 339
21 355 305
81 417 320
77 400 299
24 369 348
88 413 284
71 415 269
98 397 282
82 361 330
99 404 314
101 396 267
23 391 347
53 336 351
82 349 294
25 398 320
114 383 304
36 377 276
27 349 312
48 402 295
45 340 351
34 422 341
65 419 265
26 368 363
68 392 337
109 421 296
54 362 318
101 402 288
75 360 326
58 376 324
102 361 295
31 377 360
48 343 331
62 401 361
104 370 339
111 382 281
62 428 328
63 351 363
76 370 275
26 379 269
115 428 292
22 433 352
78 384 335
73 336 270
84 433 278
70 390 283
105 433 305
70 363 328
117 335 315
91 374 315
95 406 280
61 337 309
60 354 264
87 428 300
96 409 279
114 405 277
68 397 295
54 360 362
73 361 350
100 363 356
60 349 291
60 398 333
70 410 349
60 429 352
82 368 286
30 333 275
58 347 273
39 342 319
95 426 318
103 333 325
47 408 326
89 362 313
40 417 266
69 352 268
68 400 348
114 400 341
39 213 17
79 203 1
116 205 17
40 147 -4
34 124 20
52 206 -1
88 211 30
43 148 71
66 191 40
47 214 55
122 179 47
68 150 46
70 219 36
63 147 26
84 200 60
65 213 14
95 194 34
87 201 83
76 134 29
97 158 47
53 202 69
82 145 86
78 205 40
114 220 7
128 132 73
128 190 57
75 154 -4
60 150 44
84 163 51
106 176 33
108 159 40
69 194 75
50 166 -4
97 153 69
84 205 48
119 126 18
48 202 54
91 134 60
42 151 18
83 192 59
123 185 42
44 127 62
101 169 19
73 151 20
78 140 41
46 156 25
85 197 89
60 220 14
46 145 -9
47 186 66
63 146 5
53 192 75
104 166 0
95 204 4
31 120 9
110 187 61
59 144 1
69 217 43
106 122 38
85 174 26
129 161 62
55 135 39
118 216 47
33 219 39
128 146 11
61 184 24
87 157 90
86 153 68
105 127 77
59 132 85
123 214 80
73 141 25
51 162 56
76 127 91
53 206 35
63 129 7
64 217 17
105 145 74
87 166 83
43 146 35
53 169 65
100 197 85
56 135 9
81 204 81
57 169 58
56 184 26
87 194 -9
59 138 77
62 123 9
40 187 70
55 203 71
124 212 28
114 173 84
82 133 42
34 202 54
84 156 79
109 159 48
103 171 13
113 132 26
110 181 48
50 124 61
93 216 54
53 189 0
74 212 0
68 179 0
58 202 56
68 205 76
64 131 41
125 166 31
98 146 -9
48 121 47
48 179 76
126 130 66
121 170 64
74 201 13
39 122 0
41 120 59
50 162 91
65 167 -1
110 204 47
129 521 232
179 523 224
154 435 176
148 456 235
205 525 178
192 520 167
112 478 191
192 435 215
135 502 161
144 499 190
133 460 193
136 461 154
142 480 198
179 463 236
152 473 225
149 459 189
144 530 233
109 511 231
135 527 142
201 534 217
144 528 160
134 525 165
174 456 203
186 467 142
109 448 172
123 477 194
180 447 176
127 490 214
192 517 216
205 471 202
131 470 191
119 461 173
177 502 199
192 502 213
167 470 158
186 466 210
179 458 148
174 480 173
124 510 146
158 525 184
182 494 208
186 488 145
112 473 191
107 497 219
131 486 202
136 528 139
186 471 147
151 467 210
120 456 140
153 456 150
146 489 171
120 489 185
201 501 159
199 456 175
110 473 229
137 442 213
140 447 158
186 509 199
117 527 200
113 521 193
150 453 180
155 515 144
117 503 208
173 467 150
175 443 234
116 452 224
159 516 218
192 439 196
169 497 138
206 465 232
175 519 168
115 519 181
205 491 230
171 449 150
150 450 158
167 518 168
150 505 211
183 461 187
139 464 209
116 490 153
112 454 234
206 457 153
127 503 183
108 531 191
179 468 187
114 461 163
110 499 158
147 449 217
140 443 156
204 519 235
193 435 188
190 517 163
192 501 232
120 480 194
182 496 228
152 515 141
171 532 148
141 436 200
185 474 222
175 482 167
154 437 144
191 505 149
202 530 179
181 454 170
189 513 140
168 487 138
186 473 139
119 510 163
163 534 160
172 444 225
130 487 153
195 489 225
134 532 198
198 529 156
145 523 188
112 486 232
156 441 141
199 481 219
188 461 169
112 473 138
214 489 285
223 433 276
224 423 285
265 501 262
212 505 288
239 486 337
296 464 278
227 455 288
312 467 326
309 506 349
262 477 311
266 464 307
241 431 287
282 500 284
301 505 270
258 419 266
256 470 260
267 459 326
237 498 269
270 510 258
232 427 334
247 473 303
290 471 337
304 501 282
238 432 290
229 419 269
303 428 298
309 494 266
305 513 295
283 432 271
271 469 351
230 513 281
233 465 291
303 446 252
279 436 255
244 506 282
240 446 271
262 479 272
235 425 341
305 494 259
252 424 319
312 480 262
214 478 345
221 457 322
264 473 315
221 484 262
301 441 295
218 434 291
257 459 310
312 448 257
288 444 341
303 478 270
302 442 274
296 440 261
298 510 327
247 435 301
243 510 311
228 493 290
226 456 294
235 440 351
281 492 336
274 439 295
234 420 260
264 468 342
296 451 281
240 424 312
280 462 295
243 509 270
248 428 256
239 459 276
214 437 322
252 435 264
275 442 337
232 449 278
225 440 331
299 487 294
267 422 251
304 498 263
259 511 280
260 482 296
250 490 313
235 477 344
304 485 260
232 501 295
294 510 254
294 422 252
217 444 257
262 486 293
287 509 259
293 492 263
218 449 314
291 455 300
235 509 257
301 468 312
235 487 329
243 417 259
283 453 341
285 439 285
269 419 315
256 479 319
247 440 324
262 416 344
235 486 331
289 454 332
250 415 294
228 450 346
262 478 336
225 414 341
219 439 314
307 504 349
297 459 271
277 509 316
297 437 251
292 474 335
282 445 344
302 433 254
219 444 308
219 496 305
264 500 257
215 421 263
332 364 146
293 387 132
337 387 120
347 407 168
330 361 170
371 358 181
329 382 200
382 386 163
306 402 189
302 416 161
365 352 128
335 397 191
294 435 136
378 403 161
346 395 148
316 448 186
385 434 132
375 348 108
312 370 175
319 373 179
321 350 152
321 413 110
337 377 130
336 354 116
349 379 111
317 395 116
318 434 130
364 356 156
358 357 109
381 411 193
368 400 101
380 426 145
380 439 132
374 406 117
288 392 170
366 353 106
343 425 142
366 366 128
326 417 193
365 426 178
384 375 197
305 422 115
357 400 157
300 384 184
293 436 187
295 418 134
385 398 160
342 350 135
340 410 188
333 396 164
289 403 198
350 386 139
318 397 171
359 439 149
367 376 128
301 443 192
324 418 195
372 387 188
296 384 153
331 360 183
300 368 139
346 348 127
310 379 135
377 419 110
320 436 192
303 427 121
352 445 148
344 442 111
354 440 193
382 369 101
371 389 151
299 396 137
384 363 152
341 376 119
361 376 199
308 425 104
382 391 106
378 421 104
313 350 195
362 398 119
342 395 174
312 389 125
303 374 134
345 409 154
333 356 135
337 385 129
331 395 181
371 357 150
354 426 123
288 388 100
309 427 149
347 438 101
345 379 105
365 427 120
346 368 129
316 397 145
323 378 161
372 381 112
356 372 164
310 448 173
374 438 177
369 421 147
339 398 174
342 373 128
361 402 175
336 426 162
324 356 174
329 380 197
326 429 111
301 401 171
299 351 184
306 407 102
382 380 129
355 384 152
315 414 122
328 383 154
353 436 157
340 399 197
324 438 143
314 417 106
106 147 393
89 101 438
97 103 451
39 134 491
36 144 488
24 151 453
90 124 479
65 131 416
45 144 410
44 126 484
41 131 477
103 115 435
42 170 480
81 112 477
117 83 442
53 145 473
23 165 410
58 147 462
89 78 489
71 85 424
76 171 444
27 108 481
56 166 406
95 94 440
77 78 478
63 142 461
74 148 450
46 155 427
53 123 410
35 125 410
112 153 399
89 174 471
24 88 404
75 173 484
55 164 429
57 153 468
35 154 458
94 122 480
47 79 481
99 172 436
108 173 470
61 118 402
55 109 411
24 98 418
89 151 414
48 84 458
70 91 490
28 76 424
93 159 413
26 80 414
83 151 460
89 100 482
55 96 408
50 79 399
41 154 458
29 141 480
39 86 469
66 94 422
62 119 416
41 137 398
45 153 466
39 112 399
90 145 480
46 81 447
63 96 408
57 94 427
86 115 476
101 164 437
108 164 432
117 128 470
69 159 472
49 137 446
113 171 450
50 154 412
76 76 490
49 94 484
85 124 410
74 144 440
49 76 487
60 166 440
33 131 453
24 76 455
116 153 425
34 133 393
33 99 479
45 138 464
105 174 460
37 158 411
60 87 480
39 101 446
117 149 462
96 104 488
114 128 471
82 103 418
53 156 453
29 143 481
116 128 440
50 93 429
78 165 488
53 130 470
61 74 475
54 120 436
81 79 468
59 124 485
60 86 401
116 124 431
28 125 477
34 119 397
21 129 484
52 164 434
46 162 447
45 131 402
24 110 427
42 103 452
73 83 440
70 90 394
57 94 435
30 147 407
77 147 395
85 149 461
138 355 320
123 348 348
146 423 348
150 390 321
163 401 325
105 385 365
124 399 321
128 410 410
108 424 325
118 366 379
142 411 321
160 411 381
121 334 336
102 379 315
153 425 391
151 338 412
121 406 368
136 327 324
150 380 386
135 361 355
116 347 368
144 387 357
124 390 313
106 335 359
126 406 401
124 377 363
195 412 375
140 340 358
109 332 324
128 363 341
164 399 361
197 406 377
152 369 412
141 413 396
133 392 380
160 332 384
110 419 393
116 333 349
166 334 335
125 407 364
179 377 396
151 325 403
145 377 388
129 376 366
165 369 386
142 356 331
182 327 333
173 352 387
161 424 337
167 423 371
124 391 345
126 325 404
110 352 314
120 416 401
169 395 335
107 418 340
173 377 345
97 412 384
129 414 388
110 392 400
153 354 373
125 372 359
154 342 340
123 336 327
137 330 326
174 370 318
139 425 384
191 349 369
187 383 355
162 398 328
124 364 358
190 338 360
171 398 411
138 350 366
164 402 404
177 354 316
160 395 370
109 346 352
119 346 343
124 343 352
139 357 317
181 391 324
124 337 356
169 389 406
145 328 386
191 400 312
197 379 373
99 376 394
135 375 351
182 335 409
124 352 383
129 382 349
165 341 326
120 363 338
188 341 384
152 403 402
188 423 366
195 419 333
158 374 398
190 388 315
182 397 398
106 378 339
194 343 368
196 406 411
190 350 411
128 383 313
119 359 411
137 356 338
166 335 329
135 334 335
138 355 396
106 368 357
113 355 315
146 413 336
101 369 376
118 423 346
171 395 341
134 350 355
165 373 373
105 366 409
398 327 454
390 321 474
444 350 464
411 278 426
405 301 465
377 325 474
422 291 395
457 323 475
418 270 418
428 346 477
466 290 483
402 257 454
409 313 485
447 291 460
406 349 394
398 275 456
398 317 463
389 257 430
397 259 472
381 306 436
454 296 395
402 258 402
385 314 490
454 273 437
405 280 464
432 307 470
436 349 399
387 313 426
415 347 475
450 269 463
461 304 465
443 351 466
464 336 475
441 263 457
402 328 416
456 282 406
413 318 488
443 309 428
461 335 427
427 338 458
466 256 471
404 284 452
465 265 392
416 337 393
429 263 421
390 347 407
401 276 463
411 324 449
417 271 469
452 300 411
387 352 420
439 343 471
430 269 469
402 320 419
452 348 484
459 279 448
427 293 404
454 353 392
444 315 439
471 274 449
458 257 392
444 301 434
395 295 486
457 337 417
371 351 486
437 285 437
444 304 439
393 290 475
372 353 437
453 265 457
427 268 487
415 295 477
379 271 471
386 292 466
447 265 485
381 282 479
468 307 452
398 286 448
460 352 440
463 335 453
469 266 474
396 257 486
424 347 430
440 308 456
411 306 449
417 325 467
392 265 483
411 281 403
450 340 426
465 312 474
394 270 473
433 326 482
405 268 437
378 284 400
397 263 419
385 288 451
405 259 421
386 260 432
449 307 476
428 314 405
371 296 403
421 301 451
455 344 458
423 268 480
431 338 478
404 291 489
384 332 399
381 261 463
433 354 484
434 299 407
459 271 404
399 295 465
434 334 466
442 283 415
468 323 423
443 330 431
388 283 467
400 288 466
404 350 420
424 300 401
103 104 46
176 74 48
149 58 60
92 96 42
186 77 35
134 84 28
114 97 -3
102 46 33
118 52 -8
173 115 68
133 122 73
90 67 70
146 68 -13
169 85 57
166 92 34
122 53 16
112 72 39
165 126 78
175 118 63
168 48 79
96 94 2
100 49 11
125 28 14
168 116 66
152 83 58
110 58 60
188 91 -11
171 121 -10
123 87 76
163 36 59
188 111 2
170 71 29
96 79 -11
109 88 48
113 39 36
138 126 56
98 42 -12
148 57 75
120 75 8
142 83 54
138 117 61
113 69 85
177 58 64
167 51 69
169 109 29
175 91 4
120 31 -5
123 51 57
137 125 10
128 99 44
149 124 75
168 116 43
117 84 -4
147 54 6
144 92 25
135 60 46
97 72 55
144 29 15
93 59 -1
175 43 69
130 117 10
134 57 37
104 76 32
129 78 3
134 41 16
145 45 19
113 54 53
98 65 69
121 107 3
190 103 27
153 111 47
137 78 14
163 69 9
146 55 70
109 62 -5
125 85 0
185 44 74
101 56 48
145 126 58
119 38 18
140 93 25
142 29 44
172 80 38
97 112 71
180 88 68
122 109 36
178 126 78
124 85 60
103 51 45
124 94 36
144 72 48
186 58 63
136 120 -3
137 120 40
111 62 29
151 78 16
180 53 -2
114 91 3
176 35 20
151 110 4
106 112 70
190 103 64
133 72 59
94 33 27
103 57 43
107 123 36
126 63 59
184 56 2
120 32 60
176 54 63
134 119 40
164 73 2
189 118 19
164 109 19
102 103 64
117 31 64
157 69 22
180 104 32
118 42 8
169 106 4
299 -42 487
318 -33 415
250 12 475
253 -27 427
280 51 441
243 -35 452
273 -2 439
274 -2 418
251 -37 416
304 -14 459
241 -16 458
239 -5 407
227 22 494
276 -42 431
293 31 493
295 -39 484
257 23 468
314 45 457
319 56 446
293 -22 503
316 -33 479
310 37 418
272 -12 478
314 14 459
230 28 491
264 35 413
265 34 413
306 -11 410
258 9 456
239 -40 462
227 19 453
236 -4 412
289 -36 406
283 -34 406
299 -12 476
308 49 411
249 -35 410
297 -24 445
265 38 474
306 -28 408
251 25 421
258 16 416
259 -15 457
318 -9 477
302 8 422
305 23 443
233 0 432
225 -23 447
250 1 504
299 -37 506
282 9 439
256 28 446
265 21 426
227 29 455
242 -22 492
286 32 414
256 46 419
226 -26 491
280 3 406
298 53 406
236 30 457
305 46 479
251 36 489
302 15 428
311 -18 497
276 -18 435
308 35 494
271 -21 409
302 -2 428
251 10 499
320 -9 494
272 -36 453
302 -36 407
254 47 462
257 45 477
260 33 464
261 -37 469
258 38 482
271 -9 418
245 19 467
270 -27 472
286 -25 487
308 48 440
303 10 490
228 20 469
245 26 440
230 17 497
263 -17 475
315 -7 410
307 36 426
280 -8 453
237 18 475
262 -19 506
292 -19 466
230 22 441
253 39 492
264 -35 476
308 56 468
272 35 418
255 -16 419
264 20 464
230 52 467
224 3 474
308 -41 413
228 39 475
278 -8 452
313 12 460
222 33 461
263 -3 458
282 -24 410
274 22 462
275 25 454
299 -18 489
315 26 414
272 -16 497
319 3 491
296 27 500
232 57 474
318 19 483
269 1 479
215 104 77
157 137 65
142 111 72
223 143 61
138 172 78
227 105 112
166 99 47
178 129 39
196 166 68
188 172 31
184 151 111
192 84 35
185 160 72
134 113 68
172 127 60
173 136 98
212 143 68
209 158 88
194 130 99
177 78 70
189 168 93
160 115 105
217 89 69
138 115 59
198 92 69
216 86 31
162 169 96
132 94 17
148 170 110
201 112 62
216 120 44
166 109 79
135 141 80
142 127 99
142 121 107
182 80 20
212 147 59
220 119 22
207 165 71
160 108 62
137 90 25
199 165 37
145 167 14
222 170 77
182 88 69
144 100 25
228 84 89
130 99 20
129 151 15
206 165 49
169 171 35
159 167 70
165 133 13
150 88 72
213 75 24
182 123 99
205 144 72
188 111 76
217 144 35
163 104 17
156 122 111
183 81 106
178 127 79
207 94 102
166 99 35
173 113 48
174 138 111
212 98 103
167 170 29
213 142 26
164 123 31
142 170 81
229 77 41
215 140 69
172 155 92
171 155 70
209 127 14
169 119 70
155 109 28
201 145 18
172 98 75
183 86 74
168 116 26
224 170 91
132 130 41
133 93 112
208 145 26
172 121 62
193 75 74
152 160 111
200 91 25
172 118 73
171 131 61
197 151 67
182 88 89
211 77 18
212 153 50
157 78 51
214 154 31
212 118 75
218 153 48
171 165 65
200 137 23
157 88 108
188 87 38
186 118 85
219 89 89
209 105 102
221 131 94
184 99 23
207 135 73
189 111 105
190 153 31
198 98 101
177 105 82
181 95 62
153 155 19
185 83 42
161 116 22
208 129 80
38 119 378
-34 74 324
45 105 392
-6 103 367
-21 40 315
49 130 366
49 118 301
38 120 300
47 62 308
-27 95 329
9 133 305
-19 70 365
-13 73 302
-35 79 344
44 93 318
-18 90 396
-40 106 361
14 44 358
31 96 343
-18 78 328
3 129 336
-26 72 346
47 125 357
-34 46 342
-36 61 340
-17 58 373
-2 129 298
-8 42 389
3 132 358
-24 131 364
-17 46 390
35 122 369
-17 135 306
21 68 380
40 69 308
1 117 341
17 133 306
7 101 387
-9 136 373
33 128 327
-10 60 388
-6 105 297
-9 64 371
2 127 353
-20 37 318
41 53 372
19 131 296
48 42 373
-5 37 391
44 44 351
18 37 345
-44 112 364
1 102 342
14 76 352
-38 103 336
-43 88 317
-46 74 370
-5 60 375
52 48 372
31 133 322
17 58 387
-47 92 387
13 76 348
-44 120 319
-23 104 362
8 113 390
-11 102 373
32 97 357
-45 50 318
21 102 355
-31 87 303
20 61 374
41 136 349
-6 132 330
-39 84 386
35 131 306
-31 113 319
-35 63 313
-40 95 381
-4 86 378
36 55 345
15 47 389
-16 42 360
-6 114 309
51 56 388
-31 110 336
-20 79 368
-29 58 324
50 107 361
-7 61 347
50 136 342
-40 49 359
9 121 335
25 87 344
-35 57 347
-42 108 356
21 94 328
-21 79 335
45 110 325
-45 63 384
29 63 395
15 99 324
-40 82 333
-7 69 383
-34 86 347
-9 92 310
-25 64 332
-28 89 350
-28 81 373
-29 124 362
-31 62 360
-16 123 307
-3 46 322
31 92 311
-25 37 369
45 41 316
50 57 371
5 77 365
-12 85 385
-45 66 390
-4 427 343
7 398 325
-4 413 325
79 382 322
20 361 341
31 460 361
76 375 401
36 415 333
12 395 350
27 375 315
59 361 381
55 448 318
0 429 389
-19 437 311
-2 371 315
71 383 356
-18 452 384
79 450 380
48 437 379
40 428 325
35 362 360
41 423 355
66 383 402
60 369 328
72 447 389
39 377 399
8 438 382
49 395 337
3 423 369
6 374 356
56 427 380
51 396 387
48 388 317
-11 385 401
0 407 370
40 426 329
-10 379 327
5 403 370
79 366 377
7 393 304
11 432 339
74 393 338
12 456 394
14 448 328
62 455 308
28 456 397
20 411 400
60 394 378
28 449 387
42 411 336
10 413 338
-7 447 333
28 434 306
63 363 375
30 437 304
-21 377 324
-4 392 392
75 372 340
67 386 388
38 444 338
16 410 339
45 365 329
70 379 305
-15 394 335
14 409 355
-1 459 383
37 427 351
39 376 401
-1 417 331
28 433 321
-18 418 404
34 403 305
47 394 318
-15 390 305
7 374 400
64 396 403
73 404 375
1 365 395
32 407 375
56 443 377
41 430 310
5 404 381
-1 379 399
3 457 320
2 457 354
59 439 340
73 390 376
-9 393 305
-18 433 342
53 437 371
78 382 356
41 362 392
59 362 400
42 411 358
15 450 399
33 447 392
30 369 366
26 398 307
35 410 317
34 376 370
53 459 317
-7 367 378
-1 454 382
-15 401 390
-7 429 403
13 409 377
54 404 333
-16 411 333
-7 367 368
72 380 393
-15 389 400
37 421 348
78 446 354
3 435 319
63 431 398
51 366 378
51 369 352
66 360 342
-2 373 379
-13 415 352
307 247 434
317 186 419
318 247 502
350 237 453
354 231 492
322 251 447
334 219 482
398 200 469
343 254 471
326 223 439
313 207 493
350 200 471
334 220 480
397 245 484
344 240 432
347 193 449
351 172 429
399 209 442
342 242 483
341 193 452
339 228 471
317 172 456
397 232 497
399 219 488
338 154 474
348 253 478
331 190 496
359 219 412
387 186 445
383 208 476
385 189 470
331 200 453
322 242 410
376 221 495
324 161 454
387 229 444
369 215 423
369 211 453
330 161 423
385 203 468
330 202 405
387 166 493
318 171 407
323 198 493
387 197 473
352 253 474
387 229 465
323 212 433
315 219 440
336 226 496
316 195 407
397 183 440
343 192 502
388 200 503
355 225 463
337 231 503
395 194 441
340 245 453
362 253 443
362 164 415
309 198 423
402 193 460
396 160 432
393 254 435
343 222 434
349 156 480
365 238 432
382 253 413
309 198 425
328 210 494
347 221 472
354 242 494
397 239 405
386 239 428
345 188 466
378 178 489
313 234 440
389 205 501
375 202 457
326 210 413
330 157 473
354 176 478
345 216 476
343 203 439
360 200 467
391 189 451
326 180 420
382 164 422
353 183 455
403 227 423
306 214 444
396 212 436
348 237 446
312 169 505
344 213 473
333 230 428
397 168 463
360 168 497
396 215 411
394 220 465
402 205 419
359 212 407
387 155 475
401 181 480
391 192 431
346 236 428
304 172 471
388 193 440
394 226 442
385 176 405
308 204 475
369 242 441
366 188 421
329 204 460
363 183 418
328 220 460
320 165 464
318 197 411
400 174 408
389 240 428
448 201 273
384 179 353
477 214 276
468 265 321
390 218 316
416 230 316
401 214 316
478 195 279
419 245 340
409 219 335
475 218 327
476 206 300
412 199 282
432 270 308
464 266 345
390 211 338
460 240 347
410 245 322
408 274 350
483 228 294
417 223 359
484 247 299
468 238 350
448 183 362
421 278 344
409 246 267
388 196 355
458 192 275
403 232 327
443 230 286
441 212 355
402 273 356
434 270 267
402 228 345
477 242 293
385 192 355
442 199 334
480 192 267
440 183 267
475 265 326
409 274 290
475 266 320
477 255 354
462 188 341
468 235 309
389 245 316
417 196 302
451 259 364
412 191 303
472 237 287
477 219 315
402 221 286
414 229 356
453 214 271
450 190 365
459 230 361
408 250 282
453 249 339
468 213 339
479 214 308
384 269 350
475 270 344
399 216 302
419 253 341
389 226 289
418 275 310
408 278 350
423 196 330
467 220 269
442 250 367
467 253 296
455 236 304
395 278 328
412 265 318
415 267 315
442 261 335
453 186 323
446 259 332
472 258 289
441 226 300
467 244 359
442 215 345
462 224 324
397 201 297
442 178 298
401 259 349
457 232 276
463 201 333
450 181 306
474 203 281
469 204 320
396 274 331
413 203 286
416 266 278
391 203 326
438 183 340
462 276 310
411 244 320
388 264 292
398 190 362
484 258 346
393 235 271
438 278 357
446 236 310
484 216 339
453 210 345
414 208 327
449 205 325
463 208 334
436 224 272
433 204 306
471 242 334
447 215 304
446 220 349
466 235 329
469 242 358
464 221 324
406 261 327
385 261 287
395 205 298
514 163 102
529 169 80
536 232 171
519 173 112
474 239 105
489 205 108
532 254 111
513 168 133
538 180 120
492 169 131
523 195 126
493 230 117
523 237 115
523 210 135
500 169 129
530 216 126
512 205 174
545 173 86
475 246 120
509 254 167
524 176 95
498 197 82
533 197 89
464 254 135
504 190 112
509 183 170
542 248 169
455 196 161
518 199 162
492 182 80
523 196 128
486 210 144
484 187 173
492 159 147
480 156 146
486 193 82
486 234 103
465 191 122
501 197 93
458 201 105
510 192 178
462 209 176
530 251 143
484 229 105
530 190 156
517 251 173
523 187 167
455 210 162
460 219 96
535 179 166
544 211 151
503 168 92
543 201 144
536 170 102
470 196 79
482 178 171
471 249 136
549 188 145
518 178 135
490 218 136
462 226 120
449 190 78
466 230 159
540 170 115
512 181 132
458 158 176
548 199 174
503 171 147
517 155 175
484 218 138
458 164 150
539 164 140
468 215 124
544 190 93
470 186 128
545 192 115
462 196 170
546 170 96
498 162 78
525 189 94
507 211 173
477 206 160
520 219 176
516 246 82
473 237 115
544 212 108
472 231 125
451 155 94
489 199 156
520 239 160
467 154 148
460 215 103
529 183 92
540 222 90
527 248 114
461 203 172
526 174 127
489 230 173
522 243 119
481 226 166
501 178 130
453 230 172
490 232 150
532 213 102
480 154 99
537 198 92
462 248 160
548 234 177
512 247 81
492 212 114
459 188 103
548 158 160
548 195 141
539 159 109
514 183 126
462 207 106
482 158 169
492 176 115
476 204 135
465 214 135
424 258 297
349 214 269
356 284 287
411 296 281
411 285 260
398 287 337
400 263 281
413 257 296
384 203 334
394 253 346
379 245 348
339 249 278
410 219 263
399 206 347
379 212 257
429 241 301
350 299 320
414 280 272
376 294 343
359 219 323
418 276 321
399 242 286
419 241 307
421 223 280
428 262 308
426 201 280
413 228 288
361 253 260
428 272 351
419 274 296
420 281 306
404 237 275
372 245 304
408 278 316
353 275 313
360 240 296
343 260 287
392 212 326
382 217 333
413 235 312
398 229 334
347 288 280
386 214 347
414 238 338
427 297 348
394 242 279
382 234 255
385 279 306
388 272 269
418 210 304
354 259 305
425 291 269
347 292 280
412 272 344
338 285 337
430 256 310
414 218 279
395 248 337
427 221 343
351 227 343
354 249 303
371 241 309
399 201 297
396 266 312
430 291 285
340 251 347
352 245 348
391 284 273
348 262 326
348 261 277
375 285 308
358 213 273
428 254 299
390 221 345
338 299 262
430 243 353
352 262 264
378 268 306
414 279 289
346 256 268
369 292 324
369 292 289
376 206 274
378 216 273
420 266 340
367 254 308
348 243 266
350 223 327
382 300 332
355 234 340
366 247 340
334 298 255
351 284 270
362 276 278
348 206 285
406 222 264
386 268 318
402 228 257
342 254 351
429 244 312
361 238 346
349 264 335
378 255 272
393 286 325
418 226 281
409 233 320
350 279 288
423 266 261
374 261 271
367 232 279
361 264 344
408 296 266
367 282 313
391 283 281
426 210 354
382 214 301
420 247 317
334 260 339
401 207 275
352 287 295
320 172 156
315 199 113
305 174 137
266 217 85
348 216 112
276 213 68
327 153 90
319 171 150
297 214 105
313 222 94
315 155 101
297 172 141
309 219 142
336 246 65
325 209 87
291 187 129
318 181 60
311 205 82
284 169 121
342 233 77
341 237 107
337 215 82
316 154 77
292 173 75
348 216 56
290 215 101
344 171 117
302 235 72
358 155 94
262 168 151
266 187 56
299 191 142
325 241 69
285 245 141
287 252 139
279 238 149
351 226 111
338 224 62
349 215 70
284 211 109
318 156 88
330 241 59
321 235 90
312 162 85
306 174 78
300 229 152
265 239 83
307 177 148
324 226 74
347 202 150
335 214 57
296 187 142
339 227 92
261 159 71
259 222 61
346 250 97
347 214 137
344 238 99
304 246 72
269 244 114
308 228 152
332 182 131
260 160 139
326 230 83
264 155 94
297 201 59
301 164 100
325 158 135
323 232 80
290 182 94
311 160 80
349 230 118
286 185 103
291 194 70
271 213 138
264 157 118
337 162 115
281 210 127
269 245 62
283 228 68
262 173 122
320 167 143
324 224 155
334 191 84
309 180 73
341 160 56
268 226 84
333 198 78
264 210 156
263 160 121
341 183 84
269 205 105
330 170 114
303 209 144
321 216 58
294 165 116
341 195 118
271 201 67
307 220 129
267 168 146
344 163 102
339 171 139
310 168 111
310 223 66
348 214 140
315 176 56
336 231 94
344 161 57
265 241 86
326 231 149
299 167 87
283 158 152
272 182 82
284 156 135
276 209 84
283 219 130
319 204 154
326 245 70
324 181 129
351 214 91
67 198 348
77 147 275
25 151 348
45 213 354
31 166 287
78 172 303
28 180 296
41 129 340
72 133 301
44 176 343
13 149 264
32 170 272
-6 133 360
38 201 327
59 185 279
32 156 356
64 161 260
-8 133 262
-14 134 279
4 150 264
-8 129 307
61 206 334
-9 128 359
28 191 307
43 205 292
-16 211 354
-15 142 358
23 139 306
28 198 304
-19 190 298
-22 150 299
22 198 313
17 142 336
-3 210 329
21 215 343
31 172 355
26 129 339
6 133 288
-9 165 287
46 162 338
20 171 286
17 180 288
-17 201 271
7 125 333
6 136 310
-15 200 297
18 150 330
49 133 319
58 126 294
-19 213 340
-13 193 295
69 195 272
63 123 282
70 173 289
12 174 345
25 167 260
-20 186 332
30 194 286
8 177 354
-12 179 300
-1 207 318
-15 154 310
78 154 262
63 181 333
46 170 322
18 167 323
72 122 292
-20 146 316
9 201 293
-20 161 351
54 147 333
65 179 346
10 202 260
-16 121 267
-22 125 300
4 124 281
-17 160 334
-8 136 327
58 164 303
39 138 345
36 128 330
10 150 356
57 187 332
12 204 356
53 167 360
5 129 312
-10 193 277
17 207 318
-14 205 308
57 194 345
-22 203 297
5 184 311
-18 178 309
42 121 340
28 161 309
26 133 353
4 175 291
6 182 319
57 142 307
-13 127 293
-16 126 316
-9 156 345
59 172 277
-12 191 332
40 216 288
69 206 265
55 147 268
-11 129 347
-4 179 359
-19 150 313
21 187 274
64 137 358
3 134 326
56 119 288
38 135 278
-11 171 327
19 197 267
69 135 317
52 170 339
16 189 308
46 23 405
92 15 425
107 77 396
84 11 492
58 -10 462
66 -13 436
78 0 436
46 29 450
94 -9 440
125 19 489
80 21 436
121 79 490
96 -12 474
75 23 423
67 33 481
92 55 418
46 71 459
66 18 490
140 49 472
50 56 446
90 49 444
104 2 462
111 17 492
82 63 406
113 76 448
108 62 448
46 -3 443
64 52 415
129 -17 493
75 4 425
43 56 444
96 45 395
127 -21 413
108 72 403
80 -7 406
120 70 402
105 -7 440
81 -3 475
49 40 442
59 -19 470
96 -14 441
105 30 487
51 44 442
48 31 424
99 71 438
88 7 455
110 61 488
93 5 399
86 61 486
95 -14 457
67 -5 492
98 74 457
88 62 463
97 65 479
73 27 440
129 35 449
81 54 488
137 3 441
107 20 481
102 66 403
47 19 466
87 -6 420
43 62 405
123 -17 447
135 43 420
80 55 492
62 79 415
106 -6 434
100 55 458
62 7 488
135 75 466
44 62 454
64 -5 413
120 -4 436
141 -7 422
48 28 421
132 64 426
133 45 471
91 66 431
138 17 483
110 73 415
50 -5 492
55 52 408
106 56 395
69 11 482
133 10 485
99 79 456
76 65 438
80 -17 463
114 37 439
131 44 421
128 -14 457
131 74 419
110 40 493
136 69 414
127 12 480
92 28 445
60 2 492
138 53 448
78 14 472
97 -8 493
48 -21 442
63 3 422
81 76 434
102 53 436
45 -20 477
81 40 441
74 13 484
112 -17 468
85 27 408
59 57 411
115 -14 453
109 77 463
89 1 448
71 -11 420
53 8 440
98 70 455
124 5 420
103 32 470
90 15 438
465 371 355
450 350 331
462 325 322
518 366 394
462 383 379
513 314 397
505 388 377
454 329 410
539 384 377
481 324 369
476 325 342
468 400 376
508 375 386
450 355 352
513 307 390
462 379 335
541 321 393
525 361 404
510 351 339
486 359 387
493 327 383
487 350 415
500 345 320
480 308 369
505 306 331
506 380 418
539 363 414
515 346 396
504 326 345
463 359 339
479 365 389
483 354 324
533 323 368
522 314 419
490 335 397
477 359 351
533 366 337
534 359 362
490 342 354
501 390 370
445 332 407
504 362 380
525 388 395
472 328 392
506 319 321
495 301 405
490 382 343
514 398 398
543 339 399
534 332 407
488 326 386
534 322 328
528 311 328
453 327 402
453 360 329
484 347 399
511 393 405
520 310 392
543 355 396
509 358 415
521 303 403
467 401 359
539 343 339
512 315 350
446 341 418
445 354 399
487 379 416
500 382 353
504 377 325
515 331 372
444 339 373
503 340 368
528 307 390
523 312 334
475 389 397
473 350 406
461 400 386
527 352 391
453 378 337
494 305 401
455 374 324
481 384 348
452 307 416
466 395 326
469 319 340
463 382 409
483 351 331
540 377 399
521 357 356
473 352 401
470 348 377
483 344 357
491 324 394
496 335 341
520 355 416
472 397 420
512 335 366
538 355 392
492 379 352
453 350 351
507 396 413
465 358 408
517 307 331
450 385 364
539 399 394
520 399 417
541 397 391
483 320 419
478 328 331
465 307 359
528 376 400
523 302 417
475 383 383
511 371 338
477 301 375
517 395 370
516 304 324
531 321 410
480 379 356
455 323 369
134 446 39
57 359 -9
72 412 27
38 415 29
73 400 62
92 361 39
61 364 -24
84 348 -33
82 422 -19
39 360 1
99 402 30
131 352 10
80 422 -5
63 395 7
43 395 50
69 411 67
119 395 50
124 391 -31
37 360 -4
108 418 -26
120 443 38
91 388 -2
89 357 -31
55 419 -20
41 414 41
79 400 35
73 407 58
123 392 33
63 355 37
50 426 -30
88 433 -20
127 367 38
54 444 -31
93 405 35
56 364 10
43 388 10
53 406 -30
54 407 -16
35 425 49
73 430 5
109 386 -25
61 351 37
102 379 -16
111 441 62
116 355 -7
69 383 58
125 365 62
49 383 -30
85 405 18
82 426 22
122 420 30
99 394 -11
103 385 44
116 352 -16
58 404 45
97 403 37
113 425 6
50 399 35
92 439 -29
65 351 20
77 373 -20
37 416 12
55 404 54
112 438 30
102 363 -23
79 413 14
74 382 22
125 419 -25
105 436 18
131 448 -22
89 362 11
90 423 46
107 356 16
123 439 -15
53 406 42
135 437 42
104 419 40
98 431 17
59 448 55
80 448 19
73 350 37
86 353 29
105 439 28
85 427 30
107 417 -28
36 425 9
39 396 28
48 394 27
50 401 8
126 412 -18
133 369 46
112 370 50
109 401 64
77 411 60
92 388 35
82 428 60
45 351 60
52 422 51
122 411 -4
67 379 67
135 375 12
55 389 -19
56 410 32
113 374 -25
123 400 -16
102 379 16
49 368 37
72 356 36
81 412 64
133 382 1
135 394 18
79 435 -9
68 387 -30
38 395 10
62 428 -12
74 442 -2
135 381 8
74 376 55
121 420 -23
73 416 49
222 411 56
239 382 21
243 460 93
219 451 79
228 401 80
249 416 97
184 423 47
203 468 68
227 419 85
233 443 56
245 377 8
252 468 90
257 389 88
176 445 73
248 472 15
198 400 25
215 406 70
181 448 53
217 437 7
207 431 76
203 442 63
186 422 60
229 381 31
272 445 56
239 397 17
272 387 67
197 396 72
223 393 78
249 450 2
269 403 38
271 423 92
184 376 82
175 471 4
249 469 33
175 378 76
209 443 9
253 440 4
233 383 66
228 446 70
266 400 85
243 399 41
176 395 67
235 397 82
252 409 16
263 403 16
204 407 73
185 387 73
227 376 23
200 410 53
198 406 1
244 438 30
272 437 45
235 455 41
196 409 77
204 399 6
176 440 37
177 374 98
211 392 66
181 455 96
178 401 36
205 402 70
251 447 52
187 390 85
240 431 11
181 426 47
240 412 36
251 403 4
202 381 34
176 422 65
218 387 60
211 425 73
186 435 64
177 413 15
191 446 25
256 377 31
173 409 59
231 447 53
193 384 79
181 437 51
258 394 39
259 409 15
207 382 83
206 446 74
251 437 39
203 385 80
223 384 85
209 471 23
215 390 97
204 455 98
220 383 88
245 436 73
236 394 31
260 380 3
208 391 29
251 441 77
186 454 17
244 445 72
177 444 51
197 375 48
270 413 31
237 388 81
236 398 96
234 448 3
214 411 39
178 403 23
212 453 7
178 404 43
253 460 11
265 451 23
216 414 95
173 464 92
251 426 28
230 420 19
217 429 47
178 391 53
220 391 73
258 447 78
177 412 54
222 408 28
252 379 93
136 71 418
174 66 405
149 62 392
203 27 413
115 76 379
184 60 456
151 84 414
182 -8 412
183 74 462
214 85 405
197 1 376
127 -7 443
167 32 415
116 88 376
206 12 398
198 16 440
146 57 452
168 89 462
149 23 377
178 71 421
215 31 451
127 64 390
157 10 388
183 2 408
198 60 391
185 27 434
195 80 391
165 70 395
175 88 432
191 40 440
171 -2 459
215 42 452
211 -7 406
160 31 369
166 38 370
166 4 428
177 62 421
165 5 368
182 -8 445
127 46 403
122 -5 428
200 24 379
117 5 418
169 10 402
202 63 384
139 46 386
136 8 428
182 22 419
131 38 368
138 -4 431
167 37 449
181 -7 407
126 66 423
210 78 398
169 83 438
183 76 402
177 -6 414
132 55 381
145 49 417
194 65 401
140 40 394
143 66 437
116 75 426
145 48 404
168 75 427
188 81 429
125 65 383
131 6 439
190 53 394
200 -5 422
116 7 407
179 50 395
185 15 442
127 19 438
147 42 404
118 36 424
203 10 387
186 89 416
155 86 428
139 80 407
177 78 378
177 60 391
135 61 446
155 41 418
162 -5 448
164 53 416
189 43 386
206 88 385
206 40 418
144 49 425
185 90 398
157 57 395
208 71 405
183 11 373
152 26 371
154 -4 403
164 83 431
151 63 381
178 52 389
128 10 404
197 60 379
144 27 467
163 73 378
182 11 438
141 42 422
115 26 368
118 86 428
137 52 410
215 76 370
120 85 426
214 52 393
157 11 465
183 9 395
212 12 434
176 5 457
202 35 434
179 23 395
166 19 397
129 76 412
119 -5 428
7 54 245
26 -25 242
36 46 155
48 -25 239
19 28 196
24 -21 237
9 -24 238
43 16 150
10 65 189
-13 23 152
22 -27 167
-25 49 211
-5 14 231
13 -20 221
-3 29 243
-37 24 165
12 36 162
-6 50 235
9 69 201
-16 51 204
48 -20 207
-16 47 230
45 36 169
-33 36 169
31 7 188
-1 -5 175
-45 41 147
16 -1 206
-3 71 206
-9 -15 148
24 12 213
-5 36 158
20 -4 181
-10 8 147
-43 -2 153
-42 52 212
0 -13 184
-35 39 160
31 69 152
17 18 224
36 7 165
-30 -17 181
-19 56 214
-35 7 235
-23 -8 151
-47 -15 219
34 64 229
17 0 146
19 42 150
6 -24 186
36 51 164
4 58 211
17 35 187
-34 -20 224
15 48 180
21 -5 166
-37 18 182
-29 -17 237
-38 37 204
-41 9 233
-9 36 166
42 -8 206
-15 -27 156
14 19 175
39 -13 163
44 61 146
-9 -25 176
40 7 197
30 42 209
-45 52 181
-30 65 212
-47 14 147
-15 31 182
-49 25 227
-28 24 178
-28 -15 170
-6 39 170
-5 65 190
-24 18 199
15 0 179
33 18 223
10 21 162
11 -10 223
49 66 231
-45 72 172
-2 40 241
38 39 161
-25 -12 153
-23 15 151
21 22 186
-16 59 154
-40 62 196
-37 24 211
-31 2 220
11 8 180
-37 34 197
-25 -23 154
40 62 150
6 28 225
-8 48 195
41 9 196
-31 -14 165
36 44 176
-23 -6 218
21 -22 146
41 -14 182
-16 57 181
0 44 176
-13 0 220
27 33 217
-24 1 201
-6 70 216
13 -15 205
-45 25 202
-9 42 162
33 63 224
-43 6 182
35 -19 174
40 60 152
-26 71 207
72 258 32
74 314 73
106 259 2
48 314 49
27 293 44
40 286 -13
68 270 39
14 246 30
93 263 59
94 267 28
43 327 19
36 237 21
45 280 11
23 307 -10
106 232 9
90 273 -13
38 250 29
30 322 -11
41 310 78
78 275 46
13 232 65
20 306 54
95 308 30
45 231 44
26 236 47
60 314 -2
48 284 12
24 270 3
38 246 83
6 248 33
79 298 50
49 320 28
36 247 25
15 320 -10
51 287 49
72 310 -8
7 286 80
67 257 -12
39 265 84
24 251 46
105 267 44
100 238 78
93 316 17
92 290 -1
46 238 33
39 258 50
14 279 78
27 232 69
103 266 8
82 241 11
86 303 -8
97 322 24
47 285 54
79 300 -14
15 232 -14
54 255 54
49 321 83
12 272 51
12 284 20
99 240 2
101 242 -11
86 292 76
13 317 51
72 279 -13
24 253 -2
33 302 46
58 312 31
86 308 4
13 231 22
73 257 18
57 251 38
67 252 48
80 277 72
46 289 51
95 242 -5
51 320 58
58 284 79
41 320 28
82 244 50
18 317 27
8 298 47
104 236 28
45 246 83
49 320 24
27 320 83
17 280 25
79 244 61
83 232 74
77 231 14
77 250 37
102 316 50
74 317 85
75 229 4
29 254 26
32 236 41
81 279 85
96 238 17
29 252 -8
96 316 54
16 319 -10
29 245 45
29 281 42
33 291 23
76 240 42
55 275 73
59 232 52
20 258 46
75 251 74
95 285 74
13 260 59
57 235 33
104 250 -9
70 255 27
21 279 52
27 252 -8
22 248 -11
89 268 77
32 311 15
76 278 5
99 258 9
67 357 41
32 373 10
108 374 23
78 319 3
68 341 21
49 392 81
109 372 48
22 358 38
32 381 56
86 361 14
96 382 80
54 309 -6
24 378 66
99 376 22
83 395 29
88 318 77
69 313 -12
38 301 1
34 309 -14
14 398 62
55 339 -16
58 352 5
91 349 38
110 398 74
31 357 -12
62 328 -7
99 369 -9
51 318 10
20 321 74
51 393 80
78 380 78
52 315 9
59 305 24
61 328 62
92 387 10
28 316 61
91 377 -3
64 345 39
61 317 14
26 306 65
69 387 -6
15 378 61
29 369 20
40 342 44
58 353 43
95 315 59
84 323 72
114 339 -8
83 381 37
66 367 37
82 389 70
40 364 39
69 350 30
78 338 22
42 315 -3
111 385 45
51 333 3
100 362 84
77 376 40
106 394 1
67 381 35
42 315 48
55 384 45
80 384 1
37 326 64
28 345 -13
103 373 28
110 354 58
100 299 53
44 330 57
22 315 27
18 324 -11
89 356 -10
68 337 51
66 394 49
101 308 21
42 377 2
50 302 7
69 303 61
25 357 15
49 341 24
23 336 15
44 382 36
92 394 -5
105 361 68
79 310 39
104 387 69
24 352 21
88 366 28
52 380 54
49 353 -15
38 391 2
89 324 67
18 305 11
107 321 78
114 305 -9
69 319 78
32 388 32
96 376 26
45 344 22
70 333 16
47 374 49
85 302 1
54 354 32
96 301 -1
70 363 -8
47 303 58
42 305 46
61 360 3
104 345 35
20 363 66
104 372 54
56 314 39
51 391 -8
48 315 -2
30 334 70
49 305 73
51 360 3
60 364 -12
39 372 5
116 79 -16
89 8 42
122 60 26
103 41 -12
102 8 1
71 72 39
74 44 -3
132 91 57
119 32 56
121 82 -26
121 105 -5
127 70 29
71 79 -14
118 93 50
135 97 -1
155 86 -30
73 55 -5
84 58 -2
101 55 23
83 56 48
129 36 20
141 97 51
80 78 57
82 97 42
163 89 49
69 40 27
122 99 -7
124 102 50
158 99 34
90 35 47
76 97 39
83 79 35
155 105 -28
112 73 43
117 92 59
130 28 59
91 64 17
110 101 32
139 47 48
70 17 35
106 28 56
89 64 1
161 95 18
76 59 -16
80 44 13
130 93 58
68 25 20
121 38 -36
104 45 47
150 38 45
142 96 -25
75 34 50
92 26 2
65 21 22
108 88 -15
108 84 -15
113 56 -37
112 67 8
149 82 10
161 107 -37
92 31 54
106 55 14
82 32 -3
150 68 -19
121 67 59
138 99 11
145 36 -14
143 94 0
127 19 30
109 82 -32
87 81 42
96 30 35
115 45 51
105 77 -8
160 33 48
112 28 51
69 59 -21
117 37 18
119 61 23
133 41 -9
110 66 -7
101 46 -3
142 46 -14
95 103 32
116 90 -20
108 55 -5
107 83 -1
116 27 48
104 91 26
117 38 -37
141 11 21
115 17 26
113 53 25
71 86 31
141 30 -26
88 99 4
159 48 1
139 28 25
130 8 3
126 45 1
103 82 49
70 31 40
98 8 -34
71 61 57
65 77 -14
84 19 -21
109 15 56
80 39 6
103 20 62
66 51 60
88 39 1
65 37 46
159 66 -19
153 8 -5
106 47 -12
88 13 -24
142 17 -16
101 36 39
102 49 12
80 100 -20
117 228 450
117 217 510
184 230 504
154 210 430
144 234 490
150 218 459
190 234 485
173 216 460
168 140 492
166 210 504
116 216 433
155 162 431
143 140 422
150 141 426
206 140 422
156 182 512
204 139 471
120 189 464
130 189 470
205 237 479
150 163 517
202 207 501
192 165 435
140 183 465
199 147 508
134 142 517
194 150 509
126 181 513
207 170 485
125 218 512
178 225 499
187 147 486
128 221 488
146 153 488
181 216 446
149 194 476
179 177 434
181 167 447
194 171 454
181 162 454
178 236 444
194 196 481
177 213 476
198 205 424
120 194 490
175 151 419
129 211 449
169 237 432
165 215 445
196 222 425
137 172 441
118 201 440
189 164 481
138 153 518
144 168 431
162 201 514
149 168 517
155 202 442
175 172 437
165 153 451
200 197 444
146 209 478
211 232 448
193 156 499
132 146 503
168 205 494
184 164 422
180 179 465
180 162 448
178 216 517
152 169 515
140 163 480
155 158 453
160 216 431
209 150 431
133 191 505
180 145 432
111 220 485
167 189 463
192 138 467
208 234 427
119 205 492
133 202 465
124 179 421
176 187 486
154 172 489
148 166 427
150 224 488
177 221 443
164 151 475
194 149 519
209 153 453
161 158 507
134 194 497
178 168 424
161 187 422
139 144 440
159 180 485
114 209 465
160 221 431
211 189 507
138 160 517
153 177 428
179 215 504
196 223 461
182 138 431
122 175 508
113 211 519
151 171 457
190 183 440
181 225 461
200 221 460
208 221 449
137 197 432
119 236 511
124 183 501
194 194 458
135 154 494
169 156 505
151 150 457
339 145 487
309 121 495
301 197 436
319 133 497
384 170 472
311 160 493
356 153 458
344 206 455
365 136 434
316 166 488
309 119 469
293 213 503
347 150 473
379 185 482
372 173 469
353 141 415
330 168 425
383 138 445
360 164 467
319 198 472
311 166 440
367 193 410
324 121 473
301 155 497
313 159 474
310 142 494
339 119 478
392 163 411
391 196 452
374 153 408
351 202 446
384 115 459
312 189 450
381 174 478
308 186 477
321 177 507
358 150 447
389 163 452
298 161 416
349 169 433
293 198 464
355 191 499
380 156 425
382 207 486
388 139 438
307 209 434
386 187 488
375 210 455
366 158 470
341 126 411
354 183 502
328 201 425
325 215 490
306 205 415
328 126 464
322 209 424
335 196 466
387 144 432
353 164 421
375 165 473
339 139 425
324 169 431
340 199 503
358 149 484
359 201 479
350 178 464
388 178 433
385 185 487
346 141 495
297 136 488
359 210 441
355 152 489
305 183 438
298 122 490
320 181 480
393 202 487
376 161 435
333 154 431
332 199 436
370 178 417
296 117 456
347 144 492
379 174 435
365 215 488
352 192 444
389 154 419
375 193 466
296 207 448
349 160 449
340 159 456
296 200 479
390 209 458
301 121 472
342 160 482
321 173 432
311 154 427
296 119 465
350 135 426
388 176 464
368 116 471
358 121 456
338 144 468
353 183 420
385 129 453
294 211 507
311 206 466
315 151 493
309 208 450
303 213 483
341 129 452
341 124 407
312 154 466
304 131 445
360 208 440
371 161 474
362 204 475
321 200 459
315 180 501
322 153 416
305 198 444
459 300 353
505 379 278
520 350 280
522 376 351
466 378 262
464 353 297
464 382 312
495 340 288
475 288 291
514 294 266
469 312 289
530 375 278
479 306 285
528 299 304
439 369 294
479 338 278
472 291 309
512 323 294
477 378 299
506 382 347
470 350 317
450 342 349
481 307 312
448 382 353
431 312 325
490 372 294
437 320 280
527 326 341
516 325 347
437 313 316
461 336 278
506 364 287
477 287 303
445 286 345
488 319 311
432 312 351
465 344 355
496 290 275
456 289 296
489 323 349
478 365 271
462 304 349
475 373 287
491 356 354
502 341 286
464 376 312
510 284 293
517 317 277
449 292 346
477 348 295
475 327 339
526 359 359
443 308 284
528 373 293
436 344 354
482 348 319
524 374 268
440 292 349
488 290 276
463 302 335
444 326 294
490 378 302
490 285 358
496 356 262
455 289 320
496 357 320
448 284 287
464 282 361
446 371 361
490 286 306
470 313 289
492 358 268
435 362 317
459 359 266
509 370 350
499 365 269
491 356 308
524 318 332
529 320 279
453 332 288
479 287 351
521 290 297
526 376 297
525 300 298
439 320 277
491 352 336
524 325 294
447 379 283
502 317 359
463 381 300
486 294 343
437 377 298
512 338 329
465 323 352
529 375 297
456 285 269
466 302 357
445 359 296
504 365 307
519 284 285
453 317 335
512 367 316
515 310 344
496 381 307
523 287 323
431 326 291
442 315 308
520 338 271
507 374 351
467 297 330
489 347 326
528 359 287
484 359 350
458 369 283
494 294 311
528 314 338
460 339 298
528 318 274
489 356 287
460 341 265
44 369 274
18 353 253
5 348 286
-42 375 230
-15 401 228
25 398 242
26 403 244
-5 376 277
0 399 267
52 373 245
-3 345 280
27 358 253
-6 400 241
3 367 277
5 350 227
-8 407 208
-16 378 273
-1 381 278
-13 383 285
23 382 250
53 390 245
-38 438 214
-21 372 207
-9 416 275
13 379 223
49 395 266
43 429 239
8 376 248
-11 359 229
-42 359 263
-15 419 287
41 413 287
-28 434 276
-42 404 225
-4 402 249
24 365 285
-20 435 237
30 392 269
25 443 222
-30 347 274
25 345 264
42 376 274
11 359 248
-19 398 226
46 428 237
2 367 291
49 417 229
2 411 226
49 416 276
-7 413 264
-31 346 237
-42 378 293
-8 391 295
49 438 237
-30 359 276
-41 365 215
30 443 265
-31 383 288
43 414 291
9 349 288
43 394 281
2 385 235
14 354 247
-28 437 303
-18 363 232
14 359 261
-10 406 210
-21 435 249
-4 371 272
34 394 220
15 439 215
12 435 296
-33 392 226
24 426 288
30 415 250
42 408 280
-17 371 298
-20 390 304
-10 372 284
-17 372 208
-5 414 281
-46 391 285
-11 425 220
29 350 245
41 379 283
45 442 218
-31 364 281
27 356 235
-8 413 279
32 425 227
-37 416 211
26 410 297
-44 429 242
32 385 216
-18 374 282
-3 441 257
22 413 228
-46 422 270
37 418 255
28 403 223
20 392 277
-42 366 209
-7 403 237
-6 368 218
52 422 268
-1 369 270
8 419 224
-14 438 207
36 381 242
-41 417 224
33 418 245
30 374 287
14 363 271
-44 394 289
0 386 293
21 385 233
45 355 222
11 359 239
25 362 250
-27 410 247
318 308 251
350 327 214
326 354 181
310 338 264
375 314 224
332 354 262
350 338 220
407 309 193
355 348 224
348 316 243
409 366 204
373 310 213
367 328 243
410 285 235
331 373 192
313 293 272
325 351 261
332 284 275
315 316 229
330 323 233
319 318 193
315 294 260
410 358 259
347 303 211
317 346 223
360 349 249
410 352 190
380 352 232
396 297 187
381 331 251
326 320 247
364 306 257
376 379 244
336 363 232
382 284 246
331 321 249
373 343 220
349 336 243
372 340 221
357 364 216
390 356 247
405 317 232
335 375 184
386 365 228
382 365 270
392 337 207
371 375 212
375 320 215
376 292 237
398 315 268
360 292 273
354 313 249
362 303 210
337 342 281
401 305 235
359 373 197
355 372 201
313 289 234
381 322 201
343 322 205
325 316 206
404 306 280
379 291 211
311 366 197
377 319 196
366 280 222
341 365 182
405 374 217
361 308 245
328 307 266
318 379 205
353 330 238
371 317 218
314 361 248
323 340 218
347 355 187
310 293 190
391 284 206
406 344 182
339 323 259
332 374 184
407 292 243
370 284 274
330 305 252
328 379 272
333 282 236
376 321 275
392 334 267
310 351 238
408 302 228
377 284 201
340 336 196
328 294 228
391 320 260
334 282 234
354 379 210
341 343 232
408 282 269
349 316 200
351 285 184
383 304 263
396 306 227
329 322 235
390 322 276
373 293 259
387 378 232
331 312 278
386 286 227
384 321 276
321 377 262
384 325 212
368 324 193
316 281 276
317 359 211
361 360 201
384 343 247
359 324 206
393 318 250
338 314 242
394 365 205
448 494 331
454 490 393
380 483 322
390 500 353
417 496 389
372 452 320
433 435 396
370 413 325
428 491 377
378 409 414
428 495 331
427 495 340
431 415 358
412 417 348
445 439 335
382 491 334
373 471 335
444 426 327
419 435 389
371 429 320
376 448 373
425 400 320
389 442 335
384 432 403
423 457 337
391 409 367
436 457 377
395 471 392
412 423 355
407 422 414
446 458 397
395 448 337
429 477 416
412 434 404
440 417 406
406 453 401
383 448 351
446 496 417
448 407 322
444 402 347
429 475 373
422 422 352
463 465 392
423 427 395
400 405 415
387 429 360
458 470 328
393 439 355
390 499 368
465 412 419
462 462 419
415 406 397
385 423 359
380 462 372
423 496 394
383 453 402
421 452 325
391 460 346
392 423 390
380 474 374
385 500 370
464 418 337
441 403 407
449 494 376
442 453 346
367 477 344
399 484 418
367 481 321
394 432 321
442 482 400
406 494 404
412 447 410
459 488 394
446 439 408
452 437 339
382 414 390
403 462 319
369 421 400
422 439 343
463 494 325
462 450 350
424 477 341
466 491 349
448 428 411
463 428 403
400 457 412
442 493 393
465 495 327
438 452 348
452 426 387
452 446 393
403 476 405
410 471 414
439 442 374
452 420 326
398 460 370
466 476 334
406 412 404
417 477 348
386 475 339
443 497 351
462 472 412
426 428 364
423 482 371
442 428 395
383 469 355
438 447 352
463 473 360
415 480 348
409 400 326
464 405 408
452 447 362
429 470 329
427 448 356
464 447 399
421 461 341
395 500 366
454 482 323
387 485 370
400 448 418
382 520 196
368 473 262
327 489 235
307 475 261
396 514 199
377 441 294
400 443 270
401 530 275
355 483 214
314 505 243
356 518 216
387 454 219
367 482 288
390 512 268
375 487 248
386 452 258
324 491 248
348 481 263
333 461 226
343 510 223
351 461 271
374 493 255
395 496 264
367 504 222
348 503 215
380 491 236
347 537 265
379 482 255
350 531 275
400 510 277
324 457 275
373 486 252
373 529 249
327 455 249
359 536 200
357 493 252
395 534 268
319 479 262
345 504 201
336 531 268
402 511 224
349 511 237
309 525 227
353 496 273
394 441 262
333 485 197
378 540 295
319 527 244
332 447 281
386 468 199
314 538 258
335 498 249
403 491 249
404 506 217
396 457 198
374 523 248
369 477 249
309 540 237
342 506 248
345 449 197
384 529 207
318 517 294
353 492 238
365 467 269
392 459 281
315 512 248
406 483 280
388 443 262
400 472 271
361 457 284
399 444 197
333 532 233
333 522 284
354 516 292
387 535 209
386 509 279
378 445 239
332 509 243
316 524 292
381 514 257
405 481 267
393 511 247
343 529 271
397 460 263
375 460 269
368 495 208
358 450 281
401 450 253
379 496 202
391 516 250
387 498 264
394 486 277
366 509 265
309 459 289
351 463 283
329 477 230
355 464 252
320 477 224
348 488 235
389 458 250
369 475 272
324 493 223
328 473 231
328 483 234
392 513 233
390 453 211
400 482 292
308 476 217
334 452 244
404 497 220
337 461 241
396 471 262
321 466 251
320 519 255
324 513 199
360 474 204
392 457 283
324 455 251
331 460 283
351 488 279
234 108 58
256 51 57
276 51 78
247 25 79
211 45 107
283 116 41
214 109 35
283 104 122
254 43 39
306 83 44
231 92 28
304 111 114
285 25 97
217 105 121
235 94 61
277 66 39
210 86 57
265 108 55
266 22 70
274 35 122
214 18 32
227 68 40
214 34 48
228 37 61
239 97 78
231 61 61
220 104 40
302 36 75
285 27 107
221 42 116
269 71 29
297 70 77
218 51 40
301 100 37
299 57 113
293 75 72
223 83 32
307 90 76
279 107 26
241 108 113
235 64 26
230 85 91
242 25 90
309 81 82
218 35 84
308 109 99
256 19 65
294 48 85
239 20 126
261 83 115
280 28 31
257 78 45
232 59 118
301 26 78
295 53 107
300 22 106
261 41 87
239 77 58
307 93 106
276 28 100
273 54 110
253 56 123
239 37 58
273 88 57
291 42 39
231 118 31
282 104 64
307 45 87
240 23 85
261 110 37
217 117 116
288 97 108
306 29 35
299 23 49
235 111 108
289 81 69
234 51 29
268 47 46
222 42 78
283 37 86
237 82 105
256 35 41
267 56 30
266 52 63
296 63 29
221 116 74
244 96 110
266 96 28
261 100 78
304 37 84
264 58 27
289 97 52
272 36 29
239 97 113
279 86 107
284 116 79
230 34 55
302 76 79
272 68 75
306 35 77
236 35 64
286 99 95
229 108 41
261 24 31
262 39 115
294 26 103
310 63 79
291 89 68
296 72 107
268 88 77
291 33 96
269 50 28
292 82 36
264 99 46
252 85 108
304 81 89
261 89 54
246 32 109
224 110 78
217 32 98
