104 63 111
105 79 106
73 97 105
81 75 105
75 65 83
69 93 79
72 71 89
84 96 103
87 73 113
85 66 103
92 62 78
77 76 77
109 87 113
79 77 95
84 88 83
99 60 101
99 87 107
98 65 103
69 61 94
71 80 104
87 68 98
95 61 100
93 79 112
91 92 79
104 72 115
109 65 102
82 80 91
89 76 105
70 66 101
80 71 90
89 91 104
79 91 112
74 91 82
70 69 79
101 81 114
106 69 114
98 76 113
88 86 101
101 97 100
73 85 113
76 75 98
85 60 99
108 67 87
93 68 86
89 79 83
83 62 104
100 84 82
105 61 83
109 65 85
76 81 105
98 82 102
93 99 89
77 96 91
88 93 78
73 69 101
103 87 116
104 64 87
108 63 116
89 93 100
101 77 81
104 85 80
103 94 106
90 81 99
71 83 101
76 94 79
84 82 98
101 94 112
106 65 87
95 77 98
94 98 114
97 89 111
81 70 100
86 81 89
81 90 95
79 70 77
98 86 108
90 85 102
90 62 79
82 93 111
77 60 80
109 95 96
90 88 97
87 63 97
106 84 105
98 81 108
71 61 85
109 76 116
105 98 88
97 71 78
72 78 94
95 65 84
70 75 88
91 96 86
74 59 102
85 75 103
89 97 94
77 90 91
99 91 81
95 99 76
105 85 97
104 81 76
92 70 100
79 76 99
100 83 101
94 63 83
107 83 84
84 59 95
108 85 106
79 61 91
92 79 96
109 61 95
101 96 92
103 72 103
99 86 93
81 93 103
72 68 87
72 97 97
81 66 103
105 80 115
80 92 89
97 88 115
81 91 104
90 90 78
75 59 109
73 61 86
92 71 82
109 84 115
91 86 86
100 90 93
101 87 110
78 76 110
105 87 84
87 76 99
101 70 116
77 67 114
69 67 112
84 79 78
93 71 76
97 72 114
99 83 85
-2 22 66
-4 59 44
-15 34 58
16 27 55
-13 25 46
22 22 58
12 46 50
8 42 54
5 29 63
17 49 43
-10 48 58
-8 53 41
-6 52 50
1 19 47
21 55 59
9 53 42
-3 31 64
18 57 58
-7 19 53
-17 57 74
-17 55 50
11 47 72
-5 26 45
-10 48 42
-6 58 39
-1 19 55
-14 42 46
-15 52 37
17 35 50
11 29 52
-13 31 68
5 54 76
6 58 49
14 50 77
-7 23 48
4 37 43
11 47 49
3 31 46
-10 34 50
7 29 76
12 45 71
-11 52 63
-17 57 73
11 37 59
14 37 41
-17 56 44
16 32 75
3 42 64
7 39 77
6 48 76
-9 40 45
0 40 51
3 46 57
19 28 70
-17 22 53
-5 39 37
8 48 46
12 37 64
-7 28 44
15 36 62
7 19 50
-13 20 71
-18 47 68
-9 31 51
-8 26 38
9 29 63
-18 31 50
-18 50 67
-2 59 65
2 19 51
8 55 65
3 35 54
-5 50 52
8 39 38
14 30 75
1 57 70
16 25 49
9 29 48
-7 41 71
-18 47 41
1 37 50
-6 34 49
-18 25 50
19 54 65
-14 19 69
-13 55 43
-14 45 74
0 42 60
5 32 37
-18 30 66
5 46 77
-9 28 68
-8 43 68
-11 24 64
6 56 75
18 54 60
9 24 51
20 46 64
15 46 67
1 45 46
19 21 58
-13 57 48
7 39 69
-9 21 57
3 34 59
8 43 38
10 55 70
-8 55 43
18 20 50
-2 37 55
21 53 54
1 46 39
1 48 41
-13 21 40
2 22 54
17 57 67
-11 43 37
15 39 49
4 57 76
-12 47 72
-15 36 62
-16 26 55
13 43 62
-18 29 62
-8 23 58
13 34 46
-8 58 58
21 42 67
-17 19 54
-6 24 45
14 25 65
-15 55 73
-10 39 56
7 46 62
17 52 71
21 36 50
11 51 59
-1 28 54
4 25 57
14 58 46
74 57 78
74 66 47
106 71 81
78 63 57
87 50 64
80 62 47
111 55 59
90 58 53
90 45 55
95 52 43
89 57 59
109 46 43
81 63 70
90 67 76
107 53 64
73 55 66
75 50 49
106 64 55
79 55 41
106 62 51
90 56 48
74 70 46
101 48 53
75 69 45
95 36 42
92 47 78
71 42 73
109 59 70
86 53 68
99 42 69
91 68 55
85 38 46
82 43 46
96 65 51
106 52 45
94 43 54
76 67 66
71 59 47
83 50 56
92 53 72
105 70 62
90 64 73
110 66 56
94 55 69
88 48 78
82 66 64
105 46 51
94 71 44
80 64 47
96 69 70
88 52 57
73 68 51
107 43 71
104 72 51
75 73 79
95 37 48
103 53 45
80 35 47
97 44 54
95 67 58
82 63 77
110 39 58
99 41 60
86 51 56
71 74 45
86 44 49
101 54 62
73 39 64
111 48 72
86 66 77
73 35 69
105 62 44
90 69 72
87 44 79
80 72 59
96 60 76
91 67 78
78 64 46
95 55 68
110 58 55
86 42 72
91 57 60
109 69 63
96 45 74
94 63 75
101 36 63
110 66 75
106 35 77
99 66 69
80 48 67
100 42 44
81 48 51
90 34 54
108 67 50
75 55 60
75 34 66
84 66 58
107 67 58
98 58 72
80 56 81
83 35 57
87 74 65
85 57 49
81 35 58
98 44 49
98 71 62
84 45 50
103 72 81
73 69 65
75 38 47
100 39 60
76 47 77
107 46 79
87 59 74
107 71 46
74 64 44
86 57 62
72 51 70
105 46 67
103 68 76
91 65 46
110 66 68
102 49 74
82 46 74
71 45 63
95 46 62
100 57 62
79 35 78
95 74 58
111 73 65
79 50 41
72 43 62
74 71 57
85 66 60
106 74 68
72 46 78
87 55 51
105 73 75
93 70 72
85 49 74
94 55 39
94 43 37
94 30 58
99 46 38
98 38 30
80 38 64
100 42 59
104 51 48
104 53 65
97 60 45
83 34 61
98 49 42
90 39 38
91 41 33
101 66 47
101 41 35
76 63 46
87 48 60
92 33 28
107 45 55
86 64 39
95 38 63
85 53 47
100 55 50
110 56 61
96 46 34
86 46 42
106 50 58
80 43 41
95 65 40
103 47 59
75 49 33
93 29 26
109 47 65
76 57 44
78 53 65
86 46 58
112 34 26
84 28 50
76 49 33
76 49 65
105 62 49
95 38 33
102 55 44
107 60 38
80 44 55
111 48 62
74 39 56
88 54 48
79 42 53
111 65 54
80 31 50
86 48 46
75 56 66
106 46 63
93 51 60
75 36 37
89 47 33
105 58 38
93 61 26
106 61 49
86 33 37
98 37 46
76 59 44
94 32 59
77 54 65
91 50 57
107 45 43
97 38 61
90 28 63
107 53 58
88 58 42
92 33 38
79 41 59
110 59 60
77 40 43
88 39 56
108 64 29
98 63 52
106 47 26
93 56 43
82 64 66
99 52 50
84 32 57
101 51 48
98 27 43
82 47 37
78 64 50
108 29 60
77 42 63
97 33 50
75 66 43
78 63 54
110 35 42
79 59 63
85 40 60
103 64 51
95 58 41
96 43 57
75 59 41
99 66 33
96 36 36
88 32 43
101 32 56
87 37 49
86 54 52
77 57 50
93 56 34
97 28 52
110 54 46
79 58 26
98 47 62
95 50 49
86 35 58
107 54 59
105 48 55
79 28 44
107 49 39
101 32 52
105 58 65
86 40 38
80 57 64
79 30 60
80 41 32
81 39 41
81 52 27
113 36 48
74 37 43
87 66 45
95 67 30
103 41 35
77 58 59
100 35 48
95 42 63
76 63 58
110 48 33
98 44 29
102 27 42
109 64 57
90 48 49
28 76 43
40 95 42
46 71 43
26 61 58
50 66 42
41 74 37
18 59 70
18 60 41
33 61 68
57 61 44
27 76 65
40 78 53
24 71 34
49 84 68
26 85 43
39 73 54
20 71 42
46 95 59
43 89 43
49 91 47
35 80 54
38 85 34
57 78 32
53 57 68
33 62 57
54 89 57
26 56 68
22 60 31
45 69 32
25 68 64
43 79 63
18 90 41
37 83 46
34 69 37
42 82 56
33 68 35
48 60 58
45 90 65
58 92 31
44 62 33
33 64 66
57 83 48
45 77 53
36 93 47
53 84 40
22 81 55
37 83 31
23 85 56
30 77 57
57 85 46
57 86 58
47 66 31
32 70 40
39 91 31
28 60 41
42 66 59
25 64 43
51 62 46
30 58 65
29 78 49
37 81 67
31 91 42
51 69 58
18 94 42
30 62 48
54 56 44
43 86 53
19 58 43
26 77 49
26 95 53
58 75 35
21 89 58
41 77 39
39 91 37
49 80 69
43 58 56
53 70 42
32 90 65
32 74 44
25 74 42
45 68 38
52 82 30
29 58 45
41 64 47
43 80 37
49 77 30
45 79 58
25 64 65
33 69 37
42 74 36
42 91 42
31 68 61
54 61 46
27 92 48
42 76 53
25 62 30
42 74 30
31 91 34
26 61 57
18 68 40
38 82 39
44 88 31
18 67 59
43 79 70
37 68 70
25 70 38
39 74 36
44 89 61
57 66 38
35 89 42
44 86 70
21 81 59
35 88 54
30 89 66
28 66 45
24 91 51
44 87 57
37 79 62
30 84 30
38 87 50
43 58 50
24 64 43
57 96 68
53 66 49
34 64 62
19 92 62
38 64 43
45 85 48
21 81 56
46 79 48
23 63 45
53 84 35
47 88 68
49 80 31
57 71 36
34 63 67
47 66 69
51 72 34
53 64 62
30 78 44
45 93 26
58 100 -9
42 78 -10
43 109 -4
30 105 21
55 109 -1
66 113 7
29 110 17
60 106 10
37 107 10
47 101 -7
31 89 11
44 83 12
30 91 21
45 106 25
65 108 9
30 81 9
53 83 1
46 84 9
31 99 8
47 112 26
56 109 8
60 84 -5
45 92 -6
42 90 -6
59 77 26
34 101 -13
54 101 23
41 90 0
48 84 13
41 100 -5
69 101 26
36 100 -9
35 78 9
49 90 -12
39 100 25
62 114 6
45 98 7
68 111 16
65 84 10
66 103 -9
47 109 20
38 94 -4
39 75 10
42 80 -11
53 105 -9
51 80 15
32 92 14
59 97 3
49 79 6
69 102 23
54 83 -9
68 112 16
55 93 -5
29 83 21
52 108 22
32 85 -1
66 88 3
43 99 16
63 75 14
61 78 -1
56 81 -5
67 105 18
45 80 -2
67 78 -14
56 107 8
66 103 19
62 110 -12
55 88 25
68 106 -9
34 94 11
51 106 22
30 92 -4
51 82 -3
55 104 22
49 75 17
38 106 20
36 98 0
45 113 25
45 81 -7
32 107 1
33 79 -1
43 107 -12
67 106 24
49 103 26
41 83 -10
57 105 8
38 76 -7
63 75 20
29 115 19
45 91 25
58 110 -10
65 104 26
45 83 -9
30 105 26
31 102 -7
41 86 1
30 98 8
32 111 -8
44 110 7
59 94 9
69 100 25
38 104 -7
51 86 -8
39 105 -4
29 80 2
68 91 1
47 109 10
52 100 -12
60 80 19
36 81 9
34 83 17
47 101 -10
67 92 -7
64 87 -5
30 76 -13
65 98 -13
29 82 -1
48 97 26
48 115 15
63 92 -5
60 78 -5
38 109 -11
32 77 3
39 76 -4
60 91 22
39 103 21
48 109 18
69 82 -2
50 91 20
41 107 24
47 101 2
52 95 7
34 97 -2
59 102 7
52 113 9
68 84 10
60 90 26
42 84 4
64 108 -10
21 -11 47
14 -4 63
26 23 43
15 7 57
18 17 70
48 -7 59
47 25 63
41 -10 51
29 1 66
21 5 35
29 4 65
16 17 66
34 7 55
41 -3 48
18 -10 51
14 12 51
51 15 50
53 20 43
26 6 34
18 5 71
25 -8 53
16 26 73
32 1 68
31 19 55
21 15 41
39 -8 41
23 23 60
18 -4 33
25 25 36
24 24 67
42 15 73
24 -3 40
48 3 60
14 -4 45
48 1 46
15 11 36
31 3 68
35 23 52
35 -3 55
41 15 54
23 21 52
44 2 53
44 -10 65
33 25 57
28 -13 47
26 12 63
30 0 73
23 27 42
31 -7 36
18 19 72
51 24 70
21 27 60
14 -5 38
50 -3 41
18 -13 69
39 -5 33
16 3 54
53 -6 43
40 22 49
25 -6 42
37 7 71
52 11 40
32 -1 48
48 8 36
18 5 59
21 8 73
37 21 57
54 -13 62
44 5 34
32 21 37
49 13 70
21 11 45
20 -11 68
16 4 62
25 0 66
30 -9 43
50 -13 50
43 19 38
41 6 71
53 -1 46
28 18 41
33 4 38
29 -7 35
31 -10 73
36 11 62
39 -13 50
14 -10 42
52 15 69
29 24 57
20 -7 56
51 -13 45
35 10 72
28 -4 45
48 20 37
52 22 42
38 8 44
14 14 53
34 2 48
21 24 65
38 22 47
41 -4 56
21 2 44
52 -8 47
38 -3 72
19 -10 40
52 25 49
52 -9 45
50 -10 47
32 19 55
18 -8 49
52 17 56
42 -4 61
24 -4 44
37 14 66
27 1 53
39 20 40
31 25 33
41 -5 57
20 2 56
32 -2 69
31 26 46
38 25 56
33 20 42
43 -10 61
38 -13 36
29 26 44
36 -2 61
29 -8 62
34 24 67
32 17 51
28 16 56
39 4 40
36 -1 45
44 -3 38
15 12 71
21 9 64
17 -3 67
18 17 65
17 20 73
35 -3 62
65 -7 97
83 -7 91
63 0 102
92 -6 83
101 15 85
67 -4 82
74 4 94
89 3 102
67 -3 80
64 -19 81
63 -13 92
100 0 81
70 20 95
102 5 89
82 -6 73
98 -5 96
94 13 78
66 -5 78
94 7 81
86 10 76
102 -4 76
81 16 92
102 20 85
100 11 75
64 -2 76
102 15 75
93 19 90
69 -13 111
77 -6 102
92 19 82
82 4 96
90 14 98
94 -13 78
98 -17 103
65 16 102
76 5 75
71 -14 93
73 -10 77
91 16 104
67 0 92
80 -6 79
68 -18 89
98 13 80
83 20 98
90 -5 103
79 20 84
80 -3 91
90 -5 81
75 -13 109
82 -17 89
81 18 91
98 -14 76
85 19 77
88 1 85
83 20 99
79 -11 95
100 -11 95
76 1 97
62 17 105
74 13 81
81 10 97
99 -3 110
99 8 110
96 -10 94
93 18 75
75 -4 93
77 14 103
64 1 98
79 4 100
87 11 75
62 -11 94
71 17 104
75 8 113
93 10 102
95 9 98
93 -13 78
82 -7 91
84 5 110
94 -16 100
77 -8 82
67 18 73
78 -17 104
70 3 101
86 10 101
85 -13 111
94 -15 108
99 15 94
85 16 84
65 1 80
82 9 98
82 15 110
96 -10 93
85 16 82
85 16 94
76 4 77
72 -13 88
84 -1 74
70 -11 104
92 12 89
92 -13 105
64 -18 91
92 -7 112
71 7 100
79 -5 110
92 -15 75
83 21 105
98 -17 86
69 -13 89
85 11 88
98 3 104
77 -5 108
90 21 79
72 16 74
91 21 87
98 -8 95
68 4 108
81 -12 99
85 12 97
102 8 107
92 13 101
73 20 81
77 13 105
78 -18 107
97 5 110
100 10 94
82 18 96
75 21 89
70 -5 96
85 -7 90
90 5 104
94 -9 104
71 17 100
99 -6 85
82 2 80
91 18 99
80 -13 99
101 -13 100
85 18 87
68 -13 92
71 -18 86
32 27 14
24 34 42
50 37 33
37 44 32
34 51 27
39 32 51
46 35 40
54 32 27
50 46 44
24 37 35
26 44 16
42 57 35
46 58 44
57 34 40
41 33 39
38 34 27
52 31 21
44 48 50
50 56 30
28 65 46
27 42 29
24 26 49
60 55 26
47 38 15
32 26 36
26 57 19
56 33 13
32 47 48
31 49 11
30 61 17
44 48 39
52 30 41
51 33 31
55 47 49
49 63 46
27 34 21
37 60 11
31 36 27
38 39 48
48 43 46
49 35 11
29 51 37
43 39 23
55 34 12
23 31 25
34 46 21
29 47 39
61 48 44
21 41 45
42 35 18
38 65 33
45 30 18
60 66 29
38 43 46
26 59 40
42 62 12
51 32 32
27 57 37
21 39 12
57 26 33
31 47 21
35 30 16
50 46 43
27 41 23
61 45 13
40 39 33
32 28 32
26 32 19
59 53 30
27 47 13
38 38 20
42 53 42
33 59 11
54 58 43
48 45 17
40 42 31
33 26 28
46 58 14
39 31 12
55 39 40
46 53 40
26 62 22
40 40 43
37 30 28
23 26 38
44 56 30
35 46 46
49 33 21
21 62 24
32 32 16
34 43 17
21 35 31
26 31 37
47 28 28
45 37 34
44 43 51
48 31 26
40 26 31
31 66 23
48 61 25
57 56 40
41 63 34
50 48 18
21 26 28
29 55 25
34 50 27
26 28 11
44 64 43
46 35 46
41 48 39
33 34 26
52 50 23
51 42 50
60 45 16
36 28 18
45 55 48
39 31 26
55 45 32
58 62 46
54 45 19
38 39 47
35 45 33
53 45 48
50 33 28
49 61 30
25 26 23
54 63 30
45 44 46
54 46 44
40 47 12
28 41 36
54 46 42
57 32 34
49 46 38
37 65 16
41 41 21
56 28 34
36 55 31
60 61 28
46 66 12
30 85 23
27 107 2
9 79 24
-6 114 14
24 99 6
18 108 -1
12 83 16
12 118 8
1 90 14
-7 110 5
9 91 10
-8 95 3
22 84 9
24 98 37
-2 90 21
2 116 -3
-8 83 35
-7 99 -2
-6 87 2
-5 112 34
8 94 34
1 90 26
2 102 2
24 79 27
19 116 21
1 82 0
5 118 29
11 115 16
0 80 20
8 98 -3
-9 109 7
22 79 -3
13 82 19
18 99 12
10 79 16
-5 104 11
22 113 22
2 93 4
-8 110 8
-8 110 28
12 84 33
-8 83 6
8 89 0
6 94 23
0 119 6
28 116 23
19 99 1
-9 89 1
-7 117 6
19 105 0
-3 106 -1
-9 90 10
27 97 1
25 89 33
-5 81 35
25 115 22
15 88 24
3 83 17
11 83 27
15 103 15
4 80 34
22 91 -2
11 108 14
17 85 6
19 105 31
-1 93 28
13 110 2
22 89 3
18 80 21
-6 105 37
-9 110 5
29 106 8
17 104 13
22 84 22
7 109 2
10 93 5
29 91 14
25 93 35
25 104 18
8 112 29
15 115 4
-5 83 26
26 95 17
6 102 23
31 84 25
30 81 0
-5 99 6
-6 86 8
-6 101 6
-9 79 -2
20 93 21
30 99 22
3 104 15
30 111 1
26 79 5
10 104 -2
25 84 30
5 101 24
29 103 29
-7 98 18
18 92 -2
17 89 6
28 82 8
10 113 32
22 108 28
17 111 30
5 109 1
-2 119 25
20 107 13
31 112 11
9 118 5
6 83 24
7 100 34
28 104 23
14 98 26
30 98 -1
-6 118 35
-4 85 6
10 117 19
14 111 11
2 85 1
5 95 9
23 112 3
23 99 14
28 115 14
-1 107 -2
10 103 18
9 83 36
-4 82 25
-9 80 32
16 88 26
-1 113 18
-6 113 25
3 89 37
7 115 19
-2 89 11
9 99 13
11 101 32
31 93 -2
27 99 8
69 101 25
58 74 49
80 92 38
57 96 50
48 88 36
77 91 50
72 70 26
62 79 60
60 92 57
83 71 25
70 95 59
86 98 51
47 85 61
63 79 47
75 71 42
59 76 40
76 97 60
70 83 55
74 81 36
74 88 35
76 74 60
59 103 60
76 70 34
82 99 56
62 100 59
55 104 27
65 75 39
50 85 54
71 99 24
55 87 40
86 101 27
76 96 37
59 91 36
51 102 41
56 83 46
57 92 58
64 73 51
86 69 62
70 106 36
70 91 30
81 85 37
62 72 59
49 100 32
67 69 35
77 88 47
62 85 42
78 88 40
68 94 50
59 92 53
49 97 34
58 73 27
80 95 27
78 71 27
59 96 47
71 101 55
64 90 37
86 98 38
50 72 30
80 75 29
76 88 52
52 80 39
73 79 44
76 83 26
61 67 53
68 87 24
68 92 60
49 98 55
55 92 47
74 69 37
71 94 51
61 83 43
69 74 33
68 68 23
67 84 60
65 83 45
71 69 53
60 81 31
78 96 37
61 81 59
48 107 41
50 99 23
57 93 43
72 74 32
68 92 32
75 93 31
60 103 50
87 103 62
82 75 56
72 95 63
55 67 31
86 104 62
82 86 61
66 105 38
85 103 28
56 104 27
53 104 46
72 101 25
60 82 63
58 106 31
87 95 38
87 92 28
79 101 36
86 101 31
66 101 37
50 96 29
79 101 40
70 69 42
70 98 53
59 67 32
48 101 23
56 94 24
70 93 58
78 67 60
53 107 55
59 68 28
83 96 55
55 69 28
49 96 46
79 91 48
85 90 49
78 93 51
72 79 50
47 88 43
49 98 23
67 98 34
72 80 32
77 102 60
82 106 62
85 88 33
47 102 27
72 104 52
61 81 47
59 76 33
61 86 60
52 67 24
76 70 26
53 71 26
62 97 41
84 101 27
87 102 60
89 34 50
94 49 80
85 12 45
81 43 51
89 41 71
114 49 75
103 31 78
100 12 74
103 18 58
92 29 50
89 30 73
95 48 76
79 37 71
108 46 66
96 47 59
100 27 77
109 17 78
78 13 51
100 17 56
112 13 45
108 27 80
88 44 62
98 25 48
107 41 53
85 29 62
110 21 63
110 33 69
85 33 85
104 47 52
106 42 50
79 36 65
109 37 68
88 50 65
82 11 61
118 39 45
96 17 45
110 32 53
93 16 73
90 43 78
100 47 65
103 39 53
86 23 70
83 20 60
78 36 59
79 20 71
83 44 50
80 38 71
87 44 60
109 19 65
78 43 75
107 29 62
112 41 55
84 12 70
88 23 68
80 23 65
96 26 59
100 35 84
78 33 69
87 19 50
84 38 60
104 51 71
88 16 46
114 21 57
78 32 59
112 38 67
94 49 71
115 21 50
115 23 76
98 14 56
99 28 54
114 39 64
85 30 82
104 47 79
109 14 58
108 30 52
106 12 63
113 11 67
85 17 78
78 24 71
99 28 45
100 11 70
106 27 57
117 20 85
118 11 51
95 25 76
89 43 59
89 18 48
118 20 51
114 31 49
117 44 56
80 42 58
85 16 85
83 14 85
97 50 62
101 39 65
78 13 77
103 40 58
87 49 48
98 51 51
94 34 77
105 37 67
104 27 71
112 16 82
99 43 69
110 31 55
102 12 82
104 48 63
89 20 74
104 39 74
107 34 74
100 27 50
114 30 51
103 28 62
84 18 85
115 44 66
86 31 63
108 49 50
80 39 84
112 35 63
91 50 58
95 48 69
101 19 73
82 28 53
88 28 76
105 26 56
103 41 85
98 32 53
86 25 46
109 47 52
114 39 79
88 41 58
117 51 58
86 47 70
113 47 77
112 50 70
101 23 80
110 26 53
95 27 63
116 11 72
108 28 81
76 -12 9
76 7 -6
76 7 -6
75 -12 24
56 6 28
60 -9 16
60 -9 6
87 -10 15
80 21 23
49 13 10
78 14 13
84 -1 3
53 -3 22
72 22 4
52 7 1
73 7 3
86 -3 8
51 17 10
79 20 27
84 8 27
50 17 -2
59 -3 16
73 -6 17
59 15 27
79 27 5
65 23 13
82 10 21
85 9 30
77 -5 0
70 0 6
70 28 4
49 19 17
84 24 15
76 3 29
60 -2 0
65 17 -2
69 12 -6
80 25 1
78 -3 13
69 16 16
60 16 8
88 2 -1
64 26 -4
56 2 32
80 -4 -5
74 2 -7
70 2 6
59 -5 15
54 0 7
54 21 26
56 -8 32
54 23 22
55 23 6
76 -10 31
56 2 30
63 -4 21
68 24 20
61 -5 29
85 13 19
51 8 22
51 8 32
69 12 31
54 -6 18
57 -1 4
61 22 33
72 27 11
48 6 -2
85 -12 27
65 -12 -7
76 18 33
60 4 25
52 1 0
52 5 18
51 -2 33
62 19 21
65 9 2
75 5 15
55 9 12
69 0 25
53 19 0
76 2 20
64 -9 3
69 -4 1
79 -6 31
60 20 6
82 11 33
61 20 -7
77 17 24
55 27 16
67 1 29
65 0 26
48 0 23
49 12 8
60 26 16
69 -6 -2
69 15 18
59 11 7
51 -1 27
63 -6 -6
52 13 29
65 0 4
77 10 13
65 22 15
85 22 9
69 11 9
69 18 25
59 -9 10
78 -12 33
59 16 2
71 22 -4
86 14 5
78 19 -6
67 15 19
63 3 30
60 25 11
55 25 24
73 20 14
56 -2 25
49 -12 23
48 20 21
74 19 16
55 0 30
72 3 23
88 -10 30
65 0 -1
85 28 2
86 11 17
78 1 4
57 -9 9
81 -8 23
54 -3 -4
62 17 9
71 10 1
86 23 -3
88 15 -2
76 3 10
64 19 -5
51 -3 33
67 23 33
54 1 29
106 13 43
113 13 25
114 13 42
86 11 46
108 -6 30
78 4 42
84 -6 50
83 3 37
113 4 24
100 31 16
110 22 22
104 -5 33
80 -4 49
97 22 33
89 29 28
99 -2 35
110 23 33
88 17 47
116 29 47
100 25 12
81 8 45
111 -4 16
103 25 28
106 34 35
93 5 23
117 7 24
112 21 45
78 -5 45
111 31 50
84 18 16
94 -3 38
106 29 49
78 10 48
109 4 33
106 6 15
85 14 40
97 6 49
105 5 19
90 22 17
109 18 49
93 23 33
99 17 48
87 29 17
95 33 31
99 6 28
87 22 41
90 -5 49
112 34 14
96 24 52
98 12 29
100 1 29
112 -1 47
89 23 27
112 3 40
104 12 48
82 9 35
82 -2 19
102 28 23
100 -5 30
93 24 28
96 31 41
97 32 47
81 29 35
102 8 38
80 31 46
116 19 23
110 21 30
77 19 12
96 -3 19
78 2 35
112 2 39
106 21 14
114 6 26
115 26 19
106 28 48
105 20 39
87 28 20
98 25 37
81 5 12
107 2 25
110 19 29
93 23 43
115 4 12
95 -6 51
116 14 51
91 -3 15
100 11 23
92 26 43
108 -1 16
83 27 50
78 -4 44
99 6 43
112 9 22
102 -1 26
116 7 49
86 27 33
77 27 27
80 26 51
107 6 17
88 -2 25
97 32 39
116 11 52
90 4 20
117 7 20
115 25 30
98 9 23
93 19 13
99 6 48
82 24 38
84 29 33
87 -2 28
100 24 17
91 1 51
114 6 39
105 13 39
109 7 48
85 29 40
95 -1 29
105 -1 48
81 -3 35
111 20 19
88 16 19
108 7 45
89 14 33
114 13 38
84 23 12
117 0 46
102 5 17
87 4 25
96 3 26
102 25 34
112 11 49
94 0 23
79 28 24
79 -4 37
110 -4 37
116 34 33
104 19 21
106 -3 12
106 20 12
66 89 22
42 54 15
47 73 32
50 90 0
68 69 0
59 60 25
66 76 30
65 54 5
32 70 -4
68 77 24
44 83 18
57 56 21
38 73 5
44 85 4
53 86 20
56 68 16
59 84 32
63 84 26
49 53 33
65 56 0
40 79 21
57 80 20
67 80 27
52 58 14
32 93 25
42 92 27
65 60 9
66 59 11
31 60 5
41 74 21
54 71 5
63 60 5
52 63 32
58 76 -2
31 66 32
43 80 35
36 79 16
53 87 26
65 69 32
67 70 34
50 73 12
60 77 31
57 75 23
35 78 29
36 61 8
42 76 26
65 53 0
63 84 4
40 77 20
52 74 19
52 65 9
49 75 7
31 75 18
47 91 30
60 93 32
35 82 16
50 79 32
35 62 24
57 57 -2
48 62 -2
33 53 23
52 92 29
30 78 -1
50 56 11
40 73 11
32 63 28
67 67 10
35 68 33
41 53 -1
41 76 35
54 82 -2
32 91 23
32 71 30
56 73 1
62 77 11
45 76 14
45 74 8
31 71 11
69 69 30
32 93 8
41 72 32
67 54 4
55 85 1
46 63 29
60 70 35
50 82 -3
61 70 27
31 89 20
41 81 25
30 77 32
50 62 19
62 85 -2
37 68 17
68 72 7
62 88 33
39 56 -3
43 91 31
63 68 1
43 66 22
52 66 29
58 81 15
37 89 34
58 76 9
56 69 25
42 59 2
61 75 10
53 61 17
32 56 26
30 93 29
32 75 16
42 61 -2
53 69 35
51 71 11
34 57 11
64 79 15
39 92 0
66 84 13
53 66 12
52 66 18
70 74 31
64 78 10
32 69 15
54 83 18
48 65 20
59 86 24
31 66 12
31 75 21
50 92 5
39 92 31
32 66 16
60 66 0
52 63 28
47 89 33
45 63 26
69 77 13
34 86 11
69 53 24
54 56 30
49 93 15
64 74 32
72 76 26
72 59 51
64 78 49
63 75 30
60 40 26
92 55 46
72 51 26
99 42 42
80 64 28
71 61 46
74 77 49
61 65 40
97 74 37
85 63 41
64 57 32
81 59 52
59 61 28
69 46 36
73 72 21
82 78 23
65 71 50
63 40 17
64 55 26
65 51 34
80 44 31
96 78 23
87 47 49
96 53 19
72 63 49
88 39 42
60 56 21
99 70 54
98 55 51
59 45 21
94 53 19
90 71 16
84 72 50
68 66 47
73 63 26
69 76 50
67 39 33
90 66 23
88 45 42
92 71 54
86 45 53
89 71 43
60 55 37
99 55 51
69 79 45
59 75 24
72 61 46
88 75 24
67 43 47
63 42 42
73 70 53
89 64 33
91 52 54
76 41 42
96 55 27
71 55 33
88 65 35
65 63 56
90 72 44
96 51 32
68 62 29
73 73 31
80 53 30
82 51 49
64 70 40
77 48 33
93 67 19
70 47 21
93 59 52
80 45 46
70 71 52
67 70 43
73 74 49
60 71 50
64 48 23
74 51 22
82 47 47
66 65 19
85 43 46
89 79 49
95 39 40
90 47 38
61 52 47
98 69 24
89 72 28
77 45 21
96 55 16
94 51 28
71 42 45
98 64 49
67 60 23
78 79 44
89 69 27
76 40 55
75 59 18
84 52 45
78 46 32
89 62 36
89 78 37
65 39 45
71 78 34
60 62 52
77 46 34
99 79 30
93 52 54
68 74 19
62 61 49
76 64 17
97 51 21
71 42 28
69 49 27
80 50 55
78 76 19
99 50 56
62 42 34
81 59 43
63 53 27
72 47 19
73 64 26
94 73 45
85 76 45
86 70 30
84 64 44
64 55 42
95 57 55
85 45 53
72 53 48
93 48 52
97 50 43
86 44 30
99 39 37
62 67 37
63 78 27
66 71 22
80 49 53
77 51 26
51 89 45
65 93 36
70 86 13
49 94 40
46 67 20
66 96 10
59 82 34
82 92 12
46 57 7
59 67 7
64 75 42
80 74 25
83 95 33
77 84 20
83 71 15
82 60 8
81 68 40
49 68 26
49 90 33
52 93 33
80 57 29
66 71 31
46 91 26
84 71 25
52 68 17
76 83 26
79 76 34
81 66 29
57 56 34
46 84 26
86 90 30
75 71 12
57 78 35
80 85 31
65 76 43
69 90 23
56 85 33
81 93 30
62 96 24
65 76 36
57 92 33
79 56 26
79 93 43
58 96 41
61 71 16
81 85 12
78 66 26
69 83 38
58 89 37
82 73 28
53 70 30
60 67 30
74 63 21
50 56 44
86 71 23
53 83 7
57 90 36
57 65 42
72 83 44
54 90 25
66 89 38
63 63 36
54 94 15
61 59 19
48 84 32
82 73 23
67 60 19
86 85 19
68 91 5
57 85 42
76 80 34
47 88 38
59 77 10
83 77 18
73 63 32
67 83 41
74 88 28
62 86 44
48 56 41
83 80 33
64 63 37
74 85 26
61 88 7
82 94 13
76 83 5
54 67 20
62 88 18
59 65 30
70 83 44
64 80 11
81 75 16
79 92 23
56 75 22
64 60 13
65 83 15
47 58 36
55 79 13
60 61 26
62 59 27
55 64 35
69 75 29
73 78 15
47 72 19
67 80 14
60 76 40
61 56 41
85 95 28
64 73 28
68 71 45
57 80 26
66 72 18
69 84 20
60 86 35
72 75 10
77 58 45
70 85 34
50 68 30
54 91 33
66 93 38
50 82 15
85 78 21
86 84 12
54 64 20
80 94 38
60 58 38
70 70 25
78 58 24
65 65 16
62 76 17
86 59 9
46 71 43
68 76 26
46 56 7
76 62 40
61 95 44
81 87 20
59 91 25
66 88 5
66 75 13
72 61 14
68 69 18
68 90 48
59 94 19
64 77 25
43 62 31
48 58 33
48 70 42
78 97 15
41 79 14
46 89 23
44 61 40
47 76 22
61 80 40
44 76 53
51 96 41
62 80 30
44 71 52
64 61 37
66 58 32
42 83 41
77 79 43
75 89 40
77 89 42
49 91 26
42 75 48
48 76 18
42 92 37
73 78 49
52 57 14
43 84 15
59 93 28
67 74 47
66 80 48
51 97 18
71 95 29
45 75 44
48 93 40
49 93 25
61 97 34
64 81 31
40 85 14
74 59 34
42 70 22
39 87 30
47 82 43
42 76 50
60 62 44
57 95 26
44 90 40
53 82 53
61 61 23
41 71 25
57 59 13
41 73 40
51 85 28
44 66 13
58 93 33
42 80 29
39 87 51
40 84 25
77 71 51
71 94 23
60 67 36
57 87 32
75 95 18
79 72 36
64 65 37
72 71 19
39 97 30
43 95 47
70 86 43
76 75 39
73 81 53
69 80 45
74 92 44
50 72 50
66 91 38
46 61 52
75 77 44
66 63 50
55 81 47
78 90 19
72 83 16
78 62 14
72 83 23
39 81 29
74 59 45
77 82 52
43 66 46
54 67 47
54 94 24
57 87 29
75 59 40
65 95 19
60 81 46
66 80 33
58 73 16
53 89 53
57 86 27
62 68 30
65 96 16
74 79 23
54 74 24
57 88 23
54 72 43
67 72 52
73 71 32
43 89 29
61 59 17
73 71 26
54 67 43
70 85 16
48 66 49
60 65 35
63 93 37
50 57 19
50 91 41
74 68 34
45 62 36
39 81 32
55 89 44
56 94 50
67 72 34
72 84 21
65 57 41
57 60 27
45 86 19
62 60 38
54 88 47
75 86 51
62 73 30
49 59 15
62 73 41
43 73 36
71 73 20
77 71 44
68 81 53
56 69 36
72 78 25
69 90 13
47 68 1
49 67 -4
14 85 5
37 66 31
23 96 11
32 62 25
43 75 -8
23 97 8
39 60 11
19 70 27
39 64 25
23 64 -6
19 83 5
23 90 31
43 98 -7
11 60 25
12 84 8
49 82 29
11 72 12
47 93 -6
43 95 21
22 64 22
13 81 7
16 70 5
11 61 23
41 86 27
33 65 0
39 90 15
45 77 9
33 74 23
29 94 -5
19 76 -8
20 92 -8
17 73 -4
14 92 27
21 69 17
30 59 30
28 76 -6
25 61 16
19 88 27
19 82 -1
39 70 -9
41 65 10
11 94 -3
24 68 22
37 93 -1
49 89 6
39 78 -5
37 98 25
13 83 -9
33 97 -1
24 87 -3
35 72 16
47 64 9
18 93 23
14 85 0
49 84 5
38 69 30
33 80 -4
11 61 4
21 66 3
29 78 -3
33 59 19
38 97 26
42 81 28
31 94 11
11 93 24
29 97 27
12 96 17
16 87 16
45 87 20
10 79 25
35 74 15
15 82 20
45 76 21
38 87 22
20 97 20
49 93 2
28 68 20
9 77 25
32 98 21
19 76 -6
17 84 14
35 70 -7
32 83 19
16 62 6
37 83 31
21 96 13
40 66 28
49 81 30
15 88 12
26 83 28
24 90 7
34 86 -8
47 81 -2
48 84 8
31 96 -4
19 83 2
22 62 23
25 67 7
47 89 17
41 65 -1
15 60 5
31 64 0
20 97 8
31 95 26
14 78 -5
41 59 -1
36 90 5
44 79 11
24 92 -3
48 88 0
36 95 18
26 97 10
29 98 21
32 81 -8
34 70 12
17 74 30
31 61 19
15 80 23
18 91 9
11 62 6
30 73 -8
39 82 -2
28 86 27
40 75 9
43 86 -5
11 87 -5
14 64 -4
17 60 6
9 72 -7
17 64 20
48 95 -1
11 97 11
34 61 28
23 76 23
48 98 3
17 67 5
39 86 25
17 69 16
105 61 113
75 77 96
66 43 96
104 54 116
97 63 82
100 73 109
87 66 109
70 65 79
85 48 76
96 47 85
90 42 98
75 40 98
100 69 102
104 79 101
89 66 78
95 66 82
91 50 95
89 54 86
67 80 104
91 43 78
68 70 94
75 55 82
77 77 77
104 59 109
87 54 88
75 71 89
95 46 84
102 58 114
99 57 108
77 50 88
83 76 99
72 55 79
104 46 115
90 58 96
78 75 106
89 73 76
93 78 91
74 71 91
97 68 94
98 48 108
78 69 94
97 75 93
77 52 79
88 51 97
80 64 112
67 51 104
98 73 87
73 70 77
83 73 94
88 46 116
76 62 92
93 44 108
84 77 94
66 59 79
89 74 102
104 75 112
100 71 84
100 74 77
70 63 81
103 54 111
102 61 90
92 63 76
66 67 83
82 64 85
89 45 103
85 42 96
73 70 107
68 41 81
94 43 85
96 43 116
85 40 94
103 70 94
69 41 82
100 69 83
87 61 95
86 71 100
82 48 113
82 64 115
104 75 87
97 41 107
103 67 113
83 42 80
73 50 96
78 74 95
74 43 88
79 41 92
93 55 113
73 79 82
94 40 86
80 49 95
89 40 86
85 57 113
84 46 81
78 63 96
102 72 85
85 62 99
98 57 107
82 66 87
69 62 79
69 49 77
102 44 87
84 44 101
69 55 77
76 46 109
82 41 104
77 73 100
81 58 106
100 80 115
95 44 110
96 43 82
66 51 114
105 44 98
98 51 112
103 46 112
105 44 85
71 71 115
103 77 85
74 59 95
99 66 104
78 54 81
86 76 83
85 57 112
74 49 82
106 48 100
78 65 103
69 79 116
88 76 104
83 77 85
79 53 93
70 67 84
68 57 116
85 72 81
82 60 109
83 72 85
66 66 84
86 53 95
85 63 83
99 50 89
88 48 99
67 72 86
54 70 49
36 33 77
64 65 43
70 60 72
40 39 43
48 71 69
70 64 78
59 60 63
35 35 64
49 60 73
61 42 57
60 54 70
72 60 70
62 54 62
37 56 75
69 55 69
39 56 55
72 54 78
70 33 62
67 50 77
70 42 67
50 63 66
46 65 45
40 33 80
45 38 59
68 38 58
69 69 74
48 33 71
47 48 47
40 49 43
62 32 66
39 56 64
35 37 47
45 64 67
38 49 65
48 68 49
39 36 54
42 58 72
58 44 59
47 31 49
43 64 66
36 71 78
40 59 76
74 55 52
53 36 41
36 63 70
39 71 81
72 41 52
69 56 63
71 65 72
63 53 75
39 57 56
54 36 71
65 45 51
62 37 77
53 42 62
67 48 70
52 67 54
47 34 60
50 61 42
39 39 79
42 67 59
71 63 45
59 69 69
62 49 53
74 60 56
62 33 72
34 32 70
69 48 48
73 47 67
38 43 68
50 49 47
44 40 81
41 56 49
69 71 71
48 61 80
42 60 81
50 62 49
44 65 59
60 68 41
66 49 46
56 31 70
51 64 79
59 37 49
67 59 69
57 69 48
36 45 68
57 43 48
60 32 41
41 37 46
52 51 62
69 52 64
63 49 67
36 59 75
61 47 45
53 68 43
36 45 53
60 71 76
38 46 72
37 46 80
49 51 52
39 61 78
73 62 79
36 37 75
51 54 72
47 42 49
68 53 52
73 39 72
42 52 55
49 54 54
68 49 56
74 54 59
36 54 47
65 44 65
56 61 64
65 54 81
56 52 55
66 42 80
69 31 64
47 44 47
69 33 71
47 66 74
51 50 54
61 37 50
40 68 62
45 34 68
36 56 54
71 50 43
59 66 68
59 38 78
60 68 42
38 40 61
68 34 46
67 41 57
36 36 69
72 36 73
52 56 52
72 60 50
46 58 42
53 50 49
10 44 1
-15 60 32
9 60 3
6 71 14
0 57 28
7 48 20
-8 63 -6
4 38 32
20 58 4
10 64 27
-18 40 15
6 33 29
10 65 19
1 42 18
12 36 13
19 64 -6
13 48 32
-15 43 28
-17 71 4
-17 62 7
-8 35 6
-13 56 1
1 46 27
1 44 -2
16 66 26
-1 73 17
-6 73 12
-5 48 14
-10 59 20
22 59 1
-10 41 32
20 41 22
-17 59 8
-12 69 3
-4 66 2
16 62 14
-16 71 2
4 50 19
22 69 32
-3 52 -6
1 34 14
-11 69 31
4 73 1
20 41 9
-3 47 21
-2 41 3
-15 39 -2
-12 42 21
-14 65 3
-5 60 13
7 40 3
-11 51 28
14 43 6
9 43 19
-10 68 12
5 51 0
22 59 5
5 49 20
14 38 28
8 66 -2
20 53 -1
-11 39 -1
12 49 23
7 68 20
3 73 25
12 44 24
15 36 17
-17 64 31
16 66 18
11 57 24
22 53 22
-10 58 34
8 60 14
12 37 19
9 67 27
12 49 1
6 37 7
8 56 17
13 39 11
-16 55 -1
-9 56 30
-5 57 22
12 48 24
4 35 23
-14 41 29
-12 54 0
22 61 -1
-17 57 -2
7 41 5
-18 39 23
18 43 -4
16 70 -2
8 64 7
16 73 30
18 58 -2
-4 63 7
-9 68 8
14 43 27
8 52 9
3 60 18
-4 47 -6
-2 56 -5
10 69 16
15 65 23
-15 52 14
10 55 1
16 67 19
12 38 13
4 43 25
5 34 15
-2 46 19
17 59 33
5 47 31
7 55 25
22 67 -3
-2 55 3
18 33 17
-3 47 33
-3 65 3
-17 69 2
5 55 -5
-3 67 20
-15 62 29
-4 34 19
3 72 10
9 73 28
-15 71 16
19 35 7
20 40 14
-18 70 5
7 46 20
5 39 -1
9 69 19
22 52 24
21 72 0
6 40 28
20 61 5
-10 40 1
9 42 23
10 60 7
65 62 95
66 83 61
47 69 73
74 72 92
53 55 86
57 85 65
43 68 93
62 64 91
46 69 67
40 54 86
47 84 65
72 77 63
48 80 95
70 71 76
69 74 69
54 92 86
65 87 90
52 86 92
38 71 93
36 71 85
48 67 90
57 52 66
67 54 88
36 61 85
72 89 76
40 66 73
44 87 83
76 68 81
45 54 57
51 75 88
55 53 63
55 78 94
53 62 73
66 57 97
63 56 85
46 87 85
54 79 66
62 57 84
56 82 65
42 56 77
69 79 63
51 77 89
39 64 82
65 89 76
43 58 66
50 61 58
50 60 79
56 54 89
46 59 74
59 60 60
53 52 86
61 52 93
59 82 91
71 92 66
52 88 95
61 54 90
56 84 89
54 72 80
50 84 84
38 80 90
54 72 59
42 91 88
72 72 74
68 91 77
65 71 80
67 55 83
36 91 79
54 57 96
44 78 60
38 75 77
53 81 97
53 88 63
42 87 85
69 77 57
63 92 80
55 68 64
40 60 67
75 63 94
69 75 73
59 69 63
43 85 91
41 86 85
44 82 84
61 91 57
47 60 77
74 71 70
54 63 95
56 59 96
40 83 78
47 71 60
43 69 85
41 85 65
54 87 84
67 90 63
51 90 72
50 68 90
75 73 65
74 71 73
42 68 73
61 59 57
52 79 68
54 81 91
54 52 65
54 60 97
72 92 68
56 79 79
50 65 74
57 88 96
38 55 76
55 55 69
68 84 85
73 74 96
58 76 83
48 56 67
40 69 78
51 81 82
70 54 97
76 73 57
53 68 75
48 79 94
69 83 69
49 65 66
42 87 65
37 91 96
56 92 82
37 87 89
59 67 69
75 91 76
52 55 59
73 76 59
44 57 86
44 91 64
48 55 61
45 91 59
68 55 69
52 59 81
71 66 91
58 81 79
50 91 79
72 88 93
25 48 5
2 32 17
18 43 15
11 65 31
20 38 -8
17 38 32
17 60 17
-4 46 23
13 63 -3
2 48 26
-5 68 24
10 60 31
27 44 -3
8 59 31
25 49 16
31 68 -1
27 45 24
10 50 2
-5 60 -8
16 32 1
35 46 8
33 45 11
4 33 29
28 35 31
0 49 14
6 52 -1
14 39 11
29 57 7
18 62 7
15 43 30
0 69 17
6 60 1
16 34 -4
1 62 0
3 60 4
-4 37 7
26 29 29
-4 57 -2
15 35 4
5 66 27
3 64 -6
2 69 6
3 44 15
15 64 5
26 63 27
16 37 20
10 59 28
28 63 19
19 67 30
11 67 -3
22 60 32
14 43 4
23 53 26
7 50 -6
3 57 1
22 63 26
-5 43 2
26 58 18
25 30 32
29 55 28
-5 53 31
12 49 1
24 50 6
15 35 10
35 38 29
33 36 29
2 63 3
5 66 16
28 50 -5
-4 30 25
31 40 15
8 41 -2
0 63 29
27 44 10
7 44 5
-5 51 -8
27 31 2
24 59 -5
15 29 13
5 50 7
30 31 15
20 38 0
0 41 22
15 50 -1
11 56 18
32 58 -4
17 43 27
-2 50 16
25 61 17
24 48 -7
31 38 28
12 65 -1
0 34 8
16 60 -8
4 60 2
33 42 9
6 59 9
4 52 -4
30 31 21
18 42 0
18 36 20
0 51 24
20 51 23
29 67 23
9 52 19
32 37 8
7 60 1
6 30 -6
8 31 3
28 57 1
7 46 8
27 59 0
35 63 -3
29 45 24
9 36 27
8 66 10
15 43 18
2 56 25
-2 59 10
33 30 0
22 35 9
30 60 31
33 36 15
1 47 28
25 64 21
13 34 32
6 52 21
8 51 0
15 45 13
1 29 15
4 42 5
8 57 -2
27 69 4
35 65 9
11 40 14
1 37 -5
-5 40 13
19 55 7
0 29 -1
14 58 12
69 70 75
66 83 49
83 83 36
88 100 40
78 78 44
82 75 43
99 75 42
83 89 42
87 99 57
84 108 54
65 85 48
65 91 72
103 106 48
75 72 64
99 81 55
79 90 47
77 73 75
89 69 46
68 87 38
71 79 54
103 94 72
103 104 59
103 88 56
98 72 70
74 109 44
81 101 41
68 70 39
86 103 72
95 100 47
99 91 49
88 90 51
76 82 40
78 85 54
80 77 65
104 78 71
66 82 74
101 96 46
102 92 74
98 96 62
76 83 73
93 93 66
95 101 42
86 77 54
97 73 53
75 109 41
91 97 38
81 105 62
87 75 50
96 103 38
95 91 43
71 84 49
77 109 58
82 88 74
80 92 67
98 93 60
85 107 41
69 75 39
84 107 49
87 89 36
78 72 41
94 83 38
68 80 66
103 93 62
76 102 57
84 76 56
94 79 68
71 91 43
93 108 51
71 72 53
103 96 65
65 86 52
67 91 58
74 70 63
95 94 72
77 75 76
87 90 46
103 99 39
83 98 74
101 105 66
72 86 44
64 81 43
95 100 50
95 101 68
66 76 55
86 86 50
94 102 66
93 101 73
89 106 37
75 95 50
85 73 65
87 73 57
96 73 37
80 94 43
66 71 53
73 88 39
99 77 67
74 94 74
95 89 52
96 109 37
95 108 54
74 97 58
74 76 41
98 78 68
84 92 62
87 70 62
101 82 37
66 99 40
86 87 66
79 78 44
66 106 67
98 83 49
85 72 40
74 75 40
90 102 51
103 84 53
71 101 41
90 105 75
84 104 75
80 85 59
68 72 51
100 72 64
98 107 36
76 86 49
81 88 66
85 105 47
91 90 76
104 76 63
91 72 72
79 101 53
76 98 59
68 78 44
81 75 67
84 77 43
92 81 49
76 72 68
77 88 40
74 95 49
74 99 66
98 104 68
68 86 69
77 84 41
50 54 16
77 63 35
51 60 6
63 84 40
73 82 9
49 80 14
57 65 31
53 76 42
55 91 45
55 79 40
73 88 40
62 62 32
49 67 7
77 68 9
71 87 9
74 66 6
45 83 24
61 65 44
51 68 34
65 89 20
48 58 19
51 88 11
63 65 25
75 68 37
40 56 39
65 77 14
76 87 10
41 73 17
80 83 22
71 66 27
80 61 17
70 90 22
71 54 44
41 88 20
74 68 9
40 83 37
55 66 23
55 90 17
41 90 12
44 89 23
79 59 23
57 92 39
72 85 14
77 90 26
57 66 26
53 75 15
53 81 28
60 52 39
60 66 22
40 63 25
72 58 28
51 72 37
44 88 6
66 52 29
78 84 22
73 85 28
42 76 45
61 73 7
65 65 21
70 80 21
63 90 14
79 73 20
64 61 45
75 87 13
71 85 39
56 79 13
68 89 17
52 76 29
53 84 35
49 88 6
53 85 17
68 66 19
69 82 41
50 57 13
58 76 17
78 90 32
51 73 18
60 63 10
61 55 33
51 82 8
48 88 41
77 73 11
43 87 35
55 91 23
47 56 14
63 79 28
78 85 34
79 65 26
41 69 13
45 69 42
57 87 22
57 57 18
56 56 21
40 75 26
56 61 30
53 73 34
71 67 20
40 53 38
75 56 6
44 68 12
77 70 10
56 92 42
59 76 27
71 87 16
74 82 35
71 91 44
40 56 9
48 56 9
70 59 38
67 55 39
47 70 24
56 92 14
71 87 38
62 59 8
63 58 34
64 79 23
79 87 28
62 53 10
61 79 46
56 61 33
56 75 13
52 80 11
49 92 8
77 66 44
43 71 25
65 78 9
44 59 42
55 85 22
54 83 16
54 83 26
61 87 39
47 74 10
58 79 34
66 83 13
71 52 46
47 67 46
60 91 42
77 64 16
72 70 34
52 29 68
54 22 86
42 15 79
48 39 105
56 35 97
41 14 80
29 49 68
34 33 97
26 45 103
23 33 101
36 42 100
22 30 84
55 31 105
52 22 92
44 37 69
19 19 99
19 21 72
45 36 80
26 34 69
25 15 77
54 52 85
35 54 86
53 27 91
23 43 91
52 16 90
52 53 68
18 52 68
27 20 67
46 35 98
24 28 107
48 50 90
35 29 103
23 52 78
27 52 76
38 27 80
30 35 78
29 43 97
41 40 72
21 25 70
47 53 107
31 49 73
16 39 70
50 14 77
16 28 84
38 47 95
16 16 97
46 51 95
53 29 103
51 48 73
55 43 105
16 30 101
24 37 89
32 45 90
35 14 69
23 30 76
37 33 94
34 21 95
18 36 68
26 30 99
34 28 70
34 40 90
24 37 91
32 21 100
29 42 78
27 27 92
37 24 79
37 30 98
43 49 75
56 48 67
47 26 100
23 30 71
43 50 97
40 14 106
51 26 95
56 48 107
33 50 107
44 43 102
30 45 93
46 16 75
45 44 76
26 26 101
17 43 97
46 15 87
20 49 69
37 15 82
44 16 79
52 38 92
26 50 102
44 52 104
55 29 94
21 36 80
31 47 85
21 51 84
46 43 77
43 51 82
44 27 87
31 51 89
31 19 77
48 43 78
33 21 69
52 32 67
56 33 67
19 50 90
25 20 76
39 20 96
26 21 79
48 38 80
50 27 87
55 32 83
23 32 96
45 41 86
46 35 87
27 21 106
20 41 72
29 30 73
29 51 85
30 30 92
32 17 78
30 30 77
47 17 105
35 42 102
29 41 92
16 14 76
54 43 71
47 35 76
18 27 101
44 27 91
28 36 69
17 31 90
40 47 85
30 21 83
18 51 86
17 34 93
55 36 104
39 15 107
29 27 87
49 34 102
28 26 81
45 26 82
48 45 99
62 20 -2
45 35 -14
58 29 -14
46 22 23
63 11 18
30 40 12
57 18 -2
43 20 15
54 35 -7
54 47 2
47 37 0
44 19 -7
57 21 -8
52 33 23
30 17 8
42 20 -2
56 11 -7
46 20 2
45 33 -10
35 20 -7
40 38 23
28 36 22
26 15 -5
41 49 11
53 48 26
48 35 26
23 45 -5
52 44 3
49 12 -1
40 35 -6
26 40 6
36 46 25
50 34 17
49 41 19
44 37 24
48 44 -11
41 20 26
54 18 1
42 37 24
27 31 -3
61 36 7
47 37 -7
39 49 18
23 47 17
35 40 -2
63 40 23
38 24 -5
52 13 -3
27 42 19
44 37 4
36 21 12
29 39 -11
50 47 19
56 31 -11
40 31 4
52 13 25
52 38 -5
51 15 -7
28 35 26
25 14 12
49 41 19
43 21 8
25 34 -14
46 39 2
54 20 0
57 46 -8
26 50 -14
23 46 -8
23 37 -8
33 16 -1
54 40 24
25 14 24
46 26 -12
51 27 6
37 48 19
57 45 22
63 41 8
34 50 -1
49 27 17
43 12 1
60 25 19
46 36 -9
46 44 2
53 27 18
44 27 7
49 45 7
57 36 -8
38 34 -13
32 50 22
60 17 -9
56 20 -14
23 44 20
30 51 -6
53 43 3
58 47 -5
59 21 26
37 37 -13
52 24 -3
31 17 7
63 11 -5
63 17 23
51 41 -14
54 49 24
60 39 -11
29 50 26
24 37 -4
29 40 2
32 44 21
31 43 15
26 37 22
27 27 13
29 43 -12
42 44 -7
54 51 -9
32 12 2
31 40 -10
50 11 -3
46 18 -11
36 30 1
34 33 -3
56 47 -12
59 26 16
51 27 7
35 16 -8
41 16 4
50 46 -12
61 42 19
36 39 20
53 42 19
60 14 0
63 23 6
31 20 0
34 35 13
51 39 5
49 37 -7
46 50 -13
61 29 -14
55 17 3
38 42 23
47 47 8
66 -9 43
42 17 50
56 -8 42
51 -1 60
46 30 76
53 11 61
67 -1 51
70 -10 76
40 4 70
80 30 55
75 8 60
61 -2 42
60 28 59
80 -9 67
78 -4 71
60 8 38
75 0 49
77 3 60
74 19 55
40 -1 63
55 11 62
56 4 75
50 -2 59
60 27 39
51 18 58
67 -3 61
49 0 56
69 9 74
63 -6 37
65 7 46
57 -7 60
70 -2 68
43 16 64
69 16 50
51 29 44
80 22 49
43 24 70
42 7 49
70 -10 44
78 20 62
72 13 59
44 25 56
72 24 77
72 1 56
42 30 49
61 15 44
52 21 61
56 29 72
44 -6 60
57 22 46
66 27 41
43 0 44
78 12 42
46 21 61
65 4 67
66 -1 67
73 -5 67
78 25 53
59 24 67
41 24 55
57 26 58
50 8 68
50 21 77
49 7 53
58 25 74
57 30 56
48 10 67
66 21 77
71 13 38
72 -1 48
80 5 62
55 -5 50
47 26 71
40 14 67
80 -4 67
46 1 63
71 21 54
79 25 77
58 8 38
45 25 65
46 16 53
63 23 49
60 18 60
44 -10 55
76 23 72
65 7 57
73 27 76
73 4 46
62 2 64
49 29 75
74 24 37
61 21 50
44 -2 53
47 -7 70
78 26 64
54 -10 54
42 5 66
67 5 75
65 18 77
52 -9 50
44 28 74
46 7 47
64 -2 42
50 16 55
55 25 41
51 20 53
58 23 55
50 -1 52
59 16 68
40 14 76
44 -6 55
60 5 68
61 17 72
42 30 47
42 -5 63
64 -6 73
59 28 73
43 7 73
78 12 47
54 24 52
64 0 66
40 12 72
73 21 69
61 23 51
49 27 77
40 6 38
78 2 73
80 19 63
56 28 42
73 5 71
41 13 37
56 0 69
68 0 43
53 0 61
48 30 57
65 -10 40
54 11 45
47 11 65
44 8 75
72 0 65
82 44 61
69 66 52
62 45 50
91 70 58
56 71 66
65 68 57
62 48 75
74 45 40
87 55 59
63 69 73
62 58 72
87 40 45
77 44 38
70 37 56
72 59 77
75 50 37
74 35 43
71 63 43
88 38 58
79 34 72
82 64 75
80 40 38
80 45 59
88 59 55
79 67 47
81 50 67
60 46 38
58 62 59
62 42 38
78 37 69
80 36 62
81 48 54
80 71 62
54 60 51
66 40 40
86 47 41
60 53 44
63 53 39
69 58 64
56 59 68
75 70 68
73 58 47
74 47 43
88 35 51
65 44 69
67 73 42
94 59 76
93 58 74
94 65 77
64 43 76
76 52 47
88 72 70
73 66 64
86 73 66
72 56 70
56 40 69
84 48 54
64 63 47
68 54 73
61 45 45
69 66 37
72 71 46
84 50 40
59 33 64
63 59 71
59 39 76
73 59 73
90 60 57
66 66 47
94 69 53
75 44 44
87 63 51
75 59 47
69 37 76
69 35 72
87 46 69
89 66 47
69 72 41
64 56 54
66 57 77
73 68 54
84 52 65
70 51 76
56 40 75
92 72 51
58 39 73
86 68 77
80 41 42
57 36 76
75 51 66
68 43 63
92 60 65
54 71 73
59 66 58
60 63 54
92 73 75
57 55 53
79 63 41
73 64 76
94 60 61
60 35 66
73 45 41
83 61 77
64 58 66
76 43 53
70 50 52
91 64 56
76 60 58
73 63 47
64 56 70
59 42 71
83 68 64
94 69 43
84 33 38
90 48 44
59 53 46
92 51 57
68 54 56
73 70 37
74 70 72
78 33 63
59 50 74
56 49 69
81 49 74
56 46 68
68 57 58
70 44 61
86 45 43
84 42 66
83 40 76
67 63 49
91 72 74
78 68 41
86 51 74
82 58 73
91 58 70
54 71 72
68 71 60
62 66 37
57 62 45
72 27 57
88 5 79
73 23 54
82 6 58
63 14 67
66 34 60
55 2 77
56 7 49
84 28 49
73 1 82
81 26 77
73 34 68
62 16 80
59 20 57
73 4 61
54 9 78
83 1 82
73 18 87
57 26 71
70 27 54
73 38 76
67 13 72
55 37 49
82 37 58
78 28 78
79 12 48
65 3 71
78 11 50
54 39 56
79 17 84
65 32 81
83 7 48
66 15 68
77 12 83
83 8 77
76 19 49
66 26 88
68 23 64
61 39 50
70 34 69
65 29 61
59 32 57
74 10 62
63 26 86
49 16 73
85 40 58
88 39 70
58 40 69
64 21 88
80 33 81
75 6 57
80 14 73
85 34 54
86 28 70
83 26 87
60 31 69
55 34 54
65 41 68
59 11 49
86 17 56
64 27 63
85 11 88
88 37 53
77 23 72
73 3 71
57 28 63
59 2 79
53 20 71
58 3 54
79 26 79
69 35 55
87 35 49
86 9 82
78 34 58
58 21 75
82 7 54
89 38 61
62 5 79
55 33 64
66 18 49
86 4 68
71 16 70
75 36 82
60 19 52
70 13 76
51 15 59
73 34 82
77 11 61
80 1 78
72 26 78
50 14 48
72 19 76
66 8 48
85 25 57
72 26 49
61 37 79
85 39 76
86 40 61
74 7 82
87 5 50
58 32 86
49 3 62
65 31 66
71 19 54
57 22 77
71 18 85
87 13 58
76 15 65
79 37 74
70 21 57
78 18 62
89 4 87
68 26 62
51 32 78
49 11 83
75 32 71
84 9 76
71 8 88
53 9 56
58 9 51
63 3 53
57 19 68
62 36 62
88 39 83
51 33 57
67 13 82
78 35 67
89 16 60
89 16 85
85 2 57
49 35 57
87 3 65
83 29 66
89 10 73
74 4 55
76 6 49
89 6 71
79 26 51
57 37 65
88 10 87
120 -7 66
94 21 62
98 -7 83
101 -5 77
95 22 85
117 27 65
95 4 71
88 27 66
111 27 68
115 22 100
99 6 98
84 6 65
103 -3 97
83 -12 80
110 -3 79
98 8 65
100 26 77
83 16 81
106 25 64
120 10 80
95 -2 82
112 9 77
87 1 87
114 19 88
95 -2 99
93 -5 67
104 16 91
88 17 98
96 19 95
86 18 98
92 -5 65
118 18 91
108 -7 75
104 14 77
93 9 92
81 -6 91
111 27 97
91 13 67
99 17 84
90 2 87
120 0 81
96 20 74
90 19 93
105 13 68
115 0 86
97 15 83
115 19 99
113 27 97
95 0 81
120 26 92
82 19 90
82 11 90
90 28 60
86 12 69
99 -7 91
116 18 94
105 -1 100
103 -3 76
102 17 94
108 -9 97
103 17 62
100 26 73
108 -9 81
112 23 62
117 1 70
96 0 82
114 22 66
101 -7 65
88 28 80
83 14 74
103 -2 100
98 20 96
86 15 98
116 26 86
89 13 96
82 -1 76
100 -10 92
89 -7 85
103 28 95
109 23 66
119 12 83
82 -7 89
99 19 64
103 5 60
84 -7 68
88 4 97
85 28 69
97 1 70
99 24 81
82 18 83
82 24 61
117 -1 82
106 20 75
99 25 64
83 -10 61
85 12 85
93 14 97
106 0 87
90 15 76
112 0 97
97 24 100
99 22 78
93 14 74
118 -10 76
116 11 65
83 15 85
92 7 99
119 22 77
90 -1 77
106 5 68
113 10 84
90 -3 63
92 1 96
101 -6 88
119 1 95
115 22 80
101 5 77
99 6 72
103 19 81
103 -3 83
96 -7 64
103 19 81
93 27 63
106 23 60
119 16 87
107 24 69
89 2 80
92 -6 90
115 -11 64
111 -8 97
82 25 84
81 1 63
107 18 83
93 -11 83
97 -8 61
92 -11 88
85 7 100
85 -6 72
96 7 89
90 17 71
50 75 -7
28 80 9
52 70 5
25 70 5
26 76 20
48 84 8
25 59 -2
55 79 -18
52 66 7
35 74 15
51 75 4
41 51 2
20 61 20
45 52 17
40 47 -2
59 70 11
27 55 -12
40 49 -9
52 58 18
51 85 2
42 65 18
27 66 -5
59 46 -16
38 68 9
48 66 -18
42 53 -3
34 83 3
21 53 14
20 66 19
43 53 13
29 60 17
59 69 -17
47 55 16
39 52 5
56 66 -4
38 84 -18
41 78 7
25 52 19
50 81 3
36 62 -16
29 66 16
55 58 -2
49 64 0
42 59 11
49 75 18
45 55 20
21 76 -2
33 52 6
44 69 -9
30 46 -9
48 68 -14
45 47 17
47 63 10
24 77 20
24 48 -7
59 74 -3
59 76 -19
44 80 -15
43 75 -15
27 84 -7
50 72 -9
43 76 8
27 51 -9
41 46 -18
44 49 -8
25 68 -12
59 77 -18
23 54 -3
30 83 -16
41 59 5
52 67 0
22 64 1
49 65 6
38 69 11
22 67 4
37 65 11
49 84 -11
27 78 -17
22 74 -14
30 71 -11
27 86 -6
26 78 3
27 72 -17
45 71 -19
45 78 13
54 83 14
59 60 -15
52 58 15
21 56 -3
34 86 0
45 79 5
31 61 -13
23 56 0
28 47 2
21 49 -12
41 64 7
21 68 5
38 84 13
32 57 -10
26 84 -5
57 73 0
24 73 -9
51 66 16
40 68 -14
52 58 -8
51 53 6
59 49 5
27 58 0
25 46 1
50 63 4
26 59 17
50 60 -3
31 50 -9
25 72 -13
59 82 -18
48 63 16
46 55 -14
30 54 14
19 49 -6
37 48 17
56 56 4
19 53 1
19 78 8
21 62 -9
23 56 -20
57 59 10
51 66 -13
29 61 20
48 63 -19
37 79 5
22 59 -5
47 69 -2
29 51 0
41 68 15
51 58 -9
48 80 14
47 68 -1
49 79 -5
58 81 15
37 57 -7
68 24 74
85 18 95
86 13 74
88 7 59
49 -7 87
70 14 82
81 15 86
82 24 63
77 0 56
84 12 74
58 31 72
49 32 78
77 13 57
67 2 58
59 -2 81
73 1 72
82 18 88
80 0 76
52 6 90
50 3 86
65 8 79
54 22 78
63 22 84
72 3 59
88 17 83
59 2 65
58 20 73
69 33 84
52 17 79
83 19 94
86 29 91
59 26 59
77 1 81
50 26 76
53 32 81
48 22 63
51 14 55
84 13 95
87 -3 69
74 14 73
78 -6 60
57 -1 59
61 1 72
82 8 69
51 11 55
51 7 71
61 33 64
55 13 89
49 10 56
69 14 83
48 10 71
87 4 76
51 -6 65
67 23 70
72 7 58
57 4 94
76 -1 58
49 22 72
76 33 84
54 24 79
49 5 63
72 5 69
60 21 72
63 2 94
61 5 87
50 2 65
76 -4 83
85 10 90
70 -6 61
77 13 86
53 10 93
83 9 85
51 4 65
83 0 66
84 -4 72
82 33 95
64 19 80
50 11 78
50 5 95
66 6 67
84 8 74
64 -4 79
68 32 85
67 10 77
74 19 73
64 19 66
72 8 59
55 4 95
50 4 86
53 13 78
80 7 84
53 13 82
75 30 55
62 15 73
61 16 70
57 30 55
53 30 86
73 26 56
48 20 86
59 4 88
73 17 80
48 22 82
80 16 75
76 -1 67
82 -2 92
68 32 90
53 -7 58
58 30 60
50 11 66
67 30 93
86 -5 62
55 28 57
71 18 70
48 -4 92
84 32 71
64 2 94
52 4 56
88 11 94
55 22 73
83 25 92
73 4 70
80 -6 58
60 15 71
82 3 58
52 -2 90
88 0 72
69 3 75
59 33 86
60 25 69
79 29 90
70 24 70
70 15 87
81 21 88
61 6 72
58 32 78
55 1 85
76 3 89
81 8 70
82 11 78
49 19 79
-1 21 81
10 24 93
-12 25 94
-12 9 77
1 22 96
-15 36 97
-3 10 104
6 18 101
15 41 70
-20 38 91
-7 35 82
20 23 96
-15 14 99
-2 29 72
-6 31 83
-8 21 81
5 41 97
-3 39 107
-7 12 97
1 3 105
19 11 91
-15 7 88
16 18 100
0 27 85
8 31 93
3 33 96
18 24 70
2 33 87
11 21 91
-9 34 72
-15 18 84
-11 16 83
11 6 85
2 14 80
10 19 96
6 40 90
-4 30 101
-9 35 107
8 37 92
-4 22 83
-9 17 69
-13 36 85
-2 26 72
-6 12 86
-14 18 79
-10 34 90
16 22 105
-20 41 85
-4 9 71
1 29 68
9 20 104
11 19 108
12 35 69
19 5 84
4 18 102
6 11 105
-15 31 80
-17 39 88
-9 18 77
-11 24 88
-18 32 88
-11 25 103
9 32 74
-19 21 72
4 8 72
-3 12 97
9 38 74
4 17 101
18 20 105
3 9 87
8 26 108
-16 37 99
-19 25 77
19 40 84
-8 24 102
-14 22 71
16 38 107
16 42 91
-15 9 77
7 40 108
5 12 106
-11 10 79
-4 7 85
-11 24 93
-20 33 83
-17 15 68
15 11 92
6 37 91
-13 42 69
-12 17 103
14 39 105
3 3 83
10 34 69
0 18 72
16 26 103
19 9 85
11 41 107
-3 17 83
2 37 102
18 39 90
2 29 91
9 33 103
-14 41 104
16 29 90
1 11 99
-2 28 95
4 27 71
-15 8 105
-18 37 78
-10 6 108
-10 15 98
20 2 78
-6 36 96
-14 15 87
2 26 71
3 6 102
11 15 73
-10 17 93
-12 12 72
7 39 90
-10 12 79
0 6 74
7 3 108
7 15 80
-18 13 103
-2 18 83
-2 17 105
20 32 95
-19 8 98
18 7 93
-13 4 77
18 17 102
-1 11 102
10 7 101
-7 24 83
-11 22 84
7 23 95
-19 7 101
5 42 86
19 39 77
39 86 97
45 85 95
27 115 92
28 108 105
23 81 99
23 85 77
42 113 103
32 110 90
44 114 85
16 104 102
37 112 102
30 85 97
39 115 115
10 98 91
39 110 114
47 117 81
45 104 79
15 102 102
36 79 84
15 90 112
9 113 98
22 107 110
45 103 99
21 96 83
17 106 107
46 86 100
18 108 116
27 89 102
14 113 86
41 96 91
16 97 80
16 90 92
12 92 84
15 84 107
15 113 101
26 109 82
15 109 90
48 77 90
30 98 78
24 105 113
34 117 79
34 96 94
34 112 113
19 83 86
32 83 101
13 106 100
47 98 77
9 107 105
41 101 102
9 90 77
10 89 79
39 95 96
29 102 76
34 115 107
17 112 93
29 84 105
23 107 83
15 106 85
11 99 77
46 92 76
24 89 89
30 91 88
8 109 102
44 117 87
32 100 110
34 86 80
44 85 96
46 106 103
21 79 95
35 108 81
39 116 100
18 96 76
35 80 85
29 111 78
30 79 101
15 85 86
38 96 87
48 94 94
48 112 114
26 117 95
43 114 103
14 109 79
18 81 84
35 83 77
15 90 93
41 96 105
16 104 78
22 110 81
17 94 86
40 115 109
48 79 96
13 107 111
15 77 83
40 94 105
19 81 111
13 91 87
16 107 98
30 100 108
35 82 95
16 92 83
11 87 100
18 103 114
11 104 95
38 102 103
46 88 97
19 116 108
34 84 85
18 95 97
21 105 106
39 117 88
11 95 111
24 98 81
26 103 96
43 113 94
35 117 99
45 96 78
19 91 103
14 82 90
37 87 115
13 84 77
15 83 96
28 116 82
10 91 114
42 93 92
46 110 76
48 102 115
46 84 77
25 80 93
12 113 107
35 82 82
8 81 90
23 93 92
47 115 82
37 105 91
14 96 100
25 80 93
29 94 113
32 85 109
35 110 102
34 85 83
87 19 60
78 25 55
84 22 42
108 10 60
85 43 62
92 15 75
106 46 75
94 18 52
78 35 75
88 38 67
75 9 45
106 20 45
80 33 52
110 24 80
99 23 50
109 11 51
86 34 55
96 25 75
106 22 46
89 6 52
80 32 62
92 19 66
103 44 43
82 22 80
108 46 45
77 35 72
92 37 53
91 46 71
83 30 66
82 46 82
112 14 77
109 46 66
85 43 61
75 46 65
102 35 81
110 23 69
108 9 47
81 46 81
89 46 43
85 27 51
75 41 77
82 22 81
99 12 76
77 26 52
75 22 45
100 18 73
77 22 77
82 26 80
78 35 52
100 25 80
95 19 78
85 17 59
80 40 58
86 31 59
115 12 71
111 8 60
104 15 75
82 46 62
92 46 59
85 12 56
78 23 48
106 37 69
113 17 74
90 23 78
98 25 59
94 38 61
79 44 69
90 27 61
88 37 45
104 33 75
98 20 52
101 8 43
102 26 71
103 13 44
96 45 55
103 12 81
97 25 76
102 45 55
97 8 51
79 30 61
94 32 60
100 11 69
102 9 77
103 46 78
106 15 45
112 39 75
85 39 56
89 33 43
86 42 48
104 41 44
102 21 77
99 38 81
99 13 62
107 37 74
99 24 79
107 10 46
97 39 58
84 31 81
93 13 76
103 34 70
90 35 78
94 33 67
113 32 75
105 13 53
77 23 64
101 17 69
85 9 65
105 42 66
97 15 82
105 33 78
107 25 65
85 36 46
100 20 49
94 21 77
90 42 76
85 11 81
113 34 48
83 14 68
92 11 77
81 41 65
105 15 71
81 26 50
87 27 68
103 31 58
93 8 47
77 41 50
110 12 59
91 45 80
110 42 61
107 7 65
101 43 66
95 42 44
115 15 50
82 34 59
92 12 54
84 46 46
105 34 82
81 45 51
97 42 59
78 17 59
81 91 66
99 65 79
86 90 72
74 84 95
87 92 79
99 70 66
74 81 78
70 94 83
71 77 56
81 96 91
97 74 83
81 101 64
91 95 90
94 86 68
88 86 58
103 87 70
93 90 94
106 103 61
109 85 96
100 91 69
107 102 85
89 71 76
94 78 64
75 87 56
104 76 60
106 92 62
92 86 68
75 92 95
85 82 81
104 64 76
73 92 65
74 94 76
105 68 75
93 82 67
96 85 67
103 74 57
91 98 75
94 80 82
106 92 59
105 83 74
96 74 86
106 66 63
93 85 70
101 100 83
101 73 62
82 92 81
110 67 90
96 75 57
110 101 80
72 85 72
85 87 67
79 95 95
71 94 81
86 67 69
70 90 69
76 67 75
75 92 94
83 103 61
74 79 58
98 77 91
77 64 91
79 95 90
95 74 75
74 80 70
85 79 59
101 81 83
81 87 84
85 99 70
78 74 79
104 79 73
70 86 60
92 103 72
89 82 66
70 84 63
74 64 66
89 92 63
102 97 70
93 103 78
93 84 72
98 97 67
100 71 93
93 67 83
106 100 90
78 63 77
78 80 92
79 73 69
105 78 56
80 99 64
82 98 77
108 65 74
71 72 72
101 88 61
77 92 86
109 70 68
110 78 85
108 80 63
70 66 81
72 100 93
85 100 62
75 102 77
108 76 61
84 76 84
79 75 88
105 87 61
92 69 86
107 93 91
108 96 79
81 78 87
70 70 65
85 82 86
110 69 69
70 79 74
104 96 70
85 95 63
91 81 79
108 83 72
108 84 96
78 100 83
102 70 88
90 75 88
79 89 70
81 93 91
74 98 61
94 103 90
88 68 57
98 89 80
78 99 56
70 86 89
102 80 87
81 70 59
84 87 56
105 75 94
76 70 75
104 94 76
74 84 81
106 79 75
93 102 62
84 88 92
92 83 94
74 75 83
104 59 17
86 35 18
89 42 24
116 49 -1
96 58 22
76 66 -2
108 33 1
93 55 -1
85 47 3
87 38 23
96 69 27
81 57 5
98 54 25
110 56 30
110 58 -2
94 47 2
78 66 8
112 59 1
99 69 33
102 42 10
111 33 31
80 56 30
114 44 22
80 38 30
80 39 24
109 41 32
100 56 14
100 48 11
109 32 -1
88 69 5
95 67 11
106 56 9
108 59 24
108 51 28
110 37 11
112 52 20
113 56 24
97 62 18
96 33 16
79 62 34
100 56 16
82 34 12
99 65 22
95 63 -1
96 38 24
81 35 16
99 44 -1
108 40 27
83 64 11
109 45 27
97 40 -3
105 46 16
93 62 12
87 62 22
78 70 28
110 58 6
116 33 9
97 51 24
110 72 20
85 58 29
104 34 33
91 42 25
77 70 32
95 60 28
103 65 19
79 62 28
116 36 23
102 35 21
111 49 4
97 46 11
97 45 1
103 43 31
102 56 14
107 50 16
94 51 12
102 41 -1
106 70 14
113 37 -2
81 43 9
101 62 -5
113 59 -2
76 61 14
87 52 34
95 56 17
82 58 21
106 39 19
99 70 -5
90 64 10
83 51 32
79 39 4
93 48 34
115 58 11
85 47 20
105 46 24
93 54 -5
76 38 1
78 65 15
78 67 6
107 45 -5
85 53 10
88 69 -4
84 52 1
94 44 4
100 65 23
114 72 27
87 42 34
101 50 14
96 33 19
81 41 18
102 53 33
105 45 30
98 60 -5
98 32 21
84 37 12
109 57 19
115 71 17
87 62 33
87 34 -6
106 38 8
106 40 0
82 65 34
91 65 10
114 38 15
99 68 3
114 60 10
83 47 5
95 69 -6
83 49 15
83 49 9
77 71 21
90 41 29
96 43 -3
95 38 23
98 55 29
89 55 2
83 37 24
98 55 5
87 69 -3
115 51 3
104 66 -6
48 78 38
42 65 16
37 75 26
56 54 34
39 76 41
38 59 10
39 58 41
46 80 11
50 54 26
44 66 13
31 51 9
64 64 9
47 81 12
25 59 27
50 53 19
41 77 31
51 66 7
47 51 42
60 54 16
39 75 22
46 51 38
55 70 25
48 71 14
32 69 39
53 79 5
28 53 8
49 78 38
55 76 33
29 73 24
25 71 21
32 63 33
43 71 8
34 68 3
31 74 29
42 56 14
41 84 23
62 63 7
34 71 9
27 64 9
58 55 27
60 71 30
33 67 13
28 84 34
57 79 40
45 82 33
31 89 2
39 89 36
64 74 21
58 60 39
25 76 8
50 83 36
58 66 4
39 70 19
36 82 20
57 53 6
31 77 21
39 70 39
29 85 9
44 72 7
26 85 10
64 51 41
28 89 23
46 77 42
26 55 34
57 82 22
52 87 13
32 60 8
30 50 5
58 64 24
31 52 29
26 82 4
25 82 23
48 58 19
24 80 37
32 64 37
43 88 32
47 78 23
56 56 31
58 71 37
46 65 28
59 61 17
42 71 15
58 50 37
51 58 2
57 61 17
54 61 36
42 74 18
25 62 12
40 73 36
35 62 8
34 50 10
46 87 5
45 52 13
59 88 39
48 56 38
50 79 32
37 64 14
34 83 39
41 88 37
35 88 19
30 73 10
60 75 18
32 86 17
52 71 11
64 63 29
31 58 16
51 78 36
48 63 41
58 88 21
58 76 15
47 73 2
40 86 26
63 59 16
52 88 9
39 73 38
39 53 21
28 82 25
52 61 40
31 81 20
48 87 4
34 61 22
33 85 31
53 87 19
54 74 30
47 56 36
38 82 11
38 80 29
40 54 14
46 60 20
51 88 6
44 68 24
27 63 14
40 67 3
42 76 8
25 59 19
43 53 8
33 70 19
57 58 35
55 83 25
33 49 31
62 31 20
57 35 26
74 63 16
40 61 0
59 32 10
57 55 20
72 52 32
78 28 -3
55 29 -3
54 36 32
47 28 19
45 38 -1
55 64 26
55 66 17
72 48 14
67 32 -2
48 55 26
71 65 10
78 36 14
60 27 24
63 65 5
78 36 14
77 27 34
64 56 17
38 56 6
50 33 17
56 53 11
52 41 27
44 55 17
43 60 12
76 28 36
69 47 11
78 40 29
49 65 22
53 33 34
61 66 19
41 37 0
38 52 23
56 42 35
78 29 33
51 50 36
59 48 14
47 59 -1
70 55 11
53 51 33
73 28 36
63 35 20
57 45 0
62 54 14
47 31 27
63 54 31
63 52 9
62 41 19
78 37 2
43 61 -3
68 57 28
71 61 16
47 66 9
63 31 23
42 51 1
61 61 24
60 30 22
60 59 1
50 56 18
64 39 9
42 43 17
47 52 26
73 51 37
64 26 27
69 38 30
42 61 -2
65 62 22
68 40 3
68 63 18
62 63 32
40 61 3
47 54 1
39 48 18
70 48 25
39 58 10
76 27 11
54 35 29
46 38 28
46 30 34
54 62 37
60 55 18
49 29 5
58 43 4
44 28 35
53 61 2
76 35 28
40 46 24
74 47 21
66 29 9
66 46 13
63 65 18
76 52 22
72 55 17
48 66 24
58 58 9
60 60 12
74 36 22
55 64 31
65 54 30
63 27 3
66 64 3
55 29 -1
72 50 4
58 45 10
45 56 25
74 53 7
69 63 7
41 57 26
41 66 27
42 36 7
50 38 37
78 66 11
41 50 36
70 47 12
57 52 22
42 29 11
47 63 33
47 64 29
46 66 8
65 38 10
67 63 -2
68 43 36
78 45 34
41 33 8
47 57 -3
78 50 23
54 58 31
48 39 19
78 61 20
71 57 1
54 27 2
60 40 -2
59 26 6
61 64 12
59 60 15
69 25 63
74 50 42
78 40 54
68 48 33
82 56 71
77 27 57
76 30 55
88 59 48
57 45 70
57 59 45
88 58 57
72 53 43
68 51 39
67 47 44
71 43 34
53 58 70
52 56 34
90 43 69
84 28 47
60 43 65
73 41 62
70 43 44
84 41 51
60 24 32
89 26 48
89 42 71
75 59 66
54 27 55
71 42 42
70 28 45
63 22 60
53 33 52
68 35 68
70 30 44
77 47 42
82 56 51
69 27 50
90 47 53
62 51 52
80 58 35
77 41 33
73 35 61
66 53 37
66 34 49
78 51 55
80 53 33
80 59 71
56 33 65
51 58 37
80 46 56
69 53 46
76 27 35
57 38 57
72 26 45
54 24 56
52 21 65
62 56 65
79 46 59
67 38 47
50 60 65
85 55 40
88 40 65
73 30 57
77 50 69
62 37 60
69 23 66
82 51 36
55 23 32
56 43 51
75 51 69
51 52 54
63 25 52
62 33 31
77 47 66
52 20 63
87 53 52
51 58 44
73 42 60
67 37 35
62 34 70
50 39 70
84 55 60
67 30 34
78 42 70
77 55 54
78 23 42
57 59 37
83 43 71
59 31 40
80 33 59
84 20 67
57 31 34
90 21 60
58 45 57
83 54 46
58 38 35
88 60 31
89 58 34
70 57 47
75 57 46
89 40 63
86 51 46
66 26 69
78 33 34
52 59 69
67 25 48
82 38 46
52 33 50
59 55 60
75 25 52
74 23 44
77 50 31
67 34 70
88 57 57
51 54 37
74 52 38
88 22 34
80 52 71
56 46 62
81 37 62
70 42 53
60 57 66
76 56 33
72 39 70
86 59 58
64 47 34
68 56 51
84 57 56
72 53 38
50 54 40
86 42 60
83 48 37
79 42 56
83 33 38
55 51 66
59 25 41
57 33 67
66 20 54
52 45 50
66 37 55
2 14 4
13 30 8
7 40 1
23 36 10
-3 16 15
31 49 11
22 48 27
6 14 -2
35 30 23
13 27 8
16 19 -6
24 9 25
-4 13 -4
19 39 27
17 46 23
32 15 15
20 24 11
14 9 5
28 41 19
30 44 20
18 47 28
15 29 10
-2 24 21
10 26 -12
20 16 9
20 11 8
4 25 -6
23 18 -10
34 39 19
32 48 -4
30 26 13
19 28 0
-1 32 24
18 20 19
36 23 0
9 25 -8
3 31 1
32 40 8
33 18 26
3 27 -9
15 19 -7
15 37 12
3 41 -7
25 44 8
6 24 -6
3 15 6
16 26 -12
21 34 -5
21 38 13
31 46 -12
21 22 22
14 33 8
4 38 -10
30 13 20
12 35 5
16 16 -11
23 41 8
34 29 -12
36 30 19
0 9 -8
4 12 -11
30 46 21
7 29 7
25 20 27
16 49 -9
29 42 13
7 11 -10
36 29 17
31 16 2
31 28 19
1 39 -7
21 32 -1
25 26 2
17 25 25
3 15 -10
10 26 17
0 10 -8
-3 39 -4
30 30 13
34 10 -3
29 11 1
12 10 -9
1 24 18
34 26 -9
19 31 0
-4 40 4
9 39 24
5 32 2
30 37 16
36 24 4
31 44 -11
-3 34 28
30 12 -1
3 20 -4
22 15 17
18 44 -5
20 28 0
28 31 -6
12 33 27
27 18 -7
35 9 5
22 17 -1
21 15 27
5 10 -5
4 33 17
14 22 14
32 32 -11
25 36 9
21 24 20
16 28 16
36 43 14
2 20 -12
29 13 -5
27 10 -2
9 28 2
9 14 18
2 29 2
7 49 9
35 39 14
36 48 -4
12 36 -11
18 20 0
36 9 9
25 29 -1
0 9 0
22 45 -7
33 18 0
28 36 4
16 21 23
10 17 3
10 13 0
34 13 -1
9 45 22
4 14 -11
-1 36 -4
26 15 10
33 35 4
33 17 15
3 45 8
-4 9 11
59 76 60
60 76 64
89 73 44
78 87 79
61 75 47
64 84 56
88 94 53
73 92 43
60 60 64
58 72 68
91 88 45
85 79 61
58 57 81
72 93 50
79 74 59
81 69 70
73 65 51
85 70 53
67 87 64
62 87 75
51 79 72
79 88 70
63 63 41
54 86 44
64 68 81
67 80 48
89 95 48
69 72 51
59 60 79
54 68 81
79 71 69
69 92 58
52 61 41
87 94 80
78 87 55
51 76 58
64 56 52
59 78 61
67 65 66
81 75 47
73 83 79
65 87 69
70 80 74
54 73 55
89 84 52
88 57 42
88 78 53
58 69 55
72 60 68
91 88 64
74 81 67
71 62 64
64 84 65
74 76 57
67 68 63
69 63 61
84 83 62
66 79 67
69 59 80
86 65 48
76 69 74
71 90 58
80 76 50
77 80 78
69 93 56
88 86 74
61 56 53
55 66 69
62 89 64
79 81 62
90 78 66
60 93 81
54 58 49
68 66 75
53 75 51
90 83 59
86 89 57
77 88 69
75 65 58
90 82 68
58 79 70
86 81 76
70 86 74
78 75 59
64 59 45
86 73 47
73 78 41
51 63 48
53 90 66
81 79 61
86 89 70
78 94 45
61 66 77
61 90 78
72 64 60
71 82 62
86 94 69
76 65 62
91 89 47
79 85 49
52 85 75
81 63 61
62 79 78
91 77 75
58 69 49
54 88 45
89 75 61
79 58 71
89 74 66
63 56 74
75 60 54
83 83 79
62 66 56
57 75 62
70 71 70
75 60 57
51 72 47
87 83 75
69 93 75
64 55 63
90 73 61
70 73 56
62 63 53
64 76 55
69 55 77
74 93 41
86 71 74
77 66 77
86 67 60
53 59 47
82 65 49
91 95 54
74 70 45
75 63 49
80 70 65
83 78 44
57 95 61
83 83 78
59 70 44
51 88 77
43 82 100
67 99 104
49 85 68
56 71 87
68 87 74
43 75 75
60 75 103
31 87 101
62 89 67
30 84 90
47 85 93
62 89 101
38 73 94
63 81 68
37 90 88
55 98 92
69 90 96
52 83 93
70 96 88
68 73 65
37 98 65
63 81 86
30 93 100
34 106 95
53 81 81
53 103 78
44 86 65
46 102 91
62 86 97
62 73 74
46 87 64
34 103 70
33 88 74
54 95 100
37 67 85
36 83 84
32 84 66
58 95 95
41 100 66
32 78 89
44 76 77
38 74 79
49 81 92
40 101 92
34 81 97
50 103 76
52 105 73
31 96 83
44 78 87
51 85 75
59 105 96
63 88 92
47 78 91
56 80 68
33 95 97
53 85 88
46 90 83
64 90 76
40 86 72
48 104 64
60 67 88
41 106 70
63 95 79
46 96 71
37 87 65
65 83 67
36 74 72
39 75 71
51 97 89
65 86 75
37 105 91
56 76 102
42 96 88
33 69 104
60 85 65
62 79 67
46 67 79
62 78 83
39 84 103
38 75 82
62 73 96
64 92 101
41 99 98
46 85 76
59 68 64
69 90 74
41 102 70
37 106 98
60 98 79
68 96 101
52 67 74
63 98 77
46 87 87
36 81 102
48 89 80
54 78 86
55 102 91
44 78 104
48 88 101
33 87 86
61 106 84
51 99 77
41 74 88
44 100 67
61 102 100
56 99 74
52 105 97
69 87 79
33 100 66
63 105 72
67 70 104
48 82 68
57 98 92
43 71 91
70 88 73
34 103 103
34 75 104
60 103 73
69 89 74
54 78 83
38 80 78
39 82 74
44 76 79
44 72 76
47 82 93
48 70 86
49 77 86
55 104 71
55 74 84
36 68 69
63 89 102
60 72 83
36 106 66
51 102 97
64 85 89
53 71 95
55 106 73
36 68 82
66 93 102
35 87 79
32 31 49
22 15 82
-1 23 73
16 16 83
26 12 52
29 25 48
0 36 62
33 8 68
30 27 80
33 28 78
17 26 46
5 4 81
23 30 58
16 3 71
-6 9 45
-2 18 51
27 12 82
9 17 51
20 37 77
0 6 59
34 38 80
29 9 65
17 4 57
22 20 51
20 33 48
14 32 67
28 12 72
11 21 70
24 12 57
21 10 44
32 22 54
25 14 60
11 7 50
-4 7 63
1 31 73
13 18 78
27 38 81
18 26 65
32 31 52
6 26 45
17 20 73
20 18 78
17 14 75
19 25 54
27 28 53
27 38 49
9 14 46
16 35 83
25 35 70
18 42 69
29 21 63
-3 24 73
15 5 46
3 2 44
25 31 55
-5 2 45
20 21 47
28 25 75
31 5 60
-6 8 76
5 34 45
29 16 66
4 8 71
5 30 79
18 12 66
18 15 68
29 23 73
-5 2 52
-5 3 78
-3 7 52
2 22 51
4 33 67
2 6 56
34 14 60
6 36 70
12 15 81
19 23 55
29 29 45
29 19 64
28 35 47
23 42 71
10 23 48
28 28 63
6 36 72
13 31 81
18 41 44
22 30 66
17 16 44
7 30 64
14 10 69
-2 4 48
23 3 73
33 24 47
-5 32 65
16 42 81
-3 21 74
17 3 78
21 25 68
32 3 48
19 22 77
-1 9 44
20 42 46
33 5 53
9 33 61
25 21 80
34 32 47
29 21 74
13 21 82
25 15 43
11 22 43
27 8 48
13 39 65
7 20 43
11 19 59
32 22 57
0 23 49
5 13 54
4 21 69
-2 38 75
30 6 71
10 8 54
4 13 74
33 33 66
31 10 46
-5 27 57
-1 5 51
25 36 73
33 24 43
24 15 73
28 20 73
17 25 62
24 11 68
8 31 76
8 37 75
12 38 72
-3 40 73
2 25 66
29 33 62
-3 37 45
18 7 52
42 75 82
68 67 115
52 49 80
40 72 81
48 40 88
73 79 82
37 69 103
60 55 97
70 67 110
44 61 92
51 76 114
42 51 92
55 70 80
59 69 97
42 46 108
70 51 77
42 58 90
40 46 91
61 79 87
64 41 101
53 49 101
70 52 107
55 68 81
52 78 91
60 65 93
45 67 94
37 67 108
36 54 81
60 66 110
49 56 91
74 55 93
73 62 103
49 47 103
49 41 85
58 61 109
51 50 84
37 56 94
64 61 98
46 73 103
66 58 98
70 64 112
44 53 100
45 67 111
34 47 103
64 71 87
49 55 95
66 50 86
65 79 109
58 61 84
39 61 113
37 58 76
48 47 85
67 57 112
68 46 88
67 46 95
48 53 108
40 47 108
43 45 95
57 73 112
40 41 83
45 75 106
40 45 85
65 57 81
74 43 90
69 59 86
45 67 107
59 67 98
63 51 87
56 41 75
58 61 108
66 50 75
67 72 79
67 59 108
42 78 85
45 62 96
51 39 77
71 43 104
65 61 97
54 44 84
45 57 86
73 52 76
43 78 89
55 51 79
72 79 111
38 79 102
50 60 76
36 71 97
43 42 93
55 40 109
64 60 101
47 57 100
45 61 79
63 46 105
43 78 76
38 63 88
69 77 110
35 45 96
50 50 105
49 79 88
62 78 88
55 72 94
66 57 95
48 41 100
68 60 108
63 44 108
51 74 110
35 41 90
34 74 104
47 45 99
37 64 95
48 44 115
41 77 76
55 64 88
54 40 83
66 63 92
74 46 99
36 40 113
48 60 111
35 60 106
41 71 75
55 75 100
62 69 102
39 75 95
55 50 108
68 73 85
52 74 102
60 44 115
47 46 89
42 61 107
34 44 101
36 60 114
72 41 104
65 53 113
62 75 91
71 68 108
60 44 83
48 59 75
53 51 107
46 76 75
37 63 76
-13 85 51
14 103 75
-12 108 67
17 108 75
1 90 59
-10 79 90
10 87 78
-10 84 69
23 91 90
-3 83 78
18 84 55
5 92 82
16 89 81
11 100 81
12 76 53
-7 86 76
-12 109 90
6 81 90
13 94 72
17 85 80
18 93 54
20 108 67
5 85 89
2 73 67
7 86 73
18 74 52
20 104 88
23 83 73
-7 90 63
-6 76 55
-12 82 69
24 87 83
6 109 50
23 74 61
11 71 89
-5 74 67
8 108 89
15 97 69
13 104 70
0 80 63
-3 76 51
7 109 84
5 85 60
10 96 63
-11 108 81
23 89 86
6 85 80
20 98 53
0 109 88
22 97 79
-14 72 52
21 103 82
6 99 67
24 100 63
-7 79 69
15 93 66
-15 80 81
7 99 83
-11 98 72
-3 109 79
20 107 69
18 90 90
-13 100 60
-3 81 84
-9 71 61
6 102 76
1 109 82
11 87 55
-2 90 64
-14 74 71
-11 74 51
-11 97 88
-5 91 65
9 104 78
22 98 66
2 90 61
-6 103 59
-6 74 90
24 75 89
9 80 90
-12 87 60
-6 94 61
-1 85 50
-12 92 77
23 82 79
0 80 70
-16 78 65
19 87 61
10 97 54
-7 73 78
2 78 83
-12 103 70
-1 98 54
0 101 69
-1 74 85
2 94 71
17 79 64
12 96 72
-3 100 72
24 78 68
-14 82 59
-5 106 90
-6 91 59
19 84 69
14 74 75
-15 107 90
-12 86 66
-13 79 78
21 101 82
10 88 78
-12 93 74
-13 101 63
-11 91 89
14 76 81
20 77 67
8 103 59
21 82 57
23 110 87
-12 83 63
-9 89 57
17 100 81
16 71 63
-13 86 79
19 100 61
-16 78 51
3 72 69
3 79 66
3 97 90
-6 95 67
9 93 88
4 110 63
-4 80 54
-16 91 53
-14 99 60
21 87 55
1 73 52
-1 81 68
3 106 82
-5 92 69
13 73 85
-6 65 36
17 62 24
-3 54 28
7 76 37
-2 62 18
4 78 41
-1 51 37
-2 76 13
3 62 14
4 85 14
-14 88 41
-6 61 47
0 79 20
-11 78 36
9 86 43
-1 81 19
1 54 46
-13 72 43
6 64 33
0 79 24
3 69 23
23 60 19
15 82 36
-3 85 11
21 73 33
-2 52 17
25 51 43
-1 50 32
15 90 41
-8 58 30
21 64 8
22 72 34
-12 72 19
23 66 27
-9 72 11
19 63 34
21 64 41
13 55 29
23 63 10
-11 89 31
-4 89 42
12 77 18
5 83 26
3 81 36
17 69 13
21 89 8
-3 83 42
17 80 30
24 85 22
1 79 8
3 89 9
-11 82 43
-2 72 21
-6 77 20
26 81 25
-9 86 44
26 82 28
3 50 21
19 83 39
9 76 18
23 68 10
-8 57 20
-3 71 7
11 89 44
4 53 39
14 71 29
-14 85 40
-11 55 23
6 60 10
19 88 37
3 74 12
4 84 7
-14 60 9
11 75 19
15 66 21
25 66 23
3 74 21
-7 72 37
22 84 17
-10 58 47
1 82 7
16 77 12
-1 54 20
12 84 8
19 71 40
-14 53 30
-3 75 24
12 89 20
8 85 25
4 63 20
10 74 9
11 82 30
14 86 31
21 69 31
15 57 19
24 59 29
-13 80 24
8 55 26
15 70 19
4 83 18
6 73 13
23 64 24
26 82 7
-9 61 13
2 69 17
22 78 7
7 55 26
-14 77 7
9 76 41
7 74 8
8 79 18
-1 70 47
17 74 10
12 52 31
13 74 23
-1 60 26
19 82 37
5 75 35
6 55 20
21 64 26
20 82 31
7 62 38
-7 58 21
12 64 14
0 76 38
7 69 11
-4 63 22
-13 80 15
5 86 27
-7 68 30
3 51 26
19 79 36
-1 75 15
16 53 23
-9 87 30
-7 66 40
4 88 37
-11 66 38
19 80 37
-10 55 38
57 39 78
55 12 70
47 15 61
30 46 76
55 26 65
51 12 63
32 39 55
42 41 79
20 19 78
37 39 62
27 30 47
33 27 57
45 16 66
37 32 75
50 39 73
17 28 48
21 46 74
56 36 50
19 15 75
49 28 78
39 23 79
26 50 62
36 34 75
42 41 48
47 13 76
39 26 68
51 24 46
29 29 58
24 40 59
51 36 61
23 27 73
31 25 43
40 33 58
35 13 66
42 34 50
28 47 72
23 46 66
31 41 45
23 42 66
51 26 62
44 26 58
48 31 52
34 10 67
48 49 56
25 48 78
17 21 81
44 23 75
48 29 53
50 13 52
38 21 69
23 41 80
49 14 63
39 45 48
56 25 67
38 20 63
22 23 52
34 15 55
57 33 57
17 11 51
41 35 42
53 29 51
36 27 82
54 21 56
32 11 78
30 34 61
17 34 76
45 45 81
29 45 81
38 39 67
31 35 60
35 42 78
48 16 70
21 12 44
34 15 82
42 16 55
28 27 56
20 28 62
54 36 49
17 23 71
22 48 73
34 20 72
38 34 61
39 30 66
32 17 75
53 32 58
44 14 59
39 43 67
49 43 79
37 41 56
33 47 59
29 32 49
21 40 74
57 47 80
48 33 68
40 31 71
24 41 54
19 36 49
43 16 53
53 32 51
22 48 44
50 49 76
50 39 78
30 40 78
55 32 58
55 38 59
53 12 59
49 41 54
33 32 58
29 32 72
41 42 65
19 36 42
41 33 57
48 28 46
22 21 67
43 17 79
47 36 70
38 18 72
33 46 68
53 41 60
35 26 61
49 50 71
23 11 56
19 18 43
52 29 61
55 40 66
18 15 49
52 19 43
39 29 76
47 39 42
42 41 64
17 31 67
33 48 82
53 35 57
38 19 82
53 32 71
46 45 76
22 16 45
33 23 53
39 45 42
26 43 73
