290 65 436
222 100 432
266 81 399
281 128 473
280 101 444
255 108 446
251 87 469
282 148 431
209 62 403
209 68 435
237 58 454
259 90 437
254 140 380
276 102 403
236 84 474
276 76 476
231 138 435
295 74 389
235 68 464
298 69 386
234 94 442
236 114 410
300 155 433
285 92 443
248 132 378
288 93 407
283 111 409
280 126 384
282 106 379
216 94 394
202 70 433
217 74 389
240 56 382
272 118 434
280 140 466
274 57 473
231 144 422
225 94 407
208 140 448
266 101 464
282 140 380
260 141 411
258 131 432
202 61 446
253 85 385
240 155 394
283 123 458
235 72 430
239 62 466
258 128 429
232 122 379
280 76 382
271 64 387
239 73 396
259 125 456
208 140 422
212 125 420
244 126 427
279 151 386
276 129 407
269 59 412
292 56 435
257 105 382
212 151 469
256 126 398
295 122 413
212 86 404
230 124 452
286 58 412
274 99 390
276 140 386
279 146 410
244 150 412
287 103 451
236 60 441
299 80 425
274 130 430
211 69 392
212 156 458
204 84 433
268 149 406
290 126 376
266 154 397
292 64 450
202 138 466
209 129 384
211 92 396
232 132 393
208 114 468
251 136 430
221 56 474
219 125 461
275 101 425
278 104 471
285 140 456
266 69 396
232 131 429
229 80 439
245 118 464
244 130 442
265 111 410
224 60 432
232 63 470
283 125 379
229 119 395
215 126 413
282 147 437
213 73 442
227 62 436
279 66 385
235 102 444
254 140 398
280 107 426
249 132 379
268 116 404
211 118 453
234 154 442
300 100 427
255 153 444
261 122 444
295 109 440
297 59 442
301 112 472
236 77 387
254 73 468
235 111 421
248 74 420
260 91 378
255 132 454
218 83 455
212 134 430
248 135 397
237 110 458
250 117 469
206 135 399
268 88 469
210 67 424
230 83 389
284 71 391
268 64 418
261 115 412
255 125 467
247 147 435
248 100 380
250 62 377
218 104 433
300 68 475
293 118 403
212 92 434
223 102 384
278 93 409
210 62 470
282 139 396
210 66 415
276 146 443
217 57 436
249 138 378
274 63 467
284 130 376
212 61 471
498 28 41
455 9 94
510 71 34
489 46 25
487 -1 104
440 68 46
519 37 88
474 50 74
461 24 61
424 -3 42
495 79 50
460 75 30
469 51 60
452 -1 32
457 15 77
473 21 105
442 61 86
496 19 27
476 49 29
451 -10 103
460 47 32
464 -16 19
452 32 8
447 52 36
488 52 61
517 10 34
517 -2 90
482 19 64
464 62 71
435 72 50
441 35 39
477 21 49
472 59 48
460 -8 67
504 10 65
491 5 64
426 61 68
430 57 16
490 -15 74
445 -14 89
477 -7 81
457 67 60
460 77 15
509 38 75
497 -9 38
456 22 39
496 35 12
458 27 62
494 72 46
445 54 100
483 73 94
472 63 37
470 4 97
473 30 74
467 78 36
462 22 32
458 19 91
490 58 43
444 -6 39
442 38 39
480 23 53
426 67 28
505 83 66
515 82 89
449 -2 36
426 14 39
438 80 65
487 26 83
429 1 25
516 38 70
480 73 22
486 -6 35
498 27 70
489 71 65
488 68 55
464 53 36
478 79 29
512 -8 71
460 44 17
474 59 48
463 29 13
477 -3 97
426 73 34
419 78 21
435 14 26
423 15 69
519 58 32
432 40 74
507 39 87
450 30 27
442 -9 69
508 48 20
443 8 78
433 24 22
487 10 97
488 54 33
431 29 96
431 67 40
429 16 101
443 -8 47
507 11 65
422 -10 50
493 64 103
491 31 29
482 -7 85
419 49 41
482 -6 100
486 -7 96
468 -15 93
448 57 54
425 26 15
468 -3 43
511 48 100
445 70 38
494 10 30
513 48 22
479 -16 55
434 48 76
429 56 14
495 56 71
445 60 61
426 63 21
492 33 105
427 54 63
500 49 107
486 79 93
442 60 66
423 79 74
519 -8 66
422 44 50
482 18 108
475 -3 94
456 25 22
459 76 27
470 6 9
458 -1 56
462 -15 85
439 30 98
498 78 48
432 79 96
422 -15 70
512 57 33
495 31 90
517 36 97
438 -1 53
492 0 48
506 77 70
507 35 95
423 -4 9
446 40 92
512 82 108
442 78 29
472 -12 108
452 8 94
462 81 31
478 58 87
462 76 83
498 73 25
483 30 58
507 36 13
246 146 296
285 105 272
305 57 280
230 73 296
276 104 316
261 146 364
305 82 312
316 85 326
266 128 348
270 127 297
244 104 305
273 143 312
245 109 311
222 113 279
316 80 300
316 70 275
246 65 344
259 87 290
298 103 305
291 55 337
223 102 330
236 105 287
255 55 303
236 131 341
278 74 336
269 54 303
242 107 349
237 125 265
296 117 310
268 49 309
267 54 356
259 138 349
275 83 314
293 76 312
244 113 355
290 83 287
289 132 299
266 76 301
297 142 299
230 92 305
245 115 345
294 126 308
292 78 299
228 49 310
266 128 273
304 111 339
262 57 283
233 63 331
274 131 360
249 137 310
309 141 317
307 64 319
315 85 296
231 116 362
311 132 291
240 127 304
279 74 333
299 140 301
256 67 329
281 74 336
284 119 314
222 51 276
299 134 265
234 56 299
259 144 268
283 60 346
225 81 323
219 66 333
228 130 298
299 90 360
260 60 301
307 85 302
239 116 339
240 99 337
317 97 321
269 56 301
232 77 283
224 133 270
285 75 281
303 145 270
314 138 297
310 141 319
305 83 347
270 64 335
248 130 342
273 138 334
273 66 328
229 51 273
241 142 334
306 80 283
282 87 272
298 114 330
279 104 276
249 85 275
282 58 303
280 134 310
224 75 319
299 110 272
244 86 287
294 100 309
267 146 307
231 49 360
283 72 336
257 110 354
291 102 340
311 117 359
278 100 357
301 136 272
225 68 295
287 109 355
255 101 349
244 56 276
264 142 312
315 66 274
293 111 357
274 71 324
268 73 295
300 98 354
296 148 300
246 82 351
257 84 292
222 122 295
257 143 343
253 141 327
296 57 341
310 77 316
297 133 321
273 98 360
233 53 320
262 148 265
283 122 336
234 132 308
279 58 281
316 127 340
252 63 353
311 93 361
311 129 362
258 133 297
260 54 333
270 149 359
296 67 282
268 107 329
256 140 299
261 98 286
265 115 290
220 99 282
299 106 315
230 146 343
285 62 334
258 118 300
274 81 321
218 59 271
306 66 360
298 136 304
243 103 324
287 134 272
218 123 280
293 139 302
289 105 356
312 70 309
453 373 247
496 350 239
455 394 230
491 412 263
452 413 238
487 341 261
466 333 186
435 360 188
420 334 180
501 396 246
413 400 225
428 318 240
487 378 236
466 410 249
462 331 238
504 411 201
448 392 239
467 317 184
438 328 231
492 345 232
456 399 171
476 342 166
439 344 262
475 409 183
470 335 246
501 405 256
440 401 174
455 382 210
445 373 224
478 413 229
423 386 179
472 379 258
507 335 246
498 392 201
490 406 186
471 324 213
417 360 230
512 363 233
501 328 252
498 342 263
427 374 233
487 353 172
448 350 203
443 402 173
495 325 174
453 349 225
488 389 199
477 407 231
416 388 195
497 319 171
450 387 171
459 402 192
426 403 182
511 317 170
489 411 255
501 322 253
506 415 204
460 390 264
417 371 251
462 319 188
505 343 248
427 355 228
445 318 258
440 339 211
445 324 261
419 338 237
446 393 190
476 363 204
482 338 172
475 396 211
485 399 243
439 390 216
463 392 252
416 353 191
486 368 176
466 337 240
484 317 243
484 377 173
492 356 213
483 319 226
424 337 243
444 316 257
446 353 198
508 372 187
455 317 213
464 414 206
419 386 254
484 337 229
448 320 217
503 329 241
467 378 237
505 386 227
503 337 195
482 349 249
504 375 222
437 341 253
439 402 236
466 388 242
472 331 195
440 400 244
466 404 248
452 415 177
441 326 244
476 410 215
492 342 225
421 361 205
413 403 212
493 388 241
416 360 263
470 405 211
429 396 207
513 397 189
430 340 226
507 410 188
477 323 192
443 325 204
497 349 244
437 413 174
425 385 208
422 371 225
432 383 203
486 341 216
426 357 251
470 368 217
422 350 231
472 401 256
508 410 204
430 384 170
484 413 224
424 361 165
423 328 250
497 382 218
469 334 189
504 327 208
471 373 199
414 350 215
426 315 263
486 347 195
445 315 240
444 395 179
466 395 223
426 361 164
439 395 244
501 319 232
497 328 183
425 336 241
488 317 217
422 387 164
497 321 235
413 359 263
432 371 189
467 327 219
498 318 220
488 402 190
481 412 193
473 399 182
495 381 169
432 391 205
458 333 187
511 358 211
143 244 467
130 245 477
166 253 456
192 232 521
190 277 544
145 215 462
98 282 488
192 297 491
194 216 507
190 252 494
122 267 510
153 295 540
182 204 488
119 231 528
110 300 534
120 291 505
161 216 467
124 274 455
110 278 489
165 300 536
190 275 488
111 251 474
176 301 465
193 303 496
145 219 467
190 203 456
158 233 495
151 237 491
168 295 502
126 259 528
111 240 534
163 291 455
98 264 543
118 243 454
148 292 539
163 254 464
105 206 474
137 266 476
175 228 453
135 249 495
164 266 514
110 231 463
190 290 496
129 232 528
169 230 528
146 290 452
100 272 501
146 231 458
102 258 518
143 287 475
180 273 502
128 255 543
161 218 487
185 292 513
149 291 491
192 278 532
103 299 499
188 252 485
114 248 457
170 255 538
110 205 500
193 221 473
124 206 544
143 223 538
192 281 471
162 217 489
160 263 505
177 205 531
169 210 477
160 285 501
150 220 453
104 284 470
147 231 503
193 265 464
178 231 474
103 222 506
162 222 504
174 260 478
99 230 455
162 274 529
173 226 524
103 256 459
98 215 484
182 254 514
108 207 509
175 237 481
100 264 464
185 298 549
108 212 456
157 295 477
176 295 509
114 232 512
196 290 475
160 271 533
173 288 462
181 226 534
132 264 500
114 279 482
143 224 522
101 212 513
116 261 520
119 282 485
99 258 485
110 292 528
140 228 477
158 279 485
104 291 488
138 258 497
184 222 482
138 229 477
103 303 489
142 272 481
104 282 538
107 205 467
103 287 452
178 279 462
174 247 542
160 275 526
125 256 489
137 237 545
187 224 479
111 255 461
175 248 523
131 253 549
142 300 458
139 297 457
139 240 526
130 295 547
177 236 464
114 295 478
98 214 501
118 234 471
182 271 481
176 242 453
196 229 546
189 286 488
185 237 479
105 224 532
155 233 450
154 219 495
128 255 535
97 238 517
158 225 502
185 281 532
163 228 496
177 284 479
159 253 463
194 290 498
182 215 458
149 217 539
195 212 515
188 295 494
163 203 487
195 211 511
146 275 510
160 244 549
138 235 491
142 231 450
180 224 460
129 285 497
254 103 147
250 182 236
287 170 155
283 171 229
283 189 182
308 132 170
262 116 193
259 122 204
254 115 228
212 111 177
247 129 168
240 164 214
283 170 170
228 140 240
286 183 169
271 182 230
264 147 184
213 178 207
307 116 160
265 152 192
258 167 158
298 101 175
291 151 200
210 187 188
214 150 154
302 161 221
241 139 160
228 150 197
249 194 151
293 170 210
295 134 192
213 159 225
241 121 178
216 96 220
221 169 146
254 126 224
297 140 207
281 126 148
267 181 182
262 122 188
249 104 160
273 126 242
309 181 155
264 158 167
257 145 229
289 105 193
280 143 201
226 183 154
235 128 177
211 164 239
304 134 182
274 129 218
226 194 203
244 105 202
290 169 238
270 138 203
224 104 240
265 181 235
303 180 212
249 140 191
233 101 192
303 120 192
293 184 192
245 178 164
299 149 196
304 139 178
306 134 164
264 190 164
230 169 246
307 98 211
234 181 169
301 195 245
281 136 236
229 114 147
235 110 147
256 128 153
297 143 157
237 174 219
255 170 170
274 169 242
299 161 149
295 194 164
238 108 232
252 113 239
221 148 210
288 158 204
222 134 176
213 184 214
303 192 230
259 186 222
293 191 179
288 143 216
243 109 161
293 116 239
302 144 210
287 174 209
260 144 186
277 138 186
269 184 218
310 120 221
308 117 239
280 105 147
284 134 169
229 171 197
246 97 210
242 191 243
226 152 169
275 95 184
290 96 226
281 146 155
273 181 149
294 117 203
222 170 215
262 148 158
309 137 169
272 177 241
273 185 189
220 151 204
280 165 155
237 108 146
212 148 181
307 112 217
218 170 175
302 188 234
255 180 171
276 192 238
272 113 169
299 117 150
260 115 171
242 101 187
308 122 183
249 171 211
227 177 176
290 162 178
231 177 206
214 111 172
302 154 219
245 195 181
283 139 240
247 145 195
253 131 163
280 145 149
260 185 154
268 165 173
304 97 202
308 141 156
261 116 221
294 108 241
241 136 200
269 107 160
286 191 179
262 167 186
302 122 241
244 137 181
308 139 151
297 188 156
264 151 211
278 161 214
303 135 162
233 143 172
425 65 293
476 37 288
477 40 352
473 89 315
400 100 270
407 12 329
409 30 285
489 99 311
418 66 329
449 25 347
434 9 352
477 71 270
424 85 333
491 20 285
460 93 336
453 102 350
438 87 265
434 35 354
403 44 297
474 79 273
467 43 262
495 83 319
418 23 310
470 36 265
400 100 299
406 83 317
491 86 261
414 64 290
443 82 305
455 49 323
467 59 317
440 30 341
458 19 332
498 13 338
467 99 284
420 18 324
496 38 270
413 45 324
494 14 349
410 100 351
494 14 357
485 33 285
412 91 286
449 55 283
412 49 305
431 91 323
449 51 305
457 86 356
432 57 287
473 31 347
480 37 271
473 62 325
437 81 261
482 55 263
473 106 288
427 87 345
472 85 346
497 37 295
421 51 301
479 14 291
440 62 345
452 107 337
426 40 334
408 39 349
475 8 335
485 95 263
411 39 282
426 95 268
427 39 292
500 68 309
413 42 358
478 11 305
454 70 323
413 103 353
456 67 313
494 21 315
430 93 330
451 50 338
485 99 357
486 63 332
463 92 282
484 85 333
418 50 348
467 71 333
400 106 305
434 92 360
480 71 361
408 80 280
414 38 343
471 43 284
463 56 299
471 63 337
458 43 345
460 66 300
441 91 310
405 91 261
435 37 345
413 35 291
415 32 339
464 81 336
445 108 349
486 48 358
491 46 341
456 77 286
413 32 338
486 65 293
432 100 261
449 100 269
443 65 361
483 55 269
491 103 316
404 62 309
416 10 311
424 30 338
437 76 290
466 20 261
468 91 291
431 79 316
440 59 344
489 22 340
410 85 282
433 34 330
453 72 338
435 13 345
425 96 273
405 46 323
442 103 315
460 27 361
449 64 261
432 8 267
417 96 269
428 94 325
442 49 361
431 50 268
447 56 344
463 78 358
473 86 358
486 95 270
409 82 338
456 102 323
482 70 319
471 46 276
460 92 317
470 49 350
412 33 357
444 45 340
454 78 311
499 75 361
476 62 278
445 38 339
473 11 292
403 21 266
417 38 271
409 10 330
408 10 327
492 78 297
484 60 307
497 47 337
478 36 336
408 18 265
138 199 184
98 234 219
121 192 228
150 175 213
129 224 217
104 203 149
124 177 184
176 218 177
183 253 211
183 238 221
138 188 187
108 178 222
117 183 154
148 236 204
171 189 185
170 199 215
89 205 211
155 207 232
151 174 199
124 183 228
165 171 189
105 255 187
179 235 199
170 177 236
96 214 228
128 194 178
168 207 153
94 176 187
184 203 159
94 168 160
97 253 148
160 211 225
141 242 235
167 221 237
148 218 210
185 189 227
157 244 178
141 226 214
120 199 209
172 256 192
143 197 225
105 192 196
168 236 203
153 247 169
132 255 240
157 185 165
172 243 199
109 231 235
171 189 199
173 190 145
106 254 243
152 208 231
94 259 237
168 250 180
117 196 158
166 179 244
160 187 163
95 228 160
104 261 180
139 201 158
163 185 228
155 244 190
141 262 206
181 183 157
170 190 154
167 225 196
107 164 175
129 164 201
172 247 192
108 255 224
174 230 198
141 183 226
153 237 153
184 170 225
120 183 171
107 170 221
94 205 145
112 250 244
149 262 192
158 169 225
125 208 209
133 186 153
164 211 195
164 245 161
133 246 236
99 211 209
165 250 180
177 241 226
119 191 180
185 171 214
178 200 199
182 188 212
127 196 152
163 177 230
114 259 149
114 208 213
96 251 171
178 241 236
113 175 191
129 235 154
186 251 157
94 180 245
167 230 243
179 195 194
173 220 227
103 252 150
164 224 234
121 169 222
139 176 226
186 166 245
141 219 239
156 183 231
160 195 169
96 237 241
169 222 240
101 219 164
150 255 185
97 190 148
122 257 245
146 242 154
108 227 176
99 200 145
166 251 199
101 209 212
90 186 218
121 198 235
98 195 163
117 201 163
120 256 226
151 182 174
134 206 195
111 217 226
125 184 232
147 207 234
104 204 145
113 218 170
147 206 178
152 200 165
117 200 162
150 187 215
94 236 157
151 222 222
124 262 174
176 208 168
167 189 214
117 184 173
155 165 241
119 211 226
102 177 202
153 179 172
132 168 232
163 204 242
101 251 156
110 209 173
172 213 209
113 206 190
172 231 189
156 238 245
104 180 240
128 164 233
203 265 154
238 241 208
207 280 134
223 235 164
274 235 150
255 323 183
242 292 129
214 234 221
279 255 202
259 273 185
253 267 165
230 235 186
245 272 128
245 276 215
206 282 139
241 313 222
265 292 176
254 320 140
263 311 179
193 310 177
227 247 172
260 312 133
227 250 202
243 301 201
209 281 180
268 266 137
248 271 201
247 310 173
282 256 154
209 245 156
215 283 205
269 269 184
207 322 182
228 290 128
237 226 211
273 293 197
262 226 221
223 307 150
241 295 207
251 226 210
235 319 164
276 253 225
221 225 188
205 282 196
272 267 158
241 286 212
229 309 227
195 319 150
255 305 171
252 310 145
268 251 213
193 262 214
249 272 167
194 258 201
185 316 147
191 316 155
236 235 163
260 247 186
189 272 154
197 235 215
271 230 193
202 314 201
256 241 180
220 311 134
227 247 224
282 278 142
276 280 136
270 258 189
248 254 141
258 253 228
223 288 132
283 242 182
242 261 157
271 224 217
205 320 134
213 323 193
212 246 190
260 252 141
240 268 157
235 293 221
235 229 201
275 239 162
202 295 174
239 280 149
255 263 186
240 224 153
201 323 139
244 239 191
209 323 148
200 289 201
231 250 149
210 242 143
281 270 157
258 294 141
277 250 194
197 291 201
262 250 207
264 226 131
264 303 139
239 249 207
212 230 216
233 275 226
273 316 173
271 299 146
281 234 198
229 312 134
209 224 207
186 320 202
282 306 215
212 254 186
282 267 155
185 280 192
200 283 221
226 268 143
200 281 174
262 316 132
194 225 140
191 317 164
225 238 166
278 279 133
217 281 203
206 315 172
209 274 179
267 317 180
276 291 190
237 230 201
192 245 181
247 315 206
188 323 178
230 320 225
276 242 149
242 248 160
232 274 197
247 298 142
221 258 135
245 251 150
220 224 141
202 233 176
243 281 223
204 283 225
242 305 167
262 322 160
208 304 168
227 238 132
215 295 168
184 268 137
268 247 218
193 242 144
269 282 190
197 286 216
276 321 153
190 226 134
230 315 185
269 297 194
195 268 223
187 285 184
241 224 183
232 309 203
211 291 227
248 288 183
345 193 76
342 183 35
381 194 98
359 209 70
379 212 126
322 268 124
398 183 51
379 210 43
384 251 39
344 255 104
345 233 79
326 247 73
379 240 125
321 243 73
337 210 96
359 187 88
322 203 54
328 202 124
393 210 93
308 251 106
353 208 117
396 184 118
335 245 42
330 210 79
315 173 123
387 185 63
396 220 53
350 196 124
316 195 78
304 207 78
341 254 53
364 234 64
331 252 80
374 197 111
326 199 76
370 173 106
324 254 106
347 249 91
372 195 110
400 242 62
308 203 55
373 194 42
378 213 118
397 187 119
389 262 71
342 193 59
332 171 128
354 241 97
318 213 61
402 248 128
372 191 101
343 225 118
390 199 104
361 244 95
308 186 57
320 226 63
371 184 121
359 260 57
343 213 102
377 255 82
330 198 96
377 235 70
379 213 124
371 270 84
320 236 97
316 176 101
328 184 98
369 230 105
366 216 69
362 240 56
358 229 113
347 253 123
345 181 111
327 226 88
394 266 79
383 243 81
325 197 48
345 271 108
379 185 106
398 207 104
314 237 88
308 258 111
305 250 89
355 203 90
398 172 94
332 250 41
350 241 74
396 206 78
348 229 105
379 247 79
392 245 121
356 223 57
353 259 70
309 256 57
323 215 66
329 271 99
399 202 121
363 225 97
321 184 109
396 191 33
309 247 118
366 179 92
351 223 126
303 232 108
392 172 72
339 270 67
344 253 96
334 237 44
336 224 45
358 204 90
386 240 111
332 179 60
303 174 121
368 244 108
378 227 117
358 225 35
350 179 46
383 232 120
388 238 68
386 249 115
304 249 120
379 222 104
307 191 131
320 267 101
393 190 122
303 237 39
314 249 105
377 222 105
371 211 59
326 204 80
362 229 99
400 175 43
324 245 127
339 202 71
375 205 88
341 202 51
342 232 96
353 199 66
307 217 121
313 200 35
395 260 103
393 228 126
308 208 83
371 214 127
354 261 72
330 190 33
327 217 32
399 233 125
389 197 62
352 175 110
328 180 80
338 248 90
358 172 33
325 236 75
328 231 67
401 241 57
361 225 123
386 261 67
326 240 46
356 179 43
348 149 -15
355 111 49
376 91 61
377 95 55
347 126 74
300 188 1
353 137 68
350 180 32
286 146 47
370 145 82
354 176 12
303 116 52
332 182 26
292 104 37
371 164 -1
299 94 -15
280 94 -3
303 146 12
352 91 3
353 116 36
329 148 37
366 92 22
334 128 22
373 108 63
368 160 76
304 120 -1
360 124 50
318 153 83
331 107 75
323 96 -16
280 137 74
366 169 77
310 171 65
303 180 63
369 110 51
359 100 53
299 173 18
292 180 80
304 164 -10
335 142 0
301 149 67
373 124 60
366 171 -12
341 169 80
335 148 51
323 138 29
379 185 39
300 134 23
343 159 -7
300 182 34
372 164 7
313 136 57
367 127 48
357 132 26
345 131 20
284 129 20
325 185 39
323 110 4
296 124 -6
327 150 60
311 141 -5
352 120 -10
360 94 45
347 120 80
293 125 14
300 182 42
310 102 -12
304 128 1
320 147 42
377 105 -10
328 110 22
303 143 79
333 188 84
348 141 -12
371 105 73
304 181 74
375 169 18
343 128 68
344 99 15
290 143 76
362 132 34
349 186 25
292 181 75
354 152 78
333 122 -6
359 106 44
291 167 38
341 101 43
342 178 27
287 179 59
319 144 -12
359 144 32
371 152 16
350 103 76
305 168 64
313 100 84
352 177 65
282 97 31
328 133 7
367 128 43
337 137 -5
287 188 -4
347 152 -2
302 175 15
361 159 46
295 180 63
327 179 49
292 98 48
281 121 62
331 184 10
379 158 35
370 139 81
316 167 38
322 153 -1
316 129 23
345 121 40
360 105 21
291 96 -3
299 129 27
337 176 21
367 182 -14
356 144 -10
376 110 52
340 97 73
322 104 1
327 133 -6
337 176 83
338 123 55
314 188 74
361 146 -7
313 134 45
296 100 37
334 188 54
281 149 41
375 165 -5
311 145 83
344 163 14
295 119 21
284 108 83
306 168 59
338 177 21
352 160 44
305 121 70
290 124 65
299 105 64
379 117 38
374 92 16
359 174 6
303 92 58
351 133 18
345 109 65
331 169 47
339 128 50
302 96 84
338 167 58
367 96 -8
289 149 -14
349 115 35
287 148 30
364 147 43
533 383 356
460 391 436
445 328 423
535 373 399
503 325 449
531 359 358
510 411 400
508 324 435
504 393 419
439 382 405
478 337 430
520 323 394
474 352 356
459 349 436
503 377 446
437 360 365
489 387 395
442 347 419
450 325 401
452 412 454
487 384 368
447 358 421
482 399 412
465 378 410
480 324 415
490 325 427
519 371 357
534 384 380
493 397 451
499 358 451
473 366 371
484 372 392
505 359 375
445 419 428
467 378 419
503 382 443
528 332 373
525 353 386
435 385 451
485 340 417
516 381 359
498 348 424
502 421 415
475 408 404
439 388 412
446 381 450
518 379 435
459 372 423
530 341 440
517 392 383
439 337 358
494 353 381
462 340 394
522 367 367
507 329 383
441 329 422
442 357 424
455 376 454
531 377 403
444 350 377
459 423 370
440 367 395
492 406 407
468 330 401
527 358 407
476 345 364
534 364 429
504 348 403
494 364 413
499 387 440
513 405 424
520 361 422
527 394 422
491 349 453
505 340 439
515 365 359
471 393 384
509 400 402
467 363 381
476 348 370
442 373 363
522 392 409
464 352 446
445 381 394
520 404 416
435 367 397
485 366 434
480 348 442
507 377 452
483 336 377
474 360 421
436 382 429
435 377 411
477 396 369
436 411 431
479 332 445
458 414 389
511 333 411
503 367 449
492 362 387
511 325 388
497 365 370
467 418 420
452 382 412
457 414 391
461 356 435
469 391 364
506 339 389
520 388 355
452 334 439
504 378 392
499 367 391
475 414 438
465 415 391
443 370 403
452 365 441
533 331 452
508 420 395
474 363 379
458 344 454
476 379 365
505 373 397
490 392 374
486 356 414
523 401 358
447 377 407
476 356 388
452 394 446
497 417 371
481 367 418
523 335 399
462 422 414
474 343 356
454 324 370
502 384 451
520 410 441
438 344 423
445 349 439
511 418 393
502 345 368
463 410 369
528 360 379
474 394 415
446 380 361
489 376 362
435 336 447
443 346 362
480 334 429
518 372 367
438 330 425
527 422 411
462 381 394
514 340 411
530 350 447
520 410 452
465 397 432
506 375 381
529 345 423
495 374 449
447 330 447
396 -1 175
418 -30 216
378 -38 159
363 47 133
428 -25 193
381 10 211
365 -43 147
369 -11 172
447 40 212
417 -38 150
418 -3 222
402 -48 150
394 -39 167
373 26 160
443 -42 222
363 49 130
364 -21 179
408 29 186
397 29 168
418 35 196
374 -34 176
444 -22 140
422 -27 200
401 31 185
425 -22 134
414 -26 200
403 39 134
378 -2 185
364 30 177
372 -3 182
400 -48 210
371 -2 162
389 8 200
446 -9 203
354 -21 136
376 -6 220
371 -48 216
442 -8 217
366 44 170
446 27 213
423 37 207
381 27 210
364 -6 179
350 23 164
403 -43 176
408 -42 166
396 -33 138
377 -6 170
449 -23 148
393 44 177
376 -33 138
367 30 141
415 10 188
429 1 164
369 -37 210
389 -36 180
419 39 178
356 -41 215
397 24 160
430 -15 180
350 -46 149
444 -17 186
376 -49 173
366 -34 154
396 25 191
349 21 227
368 44 190
386 -39 168
417 -33 211
409 0 164
439 -48 219
349 -8 189
405 7 225
364 27 211
420 34 194
366 -15 214
435 -2 229
417 -21 196
372 33 170
396 -2 226
402 13 217
437 27 182
409 16 167
443 -39 218
408 -47 212
360 -46 131
358 -44 189
352 14 187
362 32 129
419 18 198
422 46 167
378 -5 193
349 -28 162
389 -4 203
436 -15 192
417 4 190
391 7 160
439 -2 154
445 49 158
430 -4 207
438 -21 189
363 -40 147
431 2 172
401 -16 145
397 35 134
408 -31 169
355 -34 179
365 6 140
362 25 227
391 -45 153
360 -34 184
373 -10 202
358 36 193
430 -30 202
405 -25 144
429 -37 190
351 -4 159
372 -49 161
411 -22 144
435 2 178
444 -23 154
427 37 186
420 -40 186
382 37 209
409 33 204
383 -6 158
395 -31 193
384 -2 147
358 20 206
437 24 190
359 -26 189
427 -31 156
424 -12 227
373 -42 140
354 -46 214
434 -12 204
432 -18 138
390 -3 135
384 -17 160
428 -40 217
448 -23 216
378 37 203
435 39 159
357 32 182
391 -20 140
389 10 179
410 10 190
349 5 140
390 28 131
421 -3 166
392 -14 202
377 -9 195
399 44 149
407 -29 195
417 26 155
436 23 181
401 -27 206
414 -47 176
436 -37 224
378 13 168
322 154 437
319 192 347
301 191 348
300 198 345
292 144 341
273 163 423
281 205 393
355 146 381
359 159 358
280 151 378
260 134 418
321 214 344
275 213 436
297 205 423
301 121 379
305 195 425
280 117 370
349 192 393
354 120 424
307 195 393
324 151 416
298 212 349
337 207 354
340 130 383
284 166 364
325 150 434
341 136 412
305 151 415
338 128 374
303 212 399
313 126 362
259 183 367
328 179 394
311 193 423
304 149 438
291 172 415
315 159 342
344 211 350
303 157 368
327 130 440
262 142 373
286 200 374
290 127 350
355 172 401
333 145 405
294 163 405
292 142 399
293 169 429
259 122 394
336 136 377
340 174 373
335 145 350
268 124 348
312 124 385
304 154 341
263 199 345
341 140 388
291 117 348
261 197 438
302 132 397
292 135 343
358 199 374
280 159 421
274 144 434
322 173 350
276 150 347
301 213 372
316 141 398
286 214 391
279 166 415
304 214 432
287 127 438
356 156 362
348 124 436
272 205 353
329 124 415
341 147 419
309 157 349
331 150 426
295 116 357
294 152 428
285 197 410
280 189 377
340 126 426
336 117 350
297 188 366
281 194 396
354 177 384
340 163 342
339 133 368
359 121 346
314 121 423
284 146 388
350 205 384
259 142 365
315 155 419
303 157 428
352 163 346
282 153 408
329 143 396
355 169 393
344 148 425
332 164 401
318 134 382
315 143 405
323 130 422
264 183 414
291 175 350
324 197 365
278 216 388
293 211 406
334 129 344
279 120 437
319 167 426
277 204 369
322 165 351
336 123 344
284 167 364
268 173 354
301 132 382
268 209 387
350 153 354
332 179 355
359 185 352
319 212 397
307 215 382
293 144 399
297 156 398
308 191 350
273 171 394
328 156 397
329 142 433
263 118 388
303 148 369
341 137 411
291 133 364
352 210 386
272 140 358
263 170 429
358 192 423
339 212 368
290 138 348
310 185 363
278 182 340
339 133 433
322 187 360
299 214 373
323 162 347
285 150 357
313 198 394
272 141 427
259 140 349
332 128 388
314 140 385
296 128 394
313 215 383
330 186 415
273 197 419
280 124 373
273 214 373
-1 147 128
3 179 152
20 189 176
38 121 117
72 111 159
85 138 142
15 156 161
4 125 95
-9 156 99
4 168 138
28 158 116
49 110 102
52 138 102
16 138 96
12 140 95
39 183 114
36 196 170
-14 158 156
-3 165 130
56 133 130
10 164 148
41 120 126
52 156 127
75 185 132
72 191 137
21 116 148
-11 104 184
39 130 103
8 137 147
64 104 97
83 170 176
21 164 120
11 116 153
62 163 143
10 141 105
49 136 117
72 123 163
-9 160 167
2 186 102
55 141 162
71 127 120
19 141 133
62 182 116
14 176 158
35 144 135
12 149 135
-2 160 133
17 149 89
42 171 168
65 177 178
30 168 160
45 198 171
15 177 95
62 161 88
31 125 114
30 161 188
30 175 130
41 106 168
7 124 114
56 129 112
43 191 187
78 156 116
29 153 96
53 194 126
2 160 139
0 121 143
0 164 160
7 132 178
65 112 110
24 191 132
33 165 117
51 134 144
84 195 131
51 135 102
80 137 153
42 120 105
18 174 132
62 170 88
20 126 109
50 135 90
71 192 136
77 163 186
61 134 140
-2 133 114
42 111 174
61 157 137
51 116 141
43 125 162
-1 177 146
29 168 135
47 160 121
32 124 115
50 111 88
15 158 106
77 202 93
64 169 107
12 146 187
17 139 119
66 177 182
19 124 118
10 122 171
52 126 185
25 111 177
-4 116 106
69 164 91
33 159 149
-12 147 181
6 157 100
1 173 138
1 107 171
68 171 148
3 170 105
39 107 153
4 184 169
6 155 166
85 138 181
-15 128 91
-8 187 89
50 156 108
70 145 136
26 166 150
60 168 182
27 156 145
42 140 149
18 190 164
41 133 130
49 137 89
-2 128 141
70 179 121
-1 199 177
17 144 91
30 112 155
60 190 117
68 136 92
42 183 135
-15 139 116
22 153 154
62 156 107
77 134 117
78 158 152
4 147 157
-8 125 105
-11 130 115
-7 105 180
-5 175 90
42 182 92
10 190 99
39 132 104
35 115 172
38 116 89
77 184 105
20 191 144
-11 105 183
51 111 94
26 146 155
-11 147 157
6 140 181
23 120 116
33 143 168
13 163 161
254 305 275
257 246 355
273 275 307
294 291 348
311 251 308
298 265 262
309 260 282
233 273 335
232 211 345
272 264 311
276 256 315
250 266 301
293 232 265
223 286 267
233 264 294
228 270 278
225 295 323
298 280 326
225 239 306
314 260 277
309 261 291
243 305 342
252 271 343
296 284 305
264 257 296
257 229 302
266 290 318
240 228 263
222 221 286
300 259 266
217 279 312
301 305 281
276 298 268
260 283 311
311 265 272
217 301 263
249 224 299
279 249 297
313 277 327
301 227 344
224 299 288
230 284 282
308 226 332
310 253 343
223 228 304
251 228 353
308 210 349
303 260 267
257 252 265
250 279 360
268 244 268
245 224 342
259 298 273
217 271 301
306 233 310
316 284 341
225 290 284
305 287 344
272 216 306
245 251 296
282 229 323
256 254 308
315 299 273
238 237 325
309 290 297
251 308 348
235 301 310
238 300 343
267 295 289
254 278 320
283 275 349
305 228 308
224 244 361
227 244 273
220 221 270
281 242 335
274 245 292
260 296 337
265 296 290
242 217 336
307 262 333
280 308 282
230 297 324
298 257 289
285 262 328
313 295 353
263 274 288
231 306 301
235 234 296
217 261 349
225 228 346
284 298 281
308 253 331
254 226 262
248 243 339
230 285 272
241 229 356
298 233 262
289 237 277
247 306 305
306 212 315
219 238 283
248 286 318
228 264 277
261 308 341
240 275 326
314 281 354
271 271 261
238 213 360
229 290 275
265 303 318
238 210 270
313 299 355
254 298 326
285 289 294
230 230 270
264 305 361
310 271 277
234 286 265
267 241 313
233 253 321
218 273 337
278 280 314
278 261 290
220 220 299
226 251 330
263 282 345
309 225 266
246 255 357
297 298 361
316 306 346
251 237 310
309 230 320
310 283 325
220 284 271
258 262 307
303 300 267
298 209 282
258 232 262
256 274 263
291 261 287
299 262 262
285 284 324
258 234 289
273 268 304
315 250 268
283 247 310
299 257 350
220 217 359
268 305 342
290 268 301
255 271 339
270 271 333
242 287 342
240 236 275
266 281 320
308 210 329
311 253 268
221 274 359
305 229 333
284 253 -21
283 221 21
252 275 21
303 234 16
235 244 62
241 233 -7
262 263 -25
279 187 64
318 230 22
314 179 2
269 199 -1
308 274 -16
271 247 7
313 187 27
328 239 6
284 251 -17
259 200 11
283 261 11
330 208 69
316 207 -14
245 189 54
296 227 -22
266 202 35
288 187 -25
260 197 -24
258 196 14
241 249 32
260 214 24
265 251 -24
315 270 57
245 230 13
318 271 16
259 188 18
244 223 6
314 218 64
326 198 -22
232 251 -5
284 184 9
298 199 -19
279 261 34
320 211 67
244 220 28
299 221 -29
296 181 33
241 194 45
313 200 -14
231 236 42
273 253 -16
279 202 48
309 262 -23
268 229 -20
236 185 32
294 215 40
257 187 -15
319 227 26
302 222 -18
236 261 55
261 216 29
321 256 35
309 261 -27
329 197 -28
245 190 -18
314 198 41
326 249 -3
250 275 69
252 193 -17
302 229 11
244 181 -2
299 212 27
314 197 24
328 217 50
316 247 53
289 192 49
273 245 59
249 251 33
273 271 44
247 271 5
283 261 16
316 236 -2
310 242 -1
231 235 5
295 178 16
242 224 47
287 244 -20
292 238 -23
296 224 50
275 188 2
305 179 34
317 187 70
330 275 -12
319 203 -26
299 211 -17
323 241 -8
266 272 61
245 222 29
290 195 14
286 261 47
294 234 54
242 254 6
245 184 16
290 244 26
261 217 28
247 208 61
236 186 -3
297 261 30
253 218 15
268 197 -16
320 241 66
274 212 20
302 239 4
292 220 23
310 235 18
285 253 60
265 218 4
260 237 34
232 251 -2
257 266 35
249 190 41
313 179 16
302 197 0
320 234 65
250 216 -15
251 234 -11
232 197 -20
325 190 65
249 202 35
274 183 -11
234 245 0
284 182 -10
321 226 -19
230 250 56
318 213 51
277 251 17
328 179 68
286 230 -13
272 211 -26
251 240 61
258 250 49
232 211 4
262 255 6
300 225 60
317 208 -11
326 242 29
230 246 13
302 237 53
230 206 35
305 268 14
321 223 23
291 272 23
287 263 -29
304 242 11
323 208 -21
260 262 48
301 223 26
278 255 -4
290 204 10
311 268 51
235 257 46
326 208 -6
299 219 -16
394 340 251
442 281 300
423 284 311
437 291 321
396 364 257
414 312 269
396 271 316
406 296 244
412 313 285
384 345 261
399 332 293
382 319 253
434 275 259
465 346 245
419 331 295
452 297 250
473 357 315
462 320 259
430 323 316
388 280 308
440 303 283
453 339 274
401 288 309
450 285 316
399 308 323
452 331 332
380 365 308
434 355 322
380 308 257
410 291 257
424 323 315
415 292 289
442 283 263
376 272 285
471 318 327
396 337 328
390 335 240
386 343 298
428 281 293
396 353 311
453 273 297
391 284 331
448 354 254
438 355 275
395 281 240
419 270 258
423 366 282
468 341 236
436 323 243
433 310 277
391 312 315
468 348 239
401 267 265
475 312 323
454 345 239
378 365 259
431 284 326
386 347 328
375 289 333
380 281 260
438 305 280
382 363 316
394 279 268
446 361 320
377 306 274
405 334 265
385 354 258
434 268 264
413 321 329
433 357 257
459 327 317
424 268 257
441 351 329
405 317 247
445 349 293
383 366 290
389 281 266
420 318 241
377 308 312
455 364 310
416 348 249
472 364 324
458 294 238
437 349 313
426 276 235
465 270 327
454 361 278
451 274 280
469 306 268
433 333 289
447 297 325
457 283 273
413 365 236
474 276 329
427 323 252
458 329 272
380 268 316
400 364 277
407 304 292
459 320 295
443 275 332
409 335 236
469 271 308
401 324 301
390 357 327
451 326 321
381 346 245
395 352 243
396 309 319
402 270 279
402 281 310
424 311 254
406 350 279
412 267 276
384 355 290
428 308 244
426 312 270
464 283 325
411 279 270
388 363 297
427 317 242
432 323 237
421 332 273
468 269 318
418 282 279
418 275 304
378 323 333
458 312 321
394 334 280
425 328 236
435 294 285
398 284 314
457 304 295
463 338 283
457 292 281
392 270 241
434 284 314
449 292 235
415 279 333
400 356 305
424 340 254
378 330 281
449 323 303
413 309 283
377 352 333
407 271 254
409 339 307
471 295 233
384 274 275
413 305 293
463 309 293
407 356 266
380 287 236
395 348 331
376 281 328
434 270 265
420 282 284
393 319 326
419 320 267
408 300 298
473 136 90
434 187 115
466 172 105
398 149 108
412 145 151
488 159 130
449 143 174
444 197 143
405 154 148
452 120 100
446 183 120
438 150 105
407 124 111
494 141 186
433 134 94
416 182 120
475 135 98
427 146 139
488 100 89
433 141 145
455 119 152
405 197 146
443 164 167
481 160 156
484 156 181
461 168 124
470 124 172
407 99 88
470 155 144
492 100 166
403 188 184
461 153 144
441 133 154
434 129 157
430 185 113
470 156 158
434 101 139
474 190 115
405 198 179
492 130 186
425 195 138
458 137 138
486 108 91
496 164 137
466 173 157
457 181 172
449 182 135
456 181 150
439 173 186
453 142 146
487 109 117
402 196 107
473 143 186
423 186 153
417 102 183
432 157 119
456 121 174
407 181 101
429 113 116
412 150 183
456 116 124
428 108 107
432 112 177
434 137 161
402 123 174
443 139 184
453 149 125
404 195 110
467 119 117
427 153 187
445 145 174
466 181 158
422 150 181
421 164 145
467 139 89
432 164 109
489 173 130
413 129 101
409 186 182
494 179 184
413 163 102
454 101 137
480 107 119
405 145 108
416 107 165
448 180 114
486 182 145
414 139 141
445 171 161
414 136 179
482 158 128
442 182 158
412 149 102
402 193 98
472 103 95
448 197 101
463 134 97
465 112 155
444 134 136
465 147 149
428 157 163
482 196 112
432 155 121
440 190 173
423 186 186
431 161 114
444 190 101
407 107 126
431 195 95
404 170 176
482 110 109
439 161 102
496 147 163
479 113 144
442 108 167
421 182 140
420 130 118
420 119 146
478 143 129
397 198 110
435 115 167
437 185 121
448 102 93
464 165 103
400 110 95
422 153 121
461 121 125
431 141 93
429 108 145
409 99 146
423 167 170
470 179 169
478 184 179
440 115 157
468 138 181
415 115 154
421 127 88
496 107 134
484 112 162
470 126 128
426 168 123
415 171 136
455 181 156
482 136 99
478 180 149
453 144 156
472 166 111
407 126 98
412 187 160
479 167 99
421 173 172
453 112 141
411 100 176
423 133 152
448 161 104
436 103 93
426 145 132
403 154 137
459 102 118
443 156 111
416 264 80
421 301 87
363 318 89
370 327 88
394 301 106
371 305 64
332 312 55
342 329 124
355 284 69
378 265 60
385 305 93
353 291 94
416 257 92
421 318 143
388 277 48
361 273 113
377 261 80
355 282 78
401 298 133
345 276 142
411 301 91
394 285 139
343 252 134
373 315 132
330 319 116
331 313 136
365 297 61
400 288 123
389 305 89
400 235 102
335 251 134
340 290 88
350 279 96
341 318 97
360 300 69
384 273 70
385 234 131
376 275 120
382 306 59
383 278 133
353 294 68
348 288 108
370 231 144
409 231 142
398 318 86
380 239 120
330 231 115
384 282 51
407 245 120
406 250 98
419 250 74
335 244 76
393 231 74
367 233 83
405 322 89
359 271 46
418 307 49
416 249 118
348 298 119
402 265 140
360 247 110
334 275 99
425 331 87
348 330 106
388 240 126
392 235 113
392 316 54
355 291 57
390 289 65
360 327 60
382 240 53
382 238 58
407 270 68
389 241 121
370 316 53
330 259 139
357 299 103
427 270 105
409 270 46
400 292 61
405 263 142
423 280 123
387 325 88
367 286 123
353 299 139
411 262 75
386 259 62
379 241 86
361 327 132
334 308 136
349 247 82
360 243 84
377 252 76
373 236 105
338 327 77
331 263 129
359 262 53
336 257 73
375 326 71
362 299 92
360 309 138
409 254 83
422 323 126
430 231 144
351 279 112
347 296 136
420 309 46
360 324 46
334 240 90
407 231 123
351 271 138
335 324 132
373 264 121
336 303 80
332 246 56
371 252 47
341 326 128
352 267 72
330 267 46
359 312 116
401 314 62
356 305 141
422 325 84
363 231 81
410 257 61
427 240 119
397 290 61
333 264 143
348 257 130
339 231 139
365 266 102
403 247 118
408 330 65
359 320 113
333 246 50
378 251 108
379 316 46
424 271 93
411 252 145
421 255 95
419 313 75
347 258 111
414 239 112
397 312 72
337 293 72
371 315 73
426 240 55
366 245 47
346 239 83
399 244 94
382 311 126
345 251 137
413 327 84
429 252 124
422 282 134
389 260 107
340 247 53
348 263 93
390 294 120
392 284 79
455 443 54
467 490 75
449 476 6
496 529 51
450 507 31
455 446 76
454 480 7
469 534 47
513 518 80
470 465 47
470 462 36
448 471 6
496 506 94
485 530 51
485 456 78
451 465 22
473 472 19
497 531 58
471 449 73
511 524 83
485 473 50
501 451 91
478 527 13
463 443 74
507 496 11
475 494 95
492 489 98
462 464 14
478 453 14
488 471 65
481 501 76
435 522 5
467 491 75
435 537 72
517 512 54
424 500 44
489 518 6
466 488 1
481 506 24
509 478 100
452 507 32
481 507 3
505 498 35
431 443 8
475 512 90
518 486 3
500 524 28
519 534 14
441 440 90
506 512 11
453 488 70
479 444 61
460 526 59
428 451 38
498 514 100
516 440 89
425 462 78
447 494 18
432 449 20
508 484 22
502 508 5
476 515 79
508 447 87
439 478 36
481 457 22
512 448 38
446 513 88
480 523 82
437 493 41
427 484 43
449 526 84
441 455 100
458 454 80
430 524 94
455 531 18
476 452 66
504 437 25
470 530 31
457 442 70
461 517 53
439 526 76
424 449 70
519 525 65
452 487 73
522 482 72
514 472 69
497 458 73
493 502 9
430 482 92
459 453 28
426 445 57
489 494 77
441 444 80
432 467 94
452 527 29
474 528 90
502 499 12
461 507 59
504 472 76
432 477 18
511 466 51
511 501 21
497 498 53
498 507 10
464 439 9
504 445 13
514 529 34
478 476 4
461 502 45
518 446 33
482 488 52
489 514 54
460 535 22
473 516 20
435 458 2
447 501 3
471 513 52
482 474 58
443 508 90
441 511 68
429 454 40
514 446 33
499 481 5
450 440 88
443 442 49
426 533 50
423 493 86
503 459 48
485 516 9
520 446 95
423 529 19
469 468 85
479 531 30
451 467 11
501 439 47
488 472 42
474 462 12
462 499 9
484 500 79
430 523 43
498 522 4
427 490 11
458 467 87
455 488 58
457 536 72
437 467 53
453 521 56
435 490 57
514 498 21
505 453 69
506 456 10
493 517 62
449 532 101
428 528 78
493 507 98
488 496 31
428 537 50
445 511 48
460 466 63
482 489 63
213 82 291
237 108 296
200 89 354
254 110 336
226 167 331
173 88 340
238 151 307
223 113 308
188 87 387
205 159 388
171 115 334
245 86 369
176 121 316
172 124 370
170 134 304
220 141 347
244 132 362
224 107 312
249 116 302
214 133 354
240 90 371
260 156 376
175 170 309
255 170 328
218 175 351
171 137 371
259 127 327
208 81 390
254 149 319
194 132 312
206 101 386
188 162 329
195 173 352
216 112 355
172 114 383
235 115 360
172 96 356
260 138 327
213 168 348
256 76 296
162 157 369
215 175 351
248 110 391
217 131 372
178 134 360
229 76 383
215 122 349
204 143 352
177 157 380
192 128 303
217 91 382
176 136 358
254 84 355
218 167 315
166 161 340
250 140 301
208 166 386
246 153 368
200 173 292
214 94 361
245 100 360
248 96 354
224 121 361
175 82 305
182 134 333
172 133 307
166 132 379
231 173 341
205 106 346
186 159 300
260 143 386
239 131 300
188 77 313
174 144 376
260 90 324
218 169 347
253 109 383
185 116 303
217 98 312
169 87 342
211 85 349
220 110 316
234 139 347
193 92 303
223 131 362
174 91 364
216 93 320
239 119 320
251 159 376
240 150 329
205 94 320
179 165 325
206 85 388
253 86 308
251 94 310
234 109 358
210 115 358
171 144 333
236 106 384
211 159 344
218 131 366
246 122 327
178 76 305
180 90 293
196 166 339
213 153 379
195 111 383
219 169 304
236 82 292
191 89 351
235 114 295
184 82 317
175 140 314
254 157 323
218 112 365
200 145 362
224 148 375
185 154 381
243 111 353
221 150 301
174 173 316
248 156 313
231 92 357
198 135 362
186 78 391
193 132 387
214 139 363
205 171 344
209 87 298
177 138 336
248 167 368
225 97 295
243 175 314
253 87 308
185 113 306
187 78 328
261 77 321
172 109 385
247 81 388
223 170 317
236 118 339
165 78 345
184 119 297
234 147 338
211 93 346
235 148 378
194 142 331
209 153 328
183 85 291
247 130 326
191 107 382
230 113 336
238 127 341
255 123 319
173 137 355
234 162 297
213 141 377
229 118 357
258 86 335
260 136 326
337 122 338
338 116 375
338 78 303
298 91 398
380 86 360
343 103 361
306 129 340
334 78 347
285 66 334
342 128 349
356 114 371
302 86 335
326 73 357
370 144 392
336 114 340
297 107 308
347 112 337
337 136 357
342 98 387
379 56 328
332 101 394
338 81 369
307 60 351
365 148 344
360 76 384
290 148 373
299 145 359
331 152 391
374 143 300
284 76 394
362 131 316
318 58 310
372 73 370
351 149 332
376 58 310
314 139 375
288 140 339
362 123 390
300 79 360
294 105 390
304 143 330
328 153 393
346 131 353
369 87 323
316 130 340
356 76 304
291 97 354
361 91 359
335 53 340
320 117 314
293 91 333
360 62 377
329 122 322
353 97 343
292 98 362
363 145 303
290 129 389
339 147 338
376 110 315
338 55 379
376 94 328
348 73 300
325 114 333
339 150 323
300 131 375
309 127 339
302 71 360
293 71 367
288 148 327
348 103 304
373 140 312
293 76 338
291 53 300
365 71 381
281 134 300
361 126 382
322 67 374
318 99 339
320 123 301
343 101 316
357 82 323
346 150 308
336 63 307
326 120 336
308 62 308
311 134 318
366 54 324
357 68 380
288 136 383
318 109 309
350 116 314
304 64 370
338 86 304
316 147 329
292 105 348
335 84 331
301 92 305
352 127 385
372 93 343
367 128 383
300 82 347
298 57 345
343 100 349
285 153 313
359 86 339
331 113 321
302 147 364
347 126 300
378 73 327
343 80 332
284 123 398
312 139 358
306 85 336
342 80 350
358 131 325
311 87 355
293 137 323
363 73 355
327 97 366
380 123 342
371 56 351
312 83 363
340 56 352
334 129 338
367 102 377
312 141 363
319 140 353
323 150 394
375 65 319
379 133 319
336 78 380
286 112 374
334 148 343
289 145 368
324 81 340
349 58 318
297 62 322
339 141 348
308 91 354
338 138 356
370 70 318
341 54 321
298 108 394
322 83 387
338 117 315
323 95 332
331 115 367
348 93 323
295 119 302
318 136 359
312 106 339
294 109 303
308 148 325
312 72 316
289 118 322
332 69 390
371 104 380
318 149 318
373 106 376
292 134 343
121 539 36
128 491 -17
135 483 11
149 461 0
185 515 11
181 496 -7
148 542 26
191 525 42
99 492 57
158 473 -41
119 460 8
163 448 -11
126 521 37
106 476 8
113 515 51
156 501 -25
167 541 -30
94 530 51
161 452 10
111 456 -21
93 476 -35
149 535 20
187 524 -33
138 452 -18
176 526 -7
161 465 19
109 480 0
138 481 -8
183 529 -9
166 542 39
134 462 -26
162 510 -18
156 460 -21
98 460 53
144 453 -39
164 466 28
120 526 -24
135 462 18
148 515 -38
151 479 45
187 489 -16
182 542 -5
175 457 -13
143 541 -43
166 458 37
179 449 40
168 527 -3
97 531 7
134 503 49
144 512 7
127 472 -4
121 514 52
120 528 50
120 496 -20
102 488 16
159 506 19
184 528 50
160 540 16
164 517 -26
105 481 30
172 516 0
159 477 27
167 511 -1
185 548 -21
145 529 -5
191 486 40
169 504 -35
169 529 3
162 532 -8
183 531 55
104 471 -37
149 448 -35
162 504 -40
186 512 -14
156 464 24
140 459 43
150 541 10
141 540 -15
185 459 -22
104 521 6
119 488 -8
114 483 -23
96 477 30
146 494 40
170 493 20
119 454 44
183 545 42
95 516 -17
119 539 50
180 543 -41
176 472 -14
115 536 -16
151 482 -35
114 515 -18
96 548 -13
107 476 15
120 504 -22
126 477 32
162 500 -39
134 521 -17
187 525 57
185 546 40
186 482 33
178 534 -39
189 512 -9
159 480 9
173 503 17
119 534 46
116 489 -26
166 460 24
188 495 57
178 474 -16
181 516 -16
98 533 0
165 506 40
179 513 9
144 546 -38
149 470 43
115 464 -41
113 470 -11
126 538 28
129 486 21
162 505 -37
147 534 -34
116 508 -12
137 534 42
121 535 -40
179 523 29
134 528 13
182 529 -12
156 539 -2
135 460 -41
168 448 25
161 453 -31
186 471 -7
128 457 36
111 503 12
103 486 20
137 503 14
186 539 26
126 475 -6
170 486 -5
113 528 -28
156 496 44
101 527 48
176 507 7
138 476 -16
160 538 52
147 449 -4
108 466 0
184 491 -28
159 504 -40
170 453 -28
136 499 48
148 495 13
164 500 55
171 528 28
141 453 -16
108 491 -28
119 462 -6
186 417 76
115 435 39
132 468 45
112 489 38
96 472 46
185 453 13
152 454 61
179 468 31
110 448 32
174 420 64
94 490 14
92 473 -2
164 466 13
170 396 91
182 423 32
134 426 34
150 424 6
173 424 21
186 492 73
186 466 42
156 491 65
163 479 69
152 436 33
150 448 36
89 477 91
171 450 2
89 431 88
158 447 92
171 473 39
146 426 63
148 406 -4
124 448 -7
111 491 15
146 434 19
155 403 53
133 477 59
168 491 32
187 471 59
114 485 18
98 432 73
108 449 9
141 477 -7
179 440 26
115 449 68
139 417 57
176 420 -5
149 438 41
156 490 9
137 459 -6
143 453 63
175 440 19
137 479 55
187 426 5
161 437 31
95 464 75
166 426 0
182 402 47
167 471 33
130 417 31
169 463 73
140 433 30
156 431 86
88 398 64
111 396 12
160 432 3
99 463 23
180 406 51
153 428 31
100 451 62
151 451 8
116 406 59
147 486 28
186 435 15
126 392 3
120 443 -7
136 423 84
105 460 81
173 481 17
161 406 45
123 484 20
99 411 68
101 401 73
134 485 44
119 465 83
162 408 63
186 440 92
143 419 76
162 479 31
160 450 -4
157 410 13
92 436 92
141 430 49
138 431 5
133 394 73
88 453 83
136 443 50
117 481 74
113 448 92
123 465 45
114 483 37
152 453 38
125 416 17
172 473 92
149 431 25
115 422 29
91 426 67
116 472 64
96 473 36
142 413 33
97 430 75
91 445 74
106 395 -1
161 412 66
108 484 46
155 482 16
151 453 8
133 395 18
138 464 62
128 483 10
136 445 27
174 446 22
166 427 58
187 424 1
133 469 68
142 489 14
142 399 65
186 481 78
96 421 43
128 438 20
117 407 18
126 458 84
156 471 61
149 406 92
102 482 35
124 487 24
122 410 34
131 453 23
136 401 59
105 396 48
148 453 71
114 486 2
143 476 79
143 400 56
127 480 30
115 418 23
176 468 85
179 482 33
121 467 87
89 469 31
97 482 70
154 460 82
114 464 33
107 403 45
132 489 92
150 437 20
115 430 84
139 446 15
137 443 10
173 410 89
110 417 68
49 197 204
13 163 205
-29 163 198
-5 198 137
-27 134 206
60 123 114
40 171 161
3 132 183
24 175 137
64 153 181
34 222 169
64 187 144
49 152 145
25 197 182
-21 136 169
-10 200 191
53 144 187
-20 197 179
47 171 135
62 196 155
58 160 122
-28 185 154
-26 159 129
-34 177 146
12 162 159
25 211 201
12 157 125
3 196 199
51 125 141
-13 178 140
-3 201 162
12 128 127
23 207 177
32 155 142
30 205 173
24 128 145
60 123 143
9 134 121
53 163 156
-26 157 122
-9 220 198
42 148 124
6 205 114
40 161 120
-14 193 127
-7 135 204
29 144 133
18 182 131
-4 218 180
-9 127 182
-1 166 186
-22 189 155
52 220 201
10 202 154
57 163 182
-23 134 179
-30 197 152
23 206 126
17 218 203
38 140 159
35 216 137
-1 148 137
59 208 137
64 153 112
39 195 129
7 180 141
36 126 115
-32 136 179
55 181 171
14 220 175
30 176 112
-4 223 197
38 208 202
38 186 179
54 145 195
-33 152 198
63 202 165
-33 149 174
58 195 189
55 176 118
-11 171 205
38 199 162
8 133 160
31 161 157
6 180 161
33 164 154
-8 176 136
-33 201 172
61 135 174
21 171 183
38 210 138
18 193 194
-9 208 190
-30 180 156
-29 187 113
-33 192 144
15 149 147
42 165 202
25 151 168
17 159 140
39 147 146
60 133 202
-36 160 131
-9 145 175
-21 156 107
-18 188 119
59 138 154
-17 132 156
22 132 186
-23 175 203
29 163 137
3 216 204
-3 190 193
52 130 191
-21 194 190
42 193 195
34 221 160
-19 199 112
42 128 128
7 203 145
51 210 117
32 127 114
47 203 190
63 222 192
19 178 178
8 178 128
-16 172 176
-17 137 134
62 136 156
19 199 122
21 203 184
26 185 115
-20 188 188
60 123 167
29 213 162
-8 176 200
-35 203 155
26 125 148
45 179 120
42 161 176
6 191 200
54 166 129
-32 187 195
2 139 154
22 130 176
29 126 107
-29 195 169
52 142 195
34 207 122
57 191 139
-36 149 170
43 174 141
32 215 147
40 212 185
-27 193 124
40 128 200
56 177 165
-9 166 126
-7 221 169
63 180 170
340 47 46
376 29 55
398 -12 65
321 -16 -2
321 -10 71
303 37 45
379 24 73
314 48 47
326 26 31
385 -2 40
334 23 49
350 24 92
357 -12 29
379 62 79
343 19 30
359 -11 78
367 36 50
397 32 94
346 -14 26
401 52 21
361 -7 90
390 -28 27
343 44 94
401 18 6
366 22 92
306 16 41
330 64 72
303 49 44
400 59 68
395 -10 17
316 51 24
362 -17 72
337 60 64
316 17 37
310 39 14
348 41 26
351 -32 19
368 -25 33
322 21 94
349 63 32
368 35 79
380 -24 83
318 7 92
351 15 5
352 45 15
343 20 58
354 14 56
385 33 41
343 15 76
304 23 35
393 13 96
361 -26 16
358 64 73
375 43 1
390 31 65
355 36 62
337 50 74
361 43 9
398 9 17
389 41 4
378 65 69
349 28 44
396 20 40
320 53 8
312 23 10
358 67 77
394 67 31
381 9 94
390 7 4
386 -7 80
353 -8 18
322 5 -4
399 -14 54
316 36 26
302 -14 45
343 -14 41
345 -24 49
317 -21 87
314 30 2
352 12 53
326 -17 3
381 -16 95
344 -22 78
351 -17 89
332 14 51
325 66 59
304 61 41
321 46 81
374 11 2
334 39 36
365 -30 83
396 20 38
302 -26 5
376 63 24
351 23 85
347 24 43
384 11 79
339 6 77
351 48 23
376 62 5
301 22 23
353 50 40
353 58 2
351 -15 12
385 59 66
329 -15 71
313 -25 20
311 31 95
328 51 55
360 -11 10
321 -12 7
332 62 1
332 60 28
400 -4 79
352 53 86
308 55 38
367 -30 88
379 28 81
313 -20 4
310 38 18
379 -12 44
375 37 90
382 44 94
375 1 31
382 57 42
309 9 77
314 0 35
305 28 66
311 46 93
369 12 39
382 -33 67
333 -8 90
306 -15 6
355 4 52
325 22 26
396 65 73
384 -13 96
382 46 68
351 48 21
376 60 61
338 29 16
338 46 28
372 35 0
370 45 52
354 -15 52
370 -25 -1
328 -25 60
305 7 29
355 26 82
398 47 80
368 34 64
376 -19 31
401 34 39
327 12 56
346 -14 80
307 36 70
301 55 25
386 6 23
313 52 -2
320 -31 19
232 331 504
188 299 513
221 311 526
202 333 520
241 284 525
244 286 516
264 242 516
187 299 500
253 303 511
190 264 447
185 303 531
218 290 523
187 270 484
245 273 467
239 252 457
191 261 472
234 332 454
231 244 504
198 265 454
207 283 461
185 321 522
217 241 538
215 300 538
201 269 467
251 334 506
273 290 516
249 275 484
251 320 472
229 257 470
270 317 489
271 246 545
216 317 453
198 262 484
218 332 530
271 295 503
209 317 489
208 317 466
214 319 483
245 340 501
220 335 448
246 332 462
182 306 508
266 278 529
268 296 504
227 334 503
189 322 498
240 240 505
270 329 472
197 328 461
204 283 496
270 261 502
248 258 484
176 335 470
207 278 536
183 275 509
266 275 497
190 270 455
271 279 460
206 339 453
211 316 506
255 243 515
219 335 451
207 294 510
209 294 499
200 243 485
191 283 539
271 273 481
259 251 500
219 278 500
184 291 543
193 259 465
222 269 475
203 327 534
236 253 547
227 277 534
274 291 495
222 244 475
237 253 509
181 287 539
238 298 515
195 310 539
234 267 483
252 252 532
218 309 478
202 256 486
178 241 466
246 285 499
246 264 458
269 262 455
208 317 542
201 309 450
191 268 481
253 281 541
176 290 494
267 306 526
266 269 450
205 250 469
201 254 478
213 258 544
206 291 462
269 267 490
198 337 457
177 324 492
190 327 488
256 267 449
250 335 448
240 300 456
194 327 523
228 307 519
214 298 535
219 314 486
185 308 484
178 285 528
275 315 527
237 295 537
250 278 449
183 258 529
191 271 486
219 313 453
243 299 488
238 337 502
180 271 529
195 273 511
262 276 525
224 325 492
188 333 540
250 264 496
231 339 513
241 334 508
242 287 484
184 250 539
203 326 471
248 254 479
216 335 515
219 314 461
175 256 467
214 297 480
265 328 450
244 295 522
180 280 546
192 327 451
229 292 485
195 251 506
251 282 525
264 248 542
243 288 539
271 319 502
224 247 462
186 280 509
268 271 544
270 310 514
192 244 520
254 290 494
275 289 498
218 246 506
259 269 541
222 331 495
197 294 519
269 287 539
230 335 499
111 159 431
126 166 341
139 222 417
127 226 417
101 159 391
116 173 401
134 200 343
122 249 407
186 238 429
110 223 441
138 195 433
111 161 394
187 169 346
138 183 433
105 240 416
146 223 412
189 235 419
101 156 360
164 182 417
178 193 432
91 190 394
157 207 345
130 192 441
164 162 361
161 254 429
152 216 345
146 203 433
184 201 374
113 207 428
117 229 382
178 226 421
154 190 428
144 178 435
185 203 436
101 209 352
111 157 360
134 203 408
109 240 398
96 246 394
175 233 344
148 237 412
109 231 352
189 165 414
116 162 437
186 212 366
156 239 360
177 195 436
190 173 438
103 237 377
169 208 420
179 233 433
137 168 375
169 245 356
135 245 395
126 159 433
178 185 414
140 177 373
107 233 434
167 157 427
120 205 392
119 231 385
106 207 344
126 223 383
124 165 341
95 161 423
141 242 362
139 215 418
160 163 389
91 232 437
141 165 430
174 184 431
123 169 387
100 160 367
189 204 375
163 182 350
191 192 399
95 231 423
139 178 371
169 252 418
141 244 396
107 194 402
184 164 386
153 160 419
163 249 419
106 239 369
189 192 362
183 192 402
164 224 421
93 175 429
92 217 387
112 188 416
130 241 402
100 239 398
117 184 371
154 163 392
116 199 395
94 159 416
99 197 422
158 240 420
152 247 395
157 222 413
168 173 425
112 232 367
107 235 382
115 207 415
164 190 433
136 254 426
141 219 415
124 255 349
171 255 399
125 202 392
117 174 407
119 242 378
157 197 379
185 187 371
162 213 399
158 221 418
162 196 372
185 237 413
176 212 420
168 220 381
114 215 408
191 173 342
139 231 360
146 228 393
170 232 425
113 243 374
145 164 420
117 213 436
145 189 412
93 211 438
178 253 367
159 165 349
103 171 425
94 251 353
91 202 428
95 234 359
170 233 359
93 218 363
144 208 439
162 256 437
176 199 416
132 220 421
183 255 360
119 230 440
160 195 411
112 160 397
170 244 420
170 213 403
103 234 424
114 255 341
182 230 411
161 191 408
153 243 397
187 242 377
149 173 399
126 223 383
125 235 354
127 220 384
143 209 419
455 469 332
465 464 320
454 429 399
412 490 390
464 487 370
475 435 391
412 453 319
411 501 346
450 517 320
440 440 321
430 487 375
479 524 353
411 433 337
476 458 361
485 501 343
403 497 386
449 440 359
396 440 356
441 494 404
476 503 403
431 509 374
396 522 354
471 444 318
480 487 324
470 499 329
458 495 334
484 475 346
398 464 406
427 427 366
461 466 354
476 500 319
415 522 321
386 517 382
393 516 346
397 483 409
476 523 372
404 465 351
467 499 333
447 468 395
468 503 392
431 506 399
474 429 339
466 436 317
408 490 344
417 466 406
386 510 321
413 515 391
438 502 328
445 441 325
417 451 345
473 523 319
403 523 410
474 431 338
450 425 405
458 468 337
448 462 373
388 469 393
446 467 405
438 455 327
441 460 368
451 477 376
418 429 402
389 467 402
444 455 321
470 460 373
389 468 361
462 477 378
469 523 396
463 475 345
449 434 393
419 518 326
438 452 355
432 437 357
450 498 403
466 476 348
406 492 385
426 479 347
453 465 398
461 474 343
446 448 347
479 428 380
445 501 351
419 492 313
466 444 411
446 445 341
469 522 345
393 446 330
405 514 397
464 458 337
420 479 350
402 493 325
465 487 344
385 480 375
441 479 388
472 524 313
460 431 346
426 520 379
423 434 368
449 473 356
441 449 337
454 472 360
434 521 351
445 520 323
457 492 317
476 461 391
396 510 325
440 456 409
428 432 333
421 444 353
422 432 328
480 495 398
440 460 324
431 430 328
391 487 351
441 511 358
434 483 377
432 470 371
413 495 357
442 456 339
467 459 392
418 485 365
418 472 374
477 499 343
442 495 332
433 489 340
404 486 318
421 441 388
385 495 318
471 453 346
403 457 316
435 428 385
401 489 316
424 505 362
477 450 410
412 464 385
402 509 385
443 442 337
435 434 353
427 450 385
435 478 326
434 504 394
412 488 318
468 476 323
412 446 335
428 454 334
450 433 342
458 520 316
477 499 371
391 500 395
392 468 313
395 469 312
445 424 389
445 481 312
425 518 383
417 425 391
455 454 400
422 441 320
484 449 351
420 487 353
465 451 363
142 30 68
90 41 120
98 78 108
56 26 34
90 22 96
134 19 120
112 22 74
82 41 68
138 35 69
119 70 129
73 50 116
121 57 45
126 44 41
84 22 78
124 37 112
137 76 38
71 88 121
68 81 130
122 46 83
84 70 116
65 28 75
100 66 101
144 17 122
130 92 114
97 100 131
73 88 111
117 25 130
71 34 84
123 55 78
101 111 56
84 74 118
135 115 104
89 25 122
140 97 110
102 16 121
103 33 63
74 16 54
105 65 49
87 70 76
139 69 129
104 17 54
123 106 46
128 98 84
142 20 123
84 74 83
59 85 79
140 110 116
57 91 98
59 88 71
135 54 117
140 21 57
146 95 131
110 35 131
107 81 99
126 104 59
110 64 128
142 88 98
77 63 45
62 30 39
105 113 48
146 82 87
112 47 126
77 53 51
113 23 115
83 98 103
130 48 64
139 36 60
108 109 53
110 68 50
98 102 59
112 40 84
53 95 130
136 32 124
54 68 104
75 42 52
51 56 40
116 102 90
104 34 54
113 107 82
148 53 123
63 104 63
70 26 119
148 42 63
52 73 53
127 94 126
133 78 32
150 34 67
122 15 86
126 24 127
119 68 103
141 113 55
67 49 50
148 35 127
95 105 93
53 59 51
84 65 41
142 42 89
64 114 54
138 80 71
112 85 99
113 114 48
113 102 125
116 25 86
101 51 106
140 78 82
115 41 34
149 113 77
111 71 54
71 101 121
83 45 85
103 86 90
108 33 116
69 29 117
102 92 124
59 67 77
86 63 57
112 22 126
93 81 115
137 27 41
95 65 59
105 95 99
74 46 121
145 99 86
133 77 43
94 52 112
128 74 47
116 66 58
110 75 119
80 40 65
87 28 63
131 94 47
89 68 93
102 114 102
96 55 103
77 18 114
86 21 39
125 91 109
63 103 50
107 58 33
89 55 112
140 75 45
82 51 72
142 38 127
58 112 104
136 28 61
147 83 56
151 38 47
142 97 103
114 98 113
63 107 83
84 75 66
107 74 32
86 115 50
86 72 101
65 69 64
75 35 82
85 52 76
141 104 104
106 84 106
80 61 94
106 267 183
133 274 234
116 247 200
193 310 159
124 271 169
151 237 257
186 326 198
164 250 174
180 246 189
143 288 202
140 269 175
179 256 245
140 284 165
168 272 164
133 302 191
134 263 184
184 250 219
125 293 230
141 242 246
191 316 209
103 312 182
123 297 180
161 235 162
171 242 211
99 285 204
105 281 197
95 292 229
188 320 167
103 265 235
121 259 181
96 272 195
123 234 225
175 285 243
103 331 171
135 314 175
126 316 181
101 238 175
146 257 167
150 255 196
136 269 256
174 255 242
112 282 200
180 248 189
114 241 158
96 324 224
113 303 165
179 293 188
167 334 249
102 305 168
153 334 175
134 246 251
130 279 185
150 334 201
122 240 248
167 267 159
116 303 252
103 245 163
111 264 189
192 265 186
173 272 173
113 271 238
182 290 205
155 270 206
175 327 226
98 238 258
135 329 171
150 278 202
104 323 235
171 238 167
163 313 226
148 259 193
158 234 167
151 324 239
140 290 189
129 281 165
105 297 230
133 300 173
142 237 200
146 281 240
173 312 245
145 332 229
149 266 245
179 308 243
145 305 158
136 311 250
126 278 202
162 244 223
111 234 191
190 327 161
161 241 206
194 243 170
130 330 254
131 288 258
114 299 166
104 243 257
193 245 164
100 332 215
161 288 212
113 322 217
184 250 178
137 248 177
192 284 230
140 256 179
173 245 167
147 326 183
177 318 239
105 325 239
161 239 162
150 318 166
179 307 224
163 299 218
148 305 258
176 288 201
159 236 182
137 283 217
122 292 224
182 237 220
152 266 164
115 331 205
105 295 240
94 245 169
136 314 197
141 248 178
141 324 212
188 263 255
135 332 158
112 313 257
156 277 179
154 275 212
104 313 203
173 277 168
191 272 203
128 330 178
103 315 196
158 248 185
147 291 182
97 285 161
177 325 168
152 297 254
180 259 212
123 285 160
168 265 167
160 322 166
144 301 176
100 322 244
107 313 247
159 332 241
150 260 193
172 262 186
177 294 173
144 245 219
110 318 201
113 291 224
167 283 203
129 234 222
121 276 224
166 320 174
175 275 165
106 273 159
121 251 216
402 409 481
416 478 525
442 473 516
428 444 483
496 454 454
453 434 521
417 436 506
472 420 455
437 487 477
502 487 515
475 505 469
495 432 473
428 433 527
422 434 524
481 438 495
499 490 465
418 453 438
433 428 456
439 429 440
452 441 525
455 478 472
441 418 444
449 487 513
423 478 513
447 441 485
492 425 440
404 473 466
469 451 483
437 419 452
470 410 458
433 430 445
474 462 440
489 427 462
404 482 437
403 485 506
466 487 521
440 409 509
484 482 473
410 419 473
461 457 493
416 434 483
403 474 452
404 447 532
423 452 523
502 431 494
473 439 437
499 462 462
455 433 475
462 437 482
483 438 532
490 423 460
437 451 518
413 468 531
434 463 501
413 499 446
435 498 485
414 437 442
431 411 524
441 475 500
417 427 452
438 441 487
492 462 473
406 484 482
409 430 502
474 485 440
426 427 502
486 413 496
409 422 473
441 489 507
465 484 450
431 420 527
429 459 478
434 468 510
425 502 465
437 434 509
415 412 492
482 426 476
413 448 443
447 463 476
402 446 457
502 415 518
453 464 497
471 428 446
501 464 512
426 433 456
497 476 478
464 435 474
498 428 458
502 433 468
416 414 459
457 494 495
424 500 507
485 414 470
486 423 523
467 455 448
449 412 444
444 414 518
435 433 498
502 425 503
493 469 461
409 458 482
476 414 524
402 495 482
464 503 526
474 441 512
476 467 474
501 432 520
498 412 462
466 454 501
475 438 487
426 446 500
495 476 503
429 452 498
480 445 497
471 480 511
437 414 470
442 423 490
463 500 496
429 461 455
460 507 535
434 415 490
453 492 512
415 498 453
421 445 445
481 444 495
463 463 512
495 441 512
413 486 440
489 498 488
445 475 536
474 410 477
500 441 439
480 459 514
425 464 464
468 444 475
429 502 467
496 506 479
454 427 445
446 475 440
502 467 437
460 491 468
466 413 504
405 480 481
472 441 481
455 461 468
502 498 467
422 500 470
494 454 490
468 492 450
464 508 478
496 454 535
482 441 514
444 429 450
430 426 471
438 497 486
448 437 441
426 456 485
427 466 467
442 488 490
475 428 474
72 60 255
75 129 224
20 72 225
41 58 244
87 147 226
23 76 242
98 101 198
76 94 283
68 73 212
102 127 270
31 119 258
62 136 253
30 94 223
48 123 257
60 111 202
98 64 227
96 114 255
71 153 216
97 61 291
85 130 222
70 112 216
54 122 223
53 139 203
22 142 201
95 108 252
59 157 287
58 135 195
105 102 206
101 112 258
103 92 242
117 136 256
23 105 283
44 96 202
30 134 251
92 112 291
118 142 211
48 104 279
28 144 266
64 106 281
55 118 235
93 65 274
35 78 277
31 126 196
81 82 198
32 119 286
78 110 285
59 113 220
25 122 277
39 125 222
69 66 266
29 153 222
92 80 232
24 91 286
104 139 255
88 94 268
71 62 245
111 136 232
74 100 287
77 68 273
103 71 250
72 131 245
65 82 224
41 121 207
48 130 228
39 81 257
19 157 253
72 108 233
31 61 222
55 152 268
97 108 284
103 72 197
100 83 284
46 106 256
77 103 279
113 122 230
23 123 213
31 69 282
47 95 265
19 116 265
26 116 237
39 86 258
21 72 262
48 86 255
27 138 279
104 151 254
82 93 209
102 72 259
77 107 217
37 114 233
38 156 274
25 158 272
19 158 260
38 62 254
43 64 262
53 71 284
46 59 194
35 72 223
90 156 238
68 130 221
54 118 223
54 124 269
118 60 254
30 153 203
54 98 256
88 156 212
51 152 251
113 150 258
79 68 288
114 157 276
112 82 237
111 60 242
101 101 228
46 120 281
63 122 266
58 111 233
82 110 284
107 120 245
40 130 220
113 157 226
111 73 256
66 113 250
38 65 248
98 138 262
31 88 289
30 79 206
30 119 217
88 107 197
32 83 248
70 130 246
59 138 213
49 75 199
67 77 231
52 87 243
95 87 241
42 132 252
110 158 246
78 58 279
92 70 226
70 111 256
53 135 229
33 101 281
79 69 278
96 75 209
24 109 232
69 92 201
68 135 240
101 74 273
67 134 250
104 118 285
25 145 248
78 107 257
112 116 215
51 72 192
67 73 206
53 101 218
116 138 212
45 134 225
70 125 285
102 136 246
60 116 203
232 276 392
245 280 448
234 269 431
268 270 353
241 273 409
284 360 384
249 285 430
250 341 360
262 306 364
252 307 366
267 332 390
215 345 363
302 313 422
254 352 410
227 346 443
225 265 364
232 335 424
211 274 410
267 355 393
275 282 359
276 325 427
279 326 432
213 353 379
250 303 394
271 357 421
300 348 396
272 265 361
222 353 385
216 265 360
245 264 360
222 354 430
208 324 411
281 355 402
289 278 424
261 273 407
213 322 378
299 264 380
217 352 374
292 270 392
244 331 382
257 268 386
283 281 372
246 278 387
220 306 359
256 360 394
234 274 370
218 297 370
243 348 438
292 274 376
230 300 423
266 358 362
230 306 355
234 327 350
270 280 449
209 333 437
239 335 402
264 280 401
238 345 424
282 340 419
285 361 386
284 282 351
213 334 419
287 316 368
240 327 399
253 290 402
269 294 390
279 276 375
254 353 419
274 265 391
267 303 377
253 263 405
281 318 397
243 306 369
252 270 357
304 332 358
285 283 400
251 343 367
302 293 397
293 298 413
266 315 436
210 320 391
241 270 354
267 268 384
278 293 432
242 325 434
281 269 384
243 352 418
282 322 378
220 280 401
233 316 427
231 304 428
299 296 419
226 265 397
303 273 357
248 304 380
288 270 443
228 344 390
236 326 449
258 346 361
286 324 384
233 298 434
304 324 397
208 321 383
229 337 352
276 299 390
303 324 391
280 346 399
285 269 419
303 300 412
293 355 429
241 291 367
218 325 412
226 356 351
258 288 404
238 309 420
295 327 446
245 296 398
244 314 445
277 352 376
228 338 373
286 348 429
253 273 413
236 333 410
260 289 358
273 307 408
263 306 352
250 267 450
215 359 358
259 355 399
296 329 415
288 285 355
260 317 396
208 288 385
284 287 382
290 313 350
218 334 449
286 359 402
212 297 373
297 348 356
232 285 432
236 294 368
223 308 420
231 340 396
219 338 448
236 316 405
273 326 366
286 296 410
265 337 433
285 279 424
275 347 359
295 336 382
300 327 357
306 267 370
297 287 434
259 285 375
218 301 428
293 360 426
247 318 381
207 264 376
300 294 403
37 405 146
105 452 146
110 406 107
76 465 153
50 409 180
34 435 189
77 406 168
55 476 154
44 384 152
40 396 100
67 440 137
62 465 167
106 451 159
112 416 128
80 395 93
108 389 134
46 450 104
84 457 114
101 403 142
124 400 188
58 471 172
79 465 128
86 396 145
56 444 135
123 433 128
120 454 122
53 418 153
89 396 185
31 408 188
89 380 171
35 477 177
44 472 149
78 387 123
88 410 179
102 441 136
113 419 156
34 386 170
56 393 181
41 421 158
47 381 103
71 452 144
105 400 163
100 417 117
103 474 123
82 464 185
30 444 125
44 413 146
120 383 116
54 439 109
128 419 165
86 385 147
96 415 91
70 445 140
104 410 93
73 437 147
69 418 187
100 402 101
42 424 153
91 413 120
106 464 123
30 447 150
107 437 162
129 381 142
127 439 173
64 452 97
64 447 180
34 379 111
30 438 102
36 455 103
57 392 114
96 445 143
120 476 140
68 402 117
78 390 136
80 429 166
91 466 151
113 385 157
80 393 175
117 440 165
105 387 127
62 402 150
38 450 175
98 390 128
94 466 114
119 465 169
115 417 183
83 475 154
111 391 160
91 437 145
51 419 96
70 397 94
39 407 132
51 380 164
120 385 189
119 464 137
48 387 184
127 400 134
124 408 122
124 409 105
94 416 131
122 407 169
35 417 159
58 383 116
66 391 101
72 385 152
117 433 110
98 437 110
43 417 121
74 432 180
130 413 161
80 472 169
36 430 168
90 458 149
37 437 116
78 409 145
81 387 127
85 477 184
109 402 185
78 389 147
42 383 92
60 403 128
89 390 179
54 421 189
97 434 172
59 429 155
47 394 127
124 406 185
33 394 148
33 432 157
34 455 175
49 408 150
39 431 178
36 426 102
92 420 180
81 407 143
102 440 132
43 461 188
75 458 139
123 473 138
81 422 112
56 394 113
129 420 163
117 435 138
66 411 190
42 405 104
84 452 97
96 387 101
80 384 144
39 404 99
70 422 140
116 453 92
122 425 182
58 450 99
50 448 190
82 458 182
79 384 140
123 415 121
93 461 153
65 430 115
45 473 168
167 122 142
142 113 165
151 121 150
174 164 141
198 83 104
151 96 115
152 135 116
127 113 143
203 144 111
138 103 102
204 147 121
157 155 99
207 173 71
150 123 95
140 91 158
144 100 106
144 116 98
148 113 153
123 94 93
114 140 130
139 110 88
186 76 101
186 143 169
118 99 74
142 159 120
129 132 91
115 97 74
115 97 140
202 141 132
190 116 114
172 94 163
210 105 171
172 114 118
206 101 136
204 149 96
120 160 114
183 126 155
189 82 86
158 101 171
136 151 80
192 150 114
212 134 140
141 112 120
138 166 142
202 155 150
118 88 148
116 76 149
211 79 153
171 142 145
127 139 97
141 123 84
147 102 83
207 85 138
174 83 92
206 160 147
155 170 122
148 148 72
159 148 144
129 173 116
157 146 132
175 94 126
207 161 78
145 81 143
120 80 163
114 143 130
169 118 145
210 167 160
191 90 85
200 147 101
114 76 77
119 147 84
123 158 126
166 120 167
191 163 147
150 155 143
187 91 81
129 135 118
154 137 98
193 139 163
165 161 137
134 112 121
200 76 95
139 157 167
188 95 142
116 155 119
132 158 143
183 164 141
152 102 83
167 138 115
145 139 114
171 109 125
180 160 115
141 159 114
138 121 110
210 109 88
134 129 150
210 157 148
210 176 84
157 91 83
131 136 153
185 103 77
196 101 145
156 158 151
191 150 140
139 104 110
182 168 144
191 154 76
210 174 131
133 83 134
151 98 72
116 105 135
138 84 84
174 171 168
135 87 114
161 119 159
146 139 92
172 96 113
181 78 142
147 140 114
170 106 130
165 113 139
192 105 149
201 99 159
161 76 165
193 168 139
185 100 110
207 161 169
122 173 166
203 109 153
120 105 94
210 137 72
181 147 113
161 94 131
183 171 101
123 159 142
172 129 129
180 168 146
144 99 155
122 131 89
213 121 117
167 163 105
113 88 129
180 139 83
172 98 127
135 109 85
170 100 121
152 116 163
160 104 98
182 84 84
176 117 124
152 136 141
157 104 83
167 81 105
172 137 123
158 81 160
115 93 104
116 173 109
151 143 102
169 117 106
134 149 106
507 249 389
503 244 415
520 293 374
482 268 390
522 257 459
502 284 461
482 253 432
519 274 384
523 257 429
495 273 445
519 218 442
490 278 410
439 250 460
491 261 381
522 240 456
492 243 373
508 264 386
437 289 366
482 242 390
488 237 410
489 264 398
474 229 375
490 215 362
453 235 401
465 221 392
505 230 419
513 218 388
448 299 362
464 282 456
466 300 436
501 260 367
439 227 408
438 274 378
525 244 404
537 258 381
463 281 401
537 272 362
496 227 393
516 214 455
477 218 405
480 297 443
517 208 447
458 257 404
471 262 403
461 264 449
509 211 388
465 237 401
467 273 369
445 263 451
534 282 433
486 250 374
489 212 398
441 208 407
440 293 400
528 297 451
522 239 422
507 270 367
526 208 391
448 290 441
454 223 364
441 247 374
482 294 377
511 263 447
444 301 361
474 222 418
528 286 439
460 300 375
444 276 415
515 211 376
490 269 436
491 301 433
499 213 382
454 226 454
477 302 448
448 269 430
511 231 436
470 290 393
499 210 435
453 238 426
457 268 434
486 266 392
477 269 371
451 243 442
515 304 413
505 248 437
455 284 374
507 289 390
447 206 372
532 266 424
476 231 372
496 205 421
460 253 380
481 231 443
460 222 404
471 271 404
531 229 383
492 265 451
510 250 412
534 224 435
477 257 374
506 279 374
445 292 382
454 236 449
447 220 417
504 257 442
534 250 412
496 255 386
519 300 428
507 297 453
479 290 420
486 212 435
450 284 432
492 276 371
456 245 416
483 221 450
529 261 384
522 298 400
463 260 450
453 256 441
504 279 410
518 279 401
460 237 440
449 243 440
481 226 456
506 239 427
511 218 380
523 260 380
491 283 380
483 247 415
444 258 377
516 216 395
498 214 402
536 287 426
515 244 441
511 289 404
437 288 398
454 286 443
529 263 437
480 245 414
444 287 390
494 221 406
468 293 402
487 236 404
449 272 444
437 289 457
439 212 460
530 281 420
489 303 387
467 239 411
448 207 405
457 264 451
503 292 371
521 221 437
457 242 414
504 208 448
494 283 451
491 299 438
469 285 369
458 266 420
489 205 453
235 548 510
238 527 515
227 496 493
186 546 482
147 478 453
202 475 427
236 516 485
159 465 464
145 475 453
159 517 456
201 482 468
183 476 505
200 516 444
195 480 472
157 496 488
211 503 518
230 501 464
196 532 469
212 521 498
203 517 476
188 461 464
167 459 467
218 539 457
156 494 426
189 491 437
180 469 467
218 497 432
166 492 491
228 510 424
223 515 477
167 487 424
214 462 493
205 528 441
232 475 450
143 509 437
235 508 448
232 500 472
201 541 517
198 480 432
146 545 486
239 499 506
240 526 438
234 513 427
215 545 425
171 504 439
143 465 472
176 453 446
169 513 517
141 506 420
229 473 494
192 487 480
193 498 516
239 519 487
156 499 476
208 478 504
166 465 426
217 486 514
239 486 469
143 539 473
215 507 421
225 526 498
225 484 436
221 537 455
167 547 513
158 544 479
155 497 461
183 466 455
176 532 506
164 512 475
213 465 434
144 539 461
213 544 425
202 545 455
204 545 430
182 516 498
231 508 421
189 485 459
232 537 465
215 541 445
238 511 499
178 489 506
221 450 516
198 480 510
200 538 423
178 490 488
192 471 489
142 489 456
233 545 458
147 527 463
163 528 479
217 482 466
147 538 501
218 476 460
217 480 444
168 486 423
153 492 476
154 521 495
181 471 424
201 521 518
183 496 435
216 513 454
215 457 490
176 459 510
149 474 459
164 507 459
220 535 421
212 549 500
203 519 452
190 449 515
184 521 481
238 479 480
202 503 433
201 463 481
141 461 518
232 454 433
210 529 470
207 514 495
223 462 431
218 531 475
150 491 454
220 476 455
166 506 422
212 505 506
217 462 447
205 547 470
150 504 424
218 484 461
149 477 441
158 460 515
155 490 505
140 502 443
172 454 431
202 490 447
234 497 472
197 515 454
188 528 468
179 541 427
222 527 512
195 469 516
170 481 507
239 547 488
184 468 464
233 466 505
240 525 480
188 507 469
216 457 494
227 485 495
222 504 472
204 504 446
236 507 447
192 465 452
169 531 458
168 521 489
219 512 453
183 457 486
181 525 495
159 543 433
197 465 488
203 521 444
140 504 513
49 71 414
89 113 346
72 56 423
120 68 386
141 104 331
96 132 370
64 112 376
64 77 423
146 127 420
89 129 394
138 75 350
92 57 388
83 104 405
110 81 348
109 122 409
144 81 377
52 56 407
76 74 329
73 54 366
90 143 339
122 132 363
121 80 359
78 70 380
96 130 363
54 116 405
123 54 329
110 137 421
120 64 379
146 70 364
68 122 369
76 119 407
57 67 407
101 60 384
117 137 332
109 142 332
81 116 409
95 56 372
68 137 413
138 82 391
117 70 417
55 122 366
143 95 394
126 85 412
105 96 413
128 89 402
135 96 411
132 64 329
92 70 402
80 89 384
136 119 339
131 135 371
61 96 398
77 92 415
109 95 413
58 65 381
114 54 392
77 84 345
57 145 417
138 52 338
86 69 373
90 61 350
73 140 427
120 46 387
58 74 406
117 84 348
65 127 425
128 54 336
101 137 380
73 63 352
101 146 384
131 85 411
119 62 390
93 78 393
75 128 341
85 90 380
72 92 377
130 83 385
73 108 384
82 83 410
124 134 390
112 59 367
106 65 334
63 100 425
108 64 398
137 97 381
120 90 382
65 133 350
61 87 358
78 57 396
84 67 350
125 100 370
92 106 385
57 77 424
73 123 407
86 62 364
58 123 346
58 118 404
81 117 408
144 112 384
122 130 375
125 137 376
144 132 369
71 62 372
78 116 391
104 101 366
67 83 426
60 67 352
102 131 364
116 57 352
107 124 420
126 99 416
84 131 346
62 52 349
77 104 348
102 105 388
62 63 403
141 88 359
91 48 402
103 84 356
105 90 415
82 140 330
120 143 372
54 142 360
56 83 368
126 108 375
94 145 355
63 97 372
132 95 349
86 101 378
56 82 366
112 59 362
51 80 354
54 119 370
144 103 424
120 112 394
140 137 399
125 56 361
73 118 336
73 79 385
120 128 398
96 75 412
60 121 413
111 88 381
92 79 347
93 51 340
139 142 335
140 127 344
145 57 395
59 51 398
135 105 374
114 119 331
63 141 381
75 57 340
104 49 397
122 92 340
101 139 383
49 82 391
72 103 353
82 115 429
72 106 374
494 313 387
480 245 371
444 259 364
446 234 325
478 244 311
492 242 361
502 250 365
476 226 384
471 234 333
492 234 310
464 307 384
537 232 364
514 230 383
510 281 333
484 258 344
520 274 379
464 256 300
453 276 392
524 270 392
449 222 303
514 237 301
509 221 327
523 303 356
533 240 344
458 227 321
460 217 310
498 258 369
497 304 315
484 285 392
478 309 351
496 245 336
446 295 380
496 309 309
437 308 336
492 313 391
529 289 391
474 256 371
446 256 378
521 259 322
453 240 348
518 234 374
464 276 352
505 264 346
475 241 375
525 240 347
442 258 398
471 265 355
497 288 362
517 219 321
453 317 390
445 218 330
497 238 364
484 264 329
503 259 306
492 314 353
492 227 358
491 307 346
483 291 300
471 295 394
528 317 319
461 260 394
452 233 391
479 286 301
525 265 351
465 257 306
480 268 329
521 218 320
469 259 338
462 314 352
477 248 367
495 225 355
528 310 355
474 294 341
485 281 392
457 293 351
449 301 304
467 223 382
492 299 396
452 263 324
441 260 312
474 230 352
482 271 338
521 281 368
465 228 341
444 311 334
441 262 355
499 289 313
483 224 354
512 230 365
519 276 394
503 306 384
485 245 394
473 237 396
474 313 323
494 245 389
461 285 358
501 289 323
530 244 399
526 309 307
452 296 361
499 254 399
508 297 316
534 284 305
517 253 346
472 268 313
448 294 362
498 316 382
496 286 382
443 299 337
504 265 383
500 305 367
510 249 299
529 299 338
505 316 334
495 229 317
530 267 312
504 234 319
501 251 378
484 221 399
537 240 398
505 269 308
466 239 372
462 311 335
455 305 367
488 307 328
460 312 372
532 292 304
474 261 387
477 286 381
468 297 381
462 230 344
463 231 339
535 274 353
514 285 353
515 244 306
513 235 398
491 307 304
491 303 386
537 223 314
515 302 354
465 257 383
449 226 339
532 303 374
535 306 393
501 298 339
537 312 321
495 272 342
500 292 334
534 230 390
437 245 383
450 294 330
440 298 355
503 308 342
524 309 395
468 317 316
438 317 350
445 262 345
461 263 385
443 257 325
444 238 386
198 209 115
257 236 101
174 252 18
245 262 112
238 260 52
186 270 41
206 235 83
212 277 51
194 226 56
189 210 66
178 225 30
176 224 85
222 221 84
182 244 67
207 272 42
247 294 29
256 308 78
238 252 59
202 208 87
196 218 27
177 289 105
165 287 21
184 238 54
180 241 68
239 228 91
166 270 58
256 242 91
169 299 56
255 271 82
226 248 56
245 301 67
226 270 61
196 242 48
202 254 34
201 268 67
220 300 55
254 297 99
225 296 114
160 280 106
205 302 58
238 304 104
232 262 34
185 258 26
186 229 35
171 303 21
208 217 41
205 255 61
193 277 103
194 255 82
229 292 76
255 265 24
199 253 47
174 304 70
218 281 114
229 230 24
232 287 44
163 289 86
172 226 102
181 234 91
177 264 46
220 276 41
238 294 25
259 302 32
167 305 57
172 224 85
253 280 22
232 213 61
194 288 49
200 231 74
231 290 90
177 290 74
174 290 86
223 244 64
220 307 58
230 267 47
258 230 50
227 214 59
173 261 32
161 214 64
230 249 28
256 291 45
240 292 47
213 225 77
164 215 47
218 258 113
195 243 36
164 242 28
167 225 18
174 212 20
202 209 82
169 219 36
195 280 24
213 227 116
187 242 103
223 227 104
243 247 59
181 297 23
202 251 42
212 264 87
188 246 50
198 281 85
197 223 93
188 263 28
164 210 92
169 214 49
230 237 85
247 274 74
253 213 20
255 235 40
168 279 79
166 243 26
160 298 64
256 285 116
188 239 16
172 243 89
186 254 45
251 250 64
191 209 60
235 285 103
258 280 19
167 305 66
217 238 91
249 277 64
239 240 53
225 210 98
235 256 112
220 287 16
205 279 104
218 255 45
166 283 60
230 303 105
213 298 43
204 228 86
235 252 89
234 212 105
189 224 39
170 258 24
224 245 63
254 281 113
206 240 87
259 279 81
231 211 92
172 209 31
199 220 42
185 298 96
200 285 32
195 216 74
256 225 64
253 297 96
237 237 56
221 256 85
169 233 19
203 245 74
164 222 48
167 229 21
258 256 115
212 282 67
208 226 43
178 265 31
184 251 93
141 459 412
207 447 441
132 466 444
120 484 421
142 516 429
210 489 402
147 430 406
164 460 444
119 517 448
184 521 445
161 477 404
122 500 448
195 440 389
210 474 383
152 452 392
182 434 372
138 504 414
127 518 415
147 517 414
149 462 429
120 516 439
135 459 383
186 489 421
180 439 431
129 504 416
119 467 430
121 437 352
198 473 352
175 506 426
157 522 379
186 477 403
132 435 367
205 466 409
188 522 352
172 502 369
200 467 409
126 526 353
192 511 390
190 492 391
153 519 365
188 467 406
142 446 353
214 460 408
202 494 377
185 494 349
121 503 369
190 472 409
158 450 373
141 454 368
160 521 353
135 446 402
176 508 447
155 428 363
123 452 407
128 464 367
129 487 401
180 519 360
142 478 423
195 464 422
143 458 404
180 442 418
190 459 405
209 501 442
132 493 352
125 445 429
212 431 420
154 520 348
193 495 361
128 468 348
147 495 435
199 467 441
161 436 370
161 527 396
120 457 424
193 490 443
154 484 389
130 491 412
172 465 402
213 472 437
140 467 438
140 489 348
127 445 416
120 435 372
195 443 414
198 493 403
189 450 383
168 472 410
128 478 384
145 459 376
195 497 445
145 505 401
139 436 447
138 490 415
132 455 371
191 486 440
212 467 392
123 508 375
131 477 385
208 450 427
135 479 389
152 495 357
133 499 384
115 480 400
204 514 394
168 483 362
182 497 442
132 464 423
178 514 379
187 477 435
177 450 393
150 499 410
205 485 433
201 460 392
162 513 351
206 526 438
140 444 429
202 520 385
131 517 381
194 515 415
127 466 388
204 504 361
193 504 378
118 450 380
206 525 420
124 520 425
210 454 376
178 469 394
114 453 365
130 472 418
176 457 364
138 496 393
155 486 380
184 474 431
193 427 447
195 459 429
214 491 362
133 479 369
203 473 403
212 513 388
137 428 422
196 441 398
203 462 379
165 481 421
165 511 403
144 431 365
208 514 357
129 503 447
194 478 427
185 516 401
185 465 435
170 461 393
181 522 367
114 526 398
177 443 409
209 463 437
213 488 416
137 460 408
179 512 403
160 459 350
146 492 437
197 231 333
123 306 348
189 249 399
181 251 411
165 268 356
188 282 385
174 228 410
161 235 383
143 285 405
130 293 341
144 284 326
160 270 394
168 221 393
159 242 392
119 266 361
164 320 372
174 270 328
139 291 376
188 283 328
154 263 329
161 300 370
124 234 375
174 286 333
156 228 368
183 245 347
210 273 379
126 317 363
127 235 368
160 231 381
200 271 405
193 256 357
180 294 330
197 222 318
207 309 360
149 243 381
177 222 354
135 277 383
138 317 357
154 247 356
146 289 344
184 286 411
160 306 323
158 273 410
189 278 398
157 252 382
118 319 375
160 287 333
128 243 379
210 271 328
196 256 356
184 261 402
203 256 353
128 302 317
137 315 317
207 288 365
201 273 334
210 286 330
207 240 340
186 233 370
183 305 392
195 304 327
154 260 354
177 230 383
171 298 375
194 297 338
208 277 397
122 229 384
114 310 324
193 259 324
135 296 372
140 223 404
175 320 328
197 310 375
187 245 314
208 309 378
169 286 403
158 298 378
202 279 387
209 253 375
143 302 393
173 224 381
157 224 346
200 289 393
148 239 334
161 281 361
131 232 336
201 319 341
185 296 389
121 265 324
175 228 333
187 233 410
114 249 361
160 319 389
152 232 340
191 260 377
124 236 404
174 303 399
162 273 354
134 221 328
123 253 376
176 274 372
138 298 371
142 229 331
210 285 316
148 288 406
172 236 354
200 306 343
135 291 334
176 274 387
115 279 322
160 281 332
190 279 324
142 307 404
196 258 323
142 235 341
211 278 390
139 263 312
183 256 326
179 223 365
211 277 357
206 255 408
155 266 375
114 267 317
178 228 385
137 283 346
126 238 412
152 276 324
118 226 412
144 291 398
125 276 405
166 279 354
149 295 357
194 238 346
148 249 344
121 222 329
181 224 367
161 236 338
134 289 319
129 224 406
148 242 410
174 304 329
135 287 320
192 284 325
168 298 315
182 252 366
157 250 369
191 289 386
150 315 374
130 320 380
199 296 321
181 236 338
120 264 362
156 271 387
195 251 319
116 250 322
113 286 326
195 311 337
112 320 395
143 292 332
145 284 357
274 487 228
238 529 292
281 534 211
257 541 197
291 493 254
284 496 246
246 497 293
220 533 273
245 491 243
282 449 209
270 508 211
311 500 288
265 454 275
313 540 285
318 487 210
248 478 219
247 541 202
283 536 234
223 520 196
244 485 261
302 455 289
272 496 277
275 460 228
301 528 294
301 462 220
244 531 271
308 514 292
264 510 257
244 505 232
298 499 220
233 471 228
314 518 239
232 487 220
266 536 196
232 532 279
312 491 286
307 456 226
270 526 253
233 481 238
271 541 227
241 491 214
281 489 245
236 469 208
298 456 215
247 464 203
236 546 219
226 492 238
245 473 234
291 515 291
289 492 221
293 464 251
283 523 220
314 534 293
297 468 197
263 521 241
313 538 219
254 483 201
244 545 260
271 499 207
298 540 211
318 508 205
316 509 280
266 513 240
278 496 212
291 494 270
295 508 279
301 476 200
311 466 224
247 509 272
250 446 278
287 540 247
237 497 255
234 454 231
299 524 250
233 465 235
258 479 251
275 507 251
267 477 203
269 462 265
286 471 194
268 450 205
263 479 215
230 472 232
269 497 265
298 521 283
223 531 203
286 504 201
318 520 199
308 498 201
221 469 260
239 480 243
259 472 243
305 536 211
283 458 210
286 472 198
279 485 243
317 518 215
249 521 228
234 533 223
230 537 249
282 509 252
222 452 265
273 449 237
281 531 198
240 494 293
225 498 261
295 516 256
283 476 242
299 524 263
288 470 203
284 470 290
282 542 273
219 537 204
273 536 260
273 474 273
255 446 263
233 455 277
315 487 246
298 478 211
218 453 210
236 457 243
283 478 288
295 456 263
304 475 213
227 515 196
276 511 237
318 529 198
237 524 278
229 526 284
263 501 208
315 470 288
293 453 292
221 495 274
264 531 265
317 519 202
249 469 227
291 506 260
246 476 209
246 543 291
247 505 214
288 511 247
295 492 262
221 456 245
270 459 201
260 461 243
257 535 210
223 487 282
257 511 225
297 529 211
244 519 262
232 536 270
281 489 237
286 541 200
306 482 288
230 531 274
233 484 196
236 544 209
231 493 263
267 490 275
304 470 194
95 154 283
143 154 203
171 151 269
175 181 220
141 192 292
126 208 262
101 205 209
119 209 240
141 192 201
127 160 245
120 169 194
169 232 254
142 210 207
125 171 204
105 151 257
136 240 238
129 217 198
124 178 291
168 167 211
148 204 192
91 168 226
91 171 206
180 193 265
95 187 283
121 206 209
140 193 286
107 218 290
125 223 266
166 247 212
99 238 257
164 203 206
81 161 223
132 240 213
90 209 254
112 155 198
114 216 236
168 211 199
170 192 284
137 222 230
106 193 262
103 176 242
83 228 218
161 251 199
109 238 260
83 189 258
134 164 210
154 221 192
142 194 207
116 236 254
158 161 244
154 195 234
119 246 286
151 220 229
171 154 200
180 232 208
171 237 246
112 163 290
173 214 276
132 189 245
80 192 232
160 216 255
123 222 261
114 152 248
110 204 271
122 229 201
140 203 264
124 153 199
106 152 249
146 182 272
168 190 279
125 155 276
179 243 265
132 251 252
154 215 254
87 178 211
136 220 202
140 219 196
131 205 273
129 250 234
96 248 193
163 164 232
176 177 280
139 242 217
176 189 226
179 226 263
153 236 245
129 162 216
179 171 266
88 241 233
157 158 201
87 160 278
154 182 285
112 230 214
140 188 200
109 199 237
168 219 222
167 181 253
89 218 215
106 232 222
160 219 197
134 250 202
125 219 234
82 185 248
136 234 227
90 222 225
116 229 201
130 162 215
121 157 215
166 151 214
167 196 278
128 191 263
117 182 253
166 163 284
128 151 196
94 171 289
160 238 250
98 220 271
106 246 245
159 173 288
98 153 209
128 198 262
149 187 261
92 164 251
111 153 269
136 231 272
176 182 223
162 248 233
166 186 274
101 192 215
141 188 292
162 153 222
168 202 267
109 249 217
123 192 252
90 205 278
124 167 282
98 229 287
112 244 213
99 227 269
155 221 222
133 243 289
87 205 197
99 206 226
153 219 270
125 185 229
81 155 285
153 224 229
86 151 266
137 164 267
174 242 270
154 173 242
119 220 286
117 166 279
168 234 261
83 243 240
96 197 235
168 164 269
164 249 252
112 188 291
100 249 287
183 435 346
173 458 367
141 422 325
126 461 365
197 484 345
125 434 347
177 503 324
158 477 316
158 485 302
184 470 309
181 443 335
125 487 361
179 431 336
179 497 311
207 475 347
110 438 280
188 434 358
166 494 372
152 451 308
120 499 331
162 489 334
111 484 320
188 478 354
199 453 286
160 448 321
152 441 328
170 432 317
157 450 374
168 433 286
127 498 308
165 510 338
186 442 373
154 424 373
140 491 275
110 503 337
129 443 298
171 454 370
180 514 312
123 472 313
126 467 303
195 515 334
195 442 324
120 496 278
195 430 368
189 477 351
139 472 275
108 472 328
174 490 351
198 425 277
128 486 363
158 469 287
159 503 362
142 492 316
196 453 345
205 467 318
166 483 343
172 494 314
168 424 329
109 470 311
175 458 349
164 501 332
136 422 299
183 428 279
123 513 361
169 467 340
158 492 337
208 454 293
201 450 369
162 515 316
183 425 373
194 452 371
118 447 293
161 513 358
166 511 364
180 494 354
194 508 334
156 423 302
186 495 348
189 440 373
178 459 276
110 504 343
170 515 303
138 458 280
187 494 318
139 432 313
161 447 343
161 425 288
176 426 350
148 494 305
199 484 296
148 445 372
201 460 275
135 466 363
158 504 319
114 494 312
147 469 324
172 432 365
124 422 330
204 471 282
164 474 323
159 490 344
147 431 329
120 513 332
190 450 308
158 482 340
207 436 316
179 462 307
195 493 319
202 464 278
169 516 293
174 496 360
156 477 306
190 459 350
192 493 330
133 501 312
112 443 311
114 495 363
156 472 334
112 485 303
169 440 375
117 445 329
175 473 334
181 437 313
158 437 346
206 435 307
174 432 338
207 457 337
146 442 360
112 458 332
115 520 336
196 425 284
127 429 306
159 479 281
156 480 345
112 427 299
198 436 297
165 521 365
205 476 294
206 498 352
113 469 307
147 437 353
153 449 375
151 476 330
184 490 285
202 442 313
149 436 354
198 484 295
198 484 346
196 472 304
183 453 322
141 496 371
187 506 303
156 441 373
192 438 372
132 482 375
182 467 292
138 505 294
191 422 371
149 504 277
151 454 306
90 206 385
90 241 402
88 274 337
101 225 317
163 207 364
142 258 401
97 246 311
131 291 310
129 213 371
180 230 314
155 257 400
151 210 401
151 248 312
159 239 318
129 291 345
125 269 392
123 214 385
144 201 395
139 213 346
121 270 398
111 269 400
124 261 373
178 284 319
96 263 387
122 227 403
152 248 373
152 206 394
117 222 348
87 208 408
154 211 406
156 259 316
100 214 399
104 284 318
168 235 400
108 265 318
109 245 379
159 222 313
161 242 314
97 196 327
169 235 409
130 291 351
153 249 360
92 210 345
135 256 335
158 202 410
124 256 388
145 270 365
152 250 370
134 236 341
171 259 376
129 283 311
88 222 378
148 273 347
183 236 347
180 267 330
174 291 408
137 257 333
126 244 397
180 270 360
96 194 342
141 292 408
126 208 330
114 264 385
153 203 322
108 256 410
109 231 364
105 257 375
92 203 314
179 275 346
176 211 352
127 250 336
161 235 384
118 267 359
131 206 333
110 201 352
115 202 318
182 220 408
141 257 333
144 273 312
113 254 356
166 263 379
175 212 333
149 257 312
151 197 333
103 227 406
91 231 387
163 269 403
126 225 329
157 232 379
146 243 327
116 247 331
111 241 311
87 213 330
142 251 402
106 193 405
183 257 383
185 282 318
173 217 339
109 255 342
175 264 314
119 263 322
166 242 349
157 270 312
172 246 311
147 288 348
167 204 374
160 269 322
148 197 401
109 265 374
141 286 321
152 210 311
170 230 326
145 282 327
157 286 369
101 224 343
171 243 375
130 235 319
139 223 405
132 210 349
94 245 322
99 213 389
97 210 353
160 273 326
168 239 346
156 198 390
148 282 363
140 195 383
180 288 409
96 261 343
130 199 377
128 232 359
88 286 311
94 246 321
160 247 383
97 236 394
107 280 322
108 199 352
104 262 365
140 271 333
114 277 399
91 210 395
144 216 376
137 233 322
129 253 331
134 215 337
176 293 328
125 282 383
139 209 343
86 241 327
181 224 404
129 241 333
128 250 360
151 202 352
128 244 363
117 237 377
140 263 378
155 282 350
114 221 387
103 283 379
166 199 312
323 525 171
279 521 149
340 537 113
364 536 111
282 505 134
353 462 176
281 442 137
282 516 183
335 466 120
286 444 154
303 506 199
363 477 119
328 540 171
339 521 203
364 464 138
325 469 156
330 464 164
331 484 200
300 481 201
290 535 118
297 492 204
286 518 200
306 482 155
347 458 193
365 539 113
309 492 112
325 465 185
373 487 115
284 495 192
281 452 141
355 532 195
371 522 157
333 441 179
311 535 178
348 471 197
344 469 127
323 458 191
318 525 122
282 509 121
289 474 164
292 471 137
343 525 147
311 465 159
291 503 204
325 483 166
334 535 189
348 529 192
361 441 162
346 491 150
316 441 137
365 467 142
359 536 204
339 476 205
351 445 122
318 469 179
290 449 135
338 538 195
318 522 154
313 504 128
376 449 157
334 517 134
318 528 193
319 503 144
327 534 134
336 522 175
349 485 116
299 500 173
328 499 168
353 496 114
329 458 146
361 501 201
281 510 206
372 471 136
312 476 192
356 462 140
283 533 153
309 479 162
331 535 139
361 526 194
334 501 203
373 474 177
344 539 159
369 531 116
319 485 125
360 465 198
287 526 159
322 457 118
336 453 177
348 504 143
341 442 141
322 494 150
291 465 142
370 500 164
327 521 137
364 509 112
376 465 207
293 517 174
304 490 198
301 500 168
301 528 200
347 508 144
290 516 165
339 463 115
349 480 156
295 535 210
367 510 179
277 527 125
314 493 197
321 481 152
337 449 192
376 538 132
309 469 188
297 491 125
295 475 197
282 524 142
291 526 147
303 443 176
306 522 208
339 454 113
338 470 164
293 475 161
280 497 137
292 501 154
282 478 176
365 500 198
311 511 155
318 516 166
308 512 197
333 521 151
329 478 186
376 500 198
286 516 193
290 447 164
306 446 191
294 537 179
307 507 200
295 452 116
299 470 150
324 519 191
353 470 159
359 508 131
303 525 206
363 532 113
339 498 183
344 503 141
311 452 171
315 473 196
346 458 195
364 457 185
309 440 141
299 441 167
283 519 125
338 540 186
335 514 134
347 502 156
289 458 171
329 456 198
297 540 156
349 491 189
355 440 184
480 291 123
472 307 116
472 363 142
440 362 191
452 371 107
440 274 105
482 296 134
517 369 140
448 338 145
437 358 99
466 299 108
478 355 167
486 337 100
524 370 152
519 296 149
512 293 182
471 356 119
432 334 183
465 273 126
454 292 109
464 321 122
446 371 176
495 304 109
462 281 171
474 308 124
458 294 152
528 334 155
443 315 138
492 310 162
452 325 132
470 316 101
516 341 100
469 319 197
480 298 158
478 320 158
470 367 112
443 321 184
464 343 168
467 272 103
462 371 99
489 295 152
444 305 153
530 305 123
496 293 135
517 360 125
434 313 127
470 324 132
507 340 111
500 320 140
502 333 194
502 328 146
448 345 114
529 329 157
459 308 185
480 322 107
451 286 126
515 352 166
450 285 120
485 307 158
489 336 177
450 276 145
465 294 132
446 307 162
515 285 105
455 370 101
506 335 116
523 303 102
450 311 134
471 280 128
519 318 155
441 282 173
501 285 124
491 346 196
473 289 136
470 337 142
468 284 160
484 320 146
492 313 176
446 370 150
479 344 193
520 293 161
434 291 113
480 317 120
455 328 115
525 274 102
446 334 167
430 332 122
449 315 157
470 300 170
518 287 127
453 369 178
473 322 186
459 272 152
528 278 101
435 321 120
508 340 154
514 336 106
454 301 121
451 315 184
523 300 185
445 355 161
458 291 197
464 301 193
507 307 106
482 286 107
506 309 165
486 343 185
503 345 170
526 314 159
478 312 111
520 288 148
447 272 196
513 279 174
450 296 158
524 363 173
529 307 157
520 288 112
526 271 192
475 367 122
467 311 166
498 300 98
511 281 171
527 343 193
470 367 114
477 282 130
449 314 158
458 289 191
435 365 104
477 281 122
501 340 112
434 306 172
476 319 169
504 304 182
481 346 188
463 272 97
483 363 183
521 286 112
526 320 101
456 296 161
493 366 128
448 300 112
506 322 161
442 359 128
455 318 121
493 279 126
474 364 136
437 337 162
490 320 128
462 328 145
437 301 192
448 326 191
525 330 113
501 308 176
503 344 117
493 355 110
510 308 189
431 368 152
494 356 164
528 298 149
474 287 116
