91 80 47
68 114 55
85 110 45
93 84 60
88 79 48
81 106 76
61 75 55
96 96 60
97 114 76
96 84 80
93 93 77
98 89 73
60 95 56
64 94 70
75 98 49
98 99 46
92 92 58
72 95 78
90 114 62
82 85 52
90 80 52
76 103 59
76 104 45
88 102 76
85 93 53
62 100 58
73 81 44
75 111 81
84 101 66
92 114 66
95 97 46
99 114 43
61 105 48
64 106 74
80 114 64
80 106 52
79 91 57
83 110 52
76 103 51
81 96 53
75 80 63
93 104 66
69 78 52
95 93 81
82 99 68
93 110 80
61 87 49
95 103 78
62 75 42
67 112 74
62 111 71
70 96 62
91 111 47
98 84 78
91 108 45
61 86 81
61 89 76
93 95 71
88 84 56
69 112 65
76 94 74
87 108 60
72 82 81
82 86 69
80 93 45
80 76 76
96 98 81
78 95 79
75 107 66
75 79 53
83 111 60
95 92 60
65 77 53
89 87 69
88 101 41
65 80 63
74 83 70
80 94 50
62 114 64
64 95 72
85 75 50
87 80 65
87 84 66
96 76 61
73 94 79
81 79 48
76 92 63
73 83 51
75 89 68
59 92 57
90 101 49
93 108 50
96 109 50
99 99 50
60 83 45
93 89 80
71 96 47
62 111 52
94 78 57
59 111 60
92 103 50
96 91 73
77 94 76
94 96 67
96 76 69
98 110 60
93 79 51
83 89 69
71 84 63
80 78 52
95 89 74
79 77 55
92 109 64
64 76 65
64 115 51
91 88 75
91 96 41
74 106 61
85 109 69
91 110 54
82 88 61
94 106 53
78 106 74
91 78 50
71 81 51
86 109 50
98 98 41
86 103 72
98 112 77
64 104 45
96 94 43
96 111 57
96 113 71
60 92 66
79 108 51
85 101 52
72 83 54
64 102 55
71 84 41
71 95 64
80 79 73
61 95 58
76 104 45
86 109 52
65 100 58
72 97 61
85 85 43
98 106 48
80 111 68
83 85 79
81 109 68
95 90 77
81 76 51
69 95 55
82 103 64
65 107 63
82 87 68
87 80 48
97 99 80
73 103 72
83 102 53
80 83 56
69 86 45
71 90 69
64 77 77
78 84 58
75 108 46
81 79 56
75 77 73
96 78 67
98 98 47
65 87 53
88 101 62
83 107 78
69 87 62
75 106 77
87 100 75
85 110 60
64 101 80
90 77 63
115 6 33
84 19 61
89 38 36
116 23 32
95 36 69
93 28 45
91 8 39
98 26 68
81 2 53
101 20 39
92 14 45
85 34 38
101 4 59
110 0 46
89 7 47
85 14 42
105 9 51
110 7 60
90 14 38
116 32 42
91 2 62
90 3 56
87 38 58
115 31 61
114 22 36
104 12 51
107 30 54
87 26 58
103 37 63
106 4 43
99 1 51
83 31 41
107 28 53
109 21 62
81 14 66
82 8 63
98 17 70
103 16 38
85 -1 47
87 21 65
86 0 37
113 25 48
101 17 45
89 30 34
82 34 42
81 30 35
93 21 63
86 24 44
105 36 49
94 9 65
118 8 69
84 14 60
114 10 51
90 8 65
119 18 62
91 25 54
107 12 47
91 13 37
83 26 33
98 38 54
106 7 38
91 15 34
98 9 55
86 33 58
118 13 48
119 13 51
81 0 51
101 31 58
118 35 50
94 11 69
83 31 35
92 25 31
81 24 64
88 23 42
84 23 68
117 20 70
111 34 55
119 26 45
111 33 47
96 25 57
104 26 54
97 16 35
106 16 68
103 15 35
82 39 50
97 34 47
115 20 58
105 2 33
87 10 46
100 20 37
84 29 62
104 13 53
103 34 48
103 12 43
96 36 55
120 19 48
95 21 70
82 4 30
90 23 51
120 39 64
105 11 40
93 22 68
81 38 51
95 7 69
88 36 62
89 25 54
118 4 35
113 18 46
98 3 69
85 32 55
81 35 61
85 14 58
105 23 57
94 26 62
87 18 47
86 7 48
108 34 44
91 21 30
116 38 52
105 8 39
83 19 57
114 12 69
98 24 49
107 11 70
104 1 58
112 11 70
94 21 33
106 27 68
113 18 38
113 34 31
115 2 38
95 36 39
102 36 31
120 1 52
94 15 65
101 2 70
113 39 37
93 13 46
97 -1 43
116 1 48
84 36 42
85 37 59
97 14 43
116 29 63
109 38 48
95 4 41
100 33 64
102 30 49
117 35 44
101 16 61
101 26 61
84 21 46
107 6 46
87 24 62
87 21 40
80 39 30
95 21 37
86 -1 70
116 31 33
88 24 40
86 3 48
101 -1 56
119 3 62
89 34 38
110 39 52
120 39 42
119 17 51
93 39 64
98 32 36
86 9 69
98 24 36
89 18 69
109 7 70
111 19 61
95 18 41
115 1 32
115 25 43
92 7 57
104 26 30
117 15 47
47 108 102
44 105 87
46 117 98
46 82 70
76 85 68
63 79 107
75 115 71
47 103 80
59 77 84
65 115 68
81 116 89
74 113 106
71 83 93
54 101 104
79 116 85
76 105 78
81 77 83
65 102 70
45 89 105
45 84 84
63 109 77
75 91 72
73 78 86
45 105 104
75 95 74
43 84 69
68 86 94
65 117 70
51 105 71
49 97 85
58 105 81
72 101 91
49 80 70
47 83 86
61 84 84
54 81 76
77 91 74
69 111 81
69 106 92
47 85 84
65 101 68
65 93 106
73 92 98
60 102 90
46 91 80
71 116 87
80 78 86
64 101 103
66 111 87
70 79 104
52 91 80
60 101 75
70 103 88
76 81 92
69 83 81
81 78 92
78 113 106
80 94 89
67 99 97
54 88 100
58 83 85
77 104 80
57 86 97
44 113 95
52 99 79
57 80 94
63 110 105
78 97 105
67 91 88
79 108 86
76 83 101
72 88 86
52 106 95
59 89 100
67 80 69
83 108 97
79 102 101
64 113 80
60 86 69
73 85 67
47 95 104
54 99 97
67 78 107
83 111 69
68 95 79
75 102 71
72 86 87
67 108 103
75 93 89
55 104 71
72 94 67
69 109 81
58 115 78
50 107 88
51 95 73
46 103 95
49 91 106
49 86 71
75 99 76
72 84 91
51 83 88
50 111 78
67 100 67
54 83 98
60 105 71
78 78 78
45 99 103
43 109 99
43 88 68
83 86 73
46 80 101
52 82 84
69 85 73
77 107 92
75 102 73
57 84 70
77 112 88
52 116 91
52 78 68
78 88 101
51 96 101
48 91 90
69 86 75
69 89 67
80 115 83
82 79 78
47 108 106
80 103 98
78 89 83
50 104 72
60 79 77
47 111 67
58 90 100
44 85 69
69 109 67
45 110 78
62 77 77
51 95 76
64 106 100
48 94 99
65 102 107
45 96 104
52 115 100
49 110 101
70 81 84
83 91 88
58 83 104
50 101 98
63 113 70
71 81 101
45 108 98
73 108 100
81 89 72
64 114 105
80 97 103
61 83 67
59 92 95
60 101 103
48 79 83
81 104 81
47 103 105
72 113 79
57 80 76
79 92 102
65 111 81
81 81 97
71 82 86
52 102 107
59 79 73
45 84 84
63 86 76
79 102 90
68 94 69
74 107 85
61 103 84
59 96 77
43 103 82
66 112 69
51 78 77
46 112 90
64 2 64
78 17 45
87 27 46
83 30 34
84 28 55
73 29 44
66 32 52
75 32 36
67 -4 57
68 3 28
92 27 57
67 28 36
93 20 63
95 30 56
88 32 28
62 1 65
96 24 60
92 19 50
87 27 28
64 16 61
77 -5 31
61 8 32
88 -8 39
63 -7 26
67 27 38
88 25 31
80 29 50
87 4 25
89 -1 41
84 8 47
75 29 52
70 -8 54
84 -7 27
56 29 64
64 8 44
72 -2 30
84 3 36
75 13 65
66 9 56
61 30 34
93 23 35
93 3 30
63 19 34
89 -8 50
68 7 43
56 -1 52
59 19 50
83 14 57
56 21 42
95 24 49
80 6 57
62 16 54
93 -5 49
69 11 34
68 4 40
93 11 33
88 24 53
87 17 54
69 23 47
81 2 38
67 8 44
78 6 59
80 4 41
65 21 62
87 19 54
66 25 54
88 -7 64
93 11 59
62 5 57
57 6 55
65 29 46
82 13 56
83 28 38
80 -3 34
96 12 64
63 29 53
91 3 62
59 7 55
89 -3 54
72 22 31
62 1 39
88 16 55
82 31 25
95 8 47
70 5 38
85 29 34
73 0 55
91 31 32
91 9 58
64 30 60
63 8 29
94 13 32
92 -4 29
95 30 46
79 29 32
87 24 39
69 22 54
64 1 41
67 13 26
86 0 45
77 14 42
83 27 50
59 22 46
90 5 62
89 1 42
95 -7 26
58 25 45
86 4 50
95 -5 25
87 -5 65
95 14 37
70 7 65
64 18 37
61 -7 40
56 20 57
58 1 53
93 -7 63
93 6 59
70 2 49
80 9 40
59 16 28
89 -8 26
79 16 65
71 12 44
83 -7 58
58 -7 27
73 12 57
71 15 52
88 26 37
61 31 26
96 3 50
93 -3 58
91 11 30
95 21 58
90 -1 43
91 19 65
89 32 65
77 28 37
92 2 42
56 0 59
93 -2 55
76 31 49
79 27 46
73 10 26
75 22 48
86 17 58
94 -6 27
63 22 30
67 30 56
84 17 52
83 20 35
64 11 52
62 12 57
68 19 56
77 20 34
88 15 62
62 -1 30
56 12 39
58 5 63
56 4 52
94 11 48
77 -3 33
71 25 57
70 9 32
85 14 59
93 12 49
95 -3 47
81 25 37
89 9 39
86 -5 44
85 10 48
75 8 32
96 16 48
69 -6 41
67 27 36
57 -8 41
86 9 41
92 23 64
90 25 28
89 18 37
109 -11 49
115 1 42
96 -3 58
115 -2 31
103 14 54
99 -3 61
99 13 61
102 8 35
108 -10 51
116 9 27
80 -2 52
94 -19 53
113 16 45
104 -19 54
88 -15 55
86 -10 43
101 -8 26
113 5 58
98 -8 46
112 14 39
90 -3 46
78 15 44
104 4 42
95 13 57
113 -15 55
92 -15 54
85 -11 47
91 20 39
90 14 29
109 10 58
93 8 31
117 -11 61
93 -19 41
102 4 55
106 17 38
108 0 28
92 0 30
78 -15 33
94 -13 28
96 4 43
98 -19 51
88 18 36
82 20 55
116 -19 45
99 -8 48
86 9 61
97 6 26
106 6 59
91 17 53
98 -14 39
109 5 38
94 -3 32
88 -10 47
112 0 35
102 9 61
90 19 55
81 6 48
107 9 29
94 10 50
105 -7 52
91 -8 44
88 -1 55
108 6 24
98 -7 47
82 -15 21
86 -15 46
107 20 43
110 21 45
115 5 58
117 -4 35
103 10 29
88 12 55
108 7 33
84 1 43
110 11 43
98 17 22
90 0 43
111 -8 59
117 -11 47
102 -18 32
94 -14 26
83 -1 54
78 12 24
80 19 53
90 -3 42
110 20 52
90 -5 39
109 17 37
91 11 59
100 -11 60
82 -19 40
93 -15 27
83 -8 31
109 -13 58
100 7 24
90 19 33
105 0 39
97 19 23
89 9 42
108 14 60
109 14 27
84 3 26
103 13 54
100 11 40
85 17 40
109 -6 28
116 -18 54
83 6 46
104 13 33
85 -10 38
95 4 49
115 7 31
106 -13 24
90 -8 37
82 -17 57
107 -1 40
109 -19 59
115 10 48
90 -10 47
111 6 37
92 7 49
103 19 35
111 8 34
103 -9 58
104 8 40
118 12 49
84 -1 38
98 21 49
78 18 32
95 -2 31
89 -7 60
109 -13 39
83 -14 61
91 0 48
101 19 54
108 11 23
80 -11 26
87 11 53
108 10 41
112 -14 30
85 3 28
85 2 52
102 11 30
118 19 23
80 7 21
99 17 60
84 6 58
105 13 23
107 -8 34
83 3 60
108 2 21
104 -15 52
109 14 53
89 -18 38
95 15 26
98 16 26
101 13 55
100 6 33
106 6 33
96 15 60
104 -12 21
91 1 31
91 12 56
84 9 33
89 -8 59
97 21 41
97 18 41
90 -7 54
105 13 57
94 -11 23
111 -17 26
98 -15 59
83 20 42
106 -5 54
110 20 36
98 1 53
112 3 52
101 -8 38
96 17 21
102 21 46
-3 -8 52
30 3 28
17 11 46
-2 14 37
14 26 53
-3 14 26
16 5 37
20 26 31
30 -8 44
-1 -11 57
5 14 28
27 18 58
2 6 44
-1 14 57
34 8 49
34 -10 39
4 -13 58
15 -11 29
7 16 63
32 -6 26
1 -9 56
4 -13 63
14 22 55
11 -12 59
25 18 56
20 6 58
-2 5 60
24 25 36
16 15 50
24 13 32
36 -1 42
25 11 47
7 2 30
26 -9 49
-1 -1 25
15 19 51
27 -3 56
-3 -11 55
4 25 46
36 20 26
20 7 49
16 -6 60
12 25 42
34 21 27
17 13 51
33 1 41
7 -6 35
8 22 52
-4 22 52
32 21 56
29 -3 50
28 -8 62
28 25 25
-3 6 60
25 -9 52
13 -13 64
28 20 43
-1 25 47
33 -7 27
-1 9 48
26 -4 53
19 14 61
16 16 52
15 14 46
35 4 61
9 18 64
-2 23 48
19 -1 43
35 7 48
21 25 65
19 15 48
14 1 36
18 16 56
21 0 51
18 -4 63
24 10 45
6 -8 63
32 17 39
7 11 26
25 16 49
29 19 58
-4 -7 36
18 -4 39
30 21 56
-2 21 38
2 11 30
-4 13 56
21 -1 50
18 16 63
2 -1 62
22 6 62
5 0 31
29 -6 44
-4 -12 46
-3 -11 35
20 -11 43
18 15 52
18 -4 29
3 25 52
7 20 38
-2 8 31
16 0 40
22 16 57
16 -3 63
8 -9 63
11 8 53
18 -7 57
-2 3 50
-2 1 35
35 -11 56
-2 -10 60
14 -10 25
15 3 52
18 26 55
-4 6 35
32 19 62
6 20 26
0 -5 54
30 21 56
15 5 31
26 -3 63
10 10 40
35 -5 48
19 13 28
20 7 38
35 13 33
31 3 54
10 -3 52
-1 17 56
-2 0 55
12 25 62
26 -7 46
3 14 56
20 -2 39
24 9 35
36 17 30
32 2 51
24 7 35
-4 -9 37
32 5 26
11 23 42
7 8 58
26 5 31
10 3 34
10 -1 40
2 -2 28
13 2 36
29 0 45
27 -8 36
2 19 32
1 15 32
11 6 31
14 3 48
7 -5 52
8 17 61
1 12 57
34 23 63
6 19 50
26 15 25
32 9 27
10 -12 62
2 8 26
35 1 53
13 3 52
18 -3 40
-3 5 58
12 -11 45
31 1 31
35 6 54
6 10 51
35 7 31
0 15 54
26 15 25
25 12 26
29 2 34
30 7 42
18 10 46
18 19 46
19 -2 26
19 4 49
53 24 39
42 30 12
39 15 10
20 31 36
34 30 29
57 34 43
29 22 15
32 28 18
25 12 20
38 12 10
56 28 36
27 29 12
44 35 25
51 51 35
43 25 21
21 31 43
39 21 33
57 47 42
26 17 8
21 44 36
32 32 46
46 45 37
37 23 33
58 16 14
39 30 10
55 13 7
55 38 14
20 38 41
30 44 12
20 39 15
26 50 6
49 33 35
56 17 31
45 30 33
48 39 19
28 13 16
24 36 28
27 20 45
35 50 45
52 42 27
35 37 13
54 16 23
28 17 12
53 32 45
60 47 22
56 37 37
54 30 22
47 23 16
26 51 21
32 40 25
60 44 33
24 37 25
29 22 6
41 37 15
50 19 37
54 46 8
49 40 6
42 23 27
27 22 7
26 41 6
23 30 8
38 16 14
32 52 30
54 47 32
56 48 39
43 19 46
40 50 12
40 26 40
54 48 42
39 47 15
44 19 23
55 24 16
49 50 24
50 44 43
24 37 35
54 52 8
37 19 25
54 19 24
48 45 29
54 44 41
40 38 17
45 52 40
52 28 34
28 31 35
51 29 11
57 12 18
33 38 42
43 27 39
54 30 7
28 26 42
30 25 16
50 18 42
48 35 26
34 49 8
25 20 33
55 41 28
44 28 12
60 17 8
43 42 23
38 16 39
60 35 45
56 19 25
30 44 6
31 40 36
46 48 9
43 19 26
35 12 12
26 49 28
22 50 22
53 13 24
54 19 22
35 20 35
59 17 38
39 13 40
27 25 33
25 37 30
31 44 19
36 36 45
52 33 10
34 38 6
51 23 33
51 46 21
47 39 38
30 21 19
59 18 11
31 42 24
33 31 23
28 37 16
26 17 15
46 47 27
30 45 45
33 18 45
58 46 26
45 43 32
24 19 38
45 38 24
53 15 45
25 43 6
53 21 37
50 26 32
50 22 24
58 48 43
51 49 29
36 29 31
60 14 17
34 32 23
34 49 10
34 20 18
25 37 35
31 40 22
36 13 9
31 35 33
26 41 24
21 47 27
45 35 39
52 21 18
26 19 25
22 15 14
29 51 19
36 48 44
35 37 35
55 36 19
20 34 17
44 13 7
35 43 12
49 32 40
55 18 24
41 31 34
28 35 13
27 44 20
54 13 8
59 46 11
41 47 17
59 34 9
46 40 36
47 29 39
32 33 40
38 45 25
20 51 38
52 20 43
42 53 53
56 39 63
54 49 64
57 45 56
70 49 79
70 25 47
59 55 64
60 34 57
47 24 51
52 51 63
57 54 79
38 40 71
48 49 66
43 41 80
40 44 58
65 48 74
41 26 73
40 53 70
40 53 47
59 50 67
63 34 58
43 38 74
61 23 65
69 31 72
42 51 45
70 38 52
67 21 75
63 45 50
67 32 60
72 28 55
59 20 72
61 22 47
59 29 45
54 54 43
44 31 78
43 20 74
67 39 68
44 26 57
68 36 75
70 47 48
74 42 69
71 33 72
58 49 75
66 44 59
48 43 54
59 20 62
55 44 76
67 43 74
48 23 42
56 54 42
51 43 75
68 39 78
77 33 63
70 46 40
54 43 71
72 21 40
56 49 67
42 29 53
65 55 57
70 30 61
54 28 63
67 46 44
59 42 68
51 39 75
58 18 77
67 54 43
64 30 80
42 43 48
75 39 71
42 33 72
61 51 59
58 29 74
47 33 64
51 20 61
44 33 56
49 34 41
60 41 74
75 45 58
39 24 65
55 54 69
54 46 65
45 50 48
71 43 51
57 24 78
39 50 62
39 47 51
70 29 49
59 42 71
66 15 77
57 52 58
44 31 49
38 40 41
57 38 40
53 27 52
37 54 43
50 39 45
69 25 80
57 47 43
76 34 52
59 16 75
76 45 64
74 28 55
54 35 75
46 23 66
46 24 54
71 40 55
51 30 45
47 54 54
76 50 60
75 40 59
41 17 56
52 33 76
66 33 62
43 37 45
44 48 60
57 25 49
69 35 52
53 18 41
40 31 54
55 16 42
51 40 41
44 31 69
51 19 63
39 54 75
68 22 50
66 31 64
71 38 47
40 25 73
50 55 53
73 46 50
67 31 49
65 25 41
42 17 53
56 46 40
49 27 55
48 30 53
37 19 80
49 27 72
43 18 46
73 48 67
38 45 73
54 17 65
49 34 60
60 49 51
38 23 75
46 49 53
51 31 42
43 37 72
39 40 45
41 55 70
67 16 74
77 53 40
74 43 69
51 46 56
42 47 78
40 52 58
38 37 71
68 19 54
45 51 74
63 48 80
53 38 64
45 21 62
51 18 69
59 41 44
65 15 74
59 49 63
40 39 63
56 23 80
69 22 48
69 15 74
61 39 44
39 52 58
53 43 47
60 24 53
71 35 77
63 55 58
50 27 78
75 36 66
72 55 79
70 22 65
13 76 52
20 59 41
14 70 39
14 53 46
37 60 33
36 66 59
9 49 56
14 73 59
21 48 68
5 54 58
31 76 57
18 58 56
36 74 31
27 69 31
13 69 33
-1 50 62
35 50 58
18 48 30
26 39 44
19 38 32
8 60 58
2 72 31
11 54 30
5 42 33
30 75 54
37 75 55
32 50 49
3 75 29
0 67 58
-1 71 32
24 57 36
8 71 29
17 56 34
16 46 41
26 59 69
14 43 43
31 60 34
35 74 44
5 57 38
1 63 32
22 61 43
12 46 58
21 66 68
28 41 36
6 46 52
4 78 62
10 65 58
35 44 69
25 62 29
11 76 42
29 54 49
6 46 64
34 44 60
7 58 61
12 55 60
19 61 53
5 51 55
29 52 32
30 60 43
22 52 29
1 43 48
29 73 29
18 45 49
2 49 55
5 56 46
7 68 38
32 45 49
22 57 52
-1 76 61
1 51 54
17 57 41
21 60 49
3 70 51
6 72 50
5 44 35
9 58 33
29 77 62
32 49 67
25 46 32
11 58 50
26 44 34
33 69 54
31 39 69
20 73 30
8 39 49
29 40 31
2 72 49
17 61 48
33 41 40
19 51 43
23 66 46
-2 47 33
29 68 61
37 39 64
21 40 41
1 48 66
30 50 57
0 62 33
10 77 40
30 68 44
14 61 35
24 49 36
31 41 47
21 41 55
27 41 64
24 75 66
33 75 42
26 53 46
5 56 45
7 76 63
13 58 50
35 59 44
29 53 58
0 53 69
26 72 44
24 59 37
3 77 36
28 66 41
17 76 35
0 52 43
0 50 42
38 53 29
23 74 60
35 51 59
8 78 54
9 62 34
3 75 51
2 48 69
25 60 36
5 63 32
32 52 67
30 68 30
20 71 49
30 70 49
13 56 32
4 63 40
21 62 63
35 78 52
7 39 60
9 42 63
12 57 54
15 70 63
32 66 52
10 62 40
17 63 54
10 52 61
26 76 41
30 40 29
36 58 59
13 45 52
8 66 36
20 42 60
4 67 58
28 64 34
26 50 52
29 57 65
38 57 47
36 58 40
10 42 52
27 47 39
2 60 55
29 54 45
27 38 39
24 44 39
10 72 69
-1 60 36
3 72 34
21 60 36
5 70 56
1 52 36
24 66 36
33 69 37
8 60 62
29 45 66
15 66 33
37 49 46
20 71 68
30 49 60
29 77 53
1 59 59
68 71 19
50 91 -12
47 89 0
53 67 10
67 65 -2
36 88 -4
66 75 -8
71 68 17
43 61 -11
48 85 23
57 76 -2
45 87 21
71 91 14
65 57 -1
51 66 14
71 62 -1
48 73 22
69 58 12
36 71 -7
58 56 18
50 68 5
62 64 -8
46 83 0
69 84 20
65 59 28
68 92 28
72 61 5
67 63 21
49 56 -10
68 61 -6
66 75 -1
40 84 26
46 79 12
70 81 18
41 83 1
44 90 2
70 84 16
43 80 10
47 55 13
41 84 -9
65 94 5
35 81 10
35 67 20
73 74 -5
51 79 28
62 77 12
66 69 19
64 55 28
72 79 9
47 75 -10
36 57 -11
37 74 19
38 71 13
45 63 22
58 57 19
62 94 -1
41 84 24
59 64 23
73 76 20
71 58 14
36 83 5
54 79 26
51 62 10
63 90 -11
64 86 9
65 55 15
69 77 28
41 66 -5
63 54 25
65 58 11
60 87 -6
47 60 26
67 57 5
65 79 22
65 54 -8
44 83 1
74 82 -6
64 62 2
74 94 22
74 86 25
61 78 27
73 76 23
43 92 -8
50 68 26
70 78 27
44 85 3
53 65 8
54 87 17
44 73 -7
56 61 6
70 75 -4
59 76 17
36 92 0
53 72 2
42 70 14
37 62 18
45 65 -7
70 68 -1
73 86 -4
36 85 13
36 64 10
74 63 -8
72 60 20
70 73 -9
61 72 -4
60 89 -6
49 58 20
46 72 20
45 70 -1
61 87 0
46 65 -2
49 83 26
38 54 -7
49 80 -10
45 82 12
37 54 -11
55 75 -8
73 72 -11
37 82 12
34 63 28
35 85 10
37 82 23
44 71 24
62 74 -1
71 65 28
34 79 -2
37 64 16
44 92 13
63 66 27
51 65 -5
50 59 19
57 89 5
57 85 21
47 58 23
51 55 0
47 90 -11
69 57 -8
65 66 11
69 65 20
50 65 18
47 61 26
61 73 -11
65 94 28
73 81 16
52 75 3
69 79 -2
74 82 18
68 56 3
42 62 -9
37 72 21
36 86 16
68 73 21
46 83 25
40 88 12
36 91 8
40 68 14
70 70 -6
72 61 -10
57 54 10
61 93 26
64 72 21
66 73 14
36 82 -4
68 67 6
50 94 3
44 67 15
52 57 -12
45 72 6
49 62 -7
73 94 5
40 89 28
40 76 10
73 68 -4
39 66 0
48 60 21
39 67 -5
35 80 -11
41 82 9
70 65 1
38 85 22
5 36 18
26 27 4
2 20 -11
10 21 15
3 28 14
16 34 25
-4 34 2
26 13 -3
21 6 -8
21 25 23
25 6 24
32 25 -7
26 18 8
24 9 -14
27 21 12
20 16 14
32 23 14
23 45 4
10 15 -1
7 7 -2
24 42 26
24 10 8
5 10 8
17 23 14
35 24 26
8 27 17
16 32 3
21 17 14
3 27 23
21 16 4
2 19 -12
2 35 7
31 33 -5
26 5 -14
20 20 13
33 21 15
8 39 -1
27 17 -12
18 42 17
34 19 10
25 26 17
28 5 -5
30 28 26
2 41 -14
14 18 -6
16 35 6
9 10 -2
25 11 15
-2 42 4
28 30 -1
-2 26 25
25 19 6
26 38 4
28 22 -7
2 23 5
24 40 26
5 7 0
5 45 -4
17 15 -11
8 19 14
25 19 26
12 41 4
-1 5 -1
13 19 -4
1 12 -8
9 6 10
3 22 -13
11 16 10
1 12 18
30 11 16
3 45 11
16 12 -14
24 6 -8
19 13 -10
28 34 3
10 32 -1
0 44 -10
8 41 -10
29 6 -4
4 19 -11
23 29 -4
10 12 17
20 38 -5
4 17 9
6 16 11
25 15 -13
5 6 17
-1 33 0
19 32 21
10 19 0
19 22 -4
15 6 2
9 19 -4
2 9 9
3 29 7
14 26 23
33 27 -11
30 27 -8
-4 42 23
-5 20 13
18 29 -11
29 23 4
34 8 -14
35 13 -4
12 29 14
5 41 8
-4 39 -7
12 5 -1
9 14 -8
10 34 12
17 28 22
-2 35 6
-2 12 2
18 39 -8
18 38 -9
8 33 -9
-4 34 -6
34 41 17
21 34 -2
15 14 8
31 30 -2
3 45 7
-3 25 8
4 32 3
11 30 2
12 35 -12
-2 39 -10
5 45 9
23 17 17
19 18 1
22 18 -5
20 37 6
8 9 -2
16 42 6
-5 27 13
6 33 12
-5 10 -10
12 18 9
13 12 17
3 13 -10
18 31 2
18 22 -6
15 20 19
29 11 21
25 28 7
32 11 3
18 40 -4
22 37 -7
21 8 2
12 15 -14
8 20 19
22 44 21
4 13 6
16 36 5
28 44 5
14 16 9
5 40 18
28 19 24
28 27 8
2 19 10
1 38 -3
26 13 6
-3 25 1
21 23 24
18 26 9
23 7 -5
17 34 12
12 23 18
12 28 -1
23 35 7
20 29 -5
12 15 16
-1 5 4
2 35 24
27 45 -5
2 32 -13
15 26 -1
17 23 -10
-1 29 4
21 18 13
35 88 26
19 112 56
29 112 55
35 100 50
29 104 42
33 97 29
38 103 20
42 79 60
7 83 32
11 93 55
44 116 60
15 84 27
13 76 48
6 88 54
34 99 60
38 81 56
40 79 25
24 107 56
7 105 23
31 91 38
16 115 21
18 115 32
36 103 49
29 90 45
45 94 39
26 87 31
38 77 45
19 104 47
29 76 31
28 100 52
13 115 25
42 78 42
30 81 37
23 93 38
7 78 31
44 105 53
28 114 26
21 93 28
44 76 25
31 101 39
16 99 49
14 111 32
27 116 58
40 99 44
44 104 37
39 89 46
25 79 21
43 92 46
38 80 28
43 105 33
22 106 30
22 102 46
28 85 22
20 92 40
28 99 32
29 104 58
9 114 46
10 80 55
30 84 37
40 91 20
29 111 60
30 80 38
45 76 44
40 80 48
26 114 31
5 116 37
26 85 35
22 103 20
6 100 30
17 84 28
31 115 41
21 107 29
19 116 41
25 94 21
37 77 38
21 98 36
16 109 34
21 76 38
16 110 51
28 103 47
33 79 60
36 111 60
31 115 59
26 86 39
6 114 60
30 76 49
30 78 42
26 94 21
31 98 39
34 79 23
10 86 52
9 98 55
20 80 36
43 100 42
44 101 34
34 114 33
35 113 42
6 94 57
45 87 27
16 98 59
26 85 60
13 114 35
28 102 47
11 82 44
29 107 47
44 97 27
44 89 46
7 108 42
18 113 34
29 81 37
22 104 40
9 111 56
8 110 23
6 104 21
41 113 43
21 89 21
27 91 55
42 89 41
10 77 22
8 93 26
25 83 29
22 86 56
40 88 44
23 92 25
25 113 34
30 99 21
24 98 36
18 88 56
7 79 46
24 93 23
32 102 20
30 107 28
16 110 54
12 114 21
9 99 23
6 107 39
42 76 45
40 78 46
26 82 45
19 98 54
39 79 56
40 93 56
34 90 41
25 87 28
5 110 30
24 107 48
38 85 54
35 115 51
35 110 29
44 115 36
36 115 24
41 105 22
29 93 30
10 103 36
29 101 55
29 82 25
10 80 21
37 108 29
40 77 27
30 106 22
30 76 59
33 101 51
34 101 22
29 93 44
41 102 26
36 104 51
40 88 36
37 110 44
34 85 32
44 87 49
6 80 47
29 115 26
11 88 31
13 92 44
35 103 24
15 76 60
12 110 41
39 79 41
43 110 60
26 85 23
25 51 86
50 32 100
26 27 105
44 35 96
50 19 85
45 43 71
44 48 93
18 53 99
35 46 75
49 47 82
43 42 107
37 32 106
27 44 77
23 21 105
21 30 83
13 25 81
27 29 99
49 53 88
29 53 100
27 48 76
23 53 100
16 47 92
21 52 109
37 17 91
47 31 96
28 28 81
51 25 70
50 22 73
30 42 79
29 43 82
21 25 106
29 18 79
21 47 88
32 51 94
42 51 82
50 43 82
12 52 95
15 19 87
16 48 101
42 45 86
21 21 107
34 34 104
20 25 78
11 31 103
23 24 69
38 27 82
37 54 72
34 49 101
28 34 75
18 42 102
42 17 70
21 39 100
24 48 95
15 35 97
41 54 75
17 40 88
49 20 69
17 41 76
30 30 84
17 22 98
40 35 101
23 16 104
17 18 104
39 31 104
14 55 89
19 47 88
22 52 71
43 41 81
22 20 78
22 18 99
35 43 98
18 55 74
43 35 92
33 53 78
11 17 72
40 26 106
47 22 109
32 18 83
17 49 89
40 39 81
44 32 106
45 32 107
35 25 107
43 53 74
44 42 81
38 47 78
27 24 91
13 50 101
45 55 69
48 46 92
38 41 98
46 15 98
46 17 96
22 54 70
15 32 82
19 53 77
29 21 97
13 48 94
28 33 85
39 24 105
26 20 69
27 24 82
23 48 73
21 46 88
13 30 97
51 36 81
33 27 92
15 54 104
30 38 83
18 17 100
11 29 99
25 39 103
45 25 93
33 16 101
27 49 91
45 44 77
14 38 87
38 15 80
35 44 106
42 26 87
11 45 105
23 29 82
32 51 69
17 44 93
15 33 96
45 46 69
32 51 82
50 43 78
40 54 70
25 54 94
23 23 108
29 20 90
17 46 75
35 34 95
14 47 99
46 18 77
20 19 90
48 55 107
37 40 88
12 23 88
36 50 91
35 27 79
46 28 106
47 24 94
13 15 85
48 26 106
33 33 71
46 51 89
42 32 80
11 30 98
39 28 89
21 52 80
28 45 74
30 47 108
26 36 87
14 49 70
44 54 75
49 29 104
49 26 105
28 24 98
15 18 77
21 46 80
12 47 100
30 25 103
21 54 82
45 36 80
45 49 106
40 38 104
43 53 93
23 47 107
12 41 72
36 48 104
35 46 93
12 30 74
27 48 91
27 32 75
50 43 70
22 55 84
42 22 103
26 29 107
16 45 13
-2 46 17
29 69 18
21 56 4
0 51 25
20 67 24
29 61 4
7 70 22
31 41 8
35 60 30
13 41 34
15 40 38
20 62 18
34 47 11
33 68 1
20 72 32
35 46 23
1 71 38
-3 33 23
29 37 12
32 54 5
13 72 5
11 38 0
19 50 5
15 65 25
32 51 16
20 44 21
25 42 16
20 56 28
9 55 5
5 67 27
22 34 16
10 49 12
19 69 -1
22 61 20
33 42 23
12 59 25
26 73 37
19 38 37
8 68 6
23 35 10
1 41 14
33 44 14
22 53 8
12 63 29
35 35 -2
-1 67 32
1 41 -2
21 39 0
5 63 25
21 34 4
31 53 2
32 34 36
4 46 33
8 45 36
27 41 30
14 47 19
35 61 4
4 36 6
24 40 30
9 71 9
12 37 33
27 63 26
32 67 5
28 44 5
23 56 2
27 66 9
22 73 36
-1 36 3
21 48 23
10 67 10
24 67 14
4 53 13
31 61 31
35 44 14
34 63 25
34 62 22
8 62 37
17 53 23
34 44 21
18 37 20
0 39 31
36 68 12
28 40 23
0 62 36
2 71 17
6 55 35
19 33 23
4 67 4
29 43 20
12 57 17
22 49 27
34 35 31
22 54 -2
35 59 21
34 67 12
16 46 30
37 56 36
4 70 29
34 71 10
12 33 33
2 39 33
23 72 22
9 73 31
15 53 4
36 35 10
27 72 28
10 36 -2
33 66 24
14 37 24
34 70 15
19 64 30
30 68 3
14 69 17
19 59 0
17 72 37
20 66 29
6 63 28
37 49 37
18 42 28
6 42 16
14 44 34
13 37 34
-1 65 38
2 39 9
30 61 13
0 36 22
32 67 38
28 57 12
30 72 15
-2 42 28
14 58 30
18 65 12
16 33 22
23 49 26
6 55 37
-1 63 0
6 62 29
14 56 11
24 64 12
32 52 16
-3 49 2
16 71 15
25 43 11
11 49 35
7 39 23
19 44 38
23 52 9
35 34 36
1 39 28
13 49 23
6 63 34
7 60 14
22 56 -2
1 69 14
3 51 32
-3 71 8
23 54 4
30 72 31
15 50 31
29 48 34
-3 69 23
5 62 3
12 64 21
25 73 10
17 40 37
25 67 13
0 71 12
37 61 12
35 49 34
4 36 3
0 48 37
18 72 8
24 69 30
21 34 27
31 59 0
5 72 36
32 38 24
8 45 27
36 51 28
48 26 5
69 42 -3
74 52 15
69 26 14
58 52 -8
48 38 20
65 32 13
57 37 -5
81 51 15
68 18 5
65 44 24
80 55 -4
83 32 -8
62 51 -2
51 56 4
44 23 17
82 29 -6
65 24 -4
73 54 2
66 40 17
60 17 19
82 31 11
67 24 1
59 43 24
62 38 26
50 27 15
76 39 8
48 47 -2
63 23 19
50 56 26
52 53 -9
76 38 17
60 39 16
66 20 -8
75 20 27
44 25 23
56 23 -8
82 17 24
61 17 -5
55 21 19
74 32 4
49 34 26
82 23 -9
72 46 9
83 26 27
48 20 -6
75 31 25
70 36 21
56 36 15
66 25 26
58 49 23
62 48 25
45 18 -7
44 22 20
75 49 22
46 41 27
51 23 27
70 17 9
61 21 -12
63 55 -8
49 44 -2
50 51 13
82 41 24
45 50 -13
81 50 13
60 18 13
77 44 -5
55 55 -6
73 38 13
56 52 20
68 38 9
62 54 10
53 37 -13
76 54 16
79 27 0
82 57 27
56 18 21
79 37 -6
47 50 5
46 37 19
49 28 22
66 51 -11
81 47 26
45 35 21
50 47 -2
80 29 0
46 47 18
75 22 12
56 50 9
63 45 0
49 31 22
45 51 22
53 54 1
69 57 21
58 46 1
52 47 20
74 30 10
52 19 -6
75 17 10
56 45 14
55 42 9
82 19 0
44 29 3
79 23 26
68 41 -9
66 23 -6
48 21 1
80 45 21
75 53 -2
44 39 22
53 31 -9
51 44 11
48 29 -5
76 50 11
68 19 5
80 39 4
75 42 3
73 38 25
80 48 -9
62 32 21
68 19 18
83 23 19
73 22 22
78 57 20
59 30 -5
57 32 14
78 38 14
61 49 8
43 53 1
48 57 -11
70 47 6
75 56 14
72 24 12
61 44 18
72 27 23
50 38 26
51 29 10
59 46 -1
65 42 -1
65 35 12
74 20 26
75 26 23
65 42 9
48 34 12
48 18 6
50 49 25
82 28 13
67 32 14
62 40 10
52 43 6
53 53 -1
68 44 1
61 29 8
69 29 -8
43 38 0
80 31 0
73 28 -4
62 32 0
80 51 -2
67 44 1
64 37 -5
70 53 4
75 22 -5
70 23 -10
44 43 -10
48 29 -12
47 49 -3
60 40 -2
75 46 9
51 54 7
66 33 19
56 45 25
64 30 -7
70 22 3
67 43 9
75 53 10
66 50 -10
72 52 21
61 55 -10
57 26 -8
88 70 26
114 81 39
84 70 36
93 82 33
91 71 25
116 103 9
97 91 7
103 85 17
104 82 33
114 99 46
112 92 41
113 98 19
110 69 27
86 94 34
100 93 16
83 103 37
79 84 23
83 79 41
107 71 6
76 72 22
84 89 42
77 94 40
98 76 9
105 74 35
93 101 33
114 87 19
83 97 23
96 90 11
105 77 9
77 104 22
87 84 28
97 103 36
109 105 19
112 70 28
100 75 25
77 82 15
86 86 10
116 98 42
116 91 27
95 77 9
100 91 45
97 89 19
110 98 42
105 88 26
113 99 6
100 84 14
102 67 31
78 98 23
81 71 42
114 80 14
87 69 24
78 84 37
102 72 34
109 72 45
83 107 28
91 80 22
111 90 12
99 90 44
107 84 12
104 93 17
110 69 12
85 95 43
86 92 32
116 85 26
81 105 11
90 78 15
116 106 40
102 90 16
97 94 36
91 79 12
82 73 12
78 75 7
80 106 18
76 105 8
83 92 31
107 75 37
80 85 23
105 89 26
115 82 45
79 68 16
108 106 15
98 88 22
88 91 6
79 107 42
94 92 6
106 67 22
98 69 19
86 101 34
112 83 14
111 87 42
83 74 19
110 73 28
104 68 20
105 70 43
88 87 44
98 91 46
100 92 25
96 72 29
78 70 11
100 77 9
95 85 32
110 97 9
83 99 15
78 75 40
81 82 28
80 89 31
100 107 39
87 92 22
96 68 30
85 93 43
95 100 38
108 78 9
85 74 45
88 106 25
103 94 40
99 81 28
97 86 22
80 107 44
77 88 20
96 96 45
103 81 30
87 69 43
80 75 41
80 76 39
103 92 33
85 78 14
107 80 28
95 70 42
86 75 10
90 97 30
103 71 45
88 105 38
101 87 29
101 78 33
107 90 39
114 88 34
77 99 36
80 67 16
79 76 17
97 70 10
89 70 22
82 87 42
114 72 7
87 83 37
107 72 46
76 106 45
85 89 18
84 99 15
94 70 6
82 92 26
114 94 6
88 77 18
92 88 31
99 87 23
100 77 40
86 74 38
85 106 20
76 83 31
76 81 24
108 71 27
109 69 23
101 93 36
107 68 10
76 92 40
106 85 11
94 79 30
88 92 13
88 105 13
103 75 30
96 98 9
88 96 7
89 95 44
84 87 22
105 68 39
78 80 13
113 92 31
91 94 34
91 107 36
105 99 20
109 76 24
32 49 102
32 9 101
-7 43 82
20 40 114
21 11 117
26 25 101
7 44 91
-1 26 104
27 38 96
-6 24 106
26 40 116
26 46 89
21 34 78
-1 17 90
19 22 99
5 46 79
13 9 106
28 17 95
12 45 113
31 36 89
3 39 108
3 49 116
16 34 108
-2 49 101
-1 35 109
29 16 109
26 43 109
8 25 102
29 15 110
0 37 78
10 30 117
30 40 84
19 18 102
-6 37 95
6 37 116
12 27 88
13 32 101
17 42 107
-1 10 86
26 9 77
18 44 85
25 23 79
10 18 89
31 24 101
5 45 84
10 27 106
23 47 96
27 24 87
16 48 106
20 20 109
14 18 79
14 15 85
17 41 92
10 30 103
26 48 88
-1 45 103
11 17 102
21 46 105
6 31 78
0 48 82
10 14 117
10 14 110
11 35 110
2 36 116
-2 20 95
-1 42 85
23 25 79
20 35 103
2 10 87
4 26 84
23 11 114
9 43 103
18 33 77
21 22 110
19 32 116
14 32 103
29 38 98
13 13 95
-4 41 105
10 40 96
12 12 115
-3 43 107
1 37 111
27 19 105
-5 14 98
11 33 83
6 32 104
22 42 107
6 45 111
5 29 113
24 36 78
4 47 98
14 18 104
-1 22 79
3 36 88
-5 16 83
28 34 114
29 37 97
-5 9 82
30 47 87
25 46 95
27 46 90
4 29 116
0 15 109
-6 18 86
30 39 107
32 16 90
2 35 92
12 41 117
-6 46 86
-6 25 103
17 16 104
31 24 107
27 18 77
17 15 84
18 20 88
-2 40 100
-6 21 82
10 13 106
21 49 90
25 31 91
-3 35 82
29 9 100
31 17 94
-7 40 115
0 11 117
24 39 83
21 42 83
-6 25 101
13 30 80
29 40 109
9 42 98
-3 15 83
-4 18 109
27 29 81
28 23 88
7 43 79
11 16 83
18 22 90
15 11 85
9 20 101
-6 40 117
30 17 87
0 9 110
32 29 99
6 22 95
26 39 77
25 29 115
13 38 98
-5 33 91
31 16 114
28 45 111
-7 10 112
29 43 85
6 44 104
16 30 110
6 21 77
0 34 113
11 19 102
12 24 111
16 29 81
-6 11 93
21 26 99
-2 32 94
12 28 98
18 26 81
13 41 91
1 33 80
31 33 112
7 20 108
32 9 84
-2 12 95
7 41 80
22 24 80
29 45 83
0 24 95
28 39 87
-6 29 89
-6 41 111
7 47 114
27 20 25
14 34 49
22 32 50
28 29 13
30 50 43
21 25 41
25 36 30
41 20 27
45 38 16
23 22 44
27 26 48
16 59 25
8 28 36
48 23 47
23 40 26
43 45 20
19 50 32
13 57 46
14 34 21
35 26 41
16 59 32
24 22 26
12 45 12
13 39 19
17 44 30
22 56 33
47 53 52
39 49 27
41 49 37
40 30 27
37 59 35
20 43 39
45 41 50
46 37 20
14 36 30
17 46 28
9 44 39
38 35 50
48 27 12
23 45 28
48 23 41
24 57 23
36 50 25
35 41 31
31 38 51
43 19 22
32 37 27
23 50 24
18 45 37
37 48 39
38 29 25
41 23 32
48 38 31
20 20 36
8 28 48
24 41 38
46 54 38
38 39 39
41 51 51
19 30 30
23 50 27
14 19 29
14 52 52
42 38 16
12 27 30
19 24 23
8 33 35
11 22 46
35 44 34
16 29 36
29 19 35
43 45 19
25 29 31
31 33 40
29 28 13
45 45 46
28 52 38
25 56 32
35 50 40
18 58 23
48 57 49
11 31 31
46 40 13
12 26 50
25 47 45
34 57 13
25 31 40
33 27 41
46 48 43
33 53 37
18 42 52
32 30 42
10 36 16
20 29 32
36 57 33
37 39 19
45 56 36
30 57 31
10 51 25
20 44 12
35 34 30
43 35 49
33 20 32
47 22 25
43 47 28
10 34 51
27 29 47
12 58 36
16 35 47
31 29 35
16 28 25
25 47 41
40 55 13
10 41 39
23 49 34
37 29 49
45 21 14
23 25 33
43 52 25
25 54 37
31 29 40
44 21 39
33 26 22
34 57 34
14 44 23
31 58 28
48 43 28
27 29 36
41 47 36
48 41 29
45 25 22
40 50 26
20 58 48
25 35 33
14 20 17
13 27 19
47 26 47
27 38 14
45 40 52
40 26 17
40 45 34
48 47 33
14 57 35
16 57 51
35 37 22
43 48 34
33 24 37
46 30 40
27 21 13
12 52 42
33 49 48
22 22 18
8 59 46
42 37 13
20 52 26
48 27 15
24 23 36
16 43 37
17 50 36
40 46 44
34 50 27
37 35 24
34 44 23
26 39 39
16 33 13
33 43 48
24 49 15
30 35 23
9 27 12
30 30 25
39 38 37
18 33 19
24 57 45
13 51 26
46 47 23
33 44 19
17 22 21
22 49 29
22 35 45
46 46 23
28 -3 101
-5 19 85
3 6 92
33 12 84
12 12 99
12 21 102
27 14 109
3 -7 71
5 12 85
13 -9 83
29 11 103
8 -7 86
-3 18 96
10 -8 79
22 -2 88
-2 17 82
6 23 87
32 5 104
25 8 109
6 24 73
10 22 93
33 14 105
8 16 102
28 6 86
10 8 71
18 15 97
20 -7 79
9 -13 77
31 3 86
22 15 70
-1 23 103
2 -8 106
21 7 110
-4 23 105
3 17 96
-1 -4 96
10 -6 96
14 5 70
18 13 101
18 17 101
3 12 101
33 8 99
27 -12 108
7 12 78
29 1 108
-1 17 95
19 8 72
-4 7 97
0 4 85
7 17 78
21 -12 97
25 26 96
4 -7 84
5 3 105
29 -12 85
28 19 79
19 18 70
26 1 72
1 -13 77
9 15 86
18 15 72
32 -8 84
11 -9 83
7 18 95
29 7 105
32 -2 80
23 -4 98
5 -1 107
7 -4 80
-3 14 98
2 23 70
31 20 103
29 15 82
27 12 73
8 21 106
21 21 74
-5 19 104
-1 0 109
17 18 76
20 -1 73
16 19 83
20 19 76
18 5 103
20 -3 108
-2 18 84
-3 26 77
7 14 103
34 22 88
6 -7 79
-1 24 91
27 1 71
17 4 85
28 -9 81
0 -14 81
-3 5 84
9 10 109
3 19 87
5 -6 91
14 14 76
29 -8 74
11 -12 93
4 -12 95
1 10 83
25 11 101
23 11 98
18 -10 106
21 22 109
0 26 72
18 18 98
5 -8 96
28 0 81
18 -6 109
30 -5 77
27 23 102
-4 14 97
22 -14 104
13 -10 74
5 -3 72
33 15 79
14 19 89
24 12 77
32 8 101
33 14 78
1 16 84
27 9 78
10 -4 82
20 24 76
8 -4 92
6 -7 81
30 -13 79
3 10 78
3 -12 106
33 21 103
1 14 100
-4 4 81
10 17 82
8 7 76
1 15 73
16 -1 71
0 17 98
13 23 105
-2 25 103
12 -11 80
6 -11 76
6 -5 100
1 8 93
32 8 71
6 24 70
2 22 87
18 18 93
4 -12 102
19 24 82
7 16 110
22 4 90
26 -10 74
9 -5 74
11 12 84
19 19 96
22 6 96
18 23 77
12 -13 78
20 12 92
7 9 95
-5 25 110
31 -9 88
13 25 86
11 -4 104
7 -7 78
34 5 99
-6 3 106
-1 11 82
33 14 102
1 -1 86
18 5 98
17 -6 78
2 8 77
3 25 91
18 -13 96
-1 -12 91
31 13 93
4 37 108
-10 17 71
9 4 80
14 4 104
11 30 102
19 9 72
-3 24 83
-6 36 92
10 24 82
-1 31 77
18 11 100
-13 11 74
16 10 90
21 11 75
18 19 106
11 38 99
3 14 82
9 6 77
20 15 94
17 11 100
-16 38 80
14 14 79
11 2 75
-10 27 71
8 32 81
-14 36 84
-10 26 77
12 25 100
11 36 70
-11 10 87
4 20 68
5 28 91
2 18 79
-9 -2 68
-6 22 95
19 17 90
12 25 73
-17 19 103
-8 29 78
-11 -1 97
11 27 91
13 -1 69
-10 8 69
20 10 78
21 9 107
3 6 95
5 28 103
3 1 90
-12 24 81
13 14 77
4 19 79
-12 3 99
18 0 68
2 9 93
-10 36 102
13 0 80
-13 13 75
17 10 69
5 11 83
23 23 91
18 37 92
3 21 107
0 32 97
4 27 108
20 28 77
21 7 84
-11 30 81
3 25 104
-10 35 98
23 20 106
-13 6 101
13 35 99
20 13 96
22 32 78
14 32 87
20 38 102
-6 19 88
2 25 104
17 6 93
14 22 86
-12 23 97
10 28 99
15 21 68
23 11 93
2 1 73
8 30 82
-1 1 84
22 8 87
1 23 70
12 6 80
7 28 104
5 11 105
14 14 100
22 26 72
-17 19 102
-10 28 99
-1 36 91
-7 6 105
-8 10 74
23 3 103
2 1 91
2 38 75
-4 25 78
2 21 88
15 5 78
8 20 73
17 20 91
-12 1 92
11 35 84
17 33 70
17 16 82
3 10 81
21 30 105
15 13 104
13 38 98
15 1 77
14 31 92
-13 0 99
3 12 103
-13 1 96
23 29 71
9 10 92
-5 19 84
21 3 83
16 1 75
-3 0 101
-2 36 71
-2 10 87
6 10 102
2 31 69
4 20 68
2 22 99
18 3 76
11 5 108
12 25 95
-15 9 108
3 12 86
4 33 78
17 15 79
20 27 101
16 29 104
19 17 69
-2 24 81
-4 21 91
20 8 80
12 17 96
13 37 81
20 33 99
0 24 93
21 21 106
-13 16 70
-16 10 85
6 22 95
2 17 69
-6 13 86
-16 17 79
19 12 71
-10 18 81
3 7 85
-6 1 85
21 17 79
-17 15 101
-11 24 84
18 5 82
15 14 85
20 16 95
14 16 76
12 21 68
0 20 84
21 0 78
-9 26 88
-3 23 68
11 31 81
0 1 83
9 34 108
17 26 87
18 4 88
7 17 85
14 23 86
-4 22 87
63 81 70
37 63 87
37 47 100
50 70 98
32 69 71
31 71 74
60 49 71
47 74 60
45 47 65
31 58 61
49 72 85
58 53 84
35 56 93
63 85 65
36 73 90
64 50 66
58 61 98
46 69 84
24 80 69
62 46 84
58 55 60
52 57 86
27 50 99
31 48 83
59 69 89
53 80 85
40 58 100
63 49 97
30 51 94
51 67 80
30 77 74
31 72 89
41 54 91
43 52 71
31 65 60
43 74 73
57 82 98
49 56 83
56 55 90
27 48 100
38 83 63
57 57 63
27 54 98
54 71 79
43 48 73
59 78 86
47 70 65
36 79 78
29 66 84
57 75 100
34 53 80
45 57 78
58 80 60
50 54 61
48 53 87
32 53 100
37 83 100
28 77 66
42 59 71
61 77 75
43 63 83
63 66 69
29 80 79
24 69 86
24 64 68
30 81 60
47 69 98
38 50 73
35 60 88
61 56 71
28 56 71
54 47 97
25 82 92
61 62 92
61 61 99
59 49 91
62 57 66
64 59 63
50 51 83
39 66 66
60 71 92
60 85 95
38 64 96
35 49 79
35 76 83
49 77 60
33 69 90
44 72 67
58 59 94
40 53 72
38 47 96
53 67 84
50 58 73
24 77 95
32 79 70
49 80 82
24 77 64
64 56 96
30 70 100
38 73 79
44 75 61
52 46 69
40 78 94
38 71 79
59 71 73
58 48 62
28 71 75
53 75 78
34 74 89
36 61 60
47 75 85
44 71 60
63 55 63
40 80 65
48 67 66
29 78 72
44 60 67
48 61 95
48 84 71
63 54 100
34 57 69
62 65 75
50 55 84
51 60 93
60 59 86
39 86 81
31 74 100
56 72 62
42 50 82
38 70 66
64 47 63
32 70 92
26 80 69
42 57 100
46 71 68
27 76 93
56 75 97
37 79 96
51 58 69
41 52 97
58 52 61
47 53 71
51 48 95
48 73 79
32 70 75
36 50 77
28 69 85
34 61 79
30 77 71
58 63 73
24 51 75
56 67 61
24 51 73
32 84 85
31 67 90
62 66 98
25 51 88
38 73 77
29 56 72
32 83 80
60 61 74
58 48 87
35 46 60
56 78 84
37 48 69
28 83 60
35 77 67
31 56 68
35 55 65
59 57 86
60 60 93
56 62 79
27 76 66
56 78 98
43 52 69
35 60 95
51 86 63
29 64 68
59 81 98
33 63 67
96 101 39
102 79 10
75 80 19
66 114 40
91 99 19
104 107 8
89 96 23
100 100 32
95 113 44
91 96 14
99 106 29
80 83 7
65 110 16
85 107 15
97 94 20
91 109 39
65 99 22
93 82 34
96 88 29
102 80 21
70 108 38
91 95 43
66 118 10
93 99 19
69 101 13
75 87 13
69 107 8
98 106 35
93 87 26
78 107 39
97 112 19
82 82 39
92 103 9
77 104 35
83 87 20
72 97 21
68 93 25
97 108 19
101 80 31
86 112 20
98 98 29
102 85 21
103 112 39
64 100 8
80 83 14
96 95 9
103 118 43
104 79 37
101 84 31
79 84 30
79 116 20
85 116 36
97 91 23
80 107 42
72 113 4
67 81 29
70 109 25
74 95 25
85 88 26
84 114 12
73 79 21
67 88 7
102 78 23
71 88 8
90 101 33
70 95 4
70 93 14
66 105 17
79 86 39
102 108 30
74 112 34
80 97 41
103 106 27
102 97 28
93 86 32
97 101 18
73 91 18
88 102 34
85 112 34
94 107 36
65 105 4
66 106 31
80 110 23
73 110 28
71 106 44
94 87 44
65 92 30
80 110 44
84 104 34
104 115 18
104 117 24
86 109 11
74 81 44
101 117 5
93 90 32
66 95 23
90 86 21
72 117 24
93 97 29
73 87 33
89 89 43
86 92 33
103 84 10
81 117 16
67 80 36
95 106 6
66 91 29
86 88 4
65 102 7
67 94 35
72 105 8
70 95 16
69 91 6
94 94 27
70 87 24
94 90 37
66 87 34
71 88 17
67 117 17
83 82 9
101 94 15
101 114 8
71 91 29
84 87 32
64 90 4
93 91 31
68 82 15
73 89 32
71 92 9
76 88 26
74 105 9
83 109 13
90 106 11
64 87 40
102 118 34
73 89 24
94 92 25
75 108 6
76 103 5
81 100 15
87 104 41
97 110 27
73 87 31
99 78 14
93 99 25
95 80 38
82 117 42
85 96 4
72 117 20
65 92 25
92 86 42
86 96 8
75 95 39
75 91 16
89 93 8
89 82 6
65 116 42
99 112 30
94 112 40
96 99 11
97 87 19
67 101 29
71 89 40
91 85 31
73 79 39
102 90 4
75 84 26
79 79 27
72 108 14
92 94 41
91 85 38
103 103 25
104 117 39
91 117 13
92 99 17
80 86 33
80 103 22
103 104 16
99 90 7
66 111 12
58 95 84
37 97 71
33 96 93
37 106 70
37 71 75
36 93 96
54 91 89
57 69 75
52 98 75
55 77 102
34 86 88
37 97 69
26 96 101
55 89 65
38 80 70
46 82 95
35 75 87
52 73 80
56 94 92
46 85 77
37 67 70
21 84 91
59 89 93
23 82 68
52 71 91
48 68 65
32 98 66
47 88 88
40 73 87
38 93 78
36 103 77
59 104 65
45 82 96
44 104 86
37 102 85
37 79 85
43 68 95
56 70 91
29 85 89
32 89 65
61 77 93
60 103 102
22 90 76
46 102 67
29 82 72
43 89 81
49 85 81
33 99 72
59 79 96
39 102 63
25 92 90
36 86 85
49 76 84
22 101 77
58 99 64
53 107 88
24 76 65
40 103 79
56 94 84
30 84 64
29 93 80
26 97 97
25 100 82
22 76 68
44 67 66
42 84 63
37 72 88
29 92 80
60 100 73
35 101 79
47 90 97
42 85 78
42 95 82
22 94 71
40 100 74
60 89 71
42 99 91
26 99 91
53 95 70
31 96 87
52 79 96
31 107 80
48 82 100
23 77 74
28 105 91
57 87 102
25 68 71
40 81 101
56 68 88
42 80 72
52 70 92
28 97 91
55 106 91
54 81 63
60 68 77
60 107 66
41 72 93
25 107 77
33 74 78
25 93 91
35 82 69
49 79 79
29 92 71
52 93 101
21 70 95
43 87 94
31 79 73
58 86 83
24 90 96
46 70 89
52 102 100
32 101 67
30 105 91
41 68 96
52 70 96
49 85 84
29 95 69
51 68 78
25 94 73
57 76 74
36 76 101
47 99 95
39 105 91
57 76 87
47 98 83
51 71 102
21 75 92
59 75 85
35 74 87
30 76 70
45 88 69
47 101 91
51 96 70
61 84 95
57 86 63
24 96 67
53 99 102
51 88 82
58 97 99
40 69 69
37 95 90
43 67 63
50 104 87
57 101 95
54 106 76
37 73 99
49 69 101
52 95 75
24 103 67
37 80 67
26 76 92
53 77 79
36 97 97
27 90 90
54 101 72
41 93 101
28 95 62
56 99 64
27 84 77
25 102 79
50 79 102
35 94 74
35 94 96
39 96 88
48 86 97
32 94 70
56 76 94
46 91 84
56 85 68
53 95 81
46 102 85
42 82 62
31 86 62
50 71 100
54 72 70
45 67 65
38 102 98
38 96 75
43 100 87
33 99 99
43 12 -13
59 4 9
57 7 0
26 23 18
31 38 12
30 39 7
45 2 22
52 27 14
32 27 -6
49 14 1
50 11 -11
37 11 3
46 3 -15
47 28 6
47 21 11
40 27 -15
36 14 18
55 35 -18
58 28 -16
61 31 4
42 35 -5
38 34 -14
57 28 11
33 30 17
44 38 19
45 18 -10
50 0 0
45 20 9
59 20 6
27 27 8
64 6 15
59 40 1
63 7 -15
30 15 6
53 16 -12
36 11 1
63 15 9
37 13 5
52 14 -16
45 18 -18
53 20 -4
27 30 15
44 1 -16
33 27 1
33 5 -7
64 2 4
48 11 -3
58 24 -8
28 4 -3
48 5 -15
34 32 10
46 0 6
37 19 -11
49 2 19
61 23 19
63 4 18
38 11 -11
30 36 1
58 7 -8
35 0 21
36 18 -17
62 8 10
48 28 4
25 14 -18
65 35 -9
56 30 -5
25 0 -8
64 16 16
42 8 7
55 2 -8
47 29 0
50 18 22
58 5 -10
48 3 14
48 16 -17
36 8 -12
64 21 3
35 6 5
44 29 -4
27 34 14
45 30 11
33 20 -4
27 5 14
25 38 -13
27 23 10
42 21 22
54 22 -7
53 24 7
35 3 14
50 39 -7
64 26 2
29 26 -18
25 14 3
26 31 21
42 21 -13
55 17 -1
60 35 -10
59 27 -4
40 15 -18
38 20 16
65 24 -15
58 20 -11
45 35 -13
33 10 19
35 30 19
37 33 7
61 20 13
39 18 -9
58 21 8
43 29 -11
39 36 18
54 0 -12
42 19 -15
27 15 17
52 4 17
40 18 2
33 11 -15
46 13 -16
61 21 16
34 40 -14
34 31 9
30 23 -2
53 12 5
55 39 -6
35 14 -16
55 26 -2
51 15 18
47 37 -10
62 24 -17
26 5 -6
60 17 0
59 26 7
36 33 15
61 5 19
53 16 9
43 26 -12
37 0 -16
38 30 11
36 20 -8
54 37 -16
56 40 12
50 18 -17
62 16 0
61 20 -2
47 18 -16
43 32 6
60 7 -17
52 24 2
43 2 16
64 31 14
37 19 -11
51 22 1
33 30 11
42 11 -12
43 7 15
42 30 7
42 31 3
58 22 7
59 21 1
44 39 16
33 21 14
26 18 18
44 26 -18
55 4 -3
61 36 -4
58 13 1
49 11 20
30 33 11
61 24 9
38 34 1
62 6 -1
31 22 16
55 31 -14
46 31 -8
53 35 12
32 23 11
63 3 8
32 2 -14
29 36 21
46 24 3
54 93 45
72 84 50
62 91 54
55 88 60
85 99 40
52 68 58
70 86 57
72 102 36
66 95 37
86 68 32
58 83 46
77 70 32
57 106 45
60 82 31
68 98 40
83 80 39
60 79 49
63 108 32
66 101 56
88 74 26
67 80 51
64 96 59
81 78 31
64 102 38
64 72 61
88 108 58
84 107 28
55 82 51
87 88 37
51 91 45
79 87 61
89 87 63
70 98 34
56 106 59
61 68 29
75 106 43
71 95 53
53 105 31
87 86 27
62 86 58
88 84 47
79 68 39
61 90 61
53 75 64
85 104 49
55 108 26
80 106 32
63 78 41
51 97 46
52 97 33
84 68 39
88 95 32
84 95 38
77 105 48
65 81 59
52 75 38
64 70 59
74 99 29
80 85 64
69 87 26
89 82 61
57 74 46
67 86 33
79 107 38
71 105 58
66 83 31
71 105 30
87 93 46
55 79 35
85 80 53
70 85 55
77 71 24
56 87 35
64 75 45
61 72 64
88 95 48
89 105 28
66 77 24
88 96 28
49 102 42
74 105 55
88 78 28
61 95 27
56 75 24
76 82 45
85 85 48
84 103 56
60 77 61
70 92 36
85 105 24
81 83 36
84 100 29
83 107 35
72 85 25
89 68 57
51 70 54
75 89 64
58 70 30
51 83 52
80 70 38
59 82 52
51 73 50
85 85 45
76 72 26
66 104 47
52 106 36
65 73 57
82 86 46
65 87 64
85 84 44
55 95 54
50 102 50
72 79 30
80 94 53
87 106 41
52 72 52
83 80 27
87 76 48
84 107 32
57 83 58
58 76 51
65 74 61
50 88 38
63 96 42
85 85 52
70 108 63
74 99 37
89 85 41
81 102 63
83 69 58
86 76 36
89 103 29
62 91 29
85 88 55
65 75 40
82 71 48
77 98 42
87 94 32
67 96 48
74 92 40
64 108 24
84 72 40
59 94 42
73 76 63
52 100 33
83 91 32
59 98 50
52 97 30
73 94 33
68 101 48
58 74 51
85 104 39
67 81 50
59 94 32
87 86 50
63 72 59
60 97 61
86 83 47
70 81 48
52 77 55
64 68 45
62 86 37
75 107 35
58 92 59
50 102 31
74 78 26
84 85 60
57 73 39
76 79 50
51 108 27
58 82 43
70 90 58
80 94 63
82 85 25
82 80 31
65 86 52
54 93 58
56 86 58
86 71 32
55 104 25
77 87 -6
87 85 -1
94 87 -15
114 100 19
84 102 -17
88 79 2
82 76 -4
91 77 20
105 104 16
77 95 3
92 78 -19
83 89 -5
101 75 2
102 101 -2
98 82 3
110 82 5
107 75 8
90 90 -16
113 84 14
110 92 -16
87 74 -10
75 92 -16
105 105 -11
104 104 8
83 84 -19
94 100 17
115 73 -2
75 77 -20
94 106 12
75 74 -2
81 95 -15
115 67 13
109 84 0
93 69 3
97 76 -9
112 102 4
94 85 14
91 96 19
106 74 -12
85 101 19
89 77 11
90 100 18
76 80 -8
95 93 -13
98 72 2
95 97 12
82 85 4
91 74 -8
104 92 12
101 86 14
109 92 -12
105 100 20
114 103 9
80 94 -19
110 73 20
79 100 -16
112 96 -13
96 66 0
101 93 -5
101 66 10
113 74 1
76 91 -9
112 75 18
113 68 7
93 77 -20
79 67 12
97 102 16
79 98 -18
92 68 11
93 97 18
81 80 -15
79 97 8
94 94 4
95 74 -14
92 74 14
115 77 -8
88 72 20
87 88 14
115 83 11
79 80 18
83 67 16
78 70 -1
78 77 5
115 70 -8
87 69 17
106 106 5
100 78 -7
113 96 -20
90 72 -1
84 67 -2
77 71 -19
115 91 1
108 68 -8
111 88 2
87 85 1
99 88 16
81 73 -5
102 98 18
95 77 9
98 85 -5
108 106 -17
80 96 -16
97 93 -13
94 69 17
86 90 -11
114 67 -18
92 90 17
96 91 -17
79 81 -1
115 88 -10
93 70 12
75 69 12
108 92 10
78 82 -16
107 94 -1
95 87 3
100 85 6
115 78 15
101 72 14
77 75 3
101 99 9
81 101 9
102 101 -17
81 66 -7
96 82 6
75 75 1
95 104 15
98 71 8
105 91 20
89 99 9
112 91 -16
112 100 15
86 104 13
99 78 11
106 77 -8
98 78 20
109 83 -12
95 105 -13
80 84 4
108 106 2
76 85 -1
94 97 -17
83 93 -8
78 78 16
113 71 -11
96 106 -8
103 82 -8
93 68 0
94 77 0
101 73 -9
114 83 3
91 93 5
82 69 11
89 102 7
110 80 13
85 85 -2
76 95 -12
114 67 17
78 101 19
91 98 5
102 84 16
115 96 -7
96 80 9
78 94 -15
87 81 -11
86 82 1
90 95 -16
109 90 -4
109 99 -3
112 100 -13
107 91 -5
84 106 -10
93 91 7
95 73 5
105 77 -4
89 72 -3
110 80 16
91 99 -2
91 75 -5
115 87 -15
28 11 87
8 5 87
25 26 82
18 40 69
6 35 77
3 5 64
38 3 83
21 4 85
1 31 92
-2 18 86
36 9 67
12 12 61
27 27 78
2 5 72
27 18 56
38 39 65
38 10 87
14 5 86
17 11 74
4 2 78
9 16 82
38 2 62
12 33 93
23 6 92
20 37 96
5 23 95
25 18 74
34 37 59
8 20 90
4 7 90
34 22 70
18 6 57
34 32 68
14 19 84
38 2 91
25 2 60
21 22 89
22 1 78
29 33 66
22 6 62
18 16 70
36 13 95
17 24 88
33 23 62
4 21 94
17 17 80
37 31 67
22 32 81
37 15 95
4 20 69
27 27 59
6 16 77
38 11 65
11 12 93
-1 19 96
33 15 82
25 31 89
13 9 59
-1 13 60
31 0 91
19 40 95
30 21 65
1 13 73
14 34 89
27 29 57
30 0 81
5 35 78
4 40 56
11 29 95
0 37 58
28 36 66
23 38 56
4 9 56
24 37 77
33 9 56
13 18 62
20 17 78
29 2 74
14 16 65
27 0 62
13 0 75
15 35 88
33 26 74
12 10 74
3 28 61
6 15 95
14 28 59
15 29 94
30 38 56
0 37 68
12 13 62
1 13 81
36 13 69
12 10 65
4 10 60
25 29 88
10 1 68
21 14 58
29 21 94
25 33 61
33 14 75
24 40 56
29 40 75
5 3 93
10 1 68
24 28 93
38 40 61
33 6 69
6 35 83
19 18 91
16 30 88
1 13 79
37 35 92
10 20 84
1 35 68
32 35 88
0 39 68
30 23 86
3 11 64
10 33 70
25 31 95
21 10 92
12 21 69
34 28 68
23 29 74
-1 16 64
24 26 87
29 18 65
4 25 82
20 40 65
15 27 84
13 38 87
25 8 88
4 35 96
33 19 68
3 8 62
6 2 84
33 2 92
28 35 75
31 15 79
5 27 64
36 28 62
35 8 60
33 27 93
18 14 90
38 23 90
21 36 59
9 33 88
1 38 63
4 21 57
31 30 88
5 35 63
0 31 61
10 35 76
6 1 81
10 5 77
6 7 79
8 36 88
-1 14 68
16 26 79
34 27 90
38 36 71
20 25 65
23 38 63
15 28 61
1 18 88
38 9 68
0 37 93
37 27 60
5 0 80
31 37 79
33 28 77
16 35 64
7 22 73
2 16 79
7 16 95
13 25 80
15 23 96
31 21 75
22 31 64
4 69 105
23 62 86
6 35 105
11 70 82
29 45 89
19 35 90
23 35 81
40 65 87
19 40 84
30 34 83
37 42 106
15 49 91
30 37 89
14 40 82
6 60 87
16 40 97
4 62 109
19 31 92
7 41 74
4 50 93
11 44 73
30 65 86
9 70 100
31 63 90
17 58 104
9 62 82
29 57 98
20 63 77
28 69 84
18 33 101
31 43 96
30 31 98
36 56 81
42 58 108
40 43 101
25 32 92
38 36 99
12 49 106
24 45 101
40 61 104
16 56 70
27 63 69
7 66 83
28 53 80
17 53 97
21 50 82
12 59 100
12 32 109
25 46 76
22 49 89
27 35 77
16 40 81
27 58 107
34 43 73
19 43 72
20 63 78
34 63 69
33 46 87
23 51 93
33 36 103
12 54 77
9 51 108
7 64 79
16 58 72
31 67 94
18 71 82
7 33 83
10 67 100
30 63 81
32 34 100
25 45 70
30 64 75
24 32 99
15 48 106
21 60 101
11 59 74
23 40 93
30 56 77
21 38 72
18 41 88
24 58 69
30 57 73
12 50 102
12 71 90
8 48 77
2 33 99
24 57 92
11 69 74
28 44 72
31 42 105
3 70 92
9 36 83
27 65 100
14 70 79
12 52 78
31 31 95
22 64 76
15 54 106
30 69 85
22 45 89
40 58 82
34 66 81
30 47 71
17 36 87
29 63 86
4 46 98
27 67 105
41 60 96
28 64 100
7 66 81
37 68 83
24 62 107
13 49 83
15 32 88
17 50 98
38 35 84
41 65 95
12 31 108
11 50 94
26 52 101
14 66 96
39 60 108
32 44 92
16 37 96
14 65 104
40 37 94
37 60 102
3 71 101
42 66 106
3 46 104
40 47 84
8 60 87
11 59 91
5 37 71
36 47 76
22 58 99
27 63 84
9 41 106
15 65 98
2 59 81
34 69 89
39 64 70
32 37 92
17 51 102
5 46 79
2 66 97
37 60 94
33 37 82
39 44 83
32 53 87
3 69 75
6 60 96
34 55 72
35 68 71
30 31 97
34 68 70
26 37 80
13 62 74
22 44 71
42 66 83
39 40 84
15 32 101
42 42 97
10 48 71
36 37 83
26 33 106
5 39 100
42 33 93
13 53 98
23 56 85
34 48 69
39 54 105
28 36 76
42 59 88
5 31 76
25 70 88
38 39 80
34 41 107
34 53 92
10 38 77
67 4 84
60 43 70
57 17 75
74 10 94
67 38 99
53 9 63
88 34 88
78 27 70
83 33 80
64 16 91
79 6 99
87 36 73
60 21 99
49 39 92
61 26 79
50 26 100
63 33 61
48 33 97
68 23 88
54 16 70
66 24 89
52 18 93
74 36 89
85 43 86
63 16 82
63 41 65
56 28 74
64 9 68
88 29 70
58 7 85
75 43 92
58 8 100
56 31 81
74 30 83
73 13 60
77 14 70
70 38 69
48 26 93
76 32 63
60 29 79
67 34 66
54 41 60
51 23 93
63 5 85
74 14 60
66 3 87
87 41 74
69 20 64
61 32 76
72 39 63
48 29 80
72 29 90
77 27 67
64 26 67
84 23 76
86 27 60
83 24 62
56 34 69
51 27 93
75 18 98
86 9 76
83 23 95
58 8 81
76 5 94
62 17 77
68 25 98
75 8 89
54 14 75
88 10 75
63 17 71
69 11 85
74 34 96
56 13 60
52 18 65
80 38 66
59 30 97
73 40 80
81 22 90
59 9 63
87 19 99
53 4 84
51 34 69
62 33 100
70 31 67
60 6 61
63 27 99
81 38 95
71 24 90
71 21 93
58 16 81
62 8 89
77 30 97
85 4 60
77 39 90
78 12 69
73 34 62
84 32 79
73 6 88
87 19 75
64 19 83
81 30 70
83 40 77
73 17 79
87 32 93
63 17 100
84 37 85
81 8 95
82 42 61
70 43 96
75 17 77
58 13 85
77 37 66
63 41 91
67 19 91
61 41 69
61 25 73
66 16 84
66 7 83
62 35 67
58 35 77
59 3 90
66 29 61
78 15 98
57 35 62
83 36 74
53 33 82
62 31 82
85 6 61
77 41 99
50 17 71
58 38 76
61 3 82
81 29 73
86 35 76
62 22 93
48 31 76
59 38 67
86 36 76
71 17 61
68 12 70
78 6 66
55 31 78
60 19 61
83 9 75
50 29 92
88 33 67
60 33 95
81 16 73
57 5 73
88 23 66
57 30 84
65 30 91
51 31 83
87 36 63
77 14 92
83 12 77
73 25 92
83 14 97
67 38 90
64 12 91
74 29 72
66 28 61
68 35 72
63 21 80
80 3 72
77 32 78
60 16 83
62 34 80
72 32 72
48 8 74
54 38 90
64 26 93
63 29 73
81 35 87
87 24 96
70 41 91
84 18 77
82 11 97
71 24 82
72 11 74
66 91 91
64 92 102
54 73 76
68 77 102
52 87 78
45 97 76
62 73 82
65 104 92
37 80 98
44 99 104
39 96 96
38 83 84
32 90 108
32 97 86
48 103 95
44 67 81
32 82 95
54 85 96
51 71 110
67 73 89
34 70 76
42 94 109
57 77 112
36 88 92
62 92 80
54 98 90
49 73 82
43 77 76
33 96 112
52 84 94
58 73 115
65 103 93
56 78 94
42 80 96
68 84 77
46 86 78
53 82 85
29 85 81
52 105 85
30 77 88
60 92 91
67 81 83
39 87 103
56 89 109
59 87 112
63 78 112
41 100 93
64 92 93
66 72 89
35 80 100
59 92 109
56 67 79
53 88 76
51 88 95
64 95 103
36 85 80
38 80 116
37 76 105
68 101 86
30 88 100
55 102 98
64 104 92
35 70 101
55 106 111
46 92 100
33 71 114
28 75 100
39 92 104
35 80 85
51 82 102
46 74 91
35 72 76
45 70 84
34 98 105
35 78 100
40 88 107
39 85 110
37 67 98
32 91 114
66 69 107
48 87 97
31 81 86
29 92 112
43 76 99
52 83 106
66 77 109
67 90 115
59 67 96
52 87 99
36 76 108
52 106 81
44 85 84
40 93 89
48 93 95
55 91 104
60 83 94
35 92 88
67 66 107
32 96 101
45 81 111
56 70 94
46 103 104
50 83 97
43 81 84
59 69 98
52 68 91
52 95 97
46 66 105
32 84 79
53 98 110
36 92 113
49 89 116
34 66 115
49 69 94
43 104 84
46 94 86
62 74 92
63 94 100
51 98 82
30 73 107
39 93 94
40 97 96
59 100 76
57 87 86
52 84 88
67 101 90
59 75 115
37 86 111
43 100 97
68 78 88
29 96 105
50 104 94
56 75 81
28 95 90
41 67 106
38 95 89
39 104 109
57 81 107
58 93 85
39 76 87
33 98 106
57 67 78
62 83 110
36 68 106
55 96 98
38 67 96
66 101 88
33 87 99
48 80 110
36 104 109
53 99 98
66 71 112
58 71 106
35 86 101
28 84 113
58 82 85
52 73 105
64 104 98
48 79 107
56 101 109
28 106 99
45 73 81
56 83 90
51 77 112
64 74 107
53 85 80
50 77 101
32 90 95
45 71 78
54 105 103
51 76 116
42 100 113
36 98 106
50 80 79
38 105 105
67 91 99
57 85 93
65 69 111
31 101 76
49 87 107
83 30 77
80 59 80
86 60 78
93 57 104
89 52 101
76 24 111
65 46 97
103 57 87
100 45 100
76 34 79
94 47 99
82 42 73
101 64 95
92 55 76
92 45 74
92 58 90
99 54 76
66 41 86
80 33 100
76 24 78
79 52 91
104 34 100
92 48 87
81 35 80
81 30 107
65 56 92
67 25 74
101 49 97
87 52 78
97 45 112
86 32 72
97 43 79
68 43 79
104 35 87
98 34 112
100 60 78
81 47 94
67 33 80
65 64 94
92 47 73
94 46 100
67 32 108
65 64 105
70 30 103
67 63 108
68 26 107
68 60 97
76 58 98
83 61 73
94 28 102
102 55 110
80 32 99
89 35 108
79 28 75
91 32 96
73 40 98
84 58 78
93 64 106
76 35 106
96 59 111
105 29 107
77 45 103
68 36 79
87 31 94
68 64 86
88 39 83
95 45 96
80 27 109
72 61 73
103 62 83
81 37 97
72 59 76
87 27 111
102 33 99
66 55 100
102 42 84
75 64 89
79 39 97
90 49 87
84 26 96
105 36 87
95 60 100
80 48 106
85 60 98
85 63 85
102 44 107
82 50 98
80 30 103
103 36 88
84 46 100
75 26 86
79 52 72
95 27 96
87 36 74
67 25 86
90 50 72
93 57 81
78 38 82
97 38 88
69 46 83
91 33 104
96 63 87
77 39 103
92 44 73
85 39 106
104 47 105
80 41 80
103 62 106
90 59 89
76 30 76
103 31 81
79 43 81
82 32 97
73 55 94
68 57 77
73 38 96
95 63 90
86 26 105
97 29 102
95 54 101
99 55 89
100 62 97
82 24 83
65 50 108
79 30 76
72 46 82
103 28 100
94 47 111
87 33 101
104 30 103
90 59 102
90 51 91
82 35 94
88 42 97
73 37 91
88 27 98
95 26 109
80 40 107
71 50 90
91 58 99
73 49 106
84 38 108
78 60 103
100 58 79
102 34 102
66 44 103
104 36 110
101 60 108
100 48 107
65 46 81
80 46 80
105 24 107
87 54 72
100 31 86
103 36 85
87 57 72
104 60 93
105 48 82
85 55 109
79 35 98
89 63 86
92 60 96
103 50 87
83 47 73
82 29 75
68 36 110
101 36 83
76 44 79
83 34 78
67 34 81
99 37 84
103 64 76
83 41 100
99 50 112
72 49 72
87 51 77
70 46 92
74 26 91
82 44 86
81 39 89
65 28 88
88 36 99
62 20 67
50 27 70
83 24 98
83 12 91
65 37 74
51 28 84
71 9 101
83 17 77
76 40 74
54 35 77
76 25 106
54 38 67
70 15 88
84 41 79
76 35 99
86 10 99
75 43 72
70 41 88
76 46 76
72 43 73
57 42 89
81 37 86
56 42 76
57 46 80
71 9 89
57 43 76
70 36 99
84 28 66
76 36 89
61 11 89
71 31 97
75 15 81
58 38 78
61 25 79
51 18 104
80 14 74
63 9 83
53 13 83
49 31 89
49 7 80
55 45 89
52 44 85
74 6 102
66 42 93
50 36 73
82 14 87
85 45 95
77 39 74
66 31 85
74 12 93
69 6 91
74 38 71
77 9 102
59 46 72
85 22 84
81 9 105
54 22 82
59 29 69
55 37 102
83 36 105
52 29 72
58 17 74
71 24 100
56 42 91
76 44 88
58 22 81
62 42 102
87 7 78
63 34 92
68 39 91
61 18 76
88 20 86
75 8 106
77 41 90
61 29 80
83 20 74
85 45 82
77 6 93
76 22 77
81 8 89
55 30 71
67 12 93
62 26 75
56 23 94
73 27 97
89 46 80
66 30 92
86 30 75
49 14 102
87 20 70
54 9 95
58 20 102
77 11 74
55 12 90
82 21 89
53 37 103
79 33 72
55 18 101
84 22 99
66 18 72
60 31 92
57 6 103
75 32 67
68 27 95
59 24 102
51 17 82
66 17 105
61 43 72
51 43 88
50 33 69
84 11 87
62 46 80
67 25 99
63 34 92
53 24 86
53 13 99
67 13 106
87 19 78
60 45 81
88 17 104
88 9 67
70 46 74
57 12 84
88 17 70
71 15 73
52 10 89
88 39 66
70 41 94
66 6 67
57 46 98
75 26 83
56 6 77
79 24 68
86 33 86
61 35 81
75 41 102
64 13 70
61 17 93
68 7 79
73 27 101
63 44 96
75 7 70
86 9 74
68 14 106
85 6 87
64 25 87
51 40 99
85 40 69
74 42 80
65 33 67
72 32 94
79 20 102
83 41 66
50 40 96
57 39 83
58 21 78
66 27 76
53 23 93
51 6 84
78 26 88
57 30 102
61 34 86
78 36 92
59 13 88
71 14 101
49 20 87
70 9 99
65 45 83
51 8 88
63 29 91
62 31 91
49 40 93
50 40 103
74 11 69
71 39 75
52 42 67
73 41 89
67 35 76
50 45 9
67 23 15
41 27 9
70 43 -11
56 35 -7
55 32 12
58 47 -2
48 19 -7
46 49 14
77 46 28
49 37 15
78 43 4
43 21 13
51 27 9
65 48 12
45 26 5
48 44 21
77 49 16
43 21 7
53 26 13
44 19 15
57 25 0
65 51 14
79 36 -3
39 13 0
63 52 22
47 38 9
43 32 13
77 26 -12
65 46 -4
45 22 -11
45 40 22
79 34 -4
39 32 8
45 36 19
43 46 1
68 14 28
50 42 13
55 17 27
70 32 8
62 49 11
41 20 22
72 13 19
61 47 7
79 20 -10
48 49 -9
48 32 2
77 20 26
68 30 8
46 40 -10
59 49 -2
47 42 6
39 27 -8
48 36 0
79 31 3
73 13 8
52 19 10
66 29 4
46 35 -10
52 32 -9
74 22 6
70 48 -6
66 30 21
50 40 21
70 18 -6
49 25 8
74 26 18
68 37 19
65 48 -7
39 28 24
47 27 -2
66 21 21
45 47 0
70 30 -1
39 19 0
73 42 18
53 33 8
42 49 12
62 49 -8
52 48 -10
45 47 -9
68 37 14
41 14 18
55 18 14
74 40 16
59 22 -6
66 41 3
74 32 15
70 34 11
47 33 5
60 50 8
44 34 20
43 37 -6
49 44 11
52 49 10
64 33 -1
57 14 25
43 39 -10
64 39 27
61 22 -6
72 46 4
70 17 -6
57 31 12
78 33 1
73 33 26
45 31 -8
46 30 21
75 52 17
72 23 19
77 27 0
56 32 4
39 17 8
66 52 17
50 36 -7
70 31 10
39 20 24
45 32 19
75 17 19
42 21 -1
56 12 -6
70 48 27
40 15 -10
64 21 5
43 44 -8
56 32 -6
76 14 26
46 44 17
59 34 9
71 29 -3
67 28 17
50 31 21
65 27 -7
60 28 25
46 38 -1
50 50 8
56 41 21
70 41 1
43 49 -11
56 51 -3
43 38 21
50 42 1
52 42 20
49 46 11
63 18 19
70 42 7
52 42 18
45 20 18
43 34 23
60 12 7
41 24 6
64 27 17
69 21 0
45 22 18
57 39 22
41 35 -1
69 30 8
39 21 13
74 15 9
50 21 -11
50 48 22
56 15 0
72 37 8
44 43 1
41 28 -3
50 47 -6
64 47 7
51 45 5
52 23 -10
66 16 -2
68 35 10
77 28 15
51 41 26
73 45 -4
75 19 -1
64 25 26
74 52 8
63 49 1
59 23 -9
47 20 9
61 47 17
55 82 19
68 83 41
58 89 18
47 72 43
55 80 20
62 66 30
64 70 35
38 85 33
46 78 17
49 103 7
40 84 38
67 85 32
46 67 37
78 95 31
41 68 21
65 68 19
61 67 41
62 91 11
46 89 46
75 94 24
43 84 33
49 83 14
48 103 26
76 77 18
57 86 17
46 98 8
60 75 15
64 64 23
49 79 45
63 85 38
50 90 25
74 99 26
78 63 10
45 98 14
38 75 36
62 65 41
75 64 33
59 99 21
65 97 8
62 94 12
65 65 8
64 76 25
48 67 13
41 67 37
76 86 32
74 88 44
53 101 20
41 97 21
73 98 21
62 70 9
51 102 11
63 100 10
46 81 9
47 95 41
52 93 33
58 72 15
40 100 14
68 94 15
53 71 26
57 77 23
43 98 15
73 67 32
51 98 42
58 96 9
65 80 27
67 75 25
61 97 13
44 81 20
45 102 27
76 72 47
42 93 22
55 84 8
65 98 47
68 64 45
64 96 42
40 94 18
58 80 10
64 63 33
78 100 24
46 65 19
44 64 47
66 65 40
54 94 46
62 64 7
64 71 39
60 80 14
41 98 37
70 77 7
57 97 47
46 103 41
52 95 34
55 84 12
62 99 47
67 71 21
45 66 43
52 96 18
78 102 45
51 73 21
64 83 34
76 94 18
60 71 21
57 96 47
58 65 19
65 95 13
38 69 39
41 74 9
55 75 22
57 83 12
55 94 21
47 87 25
46 69 18
65 91 40
44 96 26
73 91 12
48 99 47
59 90 21
45 103 7
65 84 38
52 91 32
78 77 15
64 68 29
66 99 13
69 88 34
58 80 31
60 90 35
54 98 8
68 92 36
65 85 39
78 81 21
64 79 9
65 89 27
58 99 41
67 64 41
62 69 34
69 93 14
65 87 19
62 73 11
52 66 30
75 76 45
70 81 25
69 81 7
75 66 47
63 85 37
67 87 8
76 80 45
67 72 14
45 82 47
63 79 32
58 90 16
56 93 42
77 80 31
76 99 10
66 76 8
63 82 29
55 64 42
40 70 44
66 71 20
69 96 34
44 92 25
49 100 9
47 90 16
40 99 34
77 69 24
61 76 10
73 63 19
65 90 35
50 76 32
39 80 7
77 76 44
48 88 32
41 101 8
49 91 41
62 80 42
43 79 14
73 64 11
51 93 14
76 78 30
45 81 30
77 79 9
53 80 42
65 67 15
92 48 -2
96 38 23
96 65 -8
69 41 10
93 57 -8
69 48 2
62 63 2
75 64 6
64 70 -16
92 41 18
56 32 -4
68 61 5
92 48 0
78 62 -17
81 62 14
66 38 4
77 66 -9
83 38 18
58 62 12
68 50 23
74 40 -14
79 40 -6
60 55 14
93 32 -14
62 72 18
76 47 17
93 49 11
82 59 -2
76 52 -17
58 55 10
84 71 9
91 51 7
78 51 3
72 34 -5
61 72 -12
95 41 9
63 64 8
67 72 -12
92 63 -11
63 59 0
77 50 -4
95 54 17
90 60 9
63 39 13
56 35 -9
69 59 -13
89 34 -17
96 35 -7
64 49 -10
74 55 12
93 71 11
58 69 7
85 58 23
88 65 22
71 39 4
63 47 -7
91 64 -8
94 59 10
72 41 -14
57 41 -1
56 37 7
93 34 -7
89 35 -11
79 51 23
61 45 0
60 58 -1
82 39 4
96 61 -2
67 34 -11
57 43 13
71 59 21
81 42 -1
83 61 17
65 56 -1
77 37 6
64 63 5
95 65 16
85 45 -6
62 65 10
62 50 -14
69 55 -14
73 63 -11
84 66 6
59 42 15
67 72 -9
84 34 8
60 66 11
63 69 7
85 38 2
60 45 -8
95 41 16
67 67 -12
87 43 -14
94 57 -10
56 47 0
95 44 21
63 44 3
66 59 3
89 39 13
62 47 14
93 41 16
84 58 -9
78 33 -8
80 58 1
85 54 -4
58 70 4
79 68 -6
85 42 1
72 42 11
66 32 -4
89 44 -13
82 47 -8
91 68 0
90 49 3
61 45 -6
57 63 15
63 49 13
68 54 17
94 72 0
56 67 -11
88 53 23
92 72 0
69 57 5
73 59 -2
89 57 -15
60 52 5
65 61 -12
62 63 20
84 68 22
60 67 -3
84 34 8
65 60 12
57 42 8
60 62 17
56 64 6
76 59 -10
96 54 -4
58 56 12
56 43 13
79 56 -1
91 43 23
57 72 13
68 33 -4
84 57 17
65 40 -12
61 49 -2
89 56 -15
78 61 -6
90 64 1
91 62 11
87 44 -5
85 67 -1
83 53 -1
75 59 2
71 52 15
86 42 0
73 40 -7
74 47 23
66 46 -11
58 65 -12
84 62 9
69 54 -13
86 37 14
60 67 2
86 67 21
69 69 16
87 71 4
90 53 -3
84 36 16
87 41 -9
58 69 7
79 32 0
88 40 10
64 32 19
67 52 13
61 57 0
63 34 2
66 60 1
83 43 -7
41 21 72
38 32 77
20 34 85
19 18 47
40 26 63
45 39 49
42 9 56
13 31 59
15 12 54
13 5 62
38 10 77
51 30 62
19 34 76
42 34 62
38 31 73
37 1 76
14 31 68
26 39 70
36 33 74
29 29 61
16 28 52
12 34 54
48 34 51
40 17 87
39 26 72
43 18 79
25 34 62
32 22 59
47 40 52
40 22 72
45 13 48
46 31 64
18 27 60
47 4 71
38 30 55
27 31 54
13 19 65
45 16 47
32 26 51
35 28 77
51 14 47
31 39 63
16 13 56
35 9 59
51 37 81
31 10 47
17 30 86
50 41 50
16 35 48
21 10 78
46 10 52
50 9 63
23 27 58
28 8 50
36 40 84
32 22 72
48 18 56
47 32 68
11 11 67
14 12 80
18 35 53
34 14 87
36 30 58
48 15 61
47 21 74
27 29 62
38 2 81
18 39 52
42 17 78
26 11 52
18 20 74
34 23 75
47 14 85
36 30 77
39 26 71
26 36 59
21 29 47
45 9 51
32 25 56
34 5 64
29 6 61
17 40 74
14 3 74
28 13 82
39 27 71
17 34 77
16 37 50
25 3 86
12 13 86
43 13 74
47 15 56
47 34 65
11 1 73
20 4 47
46 1 74
50 36 86
29 14 79
42 29 50
30 33 68
32 5 86
44 9 77
32 34 55
23 22 64
51 20 65
33 23 84
20 24 80
33 32 73
18 36 80
30 3 73
50 2 84
29 28 62
23 23 69
37 29 68
22 1 86
18 12 77
23 2 82
22 1 69
29 14 62
31 19 58
48 33 48
22 29 52
51 41 59
34 25 67
29 11 85
47 30 68
43 10 73
23 38 53
16 27 57
42 3 62
22 25 85
20 22 85
47 31 77
14 26 72
16 38 61
43 4 54
50 39 52
14 26 59
12 5 85
30 11 70
17 32 66
19 36 87
23 9 77
27 15 68
43 13 50
44 6 53
27 6 56
14 39 47
27 38 48
38 21 84
37 25 85
27 6 60
17 25 71
21 19 68
30 3 52
50 6 66
17 17 72
25 40 62
13 28 55
30 15 48
41 38 62
30 38 83
45 28 76
48 30 83
44 27 86
35 17 47
30 32 67
16 1 65
48 4 56
20 9 48
19 36 49
18 32 73
38 12 77
23 32 82
48 29 83
16 20 87
48 23 67
40 4 55
43 37 76
21 36 79
26 19 59
57 14 6
53 36 -3
27 14 34
50 7 21
30 0 33
27 14 33
54 36 0
22 -2 27
38 11 12
58 3 36
22 33 8
51 15 0
40 18 36
45 6 35
36 24 3
35 36 22
59 29 34
21 18 15
34 4 10
58 9 5
29 28 10
21 26 10
60 19 11
53 13 7
60 36 12
55 -2 -1
26 28 -4
23 4 5
43 19 1
40 35 12
30 16 2
57 10 -1
25 22 1
51 32 5
52 17 17
22 7 22
20 28 29
60 -3 18
55 -1 6
38 -1 6
42 18 32
22 30 13
21 24 2
50 -4 22
48 13 34
26 0 -1
48 -3 31
22 34 34
40 24 7
52 24 27
59 34 16
43 11 27
53 27 -1
46 10 20
30 11 33
56 23 13
59 18 28
22 26 14
39 -3 23
51 1 1
44 26 0
35 5 16
60 -3 23
53 26 0
43 3 2
56 2 3
38 7 22
35 23 11
39 5 12
40 30 6
39 17 22
56 0 21
27 19 15
51 23 21
34 22 0
44 4 16
51 18 11
33 2 35
38 16 -1
31 13 30
49 8 17
27 10 -2
34 11 18
53 30 14
54 24 13
60 8 1
56 27 7
53 24 14
50 0 24
35 9 35
55 23 35
25 7 4
31 26 10
50 21 28
31 7 8
32 16 21
39 10 -1
46 0 3
45 29 9
30 6 17
42 36 12
51 19 13
44 13 6
44 35 1
54 19 13
55 19 -4
26 13 11
42 19 17
32 36 27
30 36 -1
42 20 14
32 2 12
34 5 2
40 32 30
26 2 25
29 23 6
39 -3 6
43 34 4
33 20 7
49 27 5
53 17 11
44 16 36
33 30 -1
46 34 35
29 22 -3
44 6 19
55 21 4
24 35 14
22 9 4
43 22 1
39 15 -3
30 26 -4
27 5 20
51 13 29
56 -4 27
37 9 21
49 10 32
31 10 21
58 -2 31
54 33 12
33 22 32
33 -3 7
57 20 -2
42 21 1
38 14 22
37 31 23
59 4 20
50 21 25
34 20 14
27 14 17
22 -3 22
39 6 9
38 19 12
23 15 17
58 30 7
22 19 19
20 9 0
29 12 12
39 19 31
22 31 19
43 4 35
59 9 19
39 19 23
25 -1 25
23 1 28
59 7 34
43 6 12
20 20 -1
20 27 4
43 0 29
53 19 6
30 9 9
42 26 19
34 30 -3
37 16 20
21 4 33
47 23 8
38 30 7
55 18 24
54 28 5
41 28 60
53 12 48
32 24 66
26 23 51
35 18 48
20 35 69
18 44 72
18 36 54
23 13 47
41 22 49
39 10 48
50 31 37
16 31 34
32 40 72
46 37 67
47 9 42
17 9 71
28 11 52
36 17 33
32 24 68
41 42 36
31 36 54
17 22 55
34 39 66
32 38 36
31 30 53
36 36 32
26 14 54
24 39 61
34 7 47
52 42 61
43 30 69
41 17 35
31 31 71
40 15 43
15 47 39
33 12 60
42 22 59
51 33 43
52 11 66
21 47 66
43 43 33
55 17 33
32 23 36
32 26 37
28 14 51
38 33 63
41 43 41
50 23 67
28 8 37
51 24 42
34 37 36
49 20 67
50 27 62
24 21 48
29 46 63
28 8 62
29 43 56
18 26 42
34 35 41
48 18 65
28 24 45
16 39 55
55 12 43
19 16 50
55 23 52
27 29 60
46 16 35
49 21 61
36 11 41
34 15 69
36 30 49
44 30 60
21 44 32
27 43 39
17 45 58
40 41 57
17 16 59
22 37 67
35 10 59
42 28 37
47 30 67
50 32 50
40 27 59
29 14 36
55 13 34
33 14 40
25 22 39
34 18 68
48 27 52
50 40 67
38 10 60
41 38 56
53 28 41
23 8 69
55 21 44
35 42 46
27 38 66
40 19 40
43 16 66
45 8 59
23 30 65
49 13 38
18 45 50
26 22 71
37 33 40
46 44 65
55 38 67
26 11 67
17 40 69
35 9 33
40 21 40
32 34 33
52 19 48
35 22 39
42 27 34
21 23 71
25 14 71
37 45 46
37 23 39
43 13 39
24 22 68
20 28 62
37 31 60
39 28 55
30 10 59
49 23 57
46 20 54
49 8 56
51 20 72
27 26 57
31 24 38
42 24 48
38 26 69
43 33 33
54 15 60
49 29 56
19 43 61
31 22 52
52 28 60
53 36 53
27 10 56
33 17 45
27 27 64
23 25 47
44 7 41
15 47 59
37 18 55
42 21 53
51 30 67
38 11 68
49 16 61
32 13 38
33 30 69
48 20 46
43 15 37
39 42 37
22 16 45
27 31 62
33 40 49
53 11 66
15 24 56
22 45 32
27 15 71
25 8 66
55 31 70
54 11 69
24 8 43
38 13 67
33 47 40
18 27 72
41 31 50
29 25 56
47 7 69
41 12 61
21 47 39
53 29 53
40 31 35
53 10 58
27 46 55
18 13 52
18 5 71
31 -9 66
24 20 57
18 -2 60
33 -9 53
55 -2 55
52 15 76
34 10 81
22 8 78
54 27 66
49 13 70
34 10 85
47 -11 67
41 4 77
24 3 73
29 -3 74
47 1 81
51 -1 59
27 28 73
41 26 86
47 16 68
56 2 89
29 10 90
21 -8 65
18 1 76
54 17 61
56 12 76
33 -4 58
30 24 50
25 -12 87
19 20 72
20 14 61
17 14 53
40 9 85
54 17 84
21 25 70
50 22 85
26 6 52
46 22 72
46 -4 72
36 13 65
29 16 65
31 22 73
42 -10 85
43 5 88
16 14 84
26 -7 71
36 0 75
27 18 64
27 24 74
35 26 79
55 4 88
46 -3 78
47 5 90
52 -8 50
24 -9 63
39 -12 54
21 -7 80
22 13 57
53 22 60
37 3 76
36 11 64
31 -4 51
49 6 53
50 -7 61
21 17 83
54 12 58
45 -11 89
18 25 69
44 6 62
27 25 64
29 -7 72
41 0 59
48 10 77
41 26 73
44 0 67
22 4 69
36 2 74
28 9 60
20 0 68
16 -4 57
32 3 82
23 3 54
47 18 66
22 -4 66
50 0 70
30 -2 51
44 12 64
17 -11 71
53 -3 88
36 19 77
20 -2 85
34 -11 52
18 -1 53
27 -10 75
28 11 85
47 18 60
46 28 62
36 2 56
18 -7 86
32 3 73
37 -11 74
36 23 80
25 -5 52
41 0 56
23 23 74
53 18 73
21 11 67
53 24 77
33 24 73
18 -8 89
19 27 79
18 23 50
55 10 85
44 13 64
35 14 59
54 8 67
30 23 80
31 -10 57
25 -10 67
25 5 50
26 27 74
24 17 63
23 3 76
49 15 50
36 5 73
39 13 75
40 1 83
32 17 75
16 -12 90
53 20 86
30 18 69
40 6 76
40 5 78
21 13 59
39 0 86
34 21 86
40 28 77
35 8 54
44 -10 61
32 -2 53
41 28 68
32 28 54
25 14 89
54 3 89
25 -3 87
55 -3 85
31 -5 59
41 19 70
44 20 57
23 14 62
45 8 90
51 19 66
32 19 63
46 2 87
18 8 86
45 26 83
42 25 54
29 -11 72
18 6 80
43 0 60
47 4 71
38 1 60
22 1 63
38 -2 58
20 23 54
22 15 88
18 19 80
47 -5 76
21 2 77
17 -4 68
39 20 82
34 -8 61
37 10 84
53 14 68
39 -1 85
41 -1 51
23 19 50
30 17 81
16 -4 51
25 27 36
-3 2 51
18 5 26
-1 27 54
11 5 60
23 28 53
26 17 29
3 -3 57
-1 30 65
-4 26 42
13 20 64
1 21 37
-5 10 48
0 20 44
5 21 65
-4 33 28
14 1 57
15 2 61
10 -2 57
-1 13 38
15 30 62
5 21 32
26 2 43
24 21 33
7 14 33
12 7 34
14 15 33
32 27 66
34 27 54
10 6 55
-3 31 58
2 3 37
5 20 26
16 6 47
30 8 39
26 2 34
6 23 58
10 16 26
29 4 57
8 27 63
-3 29 49
29 25 40
-3 33 52
17 32 52
35 1 39
23 9 49
27 1 26
-4 3 29
10 9 32
27 -1 32
1 0 57
25 3 52
30 1 51
4 10 30
12 5 32
17 19 57
18 20 43
35 15 66
0 11 57
34 33 53
6 8 26
26 32 29
26 28 39
13 30 59
10 6 56
19 9 30
34 12 65
34 6 50
20 33 56
18 13 31
27 29 56
-2 18 62
-2 6 42
-1 34 45
19 21 28
7 21 56
-3 21 60
1 34 47
5 29 49
26 33 32
-1 13 51
35 12 61
9 23 49
21 16 65
-2 30 64
9 20 57
3 29 65
33 33 52
6 -2 40
8 4 60
28 8 34
24 31 37
17 33 43
8 30 43
28 28 52
30 24 41
11 29 59
13 31 58
0 30 57
3 6 54
28 19 28
21 34 46
0 20 31
32 6 49
14 35 54
3 5 60
13 2 58
31 3 47
10 31 27
10 30 57
19 24 46
29 8 47
4 35 62
19 30 63
3 14 46
-5 22 44
34 11 34
21 35 51
-4 6 30
25 33 66
2 27 47
24 27 51
10 -5 63
-3 4 56
10 17 47
19 25 42
25 30 64
33 4 35
12 35 34
22 8 59
26 12 42
31 14 59
-1 0 26
24 16 36
30 6 66
12 14 38
10 7 44
-2 35 31
26 -3 57
4 34 45
-4 21 53
4 25 30
22 19 41
15 33 56
35 24 58
30 27 37
7 8 35
20 27 41
32 -1 32
24 12 49
25 3 60
5 23 46
7 16 43
12 27 36
20 2 61
6 30 63
24 24 61
8 32 44
20 1 28
3 12 40
28 27 28
-2 0 38
27 6 54
14 35 34
10 18 58
33 17 42
-2 22 27
-1 22 39
-2 6 54
1 -3 41
16 24 66
18 32 61
24 25 61
1 32 38
6 31 45
10 -5 48
21 16 28
25 15 56
11 9 36
24 82 66
25 92 72
13 71 48
27 81 77
24 78 50
32 87 72
41 92 80
3 72 64
23 74 66
30 59 46
16 70 61
13 86 73
1 63 46
25 61 54
31 84 66
5 57 74
16 85 48
37 68 74
23 75 67
33 58 73
29 87 45
13 61 57
32 65 72
4 86 46
4 63 78
5 64 52
29 92 73
5 88 67
21 59 71
40 60 48
33 70 48
19 60 50
23 71 78
7 52 76
7 63 66
11 92 64
17 63 49
12 58 65
13 71 73
13 72 43
21 79 51
11 65 70
19 67 53
29 55 63
15 76 78
14 86 44
4 84 56
38 85 47
41 87 61
8 80 43
33 58 55
9 57 45
17 69 55
15 56 41
37 66 79
41 86 72
5 81 47
27 80 75
38 91 75
36 57 74
38 84 72
5 87 42
24 65 64
3 67 76
38 91 54
36 67 64
33 58 43
6 65 65
10 60 50
13 64 60
5 74 69
5 88 42
39 82 80
40 89 68
12 72 50
37 82 48
15 69 78
21 73 75
25 92 58
9 75 56
34 75 71
1 72 48
41 69 47
41 64 55
27 86 50
4 73 68
2 89 73
25 64 71
34 86 64
6 59 65
27 85 65
27 63 81
31 56 81
35 76 62
7 60 63
35 85 80
26 55 55
36 56 61
10 80 43
19 66 81
2 76 58
25 89 72
13 92 74
2 72 57
35 75 42
6 67 54
12 61 42
8 80 79
13 64 70
36 63 64
31 73 70
34 87 79
19 65 78
17 69 49
16 81 41
1 70 43
10 76 52
28 66 43
37 56 45
25 92 67
23 75 58
37 89 41
39 70 42
2 83 60
33 60 45
30 57 52
20 61 66
3 78 73
32 77 67
7 60 63
26 59 42
4 68 62
39 78 42
26 62 52
22 69 63
16 87 53
3 91 64
21 63 47
26 55 72
1 84 69
2 71 77
7 80 65
20 73 69
3 56 75
5 90 73
16 79 53
40 76 64
11 77 75
7 62 56
35 89 44
4 77 76
8 63 80
20 73 76
32 89 81
23 85 55
19 69 64
31 88 62
8 87 70
30 55 62
20 73 63
27 53 44
6 67 67
41 76 48
6 59 75
9 62 65
38 75 77
20 66 62
16 69 42
32 87 81
7 84 78
12 79 46
35 69 52
13 55 79
8 83 60
34 58 67
16 67 79
41 90 44
1 86 68
31 55 43
9 55 81
55 8 87
66 9 101
60 18 89
76 26 88
58 12 105
79 32 91
86 36 109
64 17 112
79 9 109
86 31 81
55 1 92
63 5 90
57 31 93
81 36 92
65 36 97
70 20 107
72 17 109
82 36 85
68 33 101
68 16 83
53 22 91
91 15 77
88 1 97
82 37 108
59 28 89
92 37 79
76 -1 114
78 18 86
71 -1 95
54 23 84
76 36 79
74 -1 82
59 11 76
75 27 113
61 5 75
65 22 79
54 3 75
64 13 94
80 24 111
78 35 82
83 20 114
64 35 106
91 33 89
72 -1 105
86 24 88
59 21 92
64 9 80
54 24 91
89 20 78
73 30 80
62 10 78
83 9 77
82 5 112
75 37 102
54 31 84
86 20 90
54 0 111
85 32 85
86 21 115
60 5 114
78 16 101
76 19 84
58 7 79
77 23 95
89 7 76
57 18 75
80 7 110
91 9 91
74 -1 81
90 30 102
69 4 102
66 14 87
56 21 91
68 10 78
87 9 112
67 30 88
91 20 82
77 8 90
77 27 93
64 27 115
84 25 103
61 0 110
61 27 82
61 4 105
80 28 88
54 21 79
55 28 94
83 6 81
91 36 77
69 34 107
87 30 89
71 22 93
74 16 83
82 5 103
71 31 94
71 18 106
64 24 79
83 5 106
67 26 82
89 28 101
80 19 93
60 25 104
75 19 115
53 25 103
59 24 102
73 -3 80
55 29 95
65 26 83
56 29 84
52 10 85
78 1 93
62 -1 100
65 7 108
70 11 83
59 13 113
69 10 96
64 30 80
53 8 82
57 16 79
69 30 100
74 30 100
65 -3 112
91 28 107
76 18 101
65 0 107
62 17 103
59 18 104
91 21 98
83 1 98
85 4 96
79 5 94
71 15 106
65 29 111
70 3 99
90 34 92
91 35 109
60 11 94
67 7 108
92 8 112
79 5 112
82 8 111
91 9 95
83 21 111
83 5 86
60 18 114
58 21 80
92 16 88
78 32 105
88 19 103
78 25 81
71 26 91
63 29 77
89 17 79
90 5 100
73 3 101
73 25 113
75 -1 95
61 4 103
88 29 103
59 21 103
66 -3 113
70 28 96
75 35 98
88 1 115
65 9 79
52 12 112
66 9 102
60 31 108
89 27 113
67 33 80
81 30 75
82 24 89
69 -1 108
53 -2 94
79 13 95
80 34 99
71 9 104
73 16 76
69 29 85
76 12 115
2 73 99
-8 62 92
-2 42 84
-15 61 111
13 61 98
1 72 92
9 66 100
3 62 114
10 48 114
16 55 95
-8 55 117
-14 41 77
-18 59 95
-1 62 80
16 49 115
-2 44 115
-4 43 86
-6 56 78
18 64 80
-1 80 110
-9 55 113
-16 71 117
20 63 116
15 76 106
-19 69 106
8 80 94
8 46 98
-2 76 95
-6 76 114
19 47 104
6 61 91
15 75 93
-14 54 89
2 55 105
-10 48 94
2 54 78
-17 41 83
-19 71 104
-12 45 77
20 47 93
-10 68 115
19 43 80
12 70 112
20 64 103
-7 78 103
-19 44 88
-10 66 79
2 75 94
-5 61 115
5 66 97
20 64 81
-10 66 82
6 58 109
13 49 114
15 45 81
7 57 103
-8 54 84
16 81 103
-16 60 92
-4 79 95
15 49 94
9 41 86
-3 72 78
2 44 86
-1 69 91
20 77 101
-19 63 100
17 58 79
14 45 102
14 52 95
-13 80 78
14 61 110
-10 46 79
-3 68 89
14 43 89
-19 56 82
-19 75 114
-18 54 82
7 62 100
0 57 84
11 78 116
12 63 102
11 49 112
-1 66 98
-3 49 112
8 80 101
6 58 95
7 67 87
2 80 117
10 75 117
-7 50 84
2 80 114
-6 42 80
7 72 101
2 78 105
-8 67 87
-13 60 116
-15 62 107
-13 65 99
1 57 112
-8 54 78
19 47 94
17 67 97
4 43 110
-15 51 110
-13 52 90
-12 63 99
17 71 102
-11 65 90
4 58 106
1 71 88
19 42 84
2 47 107
-18 44 105
12 51 77
-4 57 80
-1 58 112
-19 50 90
12 73 94
12 80 78
14 59 89
-3 56 114
0 78 80
17 68 96
11 63 86
-20 67 95
5 42 108
5 81 82
7 80 81
-20 44 77
9 58 102
-13 49 102
16 66 109
0 65 112
2 72 107
-16 72 97
-8 65 110
20 55 113
-14 46 103
-15 61 114
7 64 104
16 73 86
-15 59 105
11 76 105
-19 55 109
19 52 110
11 61 113
7 43 94
-16 61 88
6 41 79
5 66 105
6 49 106
14 69 110
2 54 87
8 75 84
-19 80 79
20 60 80
5 60 99
-16 78 111
17 42 106
11 71 96
-13 76 106
7 81 94
11 56 94
19 44 90
-20 72 92
-4 52 84
4 61 80
16 42 98
-14 47 101
-2 44 100
15 53 86
12 77 86
-10 52 94
3 79 89
12 44 81
-11 51 105
-3 77 95
18 63 94
1 78 79
23 32 0
39 22 23
52 20 23
50 38 9
19 47 20
55 34 0
18 42 15
30 34 2
19 18 9
21 45 9
17 26 0
27 19 -9
45 15 24
55 14 7
43 15 23
40 39 4
18 29 14
55 21 5
55 13 10
46 36 -10
27 35 2
42 26 24
40 20 -6
32 32 18
17 26 2
46 37 25
48 27 7
36 48 13
17 39 -5
49 31 11
20 36 8
43 31 3
23 14 29
25 13 -2
18 19 19
57 16 12
18 11 0
39 38 5
31 37 29
30 36 -2
43 34 7
46 44 8
51 19 26
17 27 -1
53 37 -9
47 39 9
31 41 2
19 9 -10
41 15 1
26 22 25
55 42 -5
21 48 -5
37 47 -10
46 42 11
22 36 13
45 19 15
41 21 24
27 32 21
32 48 3
56 43 15
39 8 30
43 40 10
24 37 15
27 41 10
50 12 23
40 30 16
42 16 28
31 9 25
17 16 -5
37 24 -4
34 16 -10
37 41 23
37 9 26
49 46 5
32 13 0
25 23 -10
43 38 14
34 8 22
49 20 2
54 14 -2
33 15 12
35 23 12
22 32 -8
53 33 -1
43 15 14
43 17 9
37 35 5
19 14 9
31 15 -7
36 8 2
38 41 23
24 20 17
28 31 24
18 26 -1
55 23 0
54 30 10
22 28 16
22 35 16
48 28 2
23 16 18
20 11 16
26 44 0
30 20 14
25 23 13
52 43 30
32 30 9
26 26 16
25 37 -9
49 25 27
57 36 30
42 36 -2
41 33 18
33 19 11
55 46 0
57 17 -3
57 21 9
55 36 0
38 46 14
25 26 8
20 13 -5
37 46 -4
30 33 22
34 37 -4
50 19 0
24 26 11
45 17 -5
46 21 -7
23 25 12
17 14 8
30 39 16
37 35 -10
17 33 -8
19 12 -2
56 35 27
41 25 0
25 33 17
27 16 8
34 27 7
27 12 17
18 43 20
31 25 -4
33 44 -4
27 43 6
54 30 9
25 16 -4
23 11 -6
51 43 3
25 26 7
56 16 1
47 37 0
40 48 29
55 33 15
30 8 27
42 30 12
51 46 -8
46 20 2
40 18 20
49 10 29
25 16 5
48 44 29
43 38 16
33 43 18
37 32 30
18 40 10
50 23 27
31 15 -3
32 14 21
37 38 -1
50 8 -6
43 17 -4
42 48 -4
20 41 1
35 18 -3
46 26 -7
38 18 22
26 43 28
48 10 -10
55 45 12
37 41 25
57 31 27
38 15 10
44 41 5
33 31 23
43 24 24
57 36 2
59 47 20
33 41 22
27 13 -6
28 24 -9
46 43 20
22 23 2
44 35 -3
28 44 -2
22 33 25
40 29 -1
25 21 25
24 44 4
45 10 1
34 32 -6
54 17 -14
48 16 -6
54 38 -6
52 43 -13
37 17 19
52 27 -13
46 37 19
53 44 -3
53 44 1
34 13 -14
53 24 15
47 23 13
49 37 -8
28 42 15
49 18 -10
57 34 13
30 21 17
38 26 4
44 13 -3
27 31 24
54 9 25
29 38 21
50 37 14
30 23 2
53 13 -10
59 12 2
57 7 4
48 31 -13
60 23 -14
32 15 2
34 29 19
26 43 21
47 41 -13
47 16 23
40 18 -15
41 30 22
44 23 -13
59 10 -12
41 13 6
50 35 17
36 39 18
42 23 -6
29 10 22
35 31 5
52 16 -1
60 25 16
23 20 -12
36 34 -8
38 26 16
45 43 -2
48 18 4
36 35 10
38 42 16
46 34 -14
27 17 13
25 15 -2
51 38 6
56 32 8
35 24 9
53 8 -7
38 7 11
23 37 25
41 7 -3
27 12 10
47 46 18
47 37 -12
28 38 12
25 16 -3
57 10 25
38 34 -4
39 20 21
21 9 24
31 22 25
35 45 0
47 24 15
34 44 10
31 20 13
32 18 5
58 10 13
54 21 -12
23 27 17
20 35 8
41 40 21
39 13 8
56 39 -9
25 31 18
31 19 24
42 24 23
58 25 -6
30 13 3
54 47 5
50 32 8
29 17 15
57 37 1
43 45 11
46 28 23
43 33 22
41 45 8
60 22 -2
48 7 1
32 9 -10
34 42 20
27 45 8
55 40 20
57 27 -5
23 41 6
48 23 8
44 12 7
33 8 -14
28 23 -10
35 47 -4
24 18 -1
51 27 3
44 42 -9
58 34 24
38 41 -15
41 30 24
20 44 -14
29 11 -2
23 19 -6
25 17 19
41 24 6
54 34 19
30 25 6
50 29 25
54 14 -12
38 22 -9
29 12 7
40 27 16
39 39 20
48 17 -7
34 45 -7
24 39 13
25 23 -4
46 11 22
31 30 -1
55 7 -4
39 25 -8
22 18 -15
46 43 20
26 43 21
25 19 -12
31 28 12
20 27 -5
25 37 17
37 26 -4
39 12 21
32 40 -4
42 23 -3
59 43 7
48 33 -11
51 16 -7
25 24 -9
57 44 -7
45 15 -12
44 18 -8
49 33 0
42 21 15
45 25 -2
33 8 0
51 23 0
107 49 12
97 78 8
110 55 17
84 67 21
83 45 11
116 60 38
88 60 28
114 50 4
99 76 2
98 56 23
115 58 18
105 78 40
112 72 29
99 78 19
91 65 3
78 42 4
108 44 27
109 55 27
79 67 34
82 57 19
113 53 33
89 70 23
103 53 20
96 60 26
100 72 30
103 53 2
113 47 31
88 41 38
100 73 12
111 60 10
80 54 9
77 54 40
84 53 32
96 42 9
105 70 41
106 76 4
111 75 14
92 81 18
90 51 17
116 55 16
82 75 27
106 42 40
117 66 39
108 73 29
79 58 12
106 69 4
103 56 4
94 49 39
83 75 31
93 78 5
92 78 33
81 43 27
106 57 5
85 79 1
85 74 18
98 79 5
80 56 7
104 75 23
88 51 2
96 50 13
92 67 1
87 41 33
83 74 19
79 67 7
87 60 26
82 55 9
98 75 41
106 48 5
98 75 18
110 44 8
84 52 32
114 57 3
96 66 3
110 66 40
106 58 23
114 65 13
114 80 29
114 73 31
89 77 8
78 56 14
96 62 41
91 68 3
81 73 33
98 54 23
86 68 6
77 61 38
86 68 30
100 44 36
110 68 7
100 49 13
77 68 40
95 58 33
115 59 34
116 50 16
115 45 24
84 54 14
103 72 3
107 44 1
88 72 37
112 66 11
93 43 14
117 66 22
87 55 2
101 63 13
113 77 5
117 72 37
102 49 35
80 57 18
104 49 24
91 48 29
98 67 28
82 66 26
88 42 12
105 61 35
89 73 2
99 60 41
87 41 34
91 74 14
87 65 30
90 64 15
95 62 19
90 44 26
77 59 35
92 53 28
111 67 27
114 49 22
104 59 19
81 66 25
110 50 16
100 59 26
112 79 2
112 61 17
115 42 39
110 69 13
105 50 5
115 43 9
83 54 7
113 45 32
109 79 33
78 79 3
104 60 7
102 70 13
98 69 6
77 47 10
111 78 36
88 81 24
91 47 27
110 78 16
92 47 37
99 41 33
96 74 27
77 77 31
91 71 8
105 81 27
117 52 3
86 75 11
115 47 41
87 74 33
77 75 37
117 49 10
101 41 20
94 55 33
103 69 10
79 43 14
107 49 2
109 58 10
90 68 30
110 68 17
104 55 26
112 65 21
97 76 38
90 43 16
97 75 11
113 54 1
92 55 23
83 46 38
85 55 33
89 59 36
94 78 41
117 56 4
54 99 43
50 69 69
70 88 70
81 97 52
42 64 47
82 75 51
76 66 69
69 89 67
81 98 44
71 62 55
72 89 47
67 61 43
82 98 43
79 77 60
73 89 67
69 70 40
65 98 60
72 59 60
77 65 37
46 65 42
55 60 67
66 96 58
51 88 66
60 67 58
43 64 36
53 65 70
78 77 42
47 66 44
44 91 61
70 65 53
79 70 72
67 68 61
45 84 58
51 75 46
50 92 48
73 87 53
81 83 58
78 62 34
81 96 50
56 63 50
75 89 35
67 92 38
69 95 36
44 61 52
77 90 68
74 70 54
67 92 39
70 84 52
49 78 74
73 93 62
79 83 71
43 83 70
69 80 39
52 79 65
77 81 65
73 88 35
42 74 74
45 75 35
55 95 54
63 77 49
73 94 63
52 79 46
60 94 42
45 91 44
44 70 72
64 78 39
56 86 53
47 87 70
52 80 44
72 85 41
81 80 36
75 83 50
55 75 60
54 96 45
66 98 57
51 77 61
49 66 65
69 74 35
79 83 65
50 81 40
74 86 52
76 79 58
52 71 47
57 76 42
66 60 73
82 87 51
80 78 60
80 90 73
70 78 63
55 76 64
52 86 72
57 90 71
52 92 48
60 92 48
79 96 57
61 72 69
55 78 47
48 71 38
82 71 61
69 87 71
43 92 57
63 63 48
62 72 38
50 83 51
55 83 55
43 98 40
48 89 60
64 64 58
53 88 54
42 90 58
74 83 51
67 87 71
43 93 64
69 91 71
68 81 42
47 79 57
61 68 72
55 63 57
59 60 42
69 77 62
67 96 42
56 68 35
46 74 38
73 68 34
68 85 60
66 79 54
63 85 52
82 76 68
68 95 36
44 69 51
67 64 34
79 65 62
60 94 59
72 97 42
62 99 39
56 59 68
72 74 48
55 63 47
79 64 67
54 65 65
50 77 37
43 95 47
78 73 73
55 74 38
58 79 74
81 75 38
75 86 59
57 64 64
71 68 47
55 67 62
48 90 49
42 75 42
43 66 42
75 88 73
68 63 44
55 77 49
47 65 59
74 91 72
75 68 56
78 80 41
77 97 64
79 97 34
81 80 44
60 88 45
80 63 36
56 81 39
79 62 58
64 60 62
78 99 51
67 94 35
69 89 35
69 65 69
70 85 53
60 99 51
53 84 34
61 91 48
69 80 40
74 69 42
49 73 45
61 61 36
59 13 112
68 12 107
34 37 116
47 22 100
28 50 106
68 50 114
31 39 90
58 41 86
50 16 117
39 51 98
64 12 81
44 44 85
50 20 91
36 49 114
32 40 112
40 46 86
44 19 80
62 17 103
31 41 120
48 16 96
60 52 84
61 29 97
67 45 101
68 45 114
48 12 110
30 13 111
46 34 120
57 20 85
47 45 87
43 15 106
56 16 92
41 50 114
56 32 95
49 42 96
41 20 100
31 36 95
62 43 99
64 51 87
63 33 90
52 45 113
41 30 85
66 25 93
67 28 116
38 17 113
41 41 84
36 51 85
50 17 105
29 20 97
49 21 113
32 35 111
60 20 112
62 18 86
68 22 109
63 46 118
47 34 105
29 45 102
66 33 119
62 28 93
53 50 116
66 44 114
37 20 117
66 17 88
32 31 102
33 42 119
36 42 111
67 44 95
33 49 106
52 24 110
40 23 120
44 35 98
68 24 116
40 24 114
50 12 114
40 14 94
38 20 88
66 26 81
41 18 92
49 14 111
61 28 90
40 46 115
55 16 92
53 13 117
66 19 90
28 23 105
61 15 100
48 48 113
35 37 101
38 33 104
54 16 85
62 23 112
67 29 111
56 37 81
38 51 97
65 12 105
51 40 82
53 16 105
44 33 111
57 24 86
56 34 87
34 46 107
61 31 115
60 35 99
64 29 89
34 21 87
32 31 107
49 31 101
54 52 93
44 41 90
52 23 101
31 34 111
35 43 80
60 29 104
44 21 91
30 13 99
52 29 86
38 14 119
58 29 84
37 43 112
64 18 101
33 33 81
30 18 111
60 49 111
64 14 110
48 15 89
47 43 113
41 45 115
58 12 89
42 29 100
58 48 118
36 45 105
55 30 108
47 20 80
43 38 117
52 20 116
41 47 91
60 52 119
53 50 103
52 42 111
36 46 92
59 30 103
61 49 106
38 34 118
50 13 97
43 13 119
52 19 106
28 13 88
62 32 86
38 31 82
67 41 115
34 48 112
45 23 108
43 17 87
62 28 119
30 22 118
53 31 111
28 15 93
36 24 100
35 39 103
55 45 112
53 25 113
63 21 111
67 27 117
54 14 102
28 51 105
63 43 81
30 13 90
38 40 110
43 44 103
34 12 119
50 18 103
67 26 114
49 41 100
68 19 106
34 42 85
52 40 94
34 43 111
30 13 105
53 36 80
64 17 95
47 47 114
87 4 119
90 22 89
79 20 114
84 33 89
104 24 84
80 11 88
106 36 102
84 12 109
89 -3 110
82 20 80
80 21 89
76 -1 114
101 21 88
97 31 97
109 -3 106
104 22 84
76 -2 114
82 0 111
82 3 105
73 14 91
109 11 95
87 37 100
108 34 114
87 13 98
85 5 112
100 34 83
82 27 118
98 18 102
72 8 107
97 6 91
101 7 102
101 35 114
79 16 99
76 23 91
89 11 108
69 32 112
85 4 106
92 17 114
77 10 104
106 12 106
82 6 90
90 1 120
94 1 98
102 23 118
80 27 97
103 31 96
99 2 106
92 3 114
73 -1 100
82 25 104
73 21 110
93 36 110
94 -1 120
94 9 81
91 3 93
86 0 112
86 16 109
102 -1 112
108 -1 99
84 25 90
102 25 118
90 36 120
81 26 99
106 26 118
99 26 110
74 25 96
90 25 110
74 5 103
104 0 118
83 3 84
70 14 94
78 27 85
80 32 120
99 17 100
71 33 117
104 5 88
92 5 84
92 29 97
75 14 93
109 33 91
72 25 113
109 4 108
95 -2 112
81 -3 97
85 30 100
108 4 94
92 12 113
102 34 113
96 23 109
91 32 118
97 5 86
71 28 101
72 10 117
87 31 112
69 6 104
105 29 96
72 24 119
80 16 83
94 12 102
106 35 106
87 28 116
99 33 86
97 24 86
104 35 115
106 -3 85
102 20 106
72 27 99
104 11 117
98 9 98
79 27 99
76 26 80
71 27 113
84 4 109
70 29 107
82 25 105
74 9 107
75 25 108
109 18 118
69 13 109
102 11 101
73 21 91
109 37 82
72 -1 97
83 17 116
85 24 104
85 27 90
99 6 119
88 32 106
99 1 83
105 26 104
81 11 83
89 17 85
74 18 113
70 2 97
76 33 104
86 8 92
72 27 105
105 11 94
83 3 119
103 22 94
100 10 119
102 16 120
95 35 109
96 16 96
79 -3 105
102 31 115
85 22 118
87 16 87
69 20 110
78 3 93
79 8 84
102 26 118
89 36 89
84 11 100
72 13 108
99 2 116
78 19 96
103 -1 86
89 11 116
103 12 94
80 7 95
105 24 101
78 2 113
81 29 81
102 35 91
74 16 83
87 11 112
85 7 82
108 13 98
93 10 110
109 7 115
84 -2 114
72 -3 89
72 11 107
101 0 101
91 -3 105
78 -2 103
98 26 97
92 11 104
97 18 86
40 7 26
19 8 7
41 31 3
14 -1 14
34 7 8
5 3 30
39 -3 3
18 26 28
5 25 23
22 3 38
13 10 10
33 25 7
34 13 6
4 26 5
14 -5 38
7 5 14
10 3 34
31 16 0
10 18 38
18 9 37
6 1 27
1 9 30
30 -6 14
18 -6 5
18 19 24
7 23 12
17 10 35
11 25 8
22 9 12
16 27 7
3 32 33
17 27 29
19 15 36
2 16 33
29 -1 35
18 6 39
8 28 23
4 21 8
39 4 2
23 25 27
36 34 2
25 25 3
13 31 18
12 24 39
21 13 22
32 1 5
17 15 22
15 20 39
3 25 36
25 5 38
29 18 32
26 -5 18
37 11 4
1 3 9
34 -3 0
33 22 6
5 24 20
11 29 15
41 20 6
20 28 32
35 29 29
38 4 29
24 32 22
37 32 12
41 0 18
23 28 19
14 22 33
3 23 27
4 -6 1
23 -3 35
16 1 35
10 17 7
41 9 7
14 13 11
22 17 21
29 4 11
4 28 0
38 30 22
8 -5 0
1 14 2
31 30 2
27 4 5
29 4 15
9 -2 15
34 32 3
39 12 17
40 24 32
12 -4 21
24 0 31
41 8 -1
34 8 24
26 0 0
1 17 27
1 29 14
12 21 14
19 2 9
8 -4 31
24 12 11
30 7 21
13 23 2
15 -6 26
24 10 13
19 30 2
22 30 -1
6 12 39
10 18 33
21 -1 22
4 -5 23
8 34 30
10 1 30
27 24 4
5 -5 38
14 13 0
11 25 13
31 24 11
41 3 39
20 12 3
30 -2 11
39 14 31
28 -1 13
11 5 9
16 30 15
20 14 18
40 16 29
25 3 23
37 9 34
4 14 36
36 -6 5
22 34 12
26 25 13
31 32 23
36 3 35
19 0 21
24 25 24
34 -1 32
15 16 25
17 28 24
19 29 14
1 8 0
33 23 -1
23 0 29
36 33 23
18 31 13
13 20 10
23 32 27
29 31 14
27 18 19
14 30 3
39 8 31
37 25 36
14 5 31
10 32 28
30 -2 34
4 -4 24
15 21 9
19 4 27
21 -4 22
28 20 19
12 16 26
32 3 27
19 7 36
40 10 20
38 34 39
34 28 38
5 13 26
39 5 17
18 10 26
27 0 16
9 25 9
9 13 29
25 1 35
26 17 37
2 33 27
34 -6 19
16 0 13
32 30 14
9 20 11
12 -2 14
20 20 0
5 32 34
