 
9.329389 
6.973751 
10.535169 
13.957594 
17.406383 
21.165558 
24.626587 
28.349842 
32.368975 
48.079146 
  
4.916995 
3.925648 
5.866628 
7.778518 
9.873164 
12.079512 
13.975620 
15.681368 
17.585648 
26.396054 
 
2.686145 
2.160922 
3.225879 
4.276753 
5.357579 
6.452292 
7.501398 
8.525841 
9.646942 
14.720777 
 
4.831454 
3.795394 
5.754531 
7.462558 
9.464585 
11.470486 
13.300407 
15.192306 
17.239261 
25.372042 
 
2.648691 
2.162667 
3.214168 
4.326310 
5.322750 
6.304687 
7.358237 
8.341386 
9.301645 
13.817876 
 
