 
1.50852016
3.02308045
4.51776005
6.02606248
7.58853667
9.17207964
10.55714256
12.04701765
13.53159549
15.16879358
 
0.02682390
0.04512057
0.07013175
0.09147506
0.11346666
0.14375046
0.17750586
0.18859845
0.20590599
0.24132587
 
0.02674198
0.05679294
0.08626656
0.11318482
0.14547346
0.17389480
0.20146378
0.23990544
0.26425443
0.28536588
 
0.00043423
0.00044739
0.00046373
0.00044861
0.00044788
0.00049883
0.00048104
0.00055467
0.00048079
0.00052809
 
0.06515731
0.03651020
0.03181858
0.06704586
0.01794193
0.03232326
0.06450853
0.03275676
0.00074289
0.00086699
 
0.28084078
0.58955116
0.87453548
1.13942748
1.42477849
1.54017587
1.80907244
2.11614710
2.37504285
2.64171051
 
1.50623640
2.54297237
0.23313803
0.24061907
0.00083212
0.00074825
0.00084456
0.00079457
0.23254021
0.22780494
0.23873223
0.22892183
0.23952290
0.22943676
0.24663043
0.23080745
0.22731781
0.22443647
0.22930412
0.24380298
0.22607487
0.23329967
0.23559489
0.22800486
0.24644026
0.24037989
0.21297817
0.23605569
0.25872094
0.22523129
0.23351374
0.24973632
0.23685027
10.55971402
10.44357911
8.77923213
0.00072899
2.79950073
8.59823467
8.88297202
4.88398187
15.11008576
6.09383928
5.77507055
5.77881936
