 
0.212010 
0.420136 
0.688272 
0.864617 
1.055165 
1.344589 
1.524343 
1.735330 
1.998536 
2.208755 
  
0.139995 
0.281996 
0.426976 
0.560195 
0.683919 
0.844527 
0.967477 
1.087830 
1.240328 
1.388119 
 
0.092852 
0.191422 
0.278505 
0.379680 
0.458511 
0.557837 
0.666372 
0.747097 
0.825528 
0.944768 
 
0.081087 
0.163475 
0.250137 
0.324672 
0.412254 
0.491177 
0.543448 
0.642157 
0.738397 
0.814833 
 
0.146417 
0.229134 
0.274401 
0.405313 
0.443630 
0.508514 
0.635261 
0.695397 
0.770966 
0.852571 
 
0.139831 
0.271443 
0.411869 
0.544010 
0.671413 
0.817501 
0.939957 
1.077436 
1.194812 
1.338796 
 
0.090121 
0.176442 
0.270863 
0.352359 
0.443954 
0.518591 
0.638176 
0.711009 
0.793262 
0.885253 
 
0.073937 
0.145324 
0.218964 
0.299911 
0.365876 
0.439275 
0.503618 
0.603213 
0.655945 
0.715611 
 
0.062776 
0.124518 
0.188770 
0.293869 
0.393946 
0.408701 
0.489022 
0.537571 
0.597006 
0.627883 
 
