 
0.31521546
0.60538438
0.93934634
1.23242537
1.50706584
1.81259938
2.12650729
2.42911000
2.72303969
3.01748405
 
0.00446610
0.01093729
0.01464538
0.02701139
0.02384699
0.03259560
0.03454778
0.04853829
0.05054923
0.06087041
 
0.00756760
0.01588857
0.01890571
0.02339667
0.03205434
0.04088195
0.04708762
0.05261698
0.05495901
0.06644584
 
0.00034548
0.00034572
0.00038473
0.00041448
0.00035450
0.00035474
0.00032841
0.00038839
0.00034792
0.00036376
 
0.03260316
0.03277334
0.00074069
0.00071582
0.03204556
0.00066804
0.03517998
0.03231571
0.00087137
0.03231278
 
0.06100377
0.10864801
0.16045286
0.21920725
0.27847998
0.31890332
0.36937063
0.43038318
0.47554178
0.53132706
 
