 
0.999678 
1.969195 
2.990076 
3.997567 
4.929338 
5.812465 
6.876978 
7.776780 
8.843619 
9.744081 
  
0.602404 
1.130766 
1.692590 
2.234571 
2.806102 
3.313235 
3.921747 
4.447612 
5.159978 
5.826492 
 
0.331056 
0.670056 
1.004207 
1.345308 
1.660767 
2.017663 
2.331543 
2.579780 
2.963217 
3.279453 
 
0.553860 
1.080830 
1.596059 
2.110108 
2.667794 
3.176110 
3.761242 
4.298159 
4.790547 
5.367558 
 
0.312329 
0.632728 
0.931601 
1.247190 
1.552461 
1.836585 
2.160282 
2.464164 
2.773760 
3.092067 
 
