 
0.75287927
1.51074126
2.27120641
3.02587841
3.76064362
4.52353711
5.29979379
6.09010997
6.90723372
7.53684276
 
0.01276074
0.02501898
0.04014784
0.04846905
0.06223574
0.06660602
0.08037662
0.10272613
0.10948623
0.12021823
 
0.01686161
0.02570116
0.03924038
0.06354524
0.07236846
0.08631996
0.10182623
0.10896692
0.12002586
0.15019849
 
0.00040448
0.00041033
0.00041765
0.00039692
0.00040692
0.00048055
0.00046958
0.00047031
0.00042691
0.00042106
 
0.06438931
0.03495689
0.03363788
0.01593562
0.03550132
0.03273359
0.03710583
0.06642536
0.00730185
0.06497567
 
0.13780932
0.27262611
0.40774889
0.52316798
0.65376883
0.78551192
0.91200093
1.05470008
1.22588202
1.28879579
 
